-0.3475	-0.70784	0.031499	-0.41155	-0.34074	1.0263	-0.22515	-0.60134	1.8261	0	0
-0.41155	-0.34074	0	-0.087748	-0.21784	1.0423	-0.37868	0.45443	1.0936	0	0
-0.41155	-0.34074	0	-0.087748	-0.21784	1.0423	-0.1292	-0.21974	1.7978	0	0
-0.41155	-0.34074	0	-0.37868	0.45443	1.0936	-0.36431	0.45368	1.7658	0	0
-0.41155	-0.34074	0	-0.22515	-0.60134	1.8261	-0.1292	-0.21974	1.7978	0	0
-0.087748	-0.21784	0.015999	-0.37868	0.45443	1.0936	0.077885	0.65153	1.042	0	0
-0.087748	-0.21784	0.015999	0.077885	0.65153	1.042	0.58995	0.54246	1.7331	0	0
-0.087748	-0.21784	0.015999	-0.1292	-0.21974	1.7978	0.58995	0.54246	1.7331	0	0
-0.37868	0.45443	0.0673	0.077885	0.65153	1.042	0.090202	1.1281	1.0615	0	0
-0.37868	0.45443	0.0673	-0.36431	0.45368	1.7658	-0.23335	1.161	2.1406	0	0
-0.37868	0.45443	0.0673	0.090202	1.1281	1.0615	-0.23335	1.161	2.1406	0	0
-0.22515	-0.60134	0.79975	-0.1292	-0.21974	1.7978	0.21832	-0.029304	2.3827	0	0
-0.22515	-0.60134	0.79975	-0.15305	-0.60444	2.5182	0.21832	-0.029304	2.3827	0	0
0.077885	0.65153	0.015633	0.090202	1.1281	1.0615	0.65045	1.0875	1.0299	0	0
0.077885	0.65153	0.015633	0.65045	1.0875	1.0299	0.58995	0.54246	1.7331	0	0
-0.1292	-0.21974	0.77145	-0.36431	0.45368	1.7658	-0.53225	-0.15794	2.129	0	0
-0.1292	-0.21974	0.77145	-0.36431	0.45368	1.7658	0.17911	0.61674	1.8577	0	0
-0.1292	-0.21974	0.77145	-0.53225	-0.15794	2.129	-0.15305	-0.60444	2.5182	0	0
-0.1292	-0.21974	0.77145	0.58995	0.54246	1.7331	0.21832	-0.029304	2.3827	0	0
-0.36431	0.45368	0.7395	-0.53225	-0.15794	2.129	-0.33152	0.41281	2.5918	0	0
-0.36431	0.45368	0.7395	-0.33152	0.41281	2.5918	-0.23335	1.161	2.1406	0	0
0.090202	1.1281	0.03515	0.65045	1.0875	1.0299	0.2262	1.2084	1.817	0	0
0.090202	1.1281	0.03515	0.2262	1.2084	1.817	-0.23335	1.161	2.1406	0	0
-0.53225	-0.15794	1.1027	-0.33152	0.41281	2.5918	-0.13415	-0.24834	3.0499	0	0
0.65045	1.0875	0.003549	0.58995	0.54246	1.7331	0.65255	1.1118	1.7913	0	0
0.65045	1.0875	0.003549	0.2262	1.2084	1.817	0.65255	1.1118	1.7913	0	0
0.58995	0.54246	0.7068	0.17911	0.61674	1.8577	0.21832	-0.029304	2.3827	0	0
0.58995	0.54246	0.7068	0.17911	0.61674	1.8577	0.65255	1.1118	1.7913	0	0
0.17911	0.61674	0.83138	0.21832	-0.029304	2.3827	0.1928	0.65786	2.5434	0	0
0.17911	0.61674	0.83138	0.2262	1.2084	1.817	0.65255	1.1118	1.7913	0	0
0.17911	0.61674	0.83138	0.2262	1.2084	1.817	-0.23335	1.161	2.1406	0	0
0.17911	0.61674	0.83138	0.1928	0.65786	2.5434	-0.23335	1.161	2.1406	0	0
-0.15305	-0.60444	1.4919	0.21832	-0.029304	2.3827	-0.13415	-0.24834	3.0499	0	0
-0.15305	-0.60444	1.4919	-0.13415	-0.24834	3.0499	-0.20925	-0.38654	3.2845	0	0
0.21832	-0.029304	1.3563	0.1928	0.65786	2.5434	0.019302	0.37346	3.2258	0	0
0.21832	-0.029304	1.3563	-0.13415	-0.24834	3.0499	0.019302	0.37346	3.2258	0	0
-0.33152	0.41281	1.5654	0.019302	0.37346	3.2258	-0.19325	0.5944	3.2322	0	0
-0.33152	0.41281	1.5654	-0.19325	0.5944	3.2322	-0.24735	1.2865	3.1824	0	0
-0.33152	0.41281	1.5654	-0.23335	1.161	2.1406	-0.24735	1.2865	3.1824	0	0
0.1928	0.65786	1.5171	0.19635	1.1336	2.5602	0.59565	1.1524	2.462	0	0
0.1928	0.65786	1.5171	0.19635	1.1336	2.5602	-0.23335	1.161	2.1406	0	0
0.1928	0.65786	1.5171	0.59565	1.1524	2.462	0.58445	0.89706	3.0215	0	0
0.1928	0.65786	1.5171	0.019302	0.37346	3.2258	0.58445	0.89706	3.0215	0	0
-0.13415	-0.24834	2.0236	-0.20925	-0.38654	3.2845	0.019302	0.37346	3.2258	0	0
0.19635	1.1336	1.5339	0.58445	0.89706	3.0215	0.088202	1.1438	3.2618	0	0
0.19635	1.1336	1.5339	0.088202	1.1438	3.2618	-0.24735	1.2865	3.1824	0	0
0.19635	1.1336	1.5339	-0.23335	1.161	2.1406	-0.24735	1.2865	3.1824	0	0
-0.20925	-0.38654	2.2582	0.019302	0.37346	3.2258	-0.16545	-0.28084	4.0561	0	0
-0.20925	-0.38654	2.2582	-0.35048	-0.63784	3.8856	-0.16545	-0.28084	4.0561	0	0
0.019302	0.37346	2.1995	-0.19325	0.5944	3.2322	0.19198	0.45409	3.8968	0	0
0.019302	0.37346	2.1995	0.58445	0.89706	3.0215	0.5727	0.89226	3.8548	0	0
0.019302	0.37346	2.1995	-0.16545	-0.28084	4.0561	0.19198	0.45409	3.8968	0	0
-0.19325	0.5944	2.2059	0.19198	0.45409	3.8968	-0.17965	0.74516	4.0608	0	0
-0.19325	0.5944	2.2059	-0.24735	1.2865	3.1824	-0.17965	0.74516	4.0608	0	0
0.58445	0.89706	1.9952	0.088202	1.1438	3.2618	0.5727	0.89226	3.8548	0	0
0.088202	1.1438	2.2354	-0.24735	1.2865	3.1824	0.11245	1.1443	4.0705	0	0
0.088202	1.1438	2.2354	0.5727	0.89226	3.8548	0.11245	1.1443	4.0705	0	0
-0.35048	-0.63784	2.8592	-0.16545	-0.28084	4.0561	-0.2666	-0.57164	4.7374	0	0
-0.16545	-0.28084	3.0298	0.19198	0.45409	3.8968	0.12835	-0.030738	4.352	0	0
-0.16545	-0.28084	3.0298	0.12835	-0.030738	4.352	-0.15805	-0.24374	4.5619	0	0
-0.16545	-0.28084	3.0298	-0.15805	-0.24374	4.5619	-0.2666	-0.57164	4.7374	0	0
0.19198	0.45409	2.8704	0.5727	0.89226	3.8548	0.2311	0.63296	4.6118	0	0
0.19198	0.45409	2.8704	-0.17965	0.74516	4.0608	-0.1763	0.49556	4.57	0	0
0.19198	0.45409	2.8704	0.12835	-0.030738	4.352	0.2311	0.63296	4.6118	0	0
-0.24735	1.2865	2.1561	-0.17965	0.74516	4.0608	-0.41335	1.134	4.6148	0	0
-0.24735	1.2865	2.1561	0.11245	1.1443	4.0705	-0.41335	1.134	4.6148	0	0
0.5727	0.89226	2.8285	0.11245	1.1443	4.0705	0.23795	1.2918	4.5479	0	0
0.5727	0.89226	2.8285	0.2311	0.63296	4.6118	0.60185	0.89616	4.6843	0	0
0.5727	0.89226	2.8285	0.23795	1.2918	4.5479	0.60185	0.89616	4.6843	0	0
-0.17965	0.74516	3.0345	-0.1763	0.49556	4.57	-0.41335	1.134	4.6148	0	0
0.12835	-0.030738	3.3257	-0.1763	0.49556	4.57	-0.15805	-0.24374	4.5619	0	0
0.12835	-0.030738	3.3257	0.2311	0.63296	4.6118	-0.13315	-0.26594	5.0635	0	0
0.11245	1.1443	3.0442	-0.41335	1.134	4.6148	0.23795	1.2918	4.5479	0	0
-0.1763	0.49556	3.5437	-0.15805	-0.24374	4.5619	-0.13315	-0.26594	5.0635	0	0
-0.1763	0.49556	3.5437	-0.13315	-0.26594	5.0635	-0.39075	0.5507	5.3515	0	0
-0.1763	0.49556	3.5437	-0.41335	1.134	4.6148	-0.39075	0.5507	5.3515	0	0
-0.15805	-0.24374	3.5356	-0.2666	-0.57164	4.7374	-0.13315	-0.26594	5.0635	0	0
-0.2666	-0.57164	3.7111	-0.13315	-0.26594	5.0635	-0.40125	-0.59064	5.3859	0	0
0.2311	0.63296	3.5854	-0.13315	-0.26594	5.0635	0.035852	0.38686	5.6041	0	0
0.2311	0.63296	3.5854	0.035852	0.38686	5.6041	0.60185	0.89616	4.6843	0	0
-0.13315	-0.26594	4.0372	-0.36955	-0.2854	5.3799	-0.40125	-0.59064	5.3859	0	0
-0.13315	-0.26594	4.0372	-0.36955	-0.2854	5.3799	0.035852	0.38686	5.6041	0	0
-0.41335	1.134	3.5884	0.23795	1.2918	4.5479	-0.40672	1.1238	5.295	0	0
-0.41335	1.134	3.5884	-0.39075	0.5507	5.3515	-0.40672	1.1238	5.295	0	0
0.23795	1.2918	3.5216	0.2735	1.0969	5.3112	0.60185	0.89616	4.6843	0	0
0.23795	1.2918	3.5216	0.2735	1.0969	5.3112	-0.40672	1.1238	5.295	0	0
-0.36955	-0.2854	4.3535	-0.40125	-0.59064	5.3859	-0.32761	-0.32944	6.058	0	0
-0.36955	-0.2854	4.3535	0.035852	0.38686	5.6041	-0.32761	-0.32944	6.058	0	0
-0.40125	-0.59064	4.3596	-0.32761	-0.32944	6.058	-0.45215	-0.71554	6.0998	0	0
-0.39075	0.5507	4.3252	0.035852	0.38686	5.6041	0.2735	1.0969	5.3112	0	0
-0.39075	0.5507	4.3252	0.2735	1.0969	5.3112	-0.40672	1.1238	5.295	0	0
0.035852	0.38686	4.5778	0.2735	1.0969	5.3112	0.32645	1.112	6.0266	0	0
0.035852	0.38686	4.5778	-0.32761	-0.32944	6.058	-0.1037	0.50781	6.0765	0	0
0.035852	0.38686	4.5778	0.32645	1.112	6.0266	-0.1037	0.50781	6.0765	0	0
0.2735	1.0969	4.2849	0.60185	0.89616	4.6843	0.32645	1.112	6.0266	0	0
-0.32761	-0.32944	5.0317	-0.45215	-0.71554	6.0998	-0.3167	-0.29826	6.6523	0	0
-0.32761	-0.32944	5.0317	-0.1037	0.50781	6.0765	-0.3167	-0.29826	6.6523	0	0
0.32645	1.112	5.0003	-0.1037	0.50781	6.0765	0.30095	1.1021	6.8031	0	0
-0.45215	-0.71554	5.0735	-0.3167	-0.29826	6.6523	-0.59195	-0.91369	6.7385	0	0
-0.1037	0.50781	5.0502	-0.3167	-0.29826	6.6523	-0.13598	0.39563	6.7364	0	0
-0.1037	0.50781	5.0502	-0.13598	0.39563	6.7364	0.30095	1.1021	6.8031	0	0
-0.3167	-0.29826	5.6259	-0.13598	0.39563	6.7364	-0.42788	-0.25034	7.4039	0	0
-0.3167	-0.29826	5.6259	-0.59195	-0.91369	6.7385	-0.42788	-0.25034	7.4039	0	0
-0.13598	0.39563	5.7101	0.30095	1.1021	6.8031	-0.11615	0.77816	7.5529	0	0
-0.13598	0.39563	5.7101	-0.42788	-0.25034	7.4039	-0.11615	0.77816	7.5529	0	0
-0.59195	-0.91369	5.7121	-0.42788	-0.25034	7.4039	-0.56585	-0.73734	7.548	0	0
-0.59195	-0.91369	5.7121	-0.94701	-1.0701	7.415	-0.56585	-0.73734	7.548	0	0
0.30095	1.1021	5.7767	-0.11615	0.77816	7.5529	0.2734	1.0952	7.5373	0	0
-0.42788	-0.25034	6.3776	-0.56585	-0.73734	7.548	-0.4124	-0.22374	8.0443	0	0
-0.42788	-0.25034	6.3776	-0.54988	0.3956	7.5862	-0.11615	0.77816	7.5529	0	0
-0.42788	-0.25034	6.3776	-0.54988	0.3956	7.5862	-0.4124	-0.22374	8.0443	0	0
-0.94701	-1.0701	6.3887	-0.56585	-0.73734	7.548	-0.62795	-0.78214	8.0021	0	0
-0.94701	-1.0701	6.3887	-0.62795	-0.78214	8.0021	-1.0538	-0.90764	8.1021	0	0
-0.56585	-0.73734	6.5217	-0.4124	-0.22374	8.0443	-0.62795	-0.78214	8.0021	0	0
-0.54988	0.3956	6.5599	-0.11615	0.77816	7.5529	-0.51378	1.1669	7.4114	0	0
-0.54988	0.3956	6.5599	-0.51378	1.1669	7.4114	-0.4791	1.2056	8.0208	0	0
-0.54988	0.3956	6.5599	-0.4124	-0.22374	8.0443	-0.4438	0.46864	8.0486	0	0
-0.54988	0.3956	6.5599	-0.4438	0.46864	8.0486	-0.4791	1.2056	8.0208	0	0
-0.11615	0.77816	6.5266	-0.51378	1.1669	7.4114	0.2734	1.0952	7.5373	0	0
-0.51378	1.1669	6.385	0.2734	1.0952	7.5373	0.026352	1.5502	7.4657	0	0
-0.51378	1.1669	6.385	0.026352	1.5502	7.4657	-0.28695	1.5502	7.7489	0	0
-0.51378	1.1669	6.385	-0.28695	1.5502	7.7489	-0.4791	1.2056	8.0208	0	0
0.2734	1.0952	6.511	-0.4124	-0.22374	8.0443	0.2581	1.0921	8.0847	0	0
0.2734	1.0952	6.511	0.026352	1.5502	7.4657	0.2581	1.0921	8.0847	0	0
-0.4124	-0.22374	7.0179	-0.62795	-0.78214	8.0021	-0.89135	-0.40644	8.3197	0	0
-0.4124	-0.22374	7.0179	-0.4438	0.46864	8.0486	-0.89135	-0.40644	8.3197	0	0
-0.4124	-0.22374	7.0179	0.2581	1.0921	8.0847	0.18565	0.81736	8.7878	0	0
-0.4124	-0.22374	7.0179	0.18565	0.81736	8.7878	-0.4245	-0.22426	8.8192	0	0
-0.62795	-0.78214	6.9758	-1.0538	-0.90764	8.1021	-0.89135	-0.40644	8.3197	0	0
-0.4438	0.46864	7.0223	-0.4791	1.2056	8.0208	-0.46324	0.48506	8.815	0	0
-0.4438	0.46864	7.0223	-0.89135	-0.40644	8.3197	-0.46324	0.48506	8.815	0	0
-1.0538	-0.90764	7.0758	-0.89135	-0.40644	8.3197	-0.54655	-0.74849	8.802	0	0
-1.0538	-0.90764	7.0758	-0.54655	-0.74849	8.802	-0.85995	-1.0273	9.7054	0	0
0.026352	1.5502	6.4394	-0.28695	1.5502	7.7489	-0.034448	1.5586	8.1141	0	0
0.026352	1.5502	6.4394	0.2581	1.0921	8.0847	-0.034448	1.5586	8.1141	0	0
-0.28695	1.5502	6.7226	-0.31265	1.5695	7.8874	-0.4791	1.2056	8.0208	0	0
-0.28695	1.5502	6.7226	-0.31265	1.5695	7.8874	-0.034448	1.5586	8.1141	0	0
0.2581	1.0921	7.0584	-0.034448	1.5586	8.1141	0.038052	1.586	8.4944	0	0
0.2581	1.0921	7.0584	0.038052	1.586	8.4944	0.15865	1.3202	8.8175	0	0
0.2581	1.0921	7.0584	0.18565	0.81736	8.7878	0.15865	1.3202	8.8175	0	0
-0.31265	1.5695	6.8611	-0.4791	1.2056	8.0208	-0.16725	1.5609	8.5345	0	0
-0.31265	1.5695	6.8611	-0.034448	1.5586	8.1141	-0.16725	1.5609	8.5345	0	0
-0.4791	1.2056	6.9945	-0.16725	1.5609	8.5345	-0.43757	1.192	8.8144	0	0
-0.4791	1.2056	6.9945	-0.46324	0.48506	8.815	-0.43757	1.192	8.8144	0	0
-0.89135	-0.40644	7.2934	-0.54655	-0.74849	8.802	-0.4245	-0.22426	8.8192	0	0
-0.89135	-0.40644	7.2934	-0.4245	-0.22426	8.8192	-0.46324	0.48506	8.815	0	0
-0.034448	1.5586	7.0878	0.038052	1.586	8.4944	-0.16725	1.5609	8.5345	0	0
0.038052	1.586	7.4681	-0.16725	1.5609	8.5345	-0.2822	1.5457	9.3801	0	0
0.038052	1.586	7.4681	0.15865	1.3202	8.8175	-0.2822	1.5457	9.3801	0	0
-0.16725	1.5609	7.5082	-0.43757	1.192	8.8144	-0.2822	1.5457	9.3801	0	0
0.18565	0.81736	7.7615	-0.4245	-0.22426	8.8192	0.099852	0.53146	9.6678	0	0
0.18565	0.81736	7.7615	0.15865	1.3202	8.8175	0.1686	1.0787	9.5365	0	0
0.18565	0.81736	7.7615	0.1686	1.0787	9.5365	0.099852	0.53146	9.6678	0	0
-0.54655	-0.74849	7.7756	-0.4245	-0.22426	8.8192	-0.54215	-0.73694	9.5497	0	0
-0.54655	-0.74849	7.7756	-0.54215	-0.73694	9.5497	-0.85995	-1.0273	9.7054	0	0
-0.4245	-0.22426	7.7929	-0.54215	-0.73694	9.5497	-0.40325	-0.23239	9.5557	0	0
-0.4245	-0.22426	7.7929	-0.40325	-0.23239	9.5557	0.099852	0.53146	9.6678	0	0
-0.46324	0.48506	7.7886	-0.43757	1.192	8.8144	-0.50717	0.49754	9.5691	0	0
-0.46324	0.48506	7.7886	-0.40325	-0.23239	9.5557	-0.50717	0.49754	9.5691	0	0
-0.43757	1.192	7.7881	-0.2822	1.5457	9.3801	-0.4315	1.1788	9.5592	0	0
-0.43757	1.192	7.7881	-0.50717	0.49754	9.5691	-0.4315	1.1788	9.5592	0	0
0.15865	1.3202	7.7912	-0.2822	1.5457	9.3801	0.1686	1.0787	9.5365	0	0
-0.54215	-0.73694	8.5234	-0.40325	-0.23239	9.5557	-0.39457	-0.35364	10.274	0	0
-0.54215	-0.73694	8.5234	-0.85995	-1.0273	9.7054	-0.65628	-0.8273	10.225	0	0
-0.54215	-0.73694	8.5234	-0.65628	-0.8273	10.225	-0.39457	-0.35364	10.274	0	0
-0.40325	-0.23239	8.5294	-0.50717	0.49754	9.5691	-0.50472	0.53016	10.263	0	0
-0.40325	-0.23239	8.5294	-0.39457	-0.35364	10.274	-0.50472	0.53016	10.263	0	0
-0.2822	1.5457	8.3537	0.1686	1.0787	9.5365	-0.016698	1.5936	10.331	0	0
-0.2822	1.5457	8.3537	-0.4315	1.1788	9.5592	-0.25145	1.5798	10.313	0	0
-0.2822	1.5457	8.3537	-0.25145	1.5798	10.313	-0.016698	1.5936	10.331	0	0
0.1686	1.0787	8.5102	0.099852	0.53146	9.6678	0.23665	0.83626	10.139	0	0
0.1686	1.0787	8.5102	0.23665	0.83626	10.139	0.10795	1.333	10.31	0	0
0.1686	1.0787	8.5102	-0.016698	1.5936	10.331	0.10795	1.333	10.31	0	0
-0.50717	0.49754	8.5427	-0.4315	1.1788	9.5592	-0.50472	0.53016	10.263	0	0
0.099852	0.53146	8.6415	-0.39457	-0.35364	10.274	0.23665	0.83626	10.139	0	0
-0.65628	-0.8273	9.1986	-0.39457	-0.35364	10.274	-0.42485	-0.68119	11.11	0	0
-0.39457	-0.35364	9.2478	0.23665	0.83626	10.139	0.17135	0.54336	11.136	0	0
-0.39457	-0.35364	9.2478	-0.50472	0.53016	10.263	-0.35848	-0.20897	10.899	0	0
-0.39457	-0.35364	9.2478	-0.35848	-0.20897	10.899	-0.42485	-0.68119	11.11	0	0
-0.4315	1.1788	8.5329	-0.50472	0.53016	10.263	-0.4806	1.1799	10.32	0	0
-0.4315	1.1788	8.5329	-0.4806	1.1799	10.32	-0.25145	1.5798	10.313	0	0
0.23665	0.83626	9.1124	0.10795	1.333	10.31	0.21739	1.0475	10.913	0	0
0.23665	0.83626	9.1124	0.21739	1.0475	10.913	0.17135	0.54336	11.136	0	0
-0.50472	0.53016	9.2364	-0.4806	1.1799	10.32	-0.40839	0.43862	10.972	0	0
-0.50472	0.53016	9.2364	-0.35848	-0.20897	10.899	-0.40839	0.43862	10.972	0	0
-0.4806	1.1799	9.2938	-0.25145	1.5798	10.313	-0.36515	1.6128	11.053	0	0
-0.4806	1.1799	9.2938	-0.36515	1.6128	11.053	-0.52258	1.2767	11.081	0	0
-0.4806	1.1799	9.2938	-0.52258	1.2767	11.081	-0.40839	0.43862	10.972	0	0
-0.35848	-0.20897	9.8729	-0.40839	0.43862	10.972	-0.3805	-0.25454	11.548	0	0
-0.35848	-0.20897	9.8729	-0.42485	-0.68119	11.11	-0.3805	-0.25454	11.548	0	0
-0.25145	1.5798	9.2866	-0.016698	1.5936	10.331	-0.36515	1.6128	11.053	0	0
-0.016698	1.5936	9.3044	0.10795	1.333	10.31	-0.012848	1.6031	11.064	0	0
-0.016698	1.5936	9.3044	-0.012848	1.6031	11.064	-0.36515	1.6128	11.053	0	0
0.10795	1.333	9.284	0.21739	1.0475	10.913	-0.012848	1.6031	11.064	0	0
0.21739	1.0475	9.8871	-0.012848	1.6031	11.064	0.2639	1.1164	11.541	0	0
0.21739	1.0475	9.8871	0.17135	0.54336	11.136	0.2639	1.1164	11.541	0	0
-0.36515	1.6128	10.026	-0.52258	1.2767	11.081	-0.51385	1.2237	11.577	0	0
-0.52258	1.2767	10.054	-0.40839	0.43862	10.972	-0.47425	0.49099	11.542	0	0
-0.52258	1.2767	10.054	-0.47425	0.49099	11.542	-0.51385	1.2237	11.577	0	0
-0.40839	0.43862	9.946	-0.3805	-0.25454	11.548	-0.47425	0.49099	11.542	0	0
0.17135	0.54336	10.11	0.14235	0.54886	11.383	0.2639	1.1164	11.541	0	0
-0.42485	-0.68119	10.083	-0.3805	-0.25454	11.548	-0.73568	-0.83094	11.678	0	0
-0.3805	-0.25454	10.522	-0.73568	-0.83094	11.678	-0.96105	-0.55514	11.959	0	0
-0.3805	-0.25454	10.522	-0.47425	0.49099	11.542	-0.45897	0.4671	12.308	0	0
-0.3805	-0.25454	10.522	-0.96105	-0.55514	11.959	-0.37735	-0.30974	12.377	0	0
-0.3805	-0.25454	10.522	-0.37735	-0.30974	12.377	-0.45897	0.4671	12.308	0	0
-0.73568	-0.83094	10.652	-0.96105	-0.55514	11.959	-0.86515	-0.80664	12.027	0	0
-0.47425	0.49099	10.516	-0.51385	1.2237	11.577	-0.46937	1.2148	12.265	0	0
-0.47425	0.49099	10.516	-0.45897	0.4671	12.308	-0.46937	1.2148	12.265	0	0
-0.96105	-0.55514	10.932	-0.86515	-0.80664	12.027	-0.37735	-0.30974	12.377	0	0
-0.86515	-0.80664	11.001	-0.68505	-0.91876	12.451	-0.37735	-0.30974	12.377	0	0
-0.68505	-0.91876	11.424	-0.37735	-0.30974	12.377	-0.6718	-0.79579	12.916	0	0
-0.37735	-0.30974	11.351	-0.45897	0.4671	12.308	-0.45517	0.47934	13.071	0	0
-0.37735	-0.30974	11.351	-0.6718	-0.79579	12.916	-0.38811	-0.35657	12.961	0	0
-0.37735	-0.30974	11.351	-0.38811	-0.35657	12.961	-0.45517	0.47934	13.071	0	0
-0.45897	0.4671	11.282	-0.46937	1.2148	12.265	-0.3675	1.1734	13.003	0	0
-0.45897	0.4671	11.282	-0.45517	0.47934	13.071	-0.3675	1.1734	13.003	0	0
-0.6718	-0.79579	11.89	-0.38811	-0.35657	12.961	-0.42152	-0.31249	13.655	0	0
-0.6718	-0.79579	11.89	-0.42152	-0.31249	13.655	-0.48425	-0.71459	13.816	0	0
-0.38811	-0.35657	11.934	-0.45517	0.47934	13.071	-0.42152	-0.31249	13.655	0	0
-0.46937	1.2148	11.239	0.3201	1.1734	12.319	0.44915	1.7967	12.608	0	0
-0.46937	1.2148	11.239	-0.3675	1.1734	13.003	0.27305	1.7982	12.942	0	0
-0.46937	1.2148	11.239	0.44915	1.7967	12.608	0.27305	1.7982	12.942	0	0
-0.45517	0.47934	12.045	-0.3675	1.1734	13.003	-0.41085	1.0843	13.778	0	0
-0.45517	0.47934	12.045	-0.42152	-0.31249	13.655	-0.4279	0.48226	13.809	0	0
-0.45517	0.47934	12.045	-0.4279	0.48226	13.809	-0.41085	1.0843	13.778	0	0
-0.3675	1.1734	11.976	0.27305	1.7982	12.942	0.2212	1.1343	13.055	0	0
-0.42152	-0.31249	12.628	-0.48425	-0.71459	13.816	-0.34132	-0.30249	14.365	0	0
-0.42152	-0.31249	12.628	-0.4279	0.48226	13.809	-0.34132	-0.30249	14.365	0	0
-0.48425	-0.71459	12.79	-0.34132	-0.30249	14.365	-0.3805	-0.66844	14.533	0	0
-0.4279	0.48226	12.782	-0.34132	-0.30249	14.365	-0.45917	0.47431	14.571	0	0
-0.4279	0.48226	12.782	-0.41085	1.0843	13.778	-0.43095	1.0746	14.544	0	0
-0.4279	0.48226	12.782	-0.45917	0.47431	14.571	-0.43095	1.0746	14.544	0	0
-0.34132	-0.30249	13.339	-0.3805	-0.66844	14.533	-0.88565	-0.52164	15.158	0	0
-0.34132	-0.30249	13.339	-0.45917	0.47431	14.571	-0.88565	-0.52164	15.158	0	0
-0.3805	-0.66844	13.506	-0.45015	-0.71134	15.077	-0.88565	-0.52164	15.158	0	0
-0.45917	0.47431	13.544	-0.88565	-0.52164	15.158	-0.42075	0.48256	15.058	0	0
-0.45917	0.47431	13.544	-0.43095	1.0746	14.544	-0.42075	0.48256	15.058	0	0
-0.45015	-0.71134	14.05	-0.88565	-0.52164	15.158	-0.96415	-0.59844	15.237	0	0
-0.45015	-0.71134	14.05	-0.96415	-0.59844	15.237	-0.41911	-0.86022	15.823	0	0
-0.88565	-0.52164	14.132	-0.96415	-0.59844	15.237	-0.9813	-0.23194	15.939	0	0
-0.88565	-0.52164	14.132	-0.42075	0.48256	15.058	-0.9813	-0.23194	15.939	0	0
-0.36742	-0.36009	14.155	-0.42075	0.48256	15.058	0.16885	0.67156	15.048	0	0
-0.96415	-0.59844	14.211	-0.41911	-0.86022	15.823	-0.88385	-0.74594	16.35	0	0
-0.96415	-0.59844	14.211	-0.88385	-0.74594	16.35	-0.9813	-0.23194	15.939	0	0
-0.43095	1.0746	13.518	-0.42075	0.48256	15.058	-0.24235	1.0866	15.056	0	0
-0.42075	0.48256	14.032	0.16885	0.67156	15.048	-0.24235	1.0866	15.056	0	0
-0.42075	0.48256	14.032	-0.2845	1.1115	15.833	-0.41087	0.47619	15.805	0	0
-0.42075	0.48256	14.032	-0.41087	0.47619	15.805	-0.9813	-0.23194	15.939	0	0
0.16885	0.67156	14.021	-0.24235	1.0866	15.056	0.038752	1.0985	14.99	0	0
-0.2845	1.1115	14.806	0.086652	1.0978	15.893	-0.40285	1.0613	16.442	0	0
-0.2845	1.1115	14.806	-0.41087	0.47619	15.805	-0.40285	1.0613	16.442	0	0
0.15923	0.66041	14.794	0.086652	1.0978	15.893	0.19095	0.60506	16.561	0	0
0.086652	1.0978	14.867	-0.40285	1.0613	16.442	0.098052	1.2044	16.563	0	0
0.086652	1.0978	14.867	0.098052	1.2044	16.563	0.19095	0.60506	16.561	0	0
-0.41087	0.47619	14.779	-0.33885	0.3976	16.548	-0.40285	1.0613	16.442	0	0
-0.41087	0.47619	14.779	-0.33885	0.3976	16.548	-0.9813	-0.23194	15.939	0	0
-0.41911	-0.86022	14.797	-0.88385	-0.74594	16.35	-0.40575	-0.89959	16.375	0	0
0.0025521	-0.12704	15.073	-0.3584	-0.28179	16.533	-0.13335	-0.68374	16.621	0	0
0.0025521	-0.12704	15.073	-0.3584	-0.28179	16.533	-0.33885	0.3976	16.548	0	0
0.0025521	-0.12704	15.073	-0.13335	-0.68374	16.621	0.14772	-0.31664	17.336	0	0
0.0025521	-0.12704	15.073	-0.33885	0.3976	16.548	0.19095	0.60506	16.561	0	0
0.0025521	-0.12704	15.073	0.19095	0.60506	16.561	0.14772	-0.31664	17.336	0	0
-0.88385	-0.74594	15.324	-0.40575	-0.89959	16.375	-0.62545	-0.83467	17.168	0	0
-0.88385	-0.74594	15.324	-0.3584	-0.28179	16.533	-0.97425	-0.35344	16.392	0	0
-0.88385	-0.74594	15.324	-0.62545	-0.83467	17.168	-0.8889	-0.31899	17.315	0	0
-0.88385	-0.74594	15.324	-0.9813	-0.23194	15.939	-0.97425	-0.35344	16.392	0	0
-0.40575	-0.89959	15.348	-0.13335	-0.68374	16.621	-0.62545	-0.83467	17.168	0	0
-0.3584	-0.28179	15.506	-0.13335	-0.68374	16.621	-0.62545	-0.83467	17.168	0	0
-0.3584	-0.28179	15.506	-0.33885	0.3976	16.548	-0.97425	-0.35344	16.392	0	0
-0.3584	-0.28179	15.506	-0.62545	-0.83467	17.168	-0.42971	-0.24287	17.25	0	0
-0.13335	-0.68374	15.594	0.14772	-0.31664	17.336	0.13693	-0.69866	17.265	0	0
-0.33885	0.3976	15.521	-0.40285	1.0613	16.442	-0.38725	0.43935	17.265	0	0
-0.33885	0.3976	15.521	-0.42971	-0.24287	17.25	-0.38725	0.43935	17.265	0	0
-0.33885	0.3976	15.521	-0.9813	-0.23194	15.939	-0.97425	-0.35344	16.392	0	0
-0.40285	1.0613	15.416	0.098052	1.2044	16.563	-0.15665	1.2386	17.304	0	0
-0.40285	1.0613	15.416	-0.38725	0.43935	17.265	-0.15665	1.2386	17.304	0	0
0.098052	1.2044	15.537	0.19095	0.60506	16.561	0.2491	0.60551	17.313	0	0
0.098052	1.2044	15.537	0.2491	0.60551	17.313	0.062652	1.2484	17.309	0	0
0.098052	1.2044	15.537	-0.15665	1.2386	17.304	0.062652	1.2484	17.309	0	0
-0.62545	-0.83467	16.142	-0.8889	-0.31899	17.315	-0.29075	-0.65094	18.07	0	0
-0.62545	-0.83467	16.142	-0.29075	-0.65094	18.07	0.13693	-0.69866	17.265	0	0
-0.42971	-0.24287	16.224	-0.38725	0.43935	17.265	-0.62165	0.4732	17.91	0	0
-0.42971	-0.24287	16.224	-0.55715	-0.25834	18.062	-0.62165	0.4732	17.91	0	0
-0.42971	-0.24287	16.224	-0.55715	-0.25834	18.062	-0.29075	-0.65094	18.07	0	0
-0.38725	0.43935	16.239	0.2491	0.60551	17.313	-0.15665	1.2386	17.304	0	0
-0.38725	0.43935	16.239	-0.62165	0.4732	17.91	-0.38205	1.0578	18.07	0	0
0.19095	0.60506	15.535	0.2491	0.60551	17.313	0.14772	-0.31664	17.336	0	0
-0.8889	-0.31899	16.288	-0.9936	0.070962	17.954	-0.34635	-0.56554	18.285	0	0
-0.8889	-0.31899	16.288	-0.29075	-0.65094	18.07	-0.34635	-0.56554	18.285	0	0
0.2491	0.60551	16.286	0.062652	1.2484	17.309	0.10355	1.2579	18.077	0	0
0.2491	0.60551	16.286	0.10355	1.2579	18.077	0.21259	0.4143	18.048	0	0
0.2491	0.60551	16.286	0.21259	0.4143	18.048	0.14772	-0.31664	17.336	0	0
-0.15665	1.2386	16.278	0.062652	1.2484	17.309	-0.073448	1.5697	17.597	0	0
0.062652	1.2484	16.282	-0.073448	1.5697	17.597	0.10355	1.2579	18.077	0	0
-0.9936	0.070962	16.928	-0.55715	-0.25834	18.062	-0.62165	0.4732	17.91	0	0
-0.9936	0.070962	16.928	-0.62165	0.4732	17.91	-0.57545	0.52846	18.614	0	0
-0.073448	1.5697	16.57	0.10355	1.2579	18.077	-0.23995	1.5602	18.699	0	0
-0.62165	0.4732	16.884	-0.38205	1.0578	18.07	-0.57545	0.52846	18.614	0	0
-0.38205	1.0578	17.044	-0.57545	0.52846	18.614	-0.45155	1.1916	18.521	0	0
0.10355	1.2579	17.05	0.21259	0.4143	18.048	0.16085	1.0296	18.564	0	0
0.10355	1.2579	17.05	-0.23995	1.5602	18.699	0.16085	1.0296	18.564	0	0
0.022952	-0.076438	17.013	0.21259	0.4143	18.048	0.14772	-0.31664	17.336	0	0
0.022952	-0.076438	17.013	0.21259	0.4143	18.048	0.083602	0.26871	18.527	0	0
0.022952	-0.076438	17.013	-0.29075	-0.65094	18.07	-0.34635	-0.56554	18.285	0	0
0.022952	-0.076438	17.013	-0.29075	-0.65094	18.07	0.14772	-0.31664	17.336	0	0
0.022952	-0.076438	17.013	-0.34635	-0.56554	18.285	-0.33482	-0.38494	18.527	0	0
0.022952	-0.076438	17.013	-0.33482	-0.38494	18.527	0.083602	0.26871	18.527	0	0
0.21259	0.4143	17.022	0.083602	0.26871	18.527	0.16085	1.0296	18.564	0	0
-0.29075	-0.65094	17.044	0.14772	-0.31664	17.336	0.13693	-0.69866	17.265	0	0
-0.34635	-0.56554	17.259	-0.33482	-0.38494	18.527	-0.30967	-0.65984	19.43	0	0
-0.33482	-0.38494	17.501	0.083602	0.26871	18.527	-0.3333	-0.25534	19.303	0	0
-0.33482	-0.38494	17.501	-0.3333	-0.25534	19.303	-0.30967	-0.65984	19.43	0	0
0.083602	0.26871	17.501	0.16085	1.0296	18.564	0.012912	0.41294	19.344	0	0
0.083602	0.26871	17.501	-0.3333	-0.25534	19.303	0.012912	0.41294	19.344	0	0
-0.57545	0.52846	17.588	-0.45155	1.1916	18.521	-0.46765	1.1308	19.26	0	0
-0.57545	0.52846	17.588	-0.3333	-0.25534	19.303	-0.70147	0.45576	19.303	0	0
-0.57545	0.52846	17.588	-0.70147	0.45576	19.303	-0.46765	1.1308	19.26	0	0
-0.45155	1.1916	17.494	-0.23995	1.5602	18.699	-0.46765	1.1308	19.26	0	0
-0.23995	1.5602	17.673	0.16085	1.0296	18.564	0.26243	1.0638	19.343	0	0
-0.23995	1.5602	17.673	-0.46765	1.1308	19.26	-0.2114	1.6082	19.361	0	0
-0.23995	1.5602	17.673	0.26243	1.0638	19.343	-0.015798	1.6102	19.449	0	0
-0.23995	1.5602	17.673	-0.2114	1.6082	19.361	-0.015798	1.6102	19.449	0	0
0.16085	1.0296	17.538	0.012912	0.41294	19.344	0.26243	1.0638	19.343	0	0
-0.3333	-0.25534	18.277	-0.30967	-0.65984	19.43	-0.35305	-0.28614	20.053	0	0
-0.3333	-0.25534	18.277	-0.70147	0.45576	19.303	-0.70195	0.43951	20.061	0	0
-0.3333	-0.25534	18.277	0.012912	0.41294	19.344	-0.35305	-0.28614	20.053	0	0
-0.3333	-0.25534	18.277	-0.70195	0.43951	20.061	-0.10255	0.48991	20.051	0	0
-0.30967	-0.65984	18.403	-0.35305	-0.28614	20.053	-0.2813	-0.69894	20.021	0	0
-0.70147	0.45576	18.277	-0.46765	1.1308	19.26	-0.501	1.2706	20.018	0	0
-0.70147	0.45576	18.277	-0.70195	0.43951	20.061	-0.501	1.2706	20.018	0	0
-0.46765	1.1308	18.234	-0.2114	1.6082	19.361	-0.501	1.2706	20.018	0	0
0.012912	0.41294	18.317	0.26243	1.0638	19.343	0.28835	1.1383	19.911	0	0
0.012912	0.41294	18.317	-0.35305	-0.28614	20.053	-0.10255	0.48991	20.051	0	0
0.012912	0.41294	18.317	-0.10255	0.48991	20.051	0.28835	1.1383	19.911	0	0
0.26243	1.0638	18.316	-0.015798	1.6102	19.449	0.28835	1.1383	19.911	0	0
-0.2114	1.6082	18.335	-0.015798	1.6102	19.449	-0.26135	1.6477	20.091	0	0
-0.2114	1.6082	18.335	-0.501	1.2706	20.018	-0.26135	1.6477	20.091	0	0
-0.015798	1.6102	18.423	0.045752	1.7212	20.087	-0.26135	1.6477	20.091	0	0
-0.015798	1.6102	18.423	0.045752	1.7212	20.087	0.28835	1.1383	19.911	0	0
-0.70195	0.43951	19.035	-0.501	1.2706	20.018	-0.44551	1.2559	20.727	0	0
-0.70195	0.43951	19.035	-0.48658	0.37955	20.803	-0.44551	1.2559	20.727	0	0
-0.70195	0.43951	19.035	-0.48658	0.37955	20.803	-1.3729	0.25606	21.372	0	0
-0.35305	-0.28614	19.026	-0.2813	-0.69894	20.021	-0.30075	-0.65276	20.777	0	0
-0.35305	-0.28614	19.026	-0.10255	0.48991	20.051	-0.38382	-0.26259	20.793	0	0
-0.35305	-0.28614	19.026	-0.30075	-0.65276	20.777	-0.38382	-0.26259	20.793	0	0
-0.10255	0.48991	19.024	0.28835	1.1383	19.911	0.051352	0.73821	20.576	0	0
-0.10255	0.48991	19.024	-0.38382	-0.26259	20.793	0.051352	0.73821	20.576	0	0
-0.501	1.2706	18.992	-0.26135	1.6477	20.091	-0.44551	1.2559	20.727	0	0
0.045752	1.7212	19.061	-0.26135	1.6477	20.091	-0.44551	1.2559	20.727	0	0
0.045752	1.7212	19.061	0.28835	1.1383	19.911	0.58715	1.316	20.14	0	0
0.045752	1.7212	19.061	-0.44551	1.2559	20.727	0.34502	1.172	20.878	0	0
0.045752	1.7212	19.061	0.58715	1.316	20.14	0.34502	1.172	20.878	0	0
0.28835	1.1383	18.885	0.58715	1.316	20.14	0.051352	0.73821	20.576	0	0
-0.30075	-0.65276	19.751	-0.38382	-0.26259	20.793	-0.423	-0.26574	21.556	0	0
-0.30075	-0.65276	19.751	-0.3939	-0.77024	21.538	-0.423	-0.26574	21.556	0	0
-0.38382	-0.26259	19.767	0.051352	0.73821	20.576	0.2381	0.44926	21.314	0	0
-0.38382	-0.26259	19.767	-0.423	-0.26574	21.556	0.2381	0.44926	21.314	0	0
-0.48658	0.37955	19.777	-0.44551	1.2559	20.727	-0.54335	1.2539	21.341	0	0
-0.48658	0.37955	19.777	-0.39635	0.5562	21.475	0.2381	0.44926	21.314	0	0
-0.48658	0.37955	19.777	-0.39635	0.5562	21.475	-1.3729	0.25606	21.372	0	0
-0.44551	1.2559	19.701	0.34502	1.172	20.878	-0.54335	1.2539	21.341	0	0
0.58715	1.316	19.114	0.051352	0.73821	20.576	0.656	1.2231	20.593	0	0
0.051352	0.73821	19.55	0.34502	1.172	20.878	0.656	1.2231	20.593	0	0
0.051352	0.73821	19.55	0.34502	1.172	20.878	0.2381	0.44926	21.314	0	0
-0.3939	-0.77024	20.511	-0.423	-0.26574	21.556	-0.59085	-0.65714	22.028	0	0
0.34502	1.172	19.851	-0.54335	1.2539	21.341	0.95315	1.598	21.969	0	0
0.34502	1.172	19.851	0.656	1.2231	20.593	0.85285	1.191	21.302	0	0
0.34502	1.172	19.851	0.3645	0.98856	21.495	0.85285	1.191	21.302	0	0
0.34502	1.172	19.851	0.3645	0.98856	21.495	0.2381	0.44926	21.314	0	0
-0.54335	1.2539	20.315	-0.25505	1.1246	22.068	0.95315	1.598	21.969	0	0
0.3645	0.98856	20.468	0.19025	1.0859	22.049	0.21475	0.67251	22.012	0	0
0.3645	0.98856	20.468	0.19025	1.0859	22.049	0.95315	1.598	21.969	0	0
0.3645	0.98856	20.468	0.85285	1.191	21.302	0.95315	1.598	21.969	0	0
0.3645	0.98856	20.468	0.21475	0.67251	22.012	0.2381	0.44926	21.314	0	0
-0.39635	0.5562	20.449	-0.423	-0.26574	21.556	-0.415	0.47006	22.041	0	0
-0.39635	0.5562	20.449	-0.423	-0.26574	21.556	-1.105	-0.074787	21.691	0	0
-0.39635	0.5562	20.449	-0.415	0.47006	22.041	0.2381	0.44926	21.314	0	0
-0.39635	0.5562	20.449	-1.105	-0.074787	21.691	-1.3729	0.25606	21.372	0	0
-0.423	-0.26574	20.53	-0.415	0.47006	22.041	-0.35988	-0.3019	22.122	0	0
-0.423	-0.26574	20.53	-0.59085	-0.65714	22.028	-1.105	-0.074787	21.691	0	0
-0.423	-0.26574	20.53	-0.35988	-0.3019	22.122	0.3372	-0.36624	22.18	0	0
-0.423	-0.26574	20.53	0.2381	0.44926	21.314	0.3372	-0.36624	22.18	0	0
-0.415	0.47006	21.015	-0.35988	-0.3019	22.122	-0.47126	0.4628	22.806	0	0
-0.415	0.47006	21.015	-0.25505	1.1246	22.068	0.21475	0.67251	22.012	0	0
-0.415	0.47006	21.015	-0.25505	1.1246	22.068	-0.26585	1.0335	22.716	0	0
-0.415	0.47006	21.015	0.21475	0.67251	22.012	0.2381	0.44926	21.314	0	0
-0.415	0.47006	21.015	-0.47126	0.4628	22.806	-0.26585	1.0335	22.716	0	0
-0.59085	-0.65714	21.002	-0.35988	-0.3019	22.122	-0.6199	-0.31859	22.825	0	0
-0.59085	-0.65714	21.002	-1.105	-0.074787	21.691	-1.1567	-0.12344	22.002	0	0
-0.59085	-0.65714	21.002	-1.1567	-0.12344	22.002	-1.1862	-0.4681	22.686	0	0
-0.59085	-0.65714	21.002	-0.6199	-0.31859	22.825	-1.1862	-0.4681	22.686	0	0
-0.35988	-0.3019	21.095	-0.56622	-0.76911	22.772	0.154	-0.21294	22.793	0	0
-0.35988	-0.3019	21.095	-0.47126	0.4628	22.806	-0.6199	-0.31859	22.825	0	0
-0.35988	-0.3019	21.095	0.154	-0.21294	22.793	0.3372	-0.36624	22.18	0	0
-0.25505	1.1246	21.041	0.19025	1.0859	22.049	0.21475	0.67251	22.012	0	0
-0.25505	1.1246	21.041	0.19025	1.0859	22.049	0.011352	1.0912	22.825	0	0
-0.25505	1.1246	21.041	-0.26585	1.0335	22.716	0.011352	1.0912	22.825	0	0
0.19025	1.0859	21.022	0.95315	1.598	21.969	0.011352	1.0912	22.825	0	0
0.85285	1.191	20.275	0.2381	0.44926	21.314	0.65595	-0.22354	22.245	0	0
-0.56622	-0.76911	21.746	-0.61585	-0.67474	23.591	-0.6199	-0.31859	22.825	0	0
-0.56622	-0.76911	21.746	-0.61585	-0.67474	23.591	-1.0935	-0.92016	22.872	0	0
-0.56622	-0.76911	21.746	-0.6199	-0.31859	22.825	-1.1862	-0.4681	22.686	0	0
-0.56622	-0.76911	21.746	-1.1862	-0.4681	22.686	-1.0935	-0.92016	22.872	0	0
-0.56622	-0.76911	21.746	0.154	-0.21294	22.793	0.3931	-0.63109	22.812	0	0
-0.47126	0.4628	21.78	-0.26585	1.0335	22.716	-0.45125	0.44716	23.551	0	0
-0.47126	0.4628	21.78	-0.6199	-0.31859	22.825	-0.45125	0.44716	23.551	0	0
-0.26585	1.0335	21.69	0.011352	1.0912	22.825	-0.19085	1.1827	23.58	0	0
-0.26585	1.0335	21.69	-0.45125	0.44716	23.551	-0.19085	1.1827	23.58	0	0
-0.61585	-0.67474	22.565	0.059185	-0.32804	23.606	-0.69795	-0.32734	23.565	0	0
-0.61585	-0.67474	22.565	0.059185	-0.32804	23.606	0.34065	-0.69554	23.591	0	0
-0.61585	-0.67474	22.565	-0.6199	-0.31859	22.825	-0.69795	-0.32734	23.565	0	0
-0.61585	-0.67474	22.565	-1.0935	-0.92016	22.872	-1.2522	-1.1001	23.588	0	0
-0.61585	-0.67474	22.565	-1.2522	-1.1001	23.588	-0.88495	-0.79124	24.23	0	0
-0.61585	-0.67474	22.565	-0.65755	-0.88027	24.238	-0.88495	-0.79124	24.23	0	0
-0.61585	-0.67474	22.565	-0.65755	-0.88027	24.238	0.20085	-0.77226	24.295	0	0
-0.61585	-0.67474	22.565	0.20085	-0.77226	24.295	0.34065	-0.69554	23.591	0	0
0.059185	-0.32804	22.58	0.2188	0.55101	23.55	-0.45125	0.44716	23.551	0	0
0.059185	-0.32804	22.58	0.2188	0.55101	23.55	0.25115	-0.20677	24.211	0	0
0.059185	-0.32804	22.58	-0.45125	0.44716	23.551	-0.56201	-0.20524	24.273	0	0
0.059185	-0.32804	22.58	-0.56201	-0.20524	24.273	0.20085	-0.77226	24.295	0	0
0.059185	-0.32804	22.58	0.20085	-0.77226	24.295	0.25115	-0.20677	24.211	0	0
0.059185	-0.32804	22.58	0.34065	-0.69554	23.591	0.3931	-0.63109	22.812	0	0
0.011352	1.0912	21.799	0.036752	1.1831	23.557	-0.19085	1.1827	23.58	0	0
0.2381	0.44926	20.288	0.3372	-0.36624	22.18	0.65595	-0.22354	22.245	0	0
-1.105	-0.074787	20.664	-1.1567	-0.12344	22.002	-1.5789	-0.13094	22.108	0	0
-1.105	-0.074787	20.664	-1.3729	0.25606	21.372	-1.5789	-0.13094	22.108	0	0
-1.1567	-0.12344	20.976	-1.1862	-0.4681	22.686	-1.5789	-0.13094	22.108	0	0
0.2188	0.55101	22.524	0.036752	1.1831	23.557	0.35425	0.57406	24.307	0	0
0.2188	0.55101	22.524	0.35425	0.57406	24.307	0.25115	-0.20677	24.211	0	0
0.2188	0.55101	22.524	0.84775	-0.62624	23.106	0.88052	-0.3274	22.704	0	0
-0.6199	-0.31859	21.799	-0.69795	-0.32734	23.565	-0.45125	0.44716	23.551	0	0
-1.1862	-0.4681	21.66	-1.0935	-0.92016	22.872	-1.7044	-0.7402	22.887	0	0
-1.1862	-0.4681	21.66	-1.5789	-0.13094	22.108	-1.7044	-0.7402	22.887	0	0
-1.0935	-0.92016	21.846	-1.2522	-1.1001	23.588	-1.7044	-0.7402	22.887	0	0
-0.69795	-0.32734	22.539	-0.45125	0.44716	23.551	-0.9193	-0.076787	24.143	0	0
-0.69795	-0.32734	22.539	-0.88495	-0.79124	24.23	-0.9193	-0.076787	24.143	0	0
-0.45125	0.44716	22.525	-0.19085	1.1827	23.58	-0.48988	0.57153	24.206	0	0
-0.45125	0.44716	22.525	-0.48988	0.57153	24.206	-0.9193	-0.076787	24.143	0	0
0.036752	1.1831	22.53	-0.19085	1.1827	23.58	-0.070648	1.5571	24.502	0	0
0.036752	1.1831	22.53	0.35425	0.57406	24.307	0.092302	1.2865	24.319	0	0
0.036752	1.1831	22.53	0.092302	1.2865	24.319	-0.070648	1.5571	24.502	0	0
-1.2522	-1.1001	22.562	-0.88495	-0.79124	24.23	-1.895	-1.1264	23.905	0	0
-1.2522	-1.1001	22.562	-1.7044	-0.7402	22.887	-1.8615	-0.94627	23.51	0	0
-1.2522	-1.1001	22.562	-1.8615	-0.94627	23.51	-1.895	-1.1264	23.905	0	0
-0.65755	-0.88027	23.212	-0.88495	-0.79124	24.23	-0.56235	-0.98259	24.845	0	0
-0.65755	-0.88027	23.212	-0.56235	-0.98259	24.845	0.20085	-0.77226	24.295	0	0
-0.88495	-0.79124	23.204	-0.56235	-0.98259	24.845	-0.90285	-0.61954	24.875	0	0
-0.88495	-0.79124	23.204	-0.90285	-0.61954	24.875	-1.895	-1.1264	23.905	0	0
-0.88495	-0.79124	23.204	-0.9193	-0.076787	24.143	-0.9921	-0.30204	24.834	0	0
-0.19085	1.1827	22.553	-0.48988	0.57153	24.206	-0.22925	1.1973	24.317	0	0
-0.19085	1.1827	22.553	-0.22925	1.1973	24.317	-0.070648	1.5571	24.502	0	0
0.35425	0.57406	23.28	0.092302	1.2865	24.319	0.19245	1.2739	25.036	0	0
0.35425	0.57406	23.28	0.19245	1.2739	25.036	0.66172	0.44816	24.975	0	0
0.35425	0.57406	23.28	0.25115	-0.20677	24.211	0.6572	-0.24529	24.815	0	0
0.35425	0.57406	23.28	0.66172	0.44816	24.975	0.6572	-0.24529	24.815	0	0
-0.56201	-0.20524	23.247	-0.48988	0.57153	24.206	0.17749	-0.20924	24.888	0	0
-0.56201	-0.20524	23.247	-0.60445	-0.36564	25.114	-0.89945	0.26706	24.422	0	0
-0.56201	-0.20524	23.247	0.20085	-0.77226	24.295	0.17749	-0.20924	24.888	0	0
-0.48988	0.57153	23.179	-0.22925	1.1973	24.317	-0.44528	1.1017	24.921	0	0
-0.48988	0.57153	23.179	-0.4588	0.81476	25.072	-0.44528	1.1017	24.921	0	0
-0.48988	0.57153	23.179	-0.4588	0.81476	25.072	-0.89945	0.26706	24.422	0	0
-0.48988	0.57153	23.179	-0.9193	-0.076787	24.143	-0.89945	0.26706	24.422	0	0
-0.48988	0.57153	23.179	0.23865	0.44446	25.084	0.17749	-0.20924	24.888	0	0
-0.56235	-0.98259	23.818	-0.90285	-0.61954	24.875	-0.60445	-0.36564	25.114	0	0
-0.56235	-0.98259	23.818	-0.60445	-0.36564	25.114	0.10852	-0.74714	24.903	0	0
-0.56235	-0.98259	23.818	0.20085	-0.77226	24.295	0.10852	-0.74714	24.903	0	0
-0.90285	-0.61954	23.848	-0.60445	-0.36564	25.114	-0.9921	-0.30204	24.834	0	0
0.092302	1.2865	23.292	-0.070648	1.5571	24.502	0.19245	1.2739	25.036	0	0
-0.22925	1.1973	23.291	-0.070648	1.5571	24.502	-0.44528	1.1017	24.921	0	0
-0.070648	1.5571	23.476	0.19245	1.2739	25.036	-0.018081	1.6022	25.037	0	0
-0.070648	1.5571	23.476	-0.018081	1.6022	25.037	-0.44528	1.1017	24.921	0	0
-0.60445	-0.36564	24.087	-0.42345	-0.73714	25.519	-0.62845	-0.29764	25.565	0	0
-0.60445	-0.36564	24.087	-0.62845	-0.29764	25.565	-0.89475	-0.064838	25.368	0	0
-0.60445	-0.36564	24.087	0.10852	-0.74714	24.903	0.17749	-0.20924	24.888	0	0
-0.60445	-0.36564	24.087	-0.4588	0.81476	25.072	-0.89945	0.26706	24.422	0	0
-0.60445	-0.36564	24.087	-0.9921	-0.30204	24.834	-0.89475	-0.064838	25.368	0	0
-0.60445	-0.36564	24.087	0.10345	0.32781	25.549	0.17749	-0.20924	24.888	0	0
-0.42345	-0.73714	24.492	-0.62845	-0.29764	25.565	-0.1227	-0.41594	26.058	0	0
-0.42345	-0.73714	24.492	0.10852	-0.74714	24.903	0.15392	-0.8914	25.526	0	0
-0.42345	-0.73714	24.492	-0.1227	-0.41594	26.058	0.15392	-0.8914	25.526	0	0
-0.62845	-0.29764	24.539	-0.89475	-0.064838	25.368	-0.53875	-0.15177	26.196	0	0
-0.62845	-0.29764	24.539	-0.4519	0.44011	25.569	-0.1227	-0.41594	26.058	0	0
-0.62845	-0.29764	24.539	-0.53875	-0.15177	26.196	-0.39071	-0.69007	26.436	0	0
0.20085	-0.77226	23.269	0.10852	-0.74714	24.903	0.6572	-0.24529	24.815	0	0
0.20085	-0.77226	23.269	0.25115	-0.20677	24.211	0.6572	-0.24529	24.815	0	0
0.20085	-0.77226	23.269	0.34065	-0.69554	23.591	0.77965	-0.91354	23.662	0	0
0.10852	-0.74714	23.876	0.17749	-0.20924	24.888	0.6572	-0.24529	24.815	0	0
-0.4588	0.81476	24.045	0.23865	0.44446	25.084	0.19245	1.2739	25.036	0	0
-0.4588	0.81476	24.045	0.23865	0.44446	25.084	-0.4519	0.44011	25.569	0	0
-0.4588	0.81476	24.045	0.19245	1.2739	25.036	-0.44528	1.1017	24.921	0	0
-0.4588	0.81476	24.045	-0.4519	0.44011	25.569	-0.5612	1.2395	25.561	0	0
-0.9193	-0.076787	23.116	-0.9921	-0.30204	24.834	-0.89945	0.26706	24.422	0	0
0.23865	0.44446	24.058	0.19245	1.2739	25.036	0.3303	1.0826	25.548	0	0
0.23865	0.44446	24.058	0.10345	0.32781	25.549	-0.4519	0.44011	25.569	0	0
0.23865	0.44446	24.058	0.10345	0.32781	25.549	0.81262	0.58566	25.648	0	0
0.23865	0.44446	24.058	0.17749	-0.20924	24.888	0.66172	0.44816	24.975	0	0
0.23865	0.44446	24.058	0.66172	0.44816	24.975	0.81262	0.58566	25.648	0	0
0.19245	1.2739	24.009	-0.018081	1.6022	25.037	0.075752	1.721	25.588	0	0
0.19245	1.2739	24.009	0.075752	1.721	25.588	0.3303	1.0826	25.548	0	0
0.19245	1.2739	24.009	0.66172	0.44816	24.975	0.81262	0.58566	25.648	0	0
-0.9921	-0.30204	23.807	-0.89475	-0.064838	25.368	-1.0342	0.36408	24.889	0	0
-0.9921	-0.30204	23.807	-0.89945	0.26706	24.422	-1.0342	0.36408	24.889	0	0
-0.89475	-0.064838	24.341	-0.53875	-0.15177	26.196	-1.1659	0.45924	25.541	0	0
-0.89475	-0.064838	24.341	-1.0342	0.36408	24.889	-1.1659	0.45924	25.541	0	0
-0.018081	1.6022	24.011	0.075752	1.721	25.588	-0.20965	1.5844	25.621	0	0
-0.018081	1.6022	24.011	-0.20965	1.5844	25.621	-0.5612	1.2395	25.561	0	0
-0.018081	1.6022	24.011	-0.44528	1.1017	24.921	-0.5612	1.2395	25.561	0	0
0.075752	1.721	24.562	-0.20965	1.5844	25.621	-0.44435	1.6571	26.418	0	0
0.075752	1.721	24.562	0.3303	1.0826	25.548	0.1939	1.1617	26.29	0	0
0.075752	1.721	24.562	-0.44435	1.6571	26.418	0.37085	2.2796	26.511	0	0
-0.20965	1.5844	24.595	-0.5612	1.2395	25.561	-0.44435	1.6571	26.418	0	0
0.10345	0.32781	24.523	-0.4519	0.44011	25.569	0.11317	0.45303	26.287	0	0
0.10345	0.32781	24.523	0.17749	-0.20924	24.888	0.26805	-0.25924	25.715	0	0
0.10345	0.32781	24.523	0.26805	-0.25924	25.715	0.11317	0.45303	26.287	0	0
-0.4519	0.44011	24.542	-0.53875	-0.15177	26.196	-1.1918	0.54756	26.238	0	0
-0.4519	0.44011	24.542	-0.5612	1.2395	25.561	-0.5522	1.2715	26.074	0	0
-0.4519	0.44011	24.542	-0.5522	1.2715	26.074	0.11317	0.45303	26.287	0	0
-0.53875	-0.15177	25.169	-0.39071	-0.69007	26.436	-0.1227	-0.41594	26.058	0	0
-0.53875	-0.15177	25.169	-0.1227	-0.41594	26.058	0.11317	0.45303	26.287	0	0
-0.53875	-0.15177	25.169	0.11317	0.45303	26.287	-1.171	0.66716	27.045	0	0
-0.53875	-0.15177	25.169	-1.1918	0.54756	26.238	-1.171	0.66716	27.045	0	0
-0.44528	1.1017	23.895	-0.5612	1.2395	25.561	-1.0336	0.96496	25.703	0	0
-0.44528	1.1017	23.895	-0.89945	0.26706	24.422	-1.0342	0.36408	24.889	0	0
-0.44528	1.1017	23.895	-1.0342	0.36408	24.889	-1.0336	0.96496	25.703	0	0
-0.5612	1.2395	24.535	-0.5522	1.2715	26.074	-1.0336	0.96496	25.703	0	0
0.3303	1.0826	24.521	0.1939	1.1617	26.29	0.81262	0.58566	25.648	0	0
-0.5522	1.2715	25.047	-0.44435	1.6571	26.418	0.1939	1.1617	26.29	0	0
-0.5522	1.2715	25.047	-0.44435	1.6571	26.418	-1.0762	1.135	26.383	0	0
-0.5522	1.2715	25.047	0.11317	0.45303	26.287	0.1939	1.1617	26.29	0	0
-0.5522	1.2715	25.047	-1.0336	0.96496	25.703	-1.0762	1.135	26.383	0	0
-0.44435	1.6571	25.392	0.1939	1.1617	26.29	0.2694	1.8699	26.383	0	0
-0.44435	1.6571	25.392	0.2694	1.8699	26.383	-0.44275	1.8337	27.102	0	0
-0.44435	1.6571	25.392	-0.44275	1.8337	27.102	-1.1561	1.2942	27.092	0	0
-0.44435	1.6571	25.392	-1.1561	1.2942	27.092	-1.0762	1.135	26.383	0	0
-0.1227	-0.41594	25.032	0.15392	-0.8914	25.526	0.26805	-0.25924	25.715	0	0
-0.1227	-0.41594	25.032	0.26805	-0.25924	25.715	0.11317	0.45303	26.287	0	0
0.34065	-0.69554	22.564	0.77965	-0.91354	23.662	0.84775	-0.62624	23.106	0	0
0.34065	-0.69554	22.564	0.3931	-0.63109	22.812	0.84775	-0.62624	23.106	0	0
0.17749	-0.20924	23.862	0.15392	-0.8914	25.526	0.26805	-0.25924	25.715	0	0
0.17749	-0.20924	23.862	0.66172	0.44816	24.975	0.6572	-0.24529	24.815	0	0
0.154	-0.21294	21.767	0.3931	-0.63109	22.812	0.3372	-0.36624	22.18	0	0
0.11317	0.45303	25.26	0.1939	1.1617	26.29	0.72342	1.0219	26.401	0	0
0.11317	0.45303	25.26	-1.171	0.66716	27.045	-0.29025	1.3411	27.202	0	0
0.11317	0.45303	25.26	-0.29025	1.3411	27.202	0.8639	0.62481	26.575	0	0
0.11317	0.45303	25.26	0.72342	1.0219	26.401	0.8639	0.62481	26.575	0	0
0.1939	1.1617	25.264	0.2694	1.8699	26.383	0.72342	1.0219	26.401	0	0
0.2694	1.8699	25.357	0.37085	2.2796	26.511	0.30568	1.9962	27.098	0	0
0.2694	1.8699	25.357	0.37085	2.2796	26.511	0.72342	1.0219	26.401	0	0
0.2694	1.8699	25.357	-0.44275	1.8337	27.102	0.30568	1.9962	27.098	0	0
0.37085	2.2796	25.485	0.30568	1.9962	27.098	0.44235	2.2929	27.586	0	0
0.37085	2.2796	25.485	0.72342	1.0219	26.401	1.1543	1.0309	27.023	0	0
-1.1918	0.54756	25.212	-1.5835	0.40701	26.386	-1.1659	0.45924	25.541	0	0
-1.1918	0.54756	25.212	-1.5835	0.40701	26.386	-1.6032	0.93386	26.667	0	0
-1.1918	0.54756	25.212	-1.1659	0.45924	25.541	-1.0336	0.96496	25.703	0	0
-1.1918	0.54756	25.212	-1.6032	0.93386	26.667	-1.0762	1.135	26.383	0	0
-1.1918	0.54756	25.212	-1.0336	0.96496	25.703	-1.0762	1.135	26.383	0	0
-1.171	0.66716	26.019	-0.29025	1.3411	27.202	-1.1561	1.2942	27.092	0	0
-0.44275	1.8337	26.075	-0.40083	1.9232	27.751	0.10825	2.1963	27.576	0	0
-0.44275	1.8337	26.075	-0.40083	1.9232	27.751	-1.4209	1.5539	27.532	0	0
-0.44275	1.8337	26.075	0.30568	1.9962	27.098	0.10825	2.1963	27.576	0	0
-0.44275	1.8337	26.075	-1.1561	1.2942	27.092	-1.4209	1.5539	27.532	0	0
-0.29025	1.3411	26.176	-0.40083	1.9232	27.751	-1.3147	1.1609	27.813	0	0
-0.29025	1.3411	26.176	0.30568	1.9962	27.098	1.1543	1.0309	27.023	0	0
-0.29025	1.3411	26.176	-1.3147	1.1609	27.813	-1.1561	1.2942	27.092	0	0
-0.29025	1.3411	26.176	0.8639	0.62481	26.575	1.1543	1.0309	27.023	0	0
-0.40083	1.9232	26.724	-1.3147	1.1609	27.813	-0.71142	1.9394	28.343	0	0
-0.40083	1.9232	26.724	-0.71142	1.9394	28.343	0.11445	2.2429	28.089	0	0
-0.40083	1.9232	26.724	-1.2985	1.9022	28.368	-1.7246	2.1012	28.149	0	0
-0.40083	1.9232	26.724	0.10825	2.1963	27.576	0.11445	2.2429	28.089	0	0
-0.40083	1.9232	26.724	-1.4209	1.5539	27.532	-1.6492	1.7615	27.739	0	0
-0.40083	1.9232	26.724	-1.7246	2.1012	28.149	-1.6492	1.7615	27.739	0	0
0.30568	1.9962	26.072	0.10825	2.1963	27.576	0.44235	2.2929	27.586	0	0
-1.3147	1.1609	26.787	-0.71142	1.9394	28.343	-1.2985	1.9022	28.368	0	0
-1.3147	1.1609	26.787	-1.2985	1.9022	28.368	-1.7044	1.4623	28.538	0	0
-0.71142	1.9394	27.317	-1.2985	1.9022	28.368	-1.1185	2.4661	28.989	0	0
-0.71142	1.9394	27.317	0.11445	2.2429	28.089	-0.72875	2.4381	29.56	0	0
-0.71142	1.9394	27.317	-1.1185	2.4661	28.989	-0.72875	2.4381	29.56	0	0
-1.2985	1.9022	27.342	-1.7246	2.1012	28.149	-1.7316	2.4308	28.501	0	0
-1.2985	1.9022	27.342	-1.7316	2.4308	28.501	-1.1185	2.4661	28.989	0	0
0.3931	-0.63109	21.785	0.3372	-0.36624	22.18	0.65595	-0.22354	22.245	0	0
0.3931	-0.63109	21.785	0.84775	-0.62624	23.106	0.88052	-0.3274	22.704	0	0
0.3931	-0.63109	21.785	0.65595	-0.22354	22.245	0.88052	-0.3274	22.704	0	0
0.72342	1.0219	25.375	0.8639	0.62481	26.575	1.1543	1.0309	27.023	0	0
-1.0342	0.36408	23.863	-1.1659	0.45924	25.541	-1.0336	0.96496	25.703	0	0
-1.1561	1.2942	26.066	-1.4209	1.5539	27.532	-1.7671	1.1124	26.986	0	0
-1.1561	1.2942	26.066	-1.6032	0.93386	26.667	-1.7671	1.1124	26.986	0	0
-1.1561	1.2942	26.066	-1.6032	0.93386	26.667	-1.0762	1.135	26.383	0	0
0.10825	2.1963	26.55	0.44235	2.2929	27.586	0.11445	2.2429	28.089	0	0
-1.4209	1.5539	26.505	-1.7671	1.1124	26.986	-1.6492	1.7615	27.739	0	0
-1.7316	2.4308	27.475	-1.1185	2.4661	28.989	-1.7713	2.7764	28.897	0	0
-1.1185	2.4661	27.962	-1.7713	2.7764	28.897	-1.6864	2.9906	29.15	0	0
-1.1185	2.4661	27.962	-0.72875	2.4381	29.56	-1.1639	2.6667	29.562	0	0
-1.1185	2.4661	27.962	-1.1639	2.6667	29.562	-1.6864	2.9906	29.15	0	0
-1.1639	2.6667	28.535	-1.6947	2.9989	29.58	-1.6864	2.9906	29.15	0	0
-0.41205	2.6872	12.111	-2.32438100073966	10.7666327528558	14.4942763956769	0.196337092145418	2.26650764139397	11.8853925355372	1	1
-2.32438100073966	10.7666327528558	14.4942763956769	-2.09332170270706	14.5142687941067	15.3722121923671	-0.180238156748051	9.93577309758828	16.1651695981388	1	1
-2.09332170270706	14.5142687941067	15.3722121923671	-2.3986887241869	19.7390188340156	14.5208164191428	-0.323845150162681	13.8451311461196	16.749637368328	1	1
-2.3986887241869	19.7390188340156	14.5208164191428	-2.03622176166004	22.9963963993839	13.2435291618228	-1.64493726908792	20.3687036659392	16.5267013526277	1	1
-2.03622176166004	22.9963963993839	13.2435291618228	-0.169177218059779	26.9224436620595	8.6262015187537	-1.65459851987076	23.7001048886116	13.2361214958531	1	1
-0.180238156748051	9.93577309758828	16.1651695981388	0.196337092145418	2.26650764139397	11.8853925355372	-2.32438100073966	10.7666327528558	14.4942763956769	1	1
-0.323845150162681	13.8451311461196	16.749637368328	-0.180238156748051	9.93577309758828	16.1651695981388	-2.09332170270706	14.5142687941067	15.3722121923671	1	1
-1.64493726908792	20.3687036659392	16.5267013526277	-0.323845150162681	13.8451311461196	16.749637368328	-2.3986887241869	19.7390188340156	14.5208164191428	1	1
-1.65459851987076	23.7001048886116	13.2361214958531	-1.64493726908792	20.3687036659392	16.5267013526277	-2.03622176166004	22.9963963993839	13.2435291618228	1	1
-2.32438100073966	10.7666327528558	14.4942763956769	-0.41205	2.6872	12.111	-1.79191556657169	2.05637360727613	12.7066108821477	1	1
-2.09332170270706	14.5142687941067	15.3722121923671	-2.32438100073966	10.7666327528558	14.4942763956769	-3.45048292132801	10.9626981016727	14.7856711338596	1	1
-2.3986887241869	19.7390188340156	14.5208164191428	-2.09332170270706	14.5142687941067	15.3722121923671	-4.09600264099547	14.2670111862079	16.0891843638998	1	1
-2.03622176166004	22.9963963993839	13.2435291618228	-2.3986887241869	19.7390188340156	14.5208164191428	-4.3367671763944	20.4690894429092	15.2043061258091	1	1
-0.169177218059779	26.9224436620595	8.6262015187537	-2.03622176166004	22.9963963993839	13.2435291618228	-4.0917222975681	23.7291838550698	13.2197977128362	1	1
-1.79191556657169	2.05637360727613	12.7066108821477	-3.45048292132801	10.9626981016727	14.7856711338596	-2.32438100073966	10.7666327528558	14.4942763956769	1	1
-3.45048292132801	10.9626981016727	14.7856711338596	-4.09600264099547	14.2670111862079	16.0891843638998	-2.09332170270706	14.5142687941067	15.3722121923671	1	1
-4.09600264099547	14.2670111862079	16.0891843638998	-4.3367671763944	20.4690894429092	15.2043061258091	-2.3986887241869	19.7390188340156	14.5208164191428	1	1
-4.3367671763944	20.4690894429092	15.2043061258091	-4.0917222975681	23.7291838550698	13.2197977128362	-2.03622176166004	22.9963963993839	13.2435291618228	1	1
0.12035	-1.5779	16.987	-0.839861116259568	-7.35301488803298	20.2617204686555	0.744068429373825	-1.45898160808508	16.3093393109942	2	1
-0.839861116259568	-7.35301488803298	20.2617204686555	-1.39871699215458	-11.739908131862	22.3189055199636	0.477341181639384	-6.80498388742591	20.7505224518587	2	1
-1.39871699215458	-11.739908131862	22.3189055199636	-1.25357257846139	-15.651395278227	23.2961887570525	0.850934381493872	-12.0868550792993	22.4153820596276	2	1
-1.25357257846139	-15.651395278227	23.2961887570525	-1.9686774341003	-20.8387346359094	24.9450852232324	0.0121492008085461	-15.9169819795854	24.2365556649897	2	1
-1.9686774341003	-20.8387346359094	24.9450852232324	-2.13969076790984	-26.0134744823507	24.3564095474045	0.253034998729616	-20.4857376369264	24.627951801755	2	1
-2.13969076790984	-26.0134744823507	24.3564095474045	-1.5078890719763	-29.710868225623	23.8928495359425	0.703807811178198	-26.5262059411855	26.2591162751598	2	1
-1.5078890719763	-29.710868225623	23.8928495359425	-1.16054216825321	-32.841214284222	22.2752644827266	1.13250429038014	-30.5404734094971	24.9722935089737	2	1
-1.16054216825321	-32.841214284222	22.2752644827266	-0.575124047587039	-33.6589678125822	16.6916190533633	0.773857187807546	-32.6294336276466	22.6811140697317	2	1
0.477341181639384	-6.80498388742591	20.7505224518587	0.744068429373825	-1.45898160808508	16.3093393109942	-0.839861116259568	-7.35301488803298	20.2617204686555	2	1
0.850934381493872	-12.0868550792993	22.4153820596276	0.477341181639384	-6.80498388742591	20.7505224518587	-1.39871699215458	-11.739908131862	22.3189055199636	2	1
0.0121492008085461	-15.9169819795854	24.2365556649897	0.850934381493872	-12.0868550792993	22.4153820596276	-1.25357257846139	-15.651395278227	23.2961887570525	2	1
0.253034998729616	-20.4857376369264	24.627951801755	0.0121492008085461	-15.9169819795854	24.2365556649897	-1.9686774341003	-20.8387346359094	24.9450852232324	2	1
0.703807811178198	-26.5262059411855	26.2591162751598	0.253034998729616	-20.4857376369264	24.627951801755	-2.13969076790984	-26.0134744823507	24.3564095474045	2	1
1.13250429038014	-30.5404734094971	24.9722935089737	0.703807811178198	-26.5262059411855	26.2591162751598	-1.5078890719763	-29.710868225623	23.8928495359425	2	1
0.773857187807546	-32.6294336276466	22.6811140697317	1.13250429038014	-30.5404734094971	24.9722935089737	-1.16054216825321	-32.841214284222	22.2752644827266	2	1
-0.839861116259568	-7.35301488803298	20.2617204686555	0.12035	-1.5779	16.987	-1.29099506428197	-1.38566168536875	16.2681872062806	2	1
-1.39871699215458	-11.739908131862	22.3189055199636	-0.839861116259568	-7.35301488803298	20.2617204686555	-2.09403968200223	-7.03338571435811	21.1355422872591	2	1
-1.25357257846139	-15.651395278227	23.2961887570525	-1.39871699215458	-11.739908131862	22.3189055199636	-2.00296636020568	-11.9459607718091	22.8486309495784	2	1
-1.9686774341003	-20.8387346359094	24.9450852232324	-1.25357257846139	-15.651395278227	23.2961887570525	-3.24857210534546	-14.5933637674517	25.9798947641328	2	1
-2.13969076790984	-26.0134744823507	24.3564095474045	-1.9686774341003	-20.8387346359094	24.9450852232324	-2.74196215916407	-21.1857365852379	24.2716547359917	2	1
-1.5078890719763	-29.710868225623	23.8928495359425	-2.13969076790984	-26.0134744823507	24.3564095474045	-3.06547901364626	-25.7057215110607	24.3159646130069	2	1
-1.16054216825321	-32.841214284222	22.2752644827266	-1.5078890719763	-29.710868225623	23.8928495359425	-1.68067839792195	-30.8765100717785	25.1384390290463	2	1
-1.29099506428197	-1.38566168536875	16.2681872062806	-2.09403968200223	-7.03338571435811	21.1355422872591	-0.839861116259568	-7.35301488803298	20.2617204686555	2	1
-2.09403968200223	-7.03338571435811	21.1355422872591	-2.00296636020568	-11.9459607718091	22.8486309495784	-1.39871699215458	-11.739908131862	22.3189055199636	2	1
-2.00296636020568	-11.9459607718091	22.8486309495784	-3.24857210534546	-14.5933637674517	25.9798947641328	-1.25357257846139	-15.651395278227	23.2961887570525	2	1
-3.24857210534546	-14.5933637674517	25.9798947641328	-2.74196215916407	-21.1857365852379	24.2716547359917	-1.9686774341003	-20.8387346359094	24.9450852232324	2	1
-2.74196215916407	-21.1857365852379	24.2716547359917	-3.06547901364626	-25.7057215110607	24.3159646130069	-2.13969076790984	-26.0134744823507	24.3564095474045	2	1
-3.06547901364626	-25.7057215110607	24.3159646130069	-1.68067839792195	-30.8765100717785	25.1384390290463	-1.5078890719763	-29.710868225623	23.8928495359425	2	1
0.0037021	2.3981	21.682	0.587536237175659	7.03334553409975	25.4015602433649	1.07383660872054	1.83686226149292	21.6409010902174	3	2
0.587536237175659	7.03334553409975	25.4015602433649	1.0137600593876	11.3682358405546	28.8595024677063	1.3775847838157	7.22553948819919	25.5475248553762	3	2
1.0137600593876	11.3682358405546	28.8595024677063	1.46574457886874	15.2576325514164	30.6779693940448	2.83092824191185	10.5190252760958	29.3866737360178	3	2
1.46574457886874	15.2576325514164	30.6779693940448	2.15522158868301	19.7721762985022	32.070105295667	2.9386715169934	15.1044716910633	30.663219960068	3	2
2.15522158868301	19.7721762985022	32.070105295667	2.48782959715808	23.5094903368566	32.3277370123042	4.27946113077754	19.357928042838	33.2531529872167	3	2
2.48782959715808	23.5094903368566	32.3277370123042	3.26442126732574	27.4108616427284	32.3066545184592	4.39449014178193	23.0225699948829	32.6872204029453	3	2
3.26442126732574	27.4108616427284	32.3066545184592	4.36294202500961	32.4999795641784	30.3635912625373	5.26501521135066	27.1239288173943	32.314330121146	3	2
4.36294202500961	32.4999795641784	30.3635912625373	4.91577259741475	35.1633414430676	28.1655832210838	6.39009310159165	32.3855754300556	29.7182271042453	3	2
4.91577259741475	35.1633414430676	28.1655832210838	6.13742778759361	37.5859129838702	25.5674304511331	7.77588966261209	35.5601192057716	28.1120101831769	3	2
6.13742778759361	37.5859129838702	25.5674304511331	5.78261298839251	39.6775516613845	22.8057885299213	7.3795388584151	37.8836999592684	25.6693914487053	3	2
5.78261298839251	39.6775516613845	22.8057885299213	5.5233334211313	42.7949008822976	17.0396968985931	7.94753218284198	39.6400198728813	22.6558560906162	3	2
1.3775847838157	7.22553948819919	25.5475248553762	1.07383660872054	1.83686226149292	21.6409010902174	0.587536237175659	7.03334553409975	25.4015602433649	3	2
2.83092824191185	10.5190252760958	29.3866737360178	1.3775847838157	7.22553948819919	25.5475248553762	1.0137600593876	11.3682358405546	28.8595024677063	3	2
2.9386715169934	15.1044716910633	30.663219960068	2.83092824191185	10.5190252760958	29.3866737360178	1.46574457886874	15.2576325514164	30.6779693940448	3	2
4.27946113077754	19.357928042838	33.2531529872167	2.9386715169934	15.1044716910633	30.663219960068	2.15522158868301	19.7721762985022	32.070105295667	3	2
4.39449014178193	23.0225699948829	32.6872204029453	4.27946113077754	19.357928042838	33.2531529872167	2.48782959715808	23.5094903368566	32.3277370123042	3	2
5.26501521135066	27.1239288173943	32.314330121146	4.39449014178193	23.0225699948829	32.6872204029453	3.26442126732574	27.4108616427284	32.3066545184592	3	2
6.39009310159165	32.3855754300556	29.7182271042453	5.26501521135066	27.1239288173943	32.314330121146	4.36294202500961	32.4999795641784	30.3635912625373	3	2
7.77588966261209	35.5601192057716	28.1120101831769	6.39009310159165	32.3855754300556	29.7182271042453	4.91577259741475	35.1633414430676	28.1655832210838	3	2
7.3795388584151	37.8836999592684	25.6693914487053	7.77588966261209	35.5601192057716	28.1120101831769	6.13742778759361	37.5859129838702	25.5674304511331	3	2
7.94753218284198	39.6400198728813	22.6558560906162	7.3795388584151	37.8836999592684	25.6693914487053	5.78261298839251	39.6775516613845	22.8057885299213	3	2
0.587536237175659	7.03334553409975	25.4015602433649	0.0037021	2.3981	21.682	-1.45718106175158	1.99294515994297	22.0258651022617	3	2
1.0137600593876	11.3682358405546	28.8595024677063	0.587536237175659	7.03334553409975	25.4015602433649	-1.0581371662664	7.02819268361534	25.3582845303691	3	2
1.46574457886874	15.2576325514164	30.6779693940448	1.0137600593876	11.3682358405546	28.8595024677063	-1.66070951264727	10.9295416645736	29.1185381423151	3	2
2.15522158868301	19.7721762985022	32.070105295667	1.46574457886874	15.2576325514164	30.6779693940448	-0.597850552589648	15.1805921231335	30.0468170227182	3	2
2.48782959715808	23.5094903368566	32.3277370123042	2.15522158868301	19.7721762985022	32.070105295667	-0.721718639618362	19.0517583846065	34.2739909442702	3	2
3.26442126732574	27.4108616427284	32.3066545184592	2.48782959715808	23.5094903368566	32.3277370123042	-0.530838703401691	23.7519199173683	31.2255102889444	3	2
4.36294202500961	32.4999795641784	30.3635912625373	3.26442126732574	27.4108616427284	32.3066545184592	0.725649300162363	27.4200738067725	32.0884540663995	3	2
4.91577259741475	35.1633414430676	28.1655832210838	4.36294202500961	32.4999795641784	30.3635912625373	3.05758798050024	32.0089680926733	30.0989250702622	3	2
6.13742778759361	37.5859129838702	25.5674304511331	4.91577259741475	35.1633414430676	28.1655832210838	4.03313639419589	36.2492232717877	28.4604517965928	3	2
5.78261298839251	39.6775516613845	22.8057885299213	6.13742778759361	37.5859129838702	25.5674304511331	4.72214773263236	38.3076025019627	25.9744029876812	3	2
5.5233334211313	42.7949008822976	17.0396968985931	5.78261298839251	39.6775516613845	22.8057885299213	5.33082603200824	41.2820083990576	23.5796709260102	3	2
-1.45718106175158	1.99294515994297	22.0258651022617	-1.0581371662664	7.02819268361534	25.3582845303691	0.587536237175659	7.03334553409975	25.4015602433649	3	2
-1.0581371662664	7.02819268361534	25.3582845303691	-1.66070951264727	10.9295416645736	29.1185381423151	1.0137600593876	11.3682358405546	28.8595024677063	3	2
-1.66070951264727	10.9295416645736	29.1185381423151	-0.597850552589648	15.1805921231335	30.0468170227182	1.46574457886874	15.2576325514164	30.6779693940448	3	2
-0.597850552589648	15.1805921231335	30.0468170227182	-0.721718639618362	19.0517583846065	34.2739909442702	2.15522158868301	19.7721762985022	32.070105295667	3	2
-0.721718639618362	19.0517583846065	34.2739909442702	-0.530838703401691	23.7519199173683	31.2255102889444	2.48782959715808	23.5094903368566	32.3277370123042	3	2
-0.530838703401691	23.7519199173683	31.2255102889444	0.725649300162363	27.4200738067725	32.0884540663995	3.26442126732574	27.4108616427284	32.3066545184592	3	2
0.725649300162363	27.4200738067725	32.0884540663995	3.05758798050024	32.0089680926733	30.0989250702622	4.36294202500961	32.4999795641784	30.3635912625373	3	2
3.05758798050024	32.0089680926733	30.0989250702622	4.03313639419589	36.2492232717877	28.4604517965928	4.91577259741475	35.1633414430676	28.1655832210838	3	2
4.03313639419589	36.2492232717877	28.4604517965928	4.72214773263236	38.3076025019627	25.9744029876812	6.13742778759361	37.5859129838702	25.5674304511331	3	2
4.72214773263236	38.3076025019627	25.9744029876812	5.33082603200824	41.2820083990576	23.5796709260102	5.78261298839251	39.6775516613845	22.8057885299213	3	2
0.23953	-1.8413	25.174	1.19785074428143	-5.01697064036265	28.2091289355509	0.995952628657101	-2.58305397715483	24.9631207285424	4	2
1.19785074428143	-5.01697064036265	28.2091289355509	2.29100448989326	-8.38339449889005	31.601214460076	1.83127597332498	-4.53880881700312	28.7471618456899	4	2
2.29100448989326	-8.38339449889005	31.601214460076	3.61943697777105	-11.844293228217	34.6055441274884	2.99109990924803	-6.56492106971253	32.6692001393684	4	2
3.61943697777105	-11.844293228217	34.6055441274884	4.82034506315555	-15.4634572805497	36.4304245572044	4.96674339380402	-11.9537601120028	34.9971845654804	4	2
4.82034506315555	-15.4634572805497	36.4304245572044	5.51127418915128	-20.0101478414529	38.7696162223411	5.0839065915184	-15.4810028060179	36.8278513873292	4	2
5.51127418915128	-20.0101478414529	38.7696162223411	7.07376334117824	-23.8923047289826	39.7061177121442	7.69342513727583	-19.6493094623842	40.2626675087308	4	2
7.07376334117824	-23.8923047289826	39.7061177121442	8.76625807866578	-27.3749451373857	40.6417881452214	7.74542497769107	-23.6669662701035	40.2078548096234	4	2
8.76625807866578	-27.3749451373857	40.6417881452214	10.7316883773139	-31.0902272012979	40.3863633681765	11.2886187458498	-27.2268238734609	41.4280414859561	4	2
10.7316883773139	-31.0902272012979	40.3863633681765	12.8431906788794	-34.6029315873828	39.003599004135	13.8040805475682	-31.1687334787089	40.1705313117826	4	2
12.8431906788794	-34.6029315873828	39.003599004135	15.0502693150053	-38.3905915005103	37.6989920608591	14.8311384894596	-34.7462674241229	37.8531241715917	4	2
15.0502693150053	-38.3905915005103	37.6989920608591	17.6290209044971	-43.0850925657266	36.0362575696137	16.4737726973299	-38.2143369443247	38.9496772538369	4	2
1.83127597332498	-4.53880881700312	28.7471618456899	0.995952628657101	-2.58305397715483	24.9631207285424	1.19785074428143	-5.01697064036265	28.2091289355509	4	2
2.99109990924803	-6.56492106971253	32.6692001393684	1.83127597332498	-4.53880881700312	28.7471618456899	2.29100448989326	-8.38339449889005	31.601214460076	4	2
4.96674339380402	-11.9537601120028	34.9971845654804	2.99109990924803	-6.56492106971253	32.6692001393684	3.61943697777105	-11.844293228217	34.6055441274884	4	2
5.0839065915184	-15.4810028060179	36.8278513873292	4.96674339380402	-11.9537601120028	34.9971845654804	4.82034506315555	-15.4634572805497	36.4304245572044	4	2
7.69342513727583	-19.6493094623842	40.2626675087308	5.0839065915184	-15.4810028060179	36.8278513873292	5.51127418915128	-20.0101478414529	38.7696162223411	4	2
7.74542497769107	-23.6669662701035	40.2078548096234	7.69342513727583	-19.6493094623842	40.2626675087308	7.07376334117824	-23.8923047289826	39.7061177121442	4	2
11.2886187458498	-27.2268238734609	41.4280414859561	7.74542497769107	-23.6669662701035	40.2078548096234	8.76625807866578	-27.3749451373857	40.6417881452214	4	2
13.8040805475682	-31.1687334787089	40.1705313117826	11.2886187458498	-27.2268238734609	41.4280414859561	10.7316883773139	-31.0902272012979	40.3863633681765	4	2
14.8311384894596	-34.7462674241229	37.8531241715917	13.8040805475682	-31.1687334787089	40.1705313117826	12.8431906788794	-34.6029315873828	39.003599004135	4	2
16.4737726973299	-38.2143369443247	38.9496772538369	14.8311384894596	-34.7462674241229	37.8531241715917	15.0502693150053	-38.3905915005103	37.6989920608591	4	2
1.19785074428143	-5.01697064036265	28.2091289355509	0.23953	-1.8413	25.174	-1.71983960315283	-2.00723117490769	25.0875399957525	4	2
2.29100448989326	-8.38339449889005	31.601214460076	1.19785074428143	-5.01697064036265	28.2091289355509	-0.893291155807019	-4.58032147261544	28.6650558271686	4	2
3.61943697777105	-11.844293228217	34.6055441274884	2.29100448989326	-8.38339449889005	31.601214460076	-1.00661317515298	-7.9833603408408	32.0531248688616	4	2
4.82034506315555	-15.4634572805497	36.4304245572044	3.61943697777105	-11.844293228217	34.6055441274884	0.429990183258488	-12.331474076398	33.8301157370879	4	2
5.51127418915128	-20.0101478414529	38.7696162223411	4.82034506315555	-15.4634572805497	36.4304245572044	0.722172534037407	-14.3322298414128	37.9141314698139	4	2
7.07376334117824	-23.8923047289826	39.7061177121442	5.51127418915128	-20.0101478414529	38.7696162223411	2.83160922199495	-19.7262465075645	38.5859084750589	4	2
8.76625807866578	-27.3749451373857	40.6417881452214	7.07376334117824	-23.8923047289826	39.7061177121442	5.93108372899118	-23.4690946790024	39.9702839429304	4	2
10.7316883773139	-31.0902272012979	40.3863633681765	8.76625807866578	-27.3749451373857	40.6417881452214	7.97186634335061	-27.1651192749669	40.1234927773826	4	2
12.8431906788794	-34.6029315873828	39.003599004135	10.7316883773139	-31.0902272012979	40.3863633681765	8.94790411416862	-30.8167663317198	40.6022888538538	4	2
15.0502693150053	-38.3905915005103	37.6989920608591	12.8431906788794	-34.6029315873828	39.003599004135	11.5615653615097	-34.4598417723641	39.2384438267626	4	2
17.6290209044971	-43.0850925657266	36.0362575696137	15.0502693150053	-38.3905915005103	37.6989920608591	14.2050656509752	-38.1228787153967	37.5886171044747	4	2
-1.71983960315283	-2.00723117490769	25.0875399957525	-0.893291155807019	-4.58032147261544	28.6650558271686	1.19785074428143	-5.01697064036265	28.2091289355509	4	2
-0.893291155807019	-4.58032147261544	28.6650558271686	-1.00661317515298	-7.9833603408408	32.0531248688616	2.29100448989326	-8.38339449889005	31.601214460076	4	2
-1.00661317515298	-7.9833603408408	32.0531248688616	0.429990183258488	-12.331474076398	33.8301157370879	3.61943697777105	-11.844293228217	34.6055441274884	4	2
0.429990183258488	-12.331474076398	33.8301157370879	0.722172534037407	-14.3322298414128	37.9141314698139	4.82034506315555	-15.4634572805497	36.4304245572044	4	2
0.722172534037407	-14.3322298414128	37.9141314698139	2.83160922199495	-19.7262465075645	38.5859084750589	5.51127418915128	-20.0101478414529	38.7696162223411	4	2
2.83160922199495	-19.7262465075645	38.5859084750589	5.93108372899118	-23.4690946790024	39.9702839429304	7.07376334117824	-23.8923047289826	39.7061177121442	4	2
5.93108372899118	-23.4690946790024	39.9702839429304	7.97186634335061	-27.1651192749669	40.1234927773826	8.76625807866578	-27.3749451373857	40.6417881452214	4	2
7.97186634335061	-27.1651192749669	40.1234927773826	8.94790411416862	-30.8167663317198	40.6022888538538	10.7316883773139	-31.0902272012979	40.3863633681765	4	2
8.94790411416862	-30.8167663317198	40.6022888538538	11.5615653615097	-34.4598417723641	39.2384438267626	12.8431906788794	-34.6029315873828	39.003599004135	4	2
11.5615653615097	-34.4598417723641	39.2384438267626	14.2050656509752	-38.1228787153967	37.5886171044747	15.0502693150053	-38.3905915005103	37.6989920608591	4	2
-0.096448	-0.21984	26.534	-0.938234969384933	2.21825660422608	29.2341096451328	0.83953126516482	0.922975985842422	25.6642291968636	5	2
-0.938234969384933	2.21825660422608	29.2341096451328	-1.66136835571395	5.68959768053821	32.2988484410964	2.07650550300941	3.44862520732263	28.17101745975	5	2
-1.66136835571395	5.68959768053821	32.2988484410964	-2.63828003429259	9.41900888138922	35.2609154824079	0.0379139491784683	5.41207703372022	32.2456153558086	5	2
-2.63828003429259	9.41900888138922	35.2609154824079	-3.5466634129608	12.4995981463557	37.2562314142675	-1.62041098028678	9.63277765081924	35.7409380636618	5	2
-3.5466634129608	12.4995981463557	37.2562314142675	-4.50721452794423	16.0879393888951	39.2574317796968	-0.362749025909789	13.1449540730299	37.1319844829735	5	2
-4.50721452794423	16.0879393888951	39.2574317796968	-6.51883541668478	21.9686965710479	40.6309799639774	-1.25556511190414	15.8968157648949	39.2997744061524	5	2
-6.51883541668478	21.9686965710479	40.6309799639774	-8.1229454264966	25.0944251670084	40.793139332552	-4.56464111191087	21.4495434849637	41.6112152328789	5	2
2.07650550300941	3.44862520732263	28.17101745975	0.83953126516482	0.922975985842422	25.6642291968636	-0.938234969384933	2.21825660422608	29.2341096451328	5	2
0.0379139491784683	5.41207703372022	32.2456153558086	2.07650550300941	3.44862520732263	28.17101745975	-1.66136835571395	5.68959768053821	32.2988484410964	5	2
-1.62041098028678	9.63277765081924	35.7409380636618	0.0379139491784683	5.41207703372022	32.2456153558086	-2.63828003429259	9.41900888138922	35.2609154824079	5	2
-0.362749025909789	13.1449540730299	37.1319844829735	-1.62041098028678	9.63277765081924	35.7409380636618	-3.5466634129608	12.4995981463557	37.2562314142675	5	2
-1.25556511190414	15.8968157648949	39.2997744061524	-0.362749025909789	13.1449540730299	37.1319844829735	-4.50721452794423	16.0879393888951	39.2574317796968	5	2
-4.56464111191087	21.4495434849637	41.6112152328789	-1.25556511190414	15.8968157648949	39.2997744061524	-6.51883541668478	21.9686965710479	40.6309799639774	5	2
-0.938234969384933	2.21825660422608	29.2341096451328	-0.096448	-0.21984	26.534	-1.20914713076884	0.356729215750805	26.2405849181812	5	2
-1.66136835571395	5.68959768053821	32.2988484410964	-0.938234969384933	2.21825660422608	29.2341096451328	-3.01939194524439	0.469288783004998	30.4014141117415	5	2
-2.63828003429259	9.41900888138922	35.2609154824079	-1.66136835571395	5.68959768053821	32.2988484410964	-4.23239715587683	4.65363532003679	33.3623704701853	5	2
-3.5466634129608	12.4995981463557	37.2562314142675	-2.63828003429259	9.41900888138922	35.2609154824079	-5.2268098179195	8.3665441123309	36.0455498170934	5	2
-4.50721452794423	16.0879393888951	39.2574317796968	-3.5466634129608	12.4995981463557	37.2562314142675	-5.38643446951251	10.973205436061	39.1476481011543	5	2
-6.51883541668478	21.9686965710479	40.6309799639774	-4.50721452794423	16.0879393888951	39.2574317796968	-5.64017649008755	15.4373081540875	40.9211306102034	5	2
-8.1229454264966	25.0944251670084	40.793139332552	-6.51883541668478	21.9686965710479	40.6309799639774	-7.16075671850932	21.7328169131115	40.5852477080121	5	2
-1.20914713076884	0.356729215750805	26.2405849181812	-3.01939194524439	0.469288783004998	30.4014141117415	-0.938234969384933	2.21825660422608	29.2341096451328	5	2
-3.01939194524439	0.469288783004998	30.4014141117415	-4.23239715587683	4.65363532003679	33.3623704701853	-1.66136835571395	5.68959768053821	32.2988484410964	5	2
-4.23239715587683	4.65363532003679	33.3623704701853	-5.2268098179195	8.3665441123309	36.0455498170934	-2.63828003429259	9.41900888138922	35.2609154824079	5	2
-5.2268098179195	8.3665441123309	36.0455498170934	-5.38643446951251	10.973205436061	39.1476481011543	-3.5466634129608	12.4995981463557	37.2562314142675	5	2
-5.38643446951251	10.973205436061	39.1476481011543	-5.64017649008755	15.4373081540875	40.9211306102034	-4.50721452794423	16.0879393888951	39.2574317796968	5	2
-5.64017649008755	15.4373081540875	40.9211306102034	-7.16075671850932	21.7328169131115	40.5852477080121	-6.51883541668478	21.9686965710479	40.6309799639774	5	2
0.66812	-1.503	30.237	0.568815147339555	-3.88821678938073	34.0164313689091	2.00633938955736	-1.05306447970315	30.7718962660067	6	2
0.568815147339555	-3.88821678938073	34.0164313689091	0.30926691197347	-6.50430168749837	37.5319030462604	1.98882223897546	-4.79140989003633	33.2973512255093	6	2
0.30926691197347	-6.50430168749837	37.5319030462604	0.353940207935441	-9.54457174350408	40.3110624655963	2.18021764895524	-6.8277145189947	37.7558616163373	6	2
0.353940207935441	-9.54457174350408	40.3110624655963	0.905581153320704	-13.5902919834782	42.7519699479146	1.88035953892491	-7.80452264014813	42.5065244656982	6	2
0.905581153320704	-13.5902919834782	42.7519699479146	1.76906586477778	-17.699587991934	44.5888886826358	2.15098550736555	-12.3808715676352	45.7518443973989	6	2
1.76906586477778	-17.699587991934	44.5888886826358	3.61361942796133	-21.9805094524357	46.2698468057201	3.85551835799702	-17.0351060273001	46.3340891617257	6	2
3.61361942796133	-21.9805094524357	46.2698468057201	5.19670029078588	-25.4891428807499	45.9335978838268	5.12096020556266	-22.0441005623251	47.6664669942191	6	2
5.19670029078588	-25.4891428807499	45.9335978838268	10.6598977550359	-31.3726464976898	44.2981735517138	7.39321822305368	-26.1247740531612	48.2993669650951	6	2
10.6598977550359	-31.3726464976898	44.2981735517138	11.9732006642618	-32.7929161736321	43.6598213634842	11.1522807899769	-32.4485605666503	45.431385298527	6	2
1.98882223897546	-4.79140989003633	33.2973512255093	2.00633938955736	-1.05306447970315	30.7718962660067	0.568815147339555	-3.88821678938073	34.0164313689091	6	2
2.18021764895524	-6.8277145189947	37.7558616163373	1.98882223897546	-4.79140989003633	33.2973512255093	0.30926691197347	-6.50430168749837	37.5319030462604	6	2
1.88035953892491	-7.80452264014813	42.5065244656982	2.18021764895524	-6.8277145189947	37.7558616163373	0.353940207935441	-9.54457174350408	40.3110624655963	6	2
2.15098550736555	-12.3808715676352	45.7518443973989	1.88035953892491	-7.80452264014813	42.5065244656982	0.905581153320704	-13.5902919834782	42.7519699479146	6	2
3.85551835799702	-17.0351060273001	46.3340891617257	2.15098550736555	-12.3808715676352	45.7518443973989	1.76906586477778	-17.699587991934	44.5888886826358	6	2
5.12096020556266	-22.0441005623251	47.6664669942191	3.85551835799702	-17.0351060273001	46.3340891617257	3.61361942796133	-21.9805094524357	46.2698468057201	6	2
7.39321822305368	-26.1247740531612	48.2993669650951	5.12096020556266	-22.0441005623251	47.6664669942191	5.19670029078588	-25.4891428807499	45.9335978838268	6	2
11.1522807899769	-32.4485605666503	45.431385298527	7.39321822305368	-26.1247740531612	48.2993669650951	10.6598977550359	-31.3726464976898	44.2981735517138	6	2
0.568815147339555	-3.88821678938073	34.0164313689091	0.66812	-1.503	30.237	-2.94403492241496	-1.27898789409175	30.681110627299	6	2
0.30926691197347	-6.50430168749837	37.5319030462604	0.568815147339555	-3.88821678938073	34.0164313689091	-1.47192748840657	-3.30508757502546	34.4453388344694	6	2
0.353940207935441	-9.54457174350408	40.3110624655963	0.30926691197347	-6.50430168749837	37.5319030462604	-2.98625047700314	-6.43726506500639	37.6818536617898	6	2
0.905581153320704	-13.5902919834782	42.7519699479146	0.353940207935441	-9.54457174350408	40.3110624655963	-3.58325022406285	-9.53866783678044	39.6102449600597	6	2
1.76906586477778	-17.699587991934	44.5888886826358	0.905581153320704	-13.5902919834782	42.7519699479146	-2.43439926418792	-13.4440172168358	41.9893739649049	6	2
3.61361942796133	-21.9805094524357	46.2698468057201	1.76906586477778	-17.699587991934	44.5888886826358	-1.17800760098484	-16.9722017370044	45.1403889510286	6	2
5.19670029078588	-25.4891428807499	45.9335978838268	3.61361942796133	-21.9805094524357	46.2698468057201	1.65310121905191	-21.5821305076291	46.4102887113943	6	2
10.6598977550359	-31.3726464976898	44.2981735517138	5.19670029078588	-25.4891428807499	45.9335978838268	4.28107704310238	-25.0127379155659	46.012975068518	6	2
11.9732006642618	-32.7929161736321	43.6598213634842	10.6598977550359	-31.3726464976898	44.2981735517138	9.61026273064348	-31.5339396151812	45.6356975835796	6	2
-2.94403492241496	-1.27898789409175	30.681110627299	-1.47192748840657	-3.30508757502546	34.4453388344694	0.568815147339555	-3.88821678938073	34.0164313689091	6	2
-1.47192748840657	-3.30508757502546	34.4453388344694	-2.98625047700314	-6.43726506500639	37.6818536617898	0.30926691197347	-6.50430168749837	37.5319030462604	6	2
-2.98625047700314	-6.43726506500639	37.6818536617898	-3.58325022406285	-9.53866783678044	39.6102449600597	0.353940207935441	-9.54457174350408	40.3110624655963	6	2
-3.58325022406285	-9.53866783678044	39.6102449600597	-2.43439926418792	-13.4440172168358	41.9893739649049	0.905581153320704	-13.5902919834782	42.7519699479146	6	2
-2.43439926418792	-13.4440172168358	41.9893739649049	-1.17800760098484	-16.9722017370044	45.1403889510286	1.76906586477778	-17.699587991934	44.5888886826358	6	2
-1.17800760098484	-16.9722017370044	45.1403889510286	1.65310121905191	-21.5821305076291	46.4102887113943	3.61361942796133	-21.9805094524357	46.2698468057201	6	2
1.65310121905191	-21.5821305076291	46.4102887113943	4.28107704310238	-25.0127379155659	46.012975068518	5.19670029078588	-25.4891428807499	45.9335978838268	6	2
4.28107704310238	-25.0127379155659	46.012975068518	9.61026273064348	-31.5339396151812	45.6356975835796	10.6598977550359	-31.3726464976898	44.2981735517138	6	2
0.48025	-0.065238	32.487	-1.2776	-1.5731	35.774	0.80535	-0.11254	32.763	7	2
-1.2776	-1.5731	35.774	-3.7106	-3.0051	39.413	0.6961	-0.59294	36.29	7	2
0.6961	-0.59294	36.29	0.80535	-0.11254	32.763	-1.2776	-1.5731	35.774	7	2
-1.2776	-1.5731	35.774	0.48025	-0.065238	32.487	-3.3403	-1.2828	30.858	7	2
-3.7106	-3.0051	39.413	-1.2776	-1.5731	35.774	-3.4174	-1.3611	35.729	7	2
-3.3403	-1.2828	30.858	-3.4174	-1.3611	35.729	-1.2776	-1.5731	35.774	7	2
1.6541	2.9057	32.832	2.41366513167407	6.5666264340533	36.4143089446884	3.00246373530036	2.72866658933011	32.7403940021972	8	2
2.41366513167407	6.5666264340533	36.4143089446884	4.17019700484135	9.80355086070429	39.6494192371974	4.04179159237157	4.36878969484299	37.3446597095906	8	2
4.17019700484135	9.80355086070429	39.6494192371974	5.73873996211078	12.4913361168664	41.5979264755618	6.98329154662087	8.68331633926116	40.4212731974628	8	2
5.73873996211078	12.4913361168664	41.5979264755618	8.88590664482626	17.2072854322859	44.0765991335786	8.68420883652244	11.7573124307035	42.8004878037376	8	2
8.88590664482626	17.2072854322859	44.0765991335786	11.3732450379539	20.4409152835858	44.6438716543786	11.4531887086857	16.852506329726	45.269985924595	8	2
11.3732450379539	20.4409152835858	44.6438716543786	14.4281094910454	24.0097668994889	44.0026982559096	14.7069300744827	20.7457236978866	44.9068559082719	8	2
14.4281094910454	24.0097668994889	44.0026982559096	16.977555429975	27.9291657168928	41.3517900502924	16.8227152553397	24.1547456690649	43.5720494547031	8	2
16.977555429975	27.9291657168928	41.3517900502924	17.9306737241071	30.4781451638884	38.1136955031575	19.0822953799096	28.7493450045839	41.3249073571272	8	2
17.9306737241071	30.4781451638884	38.1136955031575	18.1692225346203	32.3136426991573	35.1409008141445	19.1738823430252	30.3824892656784	38.1492522041484	8	2
4.04179159237157	4.36878969484299	37.3446597095906	3.00246373530036	2.72866658933011	32.7403940021972	2.41366513167407	6.5666264340533	36.4143089446884	8	2
6.98329154662087	8.68331633926116	40.4212731974628	4.04179159237157	4.36878969484299	37.3446597095906	4.17019700484135	9.80355086070429	39.6494192371974	8	2
8.68420883652244	11.7573124307035	42.8004878037376	6.98329154662087	8.68331633926116	40.4212731974628	5.73873996211078	12.4913361168664	41.5979264755618	8	2
11.4531887086857	16.852506329726	45.269985924595	8.68420883652244	11.7573124307035	42.8004878037376	8.88590664482626	17.2072854322859	44.0765991335786	8	2
14.7069300744827	20.7457236978866	44.9068559082719	11.4531887086857	16.852506329726	45.269985924595	11.3732450379539	20.4409152835858	44.6438716543786	8	2
16.8227152553397	24.1547456690649	43.5720494547031	14.7069300744827	20.7457236978866	44.9068559082719	14.4281094910454	24.0097668994889	44.0026982559096	8	2
19.0822953799096	28.7493450045839	41.3249073571272	16.8227152553397	24.1547456690649	43.5720494547031	16.977555429975	27.9291657168928	41.3517900502924	8	2
19.1738823430252	30.3824892656784	38.1492522041484	19.0822953799096	28.7493450045839	41.3249073571272	17.9306737241071	30.4781451638884	38.1136955031575	8	2
2.41366513167407	6.5666264340533	36.4143089446884	1.6541	2.9057	32.832	0.615604792586677	1.15586281666961	34.7856332992949	8	2
4.17019700484135	9.80355086070429	39.6494192371974	2.41366513167407	6.5666264340533	36.4143089446884	0.00359298921653339	6.4957926717273	36.7616798259737	8	2
5.73873996211078	12.4913361168664	41.5979264755618	4.17019700484135	9.80355086070429	39.6494192371974	1.55304477517612	10.3083761539563	39.3855653381333	8	2
8.88590664482626	17.2072854322859	44.0765991335786	5.73873996211078	12.4913361168664	41.5979264755618	1.95426346455624	12.7207073321058	41.7109841934624	8	2
11.3732450379539	20.4409152835858	44.6438716543786	8.88590664482626	17.2072854322859	44.0765991335786	5.41585723612026	17.1073323362411	44.3487118303242	8	2
14.4281094910454	24.0097668994889	44.0026982559096	11.3732450379539	20.4409152835858	44.6438716543786	8.64703167258239	20.1758743427099	44.0361359584307	8	2
16.977555429975	27.9291657168928	41.3517900502924	14.4281094910454	24.0097668994889	44.0026982559096	11.806737402574	23.777933009255	45.0928526766787	8	2
17.9306737241071	30.4781451638884	38.1136955031575	16.977555429975	27.9291657168928	41.3517900502924	16.4579867174369	28.7478685662599	42.197876923722	8	2
18.1692225346203	32.3136426991573	35.1409008141445	17.9306737241071	30.4781451638884	38.1136955031575	17.7507834250779	31.1538298673232	38.0695518528854	8	2
0.615604792586677	1.15586281666961	34.7856332992949	0.00359298921653339	6.4957926717273	36.7616798259737	2.41366513167407	6.5666264340533	36.4143089446884	8	2
0.00359298921653339	6.4957926717273	36.7616798259737	1.55304477517612	10.3083761539563	39.3855653381333	4.17019700484135	9.80355086070429	39.6494192371974	8	2
1.55304477517612	10.3083761539563	39.3855653381333	1.95426346455624	12.7207073321058	41.7109841934624	5.73873996211078	12.4913361168664	41.5979264755618	8	2
1.95426346455624	12.7207073321058	41.7109841934624	5.41585723612026	17.1073323362411	44.3487118303242	8.88590664482626	17.2072854322859	44.0765991335786	8	2
5.41585723612026	17.1073323362411	44.3487118303242	8.64703167258239	20.1758743427099	44.0361359584307	11.3732450379539	20.4409152835858	44.6438716543786	8	2
8.64703167258239	20.1758743427099	44.0361359584307	11.806737402574	23.777933009255	45.0928526766787	14.4281094910454	24.0097668994889	44.0026982559096	8	2
11.806737402574	23.777933009255	45.0928526766787	16.4579867174369	28.7478685662599	42.197876923722	16.977555429975	27.9291657168928	41.3517900502924	8	2
16.4579867174369	28.7478685662599	42.197876923722	17.7507834250779	31.1538298673232	38.0695518528854	17.9306737241071	30.4781451638884	38.1136955031575	8	2
