-0.3475	-0.70784	0.031499	-0.41155	-0.34074	1.0263	-0.22515	-0.60134	1.8261	0	0
-0.41155	-0.34074	0	-0.087748	-0.21784	1.0423	-0.37868	0.45443	1.0936	0	0
-0.41155	-0.34074	0	-0.087748	-0.21784	1.0423	-0.1292	-0.21974	1.7978	0	0
-0.41155	-0.34074	0	-0.37868	0.45443	1.0936	-0.36431	0.45368	1.7658	0	0
-0.41155	-0.34074	0	-0.22515	-0.60134	1.8261	-0.1292	-0.21974	1.7978	0	0
-0.087748	-0.21784	0.015999	-0.37868	0.45443	1.0936	0.077885	0.65153	1.042	0	0
-0.087748	-0.21784	0.015999	0.077885	0.65153	1.042	0.58995	0.54246	1.7331	0	0
-0.087748	-0.21784	0.015999	-0.1292	-0.21974	1.7978	0.58995	0.54246	1.7331	0	0
-0.37868	0.45443	0.0673	0.077885	0.65153	1.042	0.090202	1.1281	1.0615	0	0
-0.37868	0.45443	0.0673	-0.36431	0.45368	1.7658	-0.23335	1.161	2.1406	0	0
-0.37868	0.45443	0.0673	0.090202	1.1281	1.0615	-0.23335	1.161	2.1406	0	0
-0.22515	-0.60134	0.79975	-0.1292	-0.21974	1.7978	0.21832	-0.029304	2.3827	0	0
-0.22515	-0.60134	0.79975	-0.15305	-0.60444	2.5182	0.21832	-0.029304	2.3827	0	0
0.077885	0.65153	0.015633	0.090202	1.1281	1.0615	0.65045	1.0875	1.0299	0	0
0.077885	0.65153	0.015633	0.65045	1.0875	1.0299	0.58995	0.54246	1.7331	0	0
-0.1292	-0.21974	0.77145	-0.36431	0.45368	1.7658	-0.53225	-0.15794	2.129	0	0
-0.1292	-0.21974	0.77145	-0.36431	0.45368	1.7658	0.17911	0.61674	1.8577	0	0
-0.1292	-0.21974	0.77145	-0.53225	-0.15794	2.129	-0.15305	-0.60444	2.5182	0	0
-0.1292	-0.21974	0.77145	0.58995	0.54246	1.7331	0.21832	-0.029304	2.3827	0	0
-0.36431	0.45368	0.7395	-0.53225	-0.15794	2.129	-0.33152	0.41281	2.5918	0	0
-0.36431	0.45368	0.7395	-0.33152	0.41281	2.5918	-0.23335	1.161	2.1406	0	0
0.090202	1.1281	0.03515	0.65045	1.0875	1.0299	0.2262	1.2084	1.817	0	0
0.090202	1.1281	0.03515	0.2262	1.2084	1.817	-0.23335	1.161	2.1406	0	0
-0.53225	-0.15794	1.1027	-0.33152	0.41281	2.5918	-0.13415	-0.24834	3.0499	0	0
0.65045	1.0875	0.003549	0.58995	0.54246	1.7331	0.65255	1.1118	1.7913	0	0
0.65045	1.0875	0.003549	0.2262	1.2084	1.817	0.65255	1.1118	1.7913	0	0
0.58995	0.54246	0.7068	0.17911	0.61674	1.8577	0.21832	-0.029304	2.3827	0	0
0.58995	0.54246	0.7068	0.17911	0.61674	1.8577	0.65255	1.1118	1.7913	0	0
0.17911	0.61674	0.83138	0.21832	-0.029304	2.3827	0.1928	0.65786	2.5434	0	0
0.17911	0.61674	0.83138	0.2262	1.2084	1.817	0.65255	1.1118	1.7913	0	0
0.17911	0.61674	0.83138	0.2262	1.2084	1.817	-0.23335	1.161	2.1406	0	0
0.17911	0.61674	0.83138	0.1928	0.65786	2.5434	-0.23335	1.161	2.1406	0	0
-0.15305	-0.60444	1.4919	0.21832	-0.029304	2.3827	-0.13415	-0.24834	3.0499	0	0
-0.15305	-0.60444	1.4919	-0.13415	-0.24834	3.0499	-0.20925	-0.38654	3.2845	0	0
0.21832	-0.029304	1.3563	0.1928	0.65786	2.5434	0.019302	0.37346	3.2258	0	0
0.21832	-0.029304	1.3563	-0.13415	-0.24834	3.0499	0.019302	0.37346	3.2258	0	0
-0.33152	0.41281	1.5654	0.019302	0.37346	3.2258	-0.19325	0.5944	3.2322	0	0
-0.33152	0.41281	1.5654	-0.19325	0.5944	3.2322	-0.24735	1.2865	3.1824	0	0
-0.33152	0.41281	1.5654	-0.23335	1.161	2.1406	-0.24735	1.2865	3.1824	0	0
0.1928	0.65786	1.5171	0.19635	1.1336	2.5602	0.59565	1.1524	2.462	0	0
0.1928	0.65786	1.5171	0.19635	1.1336	2.5602	-0.23335	1.161	2.1406	0	0
0.1928	0.65786	1.5171	0.59565	1.1524	2.462	0.58445	0.89706	3.0215	0	0
0.1928	0.65786	1.5171	0.019302	0.37346	3.2258	0.58445	0.89706	3.0215	0	0
-0.13415	-0.24834	2.0236	-0.20925	-0.38654	3.2845	0.019302	0.37346	3.2258	0	0
0.19635	1.1336	1.5339	0.58445	0.89706	3.0215	0.088202	1.1438	3.2618	0	0
0.19635	1.1336	1.5339	0.088202	1.1438	3.2618	-0.24735	1.2865	3.1824	0	0
0.19635	1.1336	1.5339	-0.23335	1.161	2.1406	-0.24735	1.2865	3.1824	0	0
-0.20925	-0.38654	2.2582	0.019302	0.37346	3.2258	-0.16545	-0.28084	4.0561	0	0
-0.20925	-0.38654	2.2582	-0.35048	-0.63784	3.8856	-0.16545	-0.28084	4.0561	0	0
0.019302	0.37346	2.1995	-0.19325	0.5944	3.2322	0.19198	0.45409	3.8968	0	0
0.019302	0.37346	2.1995	0.58445	0.89706	3.0215	0.5727	0.89226	3.8548	0	0
0.019302	0.37346	2.1995	-0.16545	-0.28084	4.0561	0.19198	0.45409	3.8968	0	0
-0.19325	0.5944	2.2059	0.19198	0.45409	3.8968	-0.17965	0.74516	4.0608	0	0
-0.19325	0.5944	2.2059	-0.24735	1.2865	3.1824	-0.17965	0.74516	4.0608	0	0
0.58445	0.89706	1.9952	0.088202	1.1438	3.2618	0.5727	0.89226	3.8548	0	0
0.088202	1.1438	2.2354	-0.24735	1.2865	3.1824	0.11245	1.1443	4.0705	0	0
0.088202	1.1438	2.2354	0.5727	0.89226	3.8548	0.11245	1.1443	4.0705	0	0
-0.35048	-0.63784	2.8592	-0.16545	-0.28084	4.0561	-0.2666	-0.57164	4.7374	0	0
-0.16545	-0.28084	3.0298	0.19198	0.45409	3.8968	0.12835	-0.030738	4.352	0	0
-0.16545	-0.28084	3.0298	0.12835	-0.030738	4.352	-0.15805	-0.24374	4.5619	0	0
-0.16545	-0.28084	3.0298	-0.15805	-0.24374	4.5619	-0.2666	-0.57164	4.7374	0	0
0.19198	0.45409	2.8704	0.5727	0.89226	3.8548	0.2311	0.63296	4.6118	0	0
0.19198	0.45409	2.8704	-0.17965	0.74516	4.0608	-0.1763	0.49556	4.57	0	0
0.19198	0.45409	2.8704	0.12835	-0.030738	4.352	0.2311	0.63296	4.6118	0	0
-0.24735	1.2865	2.1561	-0.17965	0.74516	4.0608	-0.41335	1.134	4.6148	0	0
-0.24735	1.2865	2.1561	0.11245	1.1443	4.0705	-0.41335	1.134	4.6148	0	0
0.5727	0.89226	2.8285	0.11245	1.1443	4.0705	0.23795	1.2918	4.5479	0	0
0.5727	0.89226	2.8285	0.2311	0.63296	4.6118	0.60185	0.89616	4.6843	0	0
0.5727	0.89226	2.8285	0.23795	1.2918	4.5479	0.60185	0.89616	4.6843	0	0
-0.17965	0.74516	3.0345	-0.1763	0.49556	4.57	-0.41335	1.134	4.6148	0	0
0.12835	-0.030738	3.3257	-0.1763	0.49556	4.57	-0.15805	-0.24374	4.5619	0	0
0.12835	-0.030738	3.3257	0.2311	0.63296	4.6118	-0.13315	-0.26594	5.0635	0	0
0.11245	1.1443	3.0442	-0.41335	1.134	4.6148	0.23795	1.2918	4.5479	0	0
-0.1763	0.49556	3.5437	-0.15805	-0.24374	4.5619	-0.13315	-0.26594	5.0635	0	0
-0.1763	0.49556	3.5437	-0.13315	-0.26594	5.0635	-0.39075	0.5507	5.3515	0	0
-0.1763	0.49556	3.5437	-0.41335	1.134	4.6148	-0.39075	0.5507	5.3515	0	0
-0.15805	-0.24374	3.5356	-0.2666	-0.57164	4.7374	-0.13315	-0.26594	5.0635	0	0
-0.2666	-0.57164	3.7111	-0.13315	-0.26594	5.0635	-0.40125	-0.59064	5.3859	0	0
0.2311	0.63296	3.5854	-0.13315	-0.26594	5.0635	0.035852	0.38686	5.6041	0	0
0.2311	0.63296	3.5854	0.035852	0.38686	5.6041	0.60185	0.89616	4.6843	0	0
-0.13315	-0.26594	4.0372	-0.36955	-0.2854	5.3799	-0.40125	-0.59064	5.3859	0	0
-0.13315	-0.26594	4.0372	-0.36955	-0.2854	5.3799	0.035852	0.38686	5.6041	0	0
-0.41335	1.134	3.5884	0.23795	1.2918	4.5479	-0.40672	1.1238	5.295	0	0
-0.41335	1.134	3.5884	-0.39075	0.5507	5.3515	-0.40672	1.1238	5.295	0	0
0.23795	1.2918	3.5216	0.2735	1.0969	5.3112	0.60185	0.89616	4.6843	0	0
0.23795	1.2918	3.5216	0.2735	1.0969	5.3112	-0.40672	1.1238	5.295	0	0
-0.36955	-0.2854	4.3535	-0.40125	-0.59064	5.3859	-0.32761	-0.32944	6.058	0	0
-0.36955	-0.2854	4.3535	0.035852	0.38686	5.6041	-0.32761	-0.32944	6.058	0	0
-0.40125	-0.59064	4.3596	-0.32761	-0.32944	6.058	-0.45215	-0.71554	6.0998	0	0
-0.39075	0.5507	4.3252	0.035852	0.38686	5.6041	0.2735	1.0969	5.3112	0	0
-0.39075	0.5507	4.3252	0.2735	1.0969	5.3112	-0.40672	1.1238	5.295	0	0
0.035852	0.38686	4.5778	0.2735	1.0969	5.3112	0.32645	1.112	6.0266	0	0
0.035852	0.38686	4.5778	-0.32761	-0.32944	6.058	-0.1037	0.50781	6.0765	0	0
0.035852	0.38686	4.5778	0.32645	1.112	6.0266	-0.1037	0.50781	6.0765	0	0
0.2735	1.0969	4.2849	0.60185	0.89616	4.6843	0.32645	1.112	6.0266	0	0
-0.32761	-0.32944	5.0317	-0.45215	-0.71554	6.0998	-0.3167	-0.29826	6.6523	0	0
-0.32761	-0.32944	5.0317	-0.1037	0.50781	6.0765	-0.3167	-0.29826	6.6523	0	0
0.32645	1.112	5.0003	-0.1037	0.50781	6.0765	0.30095	1.1021	6.8031	0	0
-0.45215	-0.71554	5.0735	-0.3167	-0.29826	6.6523	-0.59195	-0.91369	6.7385	0	0
-0.1037	0.50781	5.0502	-0.3167	-0.29826	6.6523	-0.13598	0.39563	6.7364	0	0
-0.1037	0.50781	5.0502	-0.13598	0.39563	6.7364	0.30095	1.1021	6.8031	0	0
-0.3167	-0.29826	5.6259	-0.13598	0.39563	6.7364	-0.42788	-0.25034	7.4039	0	0
-0.3167	-0.29826	5.6259	-0.59195	-0.91369	6.7385	-0.42788	-0.25034	7.4039	0	0
-0.13598	0.39563	5.7101	0.30095	1.1021	6.8031	-0.11615	0.77816	7.5529	0	0
-0.13598	0.39563	5.7101	-0.42788	-0.25034	7.4039	-0.11615	0.77816	7.5529	0	0
-0.59195	-0.91369	5.7121	-0.42788	-0.25034	7.4039	-0.56585	-0.73734	7.548	0	0
-0.59195	-0.91369	5.7121	-0.94701	-1.0701	7.415	-0.56585	-0.73734	7.548	0	0
0.30095	1.1021	5.7767	-0.11615	0.77816	7.5529	0.2734	1.0952	7.5373	0	0
-0.42788	-0.25034	6.3776	-0.56585	-0.73734	7.548	-0.4124	-0.22374	8.0443	0	0
-0.42788	-0.25034	6.3776	-0.54988	0.3956	7.5862	-0.11615	0.77816	7.5529	0	0
-0.42788	-0.25034	6.3776	-0.54988	0.3956	7.5862	-0.4124	-0.22374	8.0443	0	0
-0.94701	-1.0701	6.3887	-0.56585	-0.73734	7.548	-0.62795	-0.78214	8.0021	0	0
-0.94701	-1.0701	6.3887	-0.62795	-0.78214	8.0021	-1.0538	-0.90764	8.1021	0	0
-0.56585	-0.73734	6.5217	-0.4124	-0.22374	8.0443	-0.62795	-0.78214	8.0021	0	0
-0.54988	0.3956	6.5599	-0.11615	0.77816	7.5529	-0.51378	1.1669	7.4114	0	0
-0.54988	0.3956	6.5599	-0.51378	1.1669	7.4114	-0.4791	1.2056	8.0208	0	0
-0.54988	0.3956	6.5599	-0.4124	-0.22374	8.0443	-0.4438	0.46864	8.0486	0	0
-0.54988	0.3956	6.5599	-0.4438	0.46864	8.0486	-0.4791	1.2056	8.0208	0	0
-0.11615	0.77816	6.5266	-0.51378	1.1669	7.4114	0.2734	1.0952	7.5373	0	0
-0.51378	1.1669	6.385	0.2734	1.0952	7.5373	0.026352	1.5502	7.4657	0	0
-0.51378	1.1669	6.385	0.026352	1.5502	7.4657	-0.28695	1.5502	7.7489	0	0
-0.51378	1.1669	6.385	-0.28695	1.5502	7.7489	-0.4791	1.2056	8.0208	0	0
0.2734	1.0952	6.511	-0.4124	-0.22374	8.0443	0.2581	1.0921	8.0847	0	0
0.2734	1.0952	6.511	0.026352	1.5502	7.4657	0.2581	1.0921	8.0847	0	0
-0.4124	-0.22374	7.0179	-0.62795	-0.78214	8.0021	-0.89135	-0.40644	8.3197	0	0
-0.4124	-0.22374	7.0179	-0.4438	0.46864	8.0486	-0.89135	-0.40644	8.3197	0	0
-0.4124	-0.22374	7.0179	0.2581	1.0921	8.0847	0.18565	0.81736	8.7878	0	0
-0.4124	-0.22374	7.0179	0.18565	0.81736	8.7878	-0.4245	-0.22426	8.8192	0	0
-0.62795	-0.78214	6.9758	-1.0538	-0.90764	8.1021	-0.89135	-0.40644	8.3197	0	0
-0.4438	0.46864	7.0223	-0.4791	1.2056	8.0208	-0.46324	0.48506	8.815	0	0
-0.4438	0.46864	7.0223	-0.89135	-0.40644	8.3197	-0.46324	0.48506	8.815	0	0
-1.0538	-0.90764	7.0758	-0.89135	-0.40644	8.3197	-0.54655	-0.74849	8.802	0	0
-1.0538	-0.90764	7.0758	-0.54655	-0.74849	8.802	-0.85995	-1.0273	9.7054	0	0
0.026352	1.5502	6.4394	-0.28695	1.5502	7.7489	-0.034448	1.5586	8.1141	0	0
0.026352	1.5502	6.4394	0.2581	1.0921	8.0847	-0.034448	1.5586	8.1141	0	0
-0.28695	1.5502	6.7226	-0.31265	1.5695	7.8874	-0.4791	1.2056	8.0208	0	0
-0.28695	1.5502	6.7226	-0.31265	1.5695	7.8874	-0.034448	1.5586	8.1141	0	0
0.2581	1.0921	7.0584	-0.034448	1.5586	8.1141	0.038052	1.586	8.4944	0	0
0.2581	1.0921	7.0584	0.038052	1.586	8.4944	0.15865	1.3202	8.8175	0	0
0.2581	1.0921	7.0584	0.18565	0.81736	8.7878	0.15865	1.3202	8.8175	0	0
-0.31265	1.5695	6.8611	-0.4791	1.2056	8.0208	-0.16725	1.5609	8.5345	0	0
-0.31265	1.5695	6.8611	-0.034448	1.5586	8.1141	-0.16725	1.5609	8.5345	0	0
-0.4791	1.2056	6.9945	-0.16725	1.5609	8.5345	-0.43757	1.192	8.8144	0	0
-0.4791	1.2056	6.9945	-0.46324	0.48506	8.815	-0.43757	1.192	8.8144	0	0
-0.89135	-0.40644	7.2934	-0.54655	-0.74849	8.802	-0.4245	-0.22426	8.8192	0	0
-0.89135	-0.40644	7.2934	-0.4245	-0.22426	8.8192	-0.46324	0.48506	8.815	0	0
-0.034448	1.5586	7.0878	0.038052	1.586	8.4944	-0.16725	1.5609	8.5345	0	0
0.038052	1.586	7.4681	-0.16725	1.5609	8.5345	-0.2822	1.5457	9.3801	0	0
0.038052	1.586	7.4681	0.15865	1.3202	8.8175	-0.2822	1.5457	9.3801	0	0
-0.16725	1.5609	7.5082	-0.43757	1.192	8.8144	-0.2822	1.5457	9.3801	0	0
0.18565	0.81736	7.7615	-0.4245	-0.22426	8.8192	0.099852	0.53146	9.6678	0	0
0.18565	0.81736	7.7615	0.15865	1.3202	8.8175	0.1686	1.0787	9.5365	0	0
0.18565	0.81736	7.7615	0.1686	1.0787	9.5365	0.099852	0.53146	9.6678	0	0
-0.54655	-0.74849	7.7756	-0.4245	-0.22426	8.8192	-0.54215	-0.73694	9.5497	0	0
-0.54655	-0.74849	7.7756	-0.54215	-0.73694	9.5497	-0.85995	-1.0273	9.7054	0	0
-0.4245	-0.22426	7.7929	-0.54215	-0.73694	9.5497	-0.40325	-0.23239	9.5557	0	0
-0.4245	-0.22426	7.7929	-0.40325	-0.23239	9.5557	0.099852	0.53146	9.6678	0	0
-0.46324	0.48506	7.7886	-0.43757	1.192	8.8144	-0.50717	0.49754	9.5691	0	0
-0.46324	0.48506	7.7886	-0.40325	-0.23239	9.5557	-0.50717	0.49754	9.5691	0	0
-0.43757	1.192	7.7881	-0.2822	1.5457	9.3801	-0.4315	1.1788	9.5592	0	0
-0.43757	1.192	7.7881	-0.50717	0.49754	9.5691	-0.4315	1.1788	9.5592	0	0
0.15865	1.3202	7.7912	-0.2822	1.5457	9.3801	0.1686	1.0787	9.5365	0	0
-0.54215	-0.73694	8.5234	-0.40325	-0.23239	9.5557	-0.39457	-0.35364	10.274	0	0
-0.54215	-0.73694	8.5234	-0.85995	-1.0273	9.7054	-0.65628	-0.8273	10.225	0	0
-0.54215	-0.73694	8.5234	-0.65628	-0.8273	10.225	-0.39457	-0.35364	10.274	0	0
-0.40325	-0.23239	8.5294	-0.50717	0.49754	9.5691	-0.50472	0.53016	10.263	0	0
-0.40325	-0.23239	8.5294	-0.39457	-0.35364	10.274	-0.50472	0.53016	10.263	0	0
-0.2822	1.5457	8.3537	0.1686	1.0787	9.5365	-0.016698	1.5936	10.331	0	0
-0.2822	1.5457	8.3537	-0.4315	1.1788	9.5592	-0.25145	1.5798	10.313	0	0
-0.2822	1.5457	8.3537	-0.25145	1.5798	10.313	-0.016698	1.5936	10.331	0	0
0.1686	1.0787	8.5102	0.099852	0.53146	9.6678	0.23665	0.83626	10.139	0	0
0.1686	1.0787	8.5102	0.23665	0.83626	10.139	0.10795	1.333	10.31	0	0
0.1686	1.0787	8.5102	-0.016698	1.5936	10.331	0.10795	1.333	10.31	0	0
-0.50717	0.49754	8.5427	-0.4315	1.1788	9.5592	-0.50472	0.53016	10.263	0	0
0.099852	0.53146	8.6415	-0.39457	-0.35364	10.274	0.23665	0.83626	10.139	0	0
-0.65628	-0.8273	9.1986	-0.39457	-0.35364	10.274	-0.42485	-0.68119	11.11	0	0
-0.39457	-0.35364	9.2478	0.23665	0.83626	10.139	0.17135	0.54336	11.136	0	0
-0.39457	-0.35364	9.2478	-0.50472	0.53016	10.263	-0.35848	-0.20897	10.899	0	0
-0.39457	-0.35364	9.2478	-0.35848	-0.20897	10.899	-0.42485	-0.68119	11.11	0	0
-0.4315	1.1788	8.5329	-0.50472	0.53016	10.263	-0.4806	1.1799	10.32	0	0
-0.4315	1.1788	8.5329	-0.4806	1.1799	10.32	-0.25145	1.5798	10.313	0	0
0.23665	0.83626	9.1124	0.10795	1.333	10.31	0.21739	1.0475	10.913	0	0
0.23665	0.83626	9.1124	0.21739	1.0475	10.913	0.17135	0.54336	11.136	0	0
-0.50472	0.53016	9.2364	-0.4806	1.1799	10.32	-0.40839	0.43862	10.972	0	0
-0.50472	0.53016	9.2364	-0.35848	-0.20897	10.899	-0.40839	0.43862	10.972	0	0
-0.4806	1.1799	9.2938	-0.25145	1.5798	10.313	-0.36515	1.6128	11.053	0	0
-0.4806	1.1799	9.2938	-0.36515	1.6128	11.053	-0.52258	1.2767	11.081	0	0
-0.4806	1.1799	9.2938	-0.52258	1.2767	11.081	-0.40839	0.43862	10.972	0	0
-0.35848	-0.20897	9.8729	-0.40839	0.43862	10.972	-0.3805	-0.25454	11.548	0	0
-0.35848	-0.20897	9.8729	-0.42485	-0.68119	11.11	-0.3805	-0.25454	11.548	0	0
-0.25145	1.5798	9.2866	-0.016698	1.5936	10.331	-0.36515	1.6128	11.053	0	0
-0.016698	1.5936	9.3044	0.10795	1.333	10.31	-0.012848	1.6031	11.064	0	0
-0.016698	1.5936	9.3044	-0.012848	1.6031	11.064	-0.36515	1.6128	11.053	0	0
0.10795	1.333	9.284	0.21739	1.0475	10.913	-0.012848	1.6031	11.064	0	0
0.21739	1.0475	9.8871	-0.012848	1.6031	11.064	0.2639	1.1164	11.541	0	0
0.21739	1.0475	9.8871	0.17135	0.54336	11.136	0.2639	1.1164	11.541	0	0
-0.36515	1.6128	10.026	-0.52258	1.2767	11.081	-0.51385	1.2237	11.577	0	0
-0.52258	1.2767	10.054	-0.40839	0.43862	10.972	-0.47425	0.49099	11.542	0	0
-0.52258	1.2767	10.054	-0.47425	0.49099	11.542	-0.51385	1.2237	11.577	0	0
-0.40839	0.43862	9.946	-0.3805	-0.25454	11.548	-0.47425	0.49099	11.542	0	0
0.17135	0.54336	10.11	0.14235	0.54886	11.383	0.2639	1.1164	11.541	0	0
-0.42485	-0.68119	10.083	-0.3805	-0.25454	11.548	-0.73568	-0.83094	11.678	0	0
-0.3805	-0.25454	10.522	-0.73568	-0.83094	11.678	-0.96105	-0.55514	11.959	0	0
-0.3805	-0.25454	10.522	-0.47425	0.49099	11.542	-0.45897	0.4671	12.308	0	0
-0.3805	-0.25454	10.522	-0.96105	-0.55514	11.959	-0.37735	-0.30974	12.377	0	0
-0.3805	-0.25454	10.522	-0.37735	-0.30974	12.377	-0.45897	0.4671	12.308	0	0
-0.73568	-0.83094	10.652	-0.96105	-0.55514	11.959	-0.86515	-0.80664	12.027	0	0
-0.47425	0.49099	10.516	-0.51385	1.2237	11.577	-0.46937	1.2148	12.265	0	0
-0.47425	0.49099	10.516	-0.45897	0.4671	12.308	-0.46937	1.2148	12.265	0	0
-0.96105	-0.55514	10.932	-0.86515	-0.80664	12.027	-0.37735	-0.30974	12.377	0	0
-0.86515	-0.80664	11.001	-0.68505	-0.91876	12.451	-0.37735	-0.30974	12.377	0	0
-0.68505	-0.91876	11.424	-0.37735	-0.30974	12.377	-0.6718	-0.79579	12.916	0	0
-0.37735	-0.30974	11.351	-0.45897	0.4671	12.308	-0.45517	0.47934	13.071	0	0
-0.37735	-0.30974	11.351	-0.6718	-0.79579	12.916	-0.38811	-0.35657	12.961	0	0
-0.37735	-0.30974	11.351	-0.38811	-0.35657	12.961	-0.45517	0.47934	13.071	0	0
-0.45897	0.4671	11.282	-0.46937	1.2148	12.265	-0.3675	1.1734	13.003	0	0
-0.45897	0.4671	11.282	-0.45517	0.47934	13.071	-0.3675	1.1734	13.003	0	0
-0.6718	-0.79579	11.89	-0.38811	-0.35657	12.961	-0.42152	-0.31249	13.655	0	0
-0.6718	-0.79579	11.89	-0.42152	-0.31249	13.655	-0.48425	-0.71459	13.816	0	0
-0.38811	-0.35657	11.934	-0.45517	0.47934	13.071	-0.42152	-0.31249	13.655	0	0
-0.46937	1.2148	11.239	0.3201	1.1734	12.319	0.44915	1.7967	12.608	0	0
-0.46937	1.2148	11.239	-0.3675	1.1734	13.003	0.27305	1.7982	12.942	0	0
-0.46937	1.2148	11.239	0.44915	1.7967	12.608	0.27305	1.7982	12.942	0	0
-0.45517	0.47934	12.045	-0.3675	1.1734	13.003	-0.41085	1.0843	13.778	0	0
-0.45517	0.47934	12.045	-0.42152	-0.31249	13.655	-0.4279	0.48226	13.809	0	0
-0.45517	0.47934	12.045	-0.4279	0.48226	13.809	-0.41085	1.0843	13.778	0	0
-0.3675	1.1734	11.976	0.27305	1.7982	12.942	0.2212	1.1343	13.055	0	0
-0.42152	-0.31249	12.628	-0.48425	-0.71459	13.816	-0.34132	-0.30249	14.365	0	0
-0.42152	-0.31249	12.628	-0.4279	0.48226	13.809	-0.34132	-0.30249	14.365	0	0
-0.48425	-0.71459	12.79	-0.34132	-0.30249	14.365	-0.3805	-0.66844	14.533	0	0
-0.4279	0.48226	12.782	-0.34132	-0.30249	14.365	-0.45917	0.47431	14.571	0	0
-0.4279	0.48226	12.782	-0.41085	1.0843	13.778	-0.43095	1.0746	14.544	0	0
-0.4279	0.48226	12.782	-0.45917	0.47431	14.571	-0.43095	1.0746	14.544	0	0
-0.34132	-0.30249	13.339	-0.3805	-0.66844	14.533	-0.88565	-0.52164	15.158	0	0
-0.34132	-0.30249	13.339	-0.45917	0.47431	14.571	-0.88565	-0.52164	15.158	0	0
-0.3805	-0.66844	13.506	-0.45015	-0.71134	15.077	-0.88565	-0.52164	15.158	0	0
-0.45917	0.47431	13.544	-0.88565	-0.52164	15.158	-0.42075	0.48256	15.058	0	0
-0.45917	0.47431	13.544	-0.43095	1.0746	14.544	-0.42075	0.48256	15.058	0	0
-0.45015	-0.71134	14.05	-0.88565	-0.52164	15.158	-0.96415	-0.59844	15.237	0	0
-0.45015	-0.71134	14.05	-0.96415	-0.59844	15.237	-0.41911	-0.86022	15.823	0	0
-0.88565	-0.52164	14.132	-0.96415	-0.59844	15.237	-0.9813	-0.23194	15.939	0	0
-0.88565	-0.52164	14.132	-0.42075	0.48256	15.058	-0.9813	-0.23194	15.939	0	0
-0.36742	-0.36009	14.155	-0.42075	0.48256	15.058	0.16885	0.67156	15.048	0	0
-0.96415	-0.59844	14.211	-0.41911	-0.86022	15.823	-0.88385	-0.74594	16.35	0	0
-0.96415	-0.59844	14.211	-0.88385	-0.74594	16.35	-0.9813	-0.23194	15.939	0	0
-0.43095	1.0746	13.518	-0.42075	0.48256	15.058	-0.24235	1.0866	15.056	0	0
-0.42075	0.48256	14.032	0.16885	0.67156	15.048	-0.24235	1.0866	15.056	0	0
-0.42075	0.48256	14.032	-0.2845	1.1115	15.833	-0.41087	0.47619	15.805	0	0
-0.42075	0.48256	14.032	-0.41087	0.47619	15.805	-0.9813	-0.23194	15.939	0	0
0.16885	0.67156	14.021	-0.24235	1.0866	15.056	0.038752	1.0985	14.99	0	0
-0.2845	1.1115	14.806	0.086652	1.0978	15.893	-0.40285	1.0613	16.442	0	0
-0.2845	1.1115	14.806	-0.41087	0.47619	15.805	-0.40285	1.0613	16.442	0	0
0.15923	0.66041	14.794	0.086652	1.0978	15.893	0.19095	0.60506	16.561	0	0
0.086652	1.0978	14.867	-0.40285	1.0613	16.442	0.098052	1.2044	16.563	0	0
0.086652	1.0978	14.867	0.098052	1.2044	16.563	0.19095	0.60506	16.561	0	0
-0.41087	0.47619	14.779	-0.33885	0.3976	16.548	-0.40285	1.0613	16.442	0	0
-0.41087	0.47619	14.779	-0.33885	0.3976	16.548	-0.9813	-0.23194	15.939	0	0
-0.41911	-0.86022	14.797	-0.88385	-0.74594	16.35	-0.40575	-0.89959	16.375	0	0
0.0025521	-0.12704	15.073	-0.3584	-0.28179	16.533	-0.13335	-0.68374	16.621	0	0
0.0025521	-0.12704	15.073	-0.3584	-0.28179	16.533	-0.33885	0.3976	16.548	0	0
0.0025521	-0.12704	15.073	-0.13335	-0.68374	16.621	0.14772	-0.31664	17.336	0	0
0.0025521	-0.12704	15.073	-0.33885	0.3976	16.548	0.19095	0.60506	16.561	0	0
0.0025521	-0.12704	15.073	0.19095	0.60506	16.561	0.14772	-0.31664	17.336	0	0
-0.88385	-0.74594	15.324	-0.40575	-0.89959	16.375	-0.62545	-0.83467	17.168	0	0
-0.88385	-0.74594	15.324	-0.3584	-0.28179	16.533	-0.97425	-0.35344	16.392	0	0
-0.88385	-0.74594	15.324	-0.62545	-0.83467	17.168	-0.8889	-0.31899	17.315	0	0
-0.88385	-0.74594	15.324	-0.9813	-0.23194	15.939	-0.97425	-0.35344	16.392	0	0
-0.40575	-0.89959	15.348	-0.13335	-0.68374	16.621	-0.62545	-0.83467	17.168	0	0
-0.3584	-0.28179	15.506	-0.13335	-0.68374	16.621	-0.62545	-0.83467	17.168	0	0
-0.3584	-0.28179	15.506	-0.33885	0.3976	16.548	-0.97425	-0.35344	16.392	0	0
-0.3584	-0.28179	15.506	-0.62545	-0.83467	17.168	-0.42971	-0.24287	17.25	0	0
-0.13335	-0.68374	15.594	0.14772	-0.31664	17.336	0.13693	-0.69866	17.265	0	0
-0.33885	0.3976	15.521	-0.40285	1.0613	16.442	-0.38725	0.43935	17.265	0	0
-0.33885	0.3976	15.521	-0.42971	-0.24287	17.25	-0.38725	0.43935	17.265	0	0
-0.33885	0.3976	15.521	-0.9813	-0.23194	15.939	-0.97425	-0.35344	16.392	0	0
-0.40285	1.0613	15.416	0.098052	1.2044	16.563	-0.15665	1.2386	17.304	0	0
-0.40285	1.0613	15.416	-0.38725	0.43935	17.265	-0.15665	1.2386	17.304	0	0
0.098052	1.2044	15.537	0.19095	0.60506	16.561	0.2491	0.60551	17.313	0	0
0.098052	1.2044	15.537	0.2491	0.60551	17.313	0.062652	1.2484	17.309	0	0
0.098052	1.2044	15.537	-0.15665	1.2386	17.304	0.062652	1.2484	17.309	0	0
-0.62545	-0.83467	16.142	-0.8889	-0.31899	17.315	-0.29075	-0.65094	18.07	0	0
-0.62545	-0.83467	16.142	-0.29075	-0.65094	18.07	0.13693	-0.69866	17.265	0	0
-0.42971	-0.24287	16.224	-0.38725	0.43935	17.265	-0.62165	0.4732	17.91	0	0
-0.42971	-0.24287	16.224	-0.55715	-0.25834	18.062	-0.62165	0.4732	17.91	0	0
-0.42971	-0.24287	16.224	-0.55715	-0.25834	18.062	-0.29075	-0.65094	18.07	0	0
-0.38725	0.43935	16.239	0.2491	0.60551	17.313	-0.15665	1.2386	17.304	0	0
-0.38725	0.43935	16.239	-0.62165	0.4732	17.91	-0.38205	1.0578	18.07	0	0
0.19095	0.60506	15.535	0.2491	0.60551	17.313	0.14772	-0.31664	17.336	0	0
-0.8889	-0.31899	16.288	-0.9936	0.070962	17.954	-0.34635	-0.56554	18.285	0	0
-0.8889	-0.31899	16.288	-0.29075	-0.65094	18.07	-0.34635	-0.56554	18.285	0	0
0.2491	0.60551	16.286	0.062652	1.2484	17.309	0.10355	1.2579	18.077	0	0
0.2491	0.60551	16.286	0.10355	1.2579	18.077	0.21259	0.4143	18.048	0	0
0.2491	0.60551	16.286	0.21259	0.4143	18.048	0.14772	-0.31664	17.336	0	0
-0.15665	1.2386	16.278	0.062652	1.2484	17.309	-0.073448	1.5697	17.597	0	0
0.062652	1.2484	16.282	-0.073448	1.5697	17.597	0.10355	1.2579	18.077	0	0
-0.9936	0.070962	16.928	-0.55715	-0.25834	18.062	-0.62165	0.4732	17.91	0	0
-0.9936	0.070962	16.928	-0.62165	0.4732	17.91	-0.57545	0.52846	18.614	0	0
-0.073448	1.5697	16.57	0.10355	1.2579	18.077	-0.23995	1.5602	18.699	0	0
-0.62165	0.4732	16.884	-0.38205	1.0578	18.07	-0.57545	0.52846	18.614	0	0
-0.38205	1.0578	17.044	-0.57545	0.52846	18.614	-0.45155	1.1916	18.521	0	0
0.10355	1.2579	17.05	0.21259	0.4143	18.048	0.16085	1.0296	18.564	0	0
0.10355	1.2579	17.05	-0.23995	1.5602	18.699	0.16085	1.0296	18.564	0	0
0.022952	-0.076438	17.013	0.21259	0.4143	18.048	0.14772	-0.31664	17.336	0	0
0.022952	-0.076438	17.013	0.21259	0.4143	18.048	0.083602	0.26871	18.527	0	0
0.022952	-0.076438	17.013	-0.29075	-0.65094	18.07	-0.34635	-0.56554	18.285	0	0
0.022952	-0.076438	17.013	-0.29075	-0.65094	18.07	0.14772	-0.31664	17.336	0	0
0.022952	-0.076438	17.013	-0.34635	-0.56554	18.285	-0.33482	-0.38494	18.527	0	0
0.022952	-0.076438	17.013	-0.33482	-0.38494	18.527	0.083602	0.26871	18.527	0	0
0.21259	0.4143	17.022	0.083602	0.26871	18.527	0.16085	1.0296	18.564	0	0
-0.29075	-0.65094	17.044	0.14772	-0.31664	17.336	0.13693	-0.69866	17.265	0	0
-0.34635	-0.56554	17.259	-0.33482	-0.38494	18.527	-0.30967	-0.65984	19.43	0	0
-0.33482	-0.38494	17.501	0.083602	0.26871	18.527	-0.3333	-0.25534	19.303	0	0
-0.33482	-0.38494	17.501	-0.3333	-0.25534	19.303	-0.30967	-0.65984	19.43	0	0
0.083602	0.26871	17.501	0.16085	1.0296	18.564	0.012912	0.41294	19.344	0	0
0.083602	0.26871	17.501	-0.3333	-0.25534	19.303	0.012912	0.41294	19.344	0	0
-0.57545	0.52846	17.588	-0.45155	1.1916	18.521	-0.46765	1.1308	19.26	0	0
-0.57545	0.52846	17.588	-0.3333	-0.25534	19.303	-0.70147	0.45576	19.303	0	0
-0.57545	0.52846	17.588	-0.70147	0.45576	19.303	-0.46765	1.1308	19.26	0	0
-0.45155	1.1916	17.494	-0.23995	1.5602	18.699	-0.46765	1.1308	19.26	0	0
-0.23995	1.5602	17.673	0.16085	1.0296	18.564	0.26243	1.0638	19.343	0	0
-0.23995	1.5602	17.673	-0.46765	1.1308	19.26	-0.2114	1.6082	19.361	0	0
-0.23995	1.5602	17.673	0.26243	1.0638	19.343	-0.015798	1.6102	19.449	0	0
-0.23995	1.5602	17.673	-0.2114	1.6082	19.361	-0.015798	1.6102	19.449	0	0
0.16085	1.0296	17.538	0.012912	0.41294	19.344	0.26243	1.0638	19.343	0	0
-0.3333	-0.25534	18.277	-0.30967	-0.65984	19.43	-0.35305	-0.28614	20.053	0	0
-0.3333	-0.25534	18.277	-0.70147	0.45576	19.303	-0.70195	0.43951	20.061	0	0
-0.3333	-0.25534	18.277	0.012912	0.41294	19.344	-0.35305	-0.28614	20.053	0	0
-0.3333	-0.25534	18.277	-0.70195	0.43951	20.061	-0.10255	0.48991	20.051	0	0
-0.30967	-0.65984	18.403	-0.35305	-0.28614	20.053	-0.2813	-0.69894	20.021	0	0
-0.70147	0.45576	18.277	-0.46765	1.1308	19.26	-0.501	1.2706	20.018	0	0
-0.70147	0.45576	18.277	-0.70195	0.43951	20.061	-0.501	1.2706	20.018	0	0
-0.46765	1.1308	18.234	-0.2114	1.6082	19.361	-0.501	1.2706	20.018	0	0
0.012912	0.41294	18.317	0.26243	1.0638	19.343	0.28835	1.1383	19.911	0	0
0.012912	0.41294	18.317	-0.35305	-0.28614	20.053	-0.10255	0.48991	20.051	0	0
0.012912	0.41294	18.317	-0.10255	0.48991	20.051	0.28835	1.1383	19.911	0	0
0.26243	1.0638	18.316	-0.015798	1.6102	19.449	0.28835	1.1383	19.911	0	0
-0.2114	1.6082	18.335	-0.015798	1.6102	19.449	-0.26135	1.6477	20.091	0	0
-0.2114	1.6082	18.335	-0.501	1.2706	20.018	-0.26135	1.6477	20.091	0	0
-0.015798	1.6102	18.423	0.045752	1.7212	20.087	-0.26135	1.6477	20.091	0	0
-0.015798	1.6102	18.423	0.045752	1.7212	20.087	0.28835	1.1383	19.911	0	0
-0.70195	0.43951	19.035	-0.501	1.2706	20.018	-0.44551	1.2559	20.727	0	0
-0.70195	0.43951	19.035	-0.48658	0.37955	20.803	-0.44551	1.2559	20.727	0	0
-0.70195	0.43951	19.035	-0.48658	0.37955	20.803	-1.3729	0.25606	21.372	0	0
-0.35305	-0.28614	19.026	-0.2813	-0.69894	20.021	-0.30075	-0.65276	20.777	0	0
-0.35305	-0.28614	19.026	-0.10255	0.48991	20.051	-0.38382	-0.26259	20.793	0	0
-0.35305	-0.28614	19.026	-0.30075	-0.65276	20.777	-0.38382	-0.26259	20.793	0	0
-0.10255	0.48991	19.024	0.28835	1.1383	19.911	0.051352	0.73821	20.576	0	0
-0.10255	0.48991	19.024	-0.38382	-0.26259	20.793	0.051352	0.73821	20.576	0	0
-0.501	1.2706	18.992	-0.26135	1.6477	20.091	-0.44551	1.2559	20.727	0	0
0.045752	1.7212	19.061	-0.26135	1.6477	20.091	-0.44551	1.2559	20.727	0	0
0.045752	1.7212	19.061	0.28835	1.1383	19.911	0.58715	1.316	20.14	0	0
0.045752	1.7212	19.061	-0.44551	1.2559	20.727	0.34502	1.172	20.878	0	0
0.045752	1.7212	19.061	0.58715	1.316	20.14	0.34502	1.172	20.878	0	0
0.28835	1.1383	18.885	0.58715	1.316	20.14	0.051352	0.73821	20.576	0	0
-0.30075	-0.65276	19.751	-0.38382	-0.26259	20.793	-0.423	-0.26574	21.556	0	0
-0.30075	-0.65276	19.751	-0.3939	-0.77024	21.538	-0.423	-0.26574	21.556	0	0
-0.38382	-0.26259	19.767	0.051352	0.73821	20.576	0.2381	0.44926	21.314	0	0
-0.38382	-0.26259	19.767	-0.423	-0.26574	21.556	0.2381	0.44926	21.314	0	0
-0.48658	0.37955	19.777	-0.44551	1.2559	20.727	-0.54335	1.2539	21.341	0	0
-0.48658	0.37955	19.777	-0.39635	0.5562	21.475	0.2381	0.44926	21.314	0	0
-0.48658	0.37955	19.777	-0.39635	0.5562	21.475	-1.3729	0.25606	21.372	0	0
-0.44551	1.2559	19.701	0.34502	1.172	20.878	-0.54335	1.2539	21.341	0	0
0.58715	1.316	19.114	0.051352	0.73821	20.576	0.656	1.2231	20.593	0	0
0.051352	0.73821	19.55	0.34502	1.172	20.878	0.656	1.2231	20.593	0	0
0.051352	0.73821	19.55	0.34502	1.172	20.878	0.2381	0.44926	21.314	0	0
-0.3939	-0.77024	20.511	-0.423	-0.26574	21.556	-0.59085	-0.65714	22.028	0	0
0.34502	1.172	19.851	-0.54335	1.2539	21.341	0.95315	1.598	21.969	0	0
0.34502	1.172	19.851	0.656	1.2231	20.593	0.85285	1.191	21.302	0	0
0.34502	1.172	19.851	0.3645	0.98856	21.495	0.85285	1.191	21.302	0	0
0.34502	1.172	19.851	0.3645	0.98856	21.495	0.2381	0.44926	21.314	0	0
-0.54335	1.2539	20.315	-0.25505	1.1246	22.068	0.95315	1.598	21.969	0	0
0.3645	0.98856	20.468	0.19025	1.0859	22.049	0.21475	0.67251	22.012	0	0
0.3645	0.98856	20.468	0.19025	1.0859	22.049	0.95315	1.598	21.969	0	0
0.3645	0.98856	20.468	0.85285	1.191	21.302	0.95315	1.598	21.969	0	0
0.3645	0.98856	20.468	0.21475	0.67251	22.012	0.2381	0.44926	21.314	0	0
-0.39635	0.5562	20.449	-0.423	-0.26574	21.556	-0.415	0.47006	22.041	0	0
-0.39635	0.5562	20.449	-0.423	-0.26574	21.556	-1.105	-0.074787	21.691	0	0
-0.39635	0.5562	20.449	-0.415	0.47006	22.041	0.2381	0.44926	21.314	0	0
-0.39635	0.5562	20.449	-1.105	-0.074787	21.691	-1.3729	0.25606	21.372	0	0
-0.423	-0.26574	20.53	-0.415	0.47006	22.041	-0.35988	-0.3019	22.122	0	0
-0.423	-0.26574	20.53	-0.59085	-0.65714	22.028	-1.105	-0.074787	21.691	0	0
-0.423	-0.26574	20.53	-0.35988	-0.3019	22.122	0.3372	-0.36624	22.18	0	0
-0.423	-0.26574	20.53	0.2381	0.44926	21.314	0.3372	-0.36624	22.18	0	0
-0.415	0.47006	21.015	-0.35988	-0.3019	22.122	-0.47126	0.4628	22.806	0	0
-0.415	0.47006	21.015	-0.25505	1.1246	22.068	0.21475	0.67251	22.012	0	0
-0.415	0.47006	21.015	-0.25505	1.1246	22.068	-0.26585	1.0335	22.716	0	0
-0.415	0.47006	21.015	0.21475	0.67251	22.012	0.2381	0.44926	21.314	0	0
-0.415	0.47006	21.015	-0.47126	0.4628	22.806	-0.26585	1.0335	22.716	0	0
-0.59085	-0.65714	21.002	-0.35988	-0.3019	22.122	-0.6199	-0.31859	22.825	0	0
-0.59085	-0.65714	21.002	-1.105	-0.074787	21.691	-1.1567	-0.12344	22.002	0	0
-0.59085	-0.65714	21.002	-1.1567	-0.12344	22.002	-1.1862	-0.4681	22.686	0	0
-0.59085	-0.65714	21.002	-0.6199	-0.31859	22.825	-1.1862	-0.4681	22.686	0	0
-0.35988	-0.3019	21.095	-0.56622	-0.76911	22.772	0.154	-0.21294	22.793	0	0
-0.35988	-0.3019	21.095	-0.47126	0.4628	22.806	-0.6199	-0.31859	22.825	0	0
-0.35988	-0.3019	21.095	0.154	-0.21294	22.793	0.3372	-0.36624	22.18	0	0
-0.25505	1.1246	21.041	0.19025	1.0859	22.049	0.21475	0.67251	22.012	0	0
-0.25505	1.1246	21.041	0.19025	1.0859	22.049	0.011352	1.0912	22.825	0	0
-0.25505	1.1246	21.041	-0.26585	1.0335	22.716	0.011352	1.0912	22.825	0	0
0.19025	1.0859	21.022	0.95315	1.598	21.969	0.011352	1.0912	22.825	0	0
0.85285	1.191	20.275	0.2381	0.44926	21.314	0.65595	-0.22354	22.245	0	0
-0.56622	-0.76911	21.746	-0.61585	-0.67474	23.591	-0.6199	-0.31859	22.825	0	0
-0.56622	-0.76911	21.746	-0.61585	-0.67474	23.591	-1.0935	-0.92016	22.872	0	0
-0.56622	-0.76911	21.746	-0.6199	-0.31859	22.825	-1.1862	-0.4681	22.686	0	0
-0.56622	-0.76911	21.746	-1.1862	-0.4681	22.686	-1.0935	-0.92016	22.872	0	0
-0.56622	-0.76911	21.746	0.154	-0.21294	22.793	0.3931	-0.63109	22.812	0	0
-0.47126	0.4628	21.78	-0.26585	1.0335	22.716	-0.45125	0.44716	23.551	0	0
-0.47126	0.4628	21.78	-0.6199	-0.31859	22.825	-0.45125	0.44716	23.551	0	0
-0.26585	1.0335	21.69	0.011352	1.0912	22.825	-0.19085	1.1827	23.58	0	0
-0.26585	1.0335	21.69	-0.45125	0.44716	23.551	-0.19085	1.1827	23.58	0	0
-0.61585	-0.67474	22.565	0.059185	-0.32804	23.606	-0.69795	-0.32734	23.565	0	0
-0.61585	-0.67474	22.565	0.059185	-0.32804	23.606	0.34065	-0.69554	23.591	0	0
-0.61585	-0.67474	22.565	-0.6199	-0.31859	22.825	-0.69795	-0.32734	23.565	0	0
-0.61585	-0.67474	22.565	-1.0935	-0.92016	22.872	-1.2522	-1.1001	23.588	0	0
-0.61585	-0.67474	22.565	-1.2522	-1.1001	23.588	-0.88495	-0.79124	24.23	0	0
-0.61585	-0.67474	22.565	-0.65755	-0.88027	24.238	-0.88495	-0.79124	24.23	0	0
-0.61585	-0.67474	22.565	-0.65755	-0.88027	24.238	0.20085	-0.77226	24.295	0	0
-0.61585	-0.67474	22.565	0.20085	-0.77226	24.295	0.34065	-0.69554	23.591	0	0
0.059185	-0.32804	22.58	0.2188	0.55101	23.55	-0.45125	0.44716	23.551	0	0
0.059185	-0.32804	22.58	0.2188	0.55101	23.55	0.25115	-0.20677	24.211	0	0
0.059185	-0.32804	22.58	-0.45125	0.44716	23.551	-0.56201	-0.20524	24.273	0	0
0.059185	-0.32804	22.58	-0.56201	-0.20524	24.273	0.20085	-0.77226	24.295	0	0
0.059185	-0.32804	22.58	0.20085	-0.77226	24.295	0.25115	-0.20677	24.211	0	0
0.059185	-0.32804	22.58	0.34065	-0.69554	23.591	0.3931	-0.63109	22.812	0	0
0.011352	1.0912	21.799	0.036752	1.1831	23.557	-0.19085	1.1827	23.58	0	0
0.2381	0.44926	20.288	0.3372	-0.36624	22.18	0.65595	-0.22354	22.245	0	0
-1.105	-0.074787	20.664	-1.1567	-0.12344	22.002	-1.5789	-0.13094	22.108	0	0
-1.105	-0.074787	20.664	-1.3729	0.25606	21.372	-1.5789	-0.13094	22.108	0	0
-1.1567	-0.12344	20.976	-1.1862	-0.4681	22.686	-1.5789	-0.13094	22.108	0	0
0.2188	0.55101	22.524	0.036752	1.1831	23.557	0.35425	0.57406	24.307	0	0
0.2188	0.55101	22.524	0.35425	0.57406	24.307	0.25115	-0.20677	24.211	0	0
0.2188	0.55101	22.524	0.84775	-0.62624	23.106	0.88052	-0.3274	22.704	0	0
-0.6199	-0.31859	21.799	-0.69795	-0.32734	23.565	-0.45125	0.44716	23.551	0	0
-1.1862	-0.4681	21.66	-1.0935	-0.92016	22.872	-1.7044	-0.7402	22.887	0	0
-1.1862	-0.4681	21.66	-1.5789	-0.13094	22.108	-1.7044	-0.7402	22.887	0	0
-1.0935	-0.92016	21.846	-1.2522	-1.1001	23.588	-1.7044	-0.7402	22.887	0	0
-0.69795	-0.32734	22.539	-0.45125	0.44716	23.551	-0.9193	-0.076787	24.143	0	0
-0.69795	-0.32734	22.539	-0.88495	-0.79124	24.23	-0.9193	-0.076787	24.143	0	0
-0.45125	0.44716	22.525	-0.19085	1.1827	23.58	-0.48988	0.57153	24.206	0	0
-0.45125	0.44716	22.525	-0.48988	0.57153	24.206	-0.9193	-0.076787	24.143	0	0
0.036752	1.1831	22.53	-0.19085	1.1827	23.58	-0.070648	1.5571	24.502	0	0
0.036752	1.1831	22.53	0.35425	0.57406	24.307	0.092302	1.2865	24.319	0	0
0.036752	1.1831	22.53	0.092302	1.2865	24.319	-0.070648	1.5571	24.502	0	0
-1.2522	-1.1001	22.562	-0.88495	-0.79124	24.23	-1.895	-1.1264	23.905	0	0
-1.2522	-1.1001	22.562	-1.7044	-0.7402	22.887	-1.8615	-0.94627	23.51	0	0
-1.2522	-1.1001	22.562	-1.8615	-0.94627	23.51	-1.895	-1.1264	23.905	0	0
-0.65755	-0.88027	23.212	-0.88495	-0.79124	24.23	-0.56235	-0.98259	24.845	0	0
-0.65755	-0.88027	23.212	-0.56235	-0.98259	24.845	0.20085	-0.77226	24.295	0	0
-0.88495	-0.79124	23.204	-0.56235	-0.98259	24.845	-0.90285	-0.61954	24.875	0	0
-0.88495	-0.79124	23.204	-0.90285	-0.61954	24.875	-1.895	-1.1264	23.905	0	0
-0.88495	-0.79124	23.204	-0.9193	-0.076787	24.143	-0.9921	-0.30204	24.834	0	0
-0.19085	1.1827	22.553	-0.48988	0.57153	24.206	-0.22925	1.1973	24.317	0	0
-0.19085	1.1827	22.553	-0.22925	1.1973	24.317	-0.070648	1.5571	24.502	0	0
0.35425	0.57406	23.28	0.092302	1.2865	24.319	0.19245	1.2739	25.036	0	0
0.35425	0.57406	23.28	0.19245	1.2739	25.036	0.66172	0.44816	24.975	0	0
0.35425	0.57406	23.28	0.25115	-0.20677	24.211	0.6572	-0.24529	24.815	0	0
0.35425	0.57406	23.28	0.66172	0.44816	24.975	0.6572	-0.24529	24.815	0	0
-0.56201	-0.20524	23.247	-0.48988	0.57153	24.206	0.17749	-0.20924	24.888	0	0
-0.56201	-0.20524	23.247	-0.60445	-0.36564	25.114	-0.89945	0.26706	24.422	0	0
-0.56201	-0.20524	23.247	0.20085	-0.77226	24.295	0.17749	-0.20924	24.888	0	0
-0.48988	0.57153	23.179	-0.22925	1.1973	24.317	-0.44528	1.1017	24.921	0	0
-0.48988	0.57153	23.179	-0.4588	0.81476	25.072	-0.44528	1.1017	24.921	0	0
-0.48988	0.57153	23.179	-0.4588	0.81476	25.072	-0.89945	0.26706	24.422	0	0
-0.48988	0.57153	23.179	-0.9193	-0.076787	24.143	-0.89945	0.26706	24.422	0	0
-0.48988	0.57153	23.179	0.23865	0.44446	25.084	0.17749	-0.20924	24.888	0	0
-0.56235	-0.98259	23.818	-0.90285	-0.61954	24.875	-0.60445	-0.36564	25.114	0	0
-0.56235	-0.98259	23.818	-0.60445	-0.36564	25.114	0.10852	-0.74714	24.903	0	0
-0.56235	-0.98259	23.818	0.20085	-0.77226	24.295	0.10852	-0.74714	24.903	0	0
-0.90285	-0.61954	23.848	-0.60445	-0.36564	25.114	-0.9921	-0.30204	24.834	0	0
0.092302	1.2865	23.292	-0.070648	1.5571	24.502	0.19245	1.2739	25.036	0	0
-0.22925	1.1973	23.291	-0.070648	1.5571	24.502	-0.44528	1.1017	24.921	0	0
-0.070648	1.5571	23.476	0.19245	1.2739	25.036	-0.018081	1.6022	25.037	0	0
-0.070648	1.5571	23.476	-0.018081	1.6022	25.037	-0.44528	1.1017	24.921	0	0
-0.60445	-0.36564	24.087	-0.42345	-0.73714	25.519	-0.62845	-0.29764	25.565	0	0
-0.60445	-0.36564	24.087	-0.62845	-0.29764	25.565	-0.89475	-0.064838	25.368	0	0
-0.60445	-0.36564	24.087	0.10852	-0.74714	24.903	0.17749	-0.20924	24.888	0	0
-0.60445	-0.36564	24.087	-0.4588	0.81476	25.072	-0.89945	0.26706	24.422	0	0
-0.60445	-0.36564	24.087	-0.9921	-0.30204	24.834	-0.89475	-0.064838	25.368	0	0
-0.60445	-0.36564	24.087	0.10345	0.32781	25.549	0.17749	-0.20924	24.888	0	0
-0.42345	-0.73714	24.492	-0.62845	-0.29764	25.565	-0.1227	-0.41594	26.058	0	0
-0.42345	-0.73714	24.492	0.10852	-0.74714	24.903	0.15392	-0.8914	25.526	0	0
-0.42345	-0.73714	24.492	-0.1227	-0.41594	26.058	0.15392	-0.8914	25.526	0	0
-0.62845	-0.29764	24.539	-0.89475	-0.064838	25.368	-0.53875	-0.15177	26.196	0	0
-0.62845	-0.29764	24.539	-0.4519	0.44011	25.569	-0.1227	-0.41594	26.058	0	0
-0.62845	-0.29764	24.539	-0.53875	-0.15177	26.196	-0.39071	-0.69007	26.436	0	0
0.20085	-0.77226	23.269	0.10852	-0.74714	24.903	0.6572	-0.24529	24.815	0	0
0.20085	-0.77226	23.269	0.25115	-0.20677	24.211	0.6572	-0.24529	24.815	0	0
0.20085	-0.77226	23.269	0.34065	-0.69554	23.591	0.77965	-0.91354	23.662	0	0
0.10852	-0.74714	23.876	0.17749	-0.20924	24.888	0.6572	-0.24529	24.815	0	0
-0.4588	0.81476	24.045	0.23865	0.44446	25.084	0.19245	1.2739	25.036	0	0
-0.4588	0.81476	24.045	0.23865	0.44446	25.084	-0.4519	0.44011	25.569	0	0
-0.4588	0.81476	24.045	0.19245	1.2739	25.036	-0.44528	1.1017	24.921	0	0
-0.4588	0.81476	24.045	-0.4519	0.44011	25.569	-0.5612	1.2395	25.561	0	0
-0.9193	-0.076787	23.116	-0.9921	-0.30204	24.834	-0.89945	0.26706	24.422	0	0
0.23865	0.44446	24.058	0.19245	1.2739	25.036	0.3303	1.0826	25.548	0	0
0.23865	0.44446	24.058	0.10345	0.32781	25.549	-0.4519	0.44011	25.569	0	0
0.23865	0.44446	24.058	0.10345	0.32781	25.549	0.81262	0.58566	25.648	0	0
0.23865	0.44446	24.058	0.17749	-0.20924	24.888	0.66172	0.44816	24.975	0	0
0.23865	0.44446	24.058	0.66172	0.44816	24.975	0.81262	0.58566	25.648	0	0
0.19245	1.2739	24.009	-0.018081	1.6022	25.037	0.075752	1.721	25.588	0	0
0.19245	1.2739	24.009	0.075752	1.721	25.588	0.3303	1.0826	25.548	0	0
0.19245	1.2739	24.009	0.66172	0.44816	24.975	0.81262	0.58566	25.648	0	0
-0.9921	-0.30204	23.807	-0.89475	-0.064838	25.368	-1.0342	0.36408	24.889	0	0
-0.9921	-0.30204	23.807	-0.89945	0.26706	24.422	-1.0342	0.36408	24.889	0	0
-0.89475	-0.064838	24.341	-0.53875	-0.15177	26.196	-1.1659	0.45924	25.541	0	0
-0.89475	-0.064838	24.341	-1.0342	0.36408	24.889	-1.1659	0.45924	25.541	0	0
-0.018081	1.6022	24.011	0.075752	1.721	25.588	-0.20965	1.5844	25.621	0	0
-0.018081	1.6022	24.011	-0.20965	1.5844	25.621	-0.5612	1.2395	25.561	0	0
-0.018081	1.6022	24.011	-0.44528	1.1017	24.921	-0.5612	1.2395	25.561	0	0
0.075752	1.721	24.562	-0.20965	1.5844	25.621	-0.44435	1.6571	26.418	0	0
0.075752	1.721	24.562	0.3303	1.0826	25.548	0.1939	1.1617	26.29	0	0
0.075752	1.721	24.562	-0.44435	1.6571	26.418	0.37085	2.2796	26.511	0	0
-0.20965	1.5844	24.595	-0.5612	1.2395	25.561	-0.44435	1.6571	26.418	0	0
0.10345	0.32781	24.523	-0.4519	0.44011	25.569	0.11317	0.45303	26.287	0	0
0.10345	0.32781	24.523	0.17749	-0.20924	24.888	0.26805	-0.25924	25.715	0	0
0.10345	0.32781	24.523	0.26805	-0.25924	25.715	0.11317	0.45303	26.287	0	0
-0.4519	0.44011	24.542	-0.53875	-0.15177	26.196	-1.1918	0.54756	26.238	0	0
-0.4519	0.44011	24.542	-0.5612	1.2395	25.561	-0.5522	1.2715	26.074	0	0
-0.4519	0.44011	24.542	-0.5522	1.2715	26.074	0.11317	0.45303	26.287	0	0
-0.53875	-0.15177	25.169	-0.39071	-0.69007	26.436	-0.1227	-0.41594	26.058	0	0
-0.53875	-0.15177	25.169	-0.1227	-0.41594	26.058	0.11317	0.45303	26.287	0	0
-0.53875	-0.15177	25.169	0.11317	0.45303	26.287	-1.171	0.66716	27.045	0	0
-0.53875	-0.15177	25.169	-1.1918	0.54756	26.238	-1.171	0.66716	27.045	0	0
-0.44528	1.1017	23.895	-0.5612	1.2395	25.561	-1.0336	0.96496	25.703	0	0
-0.44528	1.1017	23.895	-0.89945	0.26706	24.422	-1.0342	0.36408	24.889	0	0
-0.44528	1.1017	23.895	-1.0342	0.36408	24.889	-1.0336	0.96496	25.703	0	0
-0.5612	1.2395	24.535	-0.5522	1.2715	26.074	-1.0336	0.96496	25.703	0	0
0.3303	1.0826	24.521	0.1939	1.1617	26.29	0.81262	0.58566	25.648	0	0
-0.5522	1.2715	25.047	-0.44435	1.6571	26.418	0.1939	1.1617	26.29	0	0
-0.5522	1.2715	25.047	-0.44435	1.6571	26.418	-1.0762	1.135	26.383	0	0
-0.5522	1.2715	25.047	0.11317	0.45303	26.287	0.1939	1.1617	26.29	0	0
-0.5522	1.2715	25.047	-1.0336	0.96496	25.703	-1.0762	1.135	26.383	0	0
-0.44435	1.6571	25.392	0.1939	1.1617	26.29	0.2694	1.8699	26.383	0	0
-0.44435	1.6571	25.392	0.2694	1.8699	26.383	-0.44275	1.8337	27.102	0	0
-0.44435	1.6571	25.392	-0.44275	1.8337	27.102	-1.1561	1.2942	27.092	0	0
-0.44435	1.6571	25.392	-1.1561	1.2942	27.092	-1.0762	1.135	26.383	0	0
-0.1227	-0.41594	25.032	0.15392	-0.8914	25.526	0.26805	-0.25924	25.715	0	0
-0.1227	-0.41594	25.032	0.26805	-0.25924	25.715	0.11317	0.45303	26.287	0	0
0.34065	-0.69554	22.564	0.77965	-0.91354	23.662	0.84775	-0.62624	23.106	0	0
0.34065	-0.69554	22.564	0.3931	-0.63109	22.812	0.84775	-0.62624	23.106	0	0
0.17749	-0.20924	23.862	0.15392	-0.8914	25.526	0.26805	-0.25924	25.715	0	0
0.17749	-0.20924	23.862	0.66172	0.44816	24.975	0.6572	-0.24529	24.815	0	0
0.154	-0.21294	21.767	0.3931	-0.63109	22.812	0.3372	-0.36624	22.18	0	0
0.11317	0.45303	25.26	0.1939	1.1617	26.29	0.72342	1.0219	26.401	0	0
0.11317	0.45303	25.26	-1.171	0.66716	27.045	-0.29025	1.3411	27.202	0	0
0.11317	0.45303	25.26	-0.29025	1.3411	27.202	0.8639	0.62481	26.575	0	0
0.11317	0.45303	25.26	0.72342	1.0219	26.401	0.8639	0.62481	26.575	0	0
0.1939	1.1617	25.264	0.2694	1.8699	26.383	0.72342	1.0219	26.401	0	0
0.2694	1.8699	25.357	0.37085	2.2796	26.511	0.30568	1.9962	27.098	0	0
0.2694	1.8699	25.357	0.37085	2.2796	26.511	0.72342	1.0219	26.401	0	0
0.2694	1.8699	25.357	-0.44275	1.8337	27.102	0.30568	1.9962	27.098	0	0
0.37085	2.2796	25.485	0.30568	1.9962	27.098	0.44235	2.2929	27.586	0	0
0.37085	2.2796	25.485	0.72342	1.0219	26.401	1.1543	1.0309	27.023	0	0
-1.1918	0.54756	25.212	-1.5835	0.40701	26.386	-1.1659	0.45924	25.541	0	0
-1.1918	0.54756	25.212	-1.5835	0.40701	26.386	-1.6032	0.93386	26.667	0	0
-1.1918	0.54756	25.212	-1.1659	0.45924	25.541	-1.0336	0.96496	25.703	0	0
-1.1918	0.54756	25.212	-1.6032	0.93386	26.667	-1.0762	1.135	26.383	0	0
-1.1918	0.54756	25.212	-1.0336	0.96496	25.703	-1.0762	1.135	26.383	0	0
-1.171	0.66716	26.019	-0.29025	1.3411	27.202	-1.1561	1.2942	27.092	0	0
-0.44275	1.8337	26.075	-0.40083	1.9232	27.751	0.10825	2.1963	27.576	0	0
-0.44275	1.8337	26.075	-0.40083	1.9232	27.751	-1.4209	1.5539	27.532	0	0
-0.44275	1.8337	26.075	0.30568	1.9962	27.098	0.10825	2.1963	27.576	0	0
-0.44275	1.8337	26.075	-1.1561	1.2942	27.092	-1.4209	1.5539	27.532	0	0
-0.29025	1.3411	26.176	-0.40083	1.9232	27.751	-1.3147	1.1609	27.813	0	0
-0.29025	1.3411	26.176	0.30568	1.9962	27.098	1.1543	1.0309	27.023	0	0
-0.29025	1.3411	26.176	-1.3147	1.1609	27.813	-1.1561	1.2942	27.092	0	0
-0.29025	1.3411	26.176	0.8639	0.62481	26.575	1.1543	1.0309	27.023	0	0
-0.40083	1.9232	26.724	-1.3147	1.1609	27.813	-0.71142	1.9394	28.343	0	0
-0.40083	1.9232	26.724	-0.71142	1.9394	28.343	0.11445	2.2429	28.089	0	0
-0.40083	1.9232	26.724	-1.2985	1.9022	28.368	-1.7246	2.1012	28.149	0	0
-0.40083	1.9232	26.724	0.10825	2.1963	27.576	0.11445	2.2429	28.089	0	0
-0.40083	1.9232	26.724	-1.4209	1.5539	27.532	-1.6492	1.7615	27.739	0	0
-0.40083	1.9232	26.724	-1.7246	2.1012	28.149	-1.6492	1.7615	27.739	0	0
0.30568	1.9962	26.072	0.10825	2.1963	27.576	0.44235	2.2929	27.586	0	0
-1.3147	1.1609	26.787	-0.71142	1.9394	28.343	-1.2985	1.9022	28.368	0	0
-1.3147	1.1609	26.787	-1.2985	1.9022	28.368	-1.7044	1.4623	28.538	0	0
-0.71142	1.9394	27.317	-1.2985	1.9022	28.368	-1.1185	2.4661	28.989	0	0
-0.71142	1.9394	27.317	0.11445	2.2429	28.089	-0.72875	2.4381	29.56	0	0
-0.71142	1.9394	27.317	-1.1185	2.4661	28.989	-0.72875	2.4381	29.56	0	0
-1.2985	1.9022	27.342	-1.7246	2.1012	28.149	-1.7316	2.4308	28.501	0	0
-1.2985	1.9022	27.342	-1.7316	2.4308	28.501	-1.1185	2.4661	28.989	0	0
0.3931	-0.63109	21.785	0.3372	-0.36624	22.18	0.65595	-0.22354	22.245	0	0
0.3931	-0.63109	21.785	0.84775	-0.62624	23.106	0.88052	-0.3274	22.704	0	0
0.3931	-0.63109	21.785	0.65595	-0.22354	22.245	0.88052	-0.3274	22.704	0	0
0.72342	1.0219	25.375	0.8639	0.62481	26.575	1.1543	1.0309	27.023	0	0
-1.0342	0.36408	23.863	-1.1659	0.45924	25.541	-1.0336	0.96496	25.703	0	0
-1.1561	1.2942	26.066	-1.4209	1.5539	27.532	-1.7671	1.1124	26.986	0	0
-1.1561	1.2942	26.066	-1.6032	0.93386	26.667	-1.7671	1.1124	26.986	0	0
-1.1561	1.2942	26.066	-1.6032	0.93386	26.667	-1.0762	1.135	26.383	0	0
0.10825	2.1963	26.55	0.44235	2.2929	27.586	0.11445	2.2429	28.089	0	0
-1.4209	1.5539	26.505	-1.7671	1.1124	26.986	-1.6492	1.7615	27.739	0	0
-1.7316	2.4308	27.475	-1.1185	2.4661	28.989	-1.7713	2.7764	28.897	0	0
-1.1185	2.4661	27.962	-1.7713	2.7764	28.897	-1.6864	2.9906	29.15	0	0
-1.1185	2.4661	27.962	-0.72875	2.4381	29.56	-1.1639	2.6667	29.562	0	0
-1.1185	2.4661	27.962	-1.1639	2.6667	29.562	-1.6864	2.9906	29.15	0	0
-1.1639	2.6667	28.535	-1.6947	2.9989	29.58	-1.6864	2.9906	29.15	0	0
-0.41205	2.6872	12.111	-1.99360407238453	7.92749134877773	18.793236387509	0.171143470108851	2.48275082316122	11.6461327576476	1	1
-1.99360407238453	7.92749134877773	18.793236387509	-1.62692566557994	10.5110745378136	21.6321764029574	0.238981628048232	6.33750445671751	19.5462723557899	1	1
-1.62692566557994	10.5110745378136	21.6321764029574	-1.87945491871682	15.2823047492763	23.9316824380737	0.215783705697637	9.21336122453841	22.2618230553611	1	1
-1.87945491871682	15.2823047492763	23.9316824380737	-1.53493378442297	18.6937158629339	24.7171332905385	-0.981296416718857	14.6725076501888	25.8835219328153	1	1
-1.53493378442297	18.6937158629339	24.7171332905385	0.102722206712913	24.5886626500164	23.0476716311515	-1.14009800240522	19.2840178029134	25.0866534319313	1	1
0.238981628048232	6.33750445671751	19.5462723557899	0.171143470108851	2.48275082316122	11.6461327576476	-1.99360407238453	7.92749134877773	18.793236387509	1	1
0.215783705697637	9.21336122453841	22.2618230553611	0.238981628048232	6.33750445671751	19.5462723557899	-1.62692566557994	10.5110745378136	21.6321764029574	1	1
-0.981296416718857	14.6725076501888	25.8835219328153	0.215783705697637	9.21336122453841	22.2618230553611	-1.87945491871682	15.2823047492763	23.9316824380737	1	1
-1.14009800240522	19.2840178029134	25.0866534319313	-0.981296416718857	14.6725076501888	25.8835219328153	-1.53493378442297	18.6937158629339	24.7171332905385	1	1
-1.99360407238453	7.92749134877773	18.793236387509	-0.41205	2.6872	12.111	-1.76215277623483	1.80091210708481	12.3310897702642	1	1
-1.62692566557994	10.5110745378136	21.6321764029574	-1.99360407238453	7.92749134877773	18.793236387509	-3.09356129748434	7.8991502136611	19.2183821660497	1	1
-1.87945491871682	15.2823047492763	23.9316824380737	-1.62692566557994	10.5110745378136	21.6321764029574	-3.58230641773656	9.85782755957033	22.2115474925981	1	1
-1.53493378442297	18.6937158629339	24.7171332905385	-1.87945491871682	15.2823047492763	23.9316824380737	-3.75229567322122	15.452423823531	25.0361444649638	1	1
0.102722206712913	24.5886626500164	23.0476716311515	-1.53493378442297	18.6937158629339	24.7171332905385	-3.57179835534538	19.266546153352	25.2516155335556	1	1
-1.76215277623483	1.80091210708481	12.3310897702642	-3.09356129748434	7.8991502136611	19.2183821660497	-1.99360407238453	7.92749134877773	18.793236387509	1	1
-3.09356129748434	7.8991502136611	19.2183821660497	-3.58230641773656	9.85782755957033	22.2115474925981	-1.62692566557994	10.5110745378136	21.6321764029574	1	1
-3.58230641773656	9.85782755957033	22.2115474925981	-3.75229567322122	15.452423823531	25.0361444649638	-1.87945491871682	15.2823047492763	23.9316824380737	1	1
-3.75229567322122	15.452423823531	25.0361444649638	-3.57179835534538	19.266546153352	25.2516155335556	-1.53493378442297	18.6937158629339	24.7171332905385	1	1
0.12035	-1.5779	16.987	-0.554721855572398	-4.43224911721935	23.0198037107503	0.703157556046094	-1.87804378206197	16.3292467520376	2	1
-0.554721855572398	-4.43224911721935	23.0198037107503	-0.921255415932048	-6.84912800797197	27.2404093704471	0.777888387217175	-3.72638998054063	23.0339483203061	2	1
-0.921255415932048	-6.84912800797197	27.2404093704471	-0.653488130977675	-9.50455282102164	30.2657855232335	1.33599936467872	-7.11819100935581	27.3921234656926	2	1
-0.653488130977675	-9.50455282102164	30.2657855232335	-1.18475931266865	-12.8088294917347	34.6175932783378	0.667124375959105	-9.20787756617663	31.1171633710101	2	1
-1.18475931266865	-12.8088294917347	34.6175932783378	-1.29778895782771	-17.3896252679428	37.0989742337715	1.0093125743726	-12.7389627773417	34.0324831868036	2	1
-1.29778895782771	-17.3896252679428	37.0989742337715	-0.628238170530057	-20.7003439049182	38.7947412018462	1.65586033408354	-16.7740504007058	38.7918103313363	2	1
-0.628238170530057	-20.7003439049182	38.7947412018462	-0.316887606319004	-24.1994111142558	39.237332676237	2.08231361036822	-20.8112956598762	40.0054104015622	2	1
-0.316887606319004	-24.1994111142558	39.237332676237	-0.029346205321816	-28.0684039726006	35.0976774134416	1.63312351452725	-23.8277145341504	39.3410827770266	2	1
0.777888387217175	-3.72638998054063	23.0339483203061	0.703157556046094	-1.87804378206197	16.3292467520376	-0.554721855572398	-4.43224911721935	23.0198037107503	2	1
1.33599936467872	-7.11819100935581	27.3921234656926	0.777888387217175	-3.72638998054063	23.0339483203061	-0.921255415932048	-6.84912800797197	27.2404093704471	2	1
0.667124375959105	-9.20787756617663	31.1171633710101	1.33599936467872	-7.11819100935581	27.3921234656926	-0.653488130977675	-9.50455282102164	30.2657855232335	2	1
1.0093125743726	-12.7389627773417	34.0324831868036	0.667124375959105	-9.20787756617663	31.1171633710101	-1.18475931266865	-12.8088294917347	34.6175932783378	2	1
1.65586033408354	-16.7740504007058	38.7918103313363	1.0093125743726	-12.7389627773417	34.0324831868036	-1.29778895782771	-17.3896252679428	37.0989742337715	2	1
2.08231361036822	-20.8112956598762	40.0054104015622	1.65586033408354	-16.7740504007058	38.7918103313363	-0.628238170530057	-20.7003439049182	38.7947412018462	2	1
1.63312351452725	-23.8277145341504	39.3410827770266	2.08231361036822	-20.8112956598762	40.0054104015622	-0.316887606319004	-24.1994111142558	39.237332676237	2	1
-0.554721855572398	-4.43224911721935	23.0198037107503	0.12035	-1.5779	16.987	-1.33200711739512	-1.80576027380937	16.3670961432034	2	1
-0.921255415932048	-6.84912800797197	27.2404093704471	-0.554721855572398	-4.43224911721935	23.0198037107503	-1.76365059270216	-3.64911256743212	23.6230281358437	2	1
-0.653488130977675	-9.50455282102164	30.2657855232335	-0.921255415932048	-6.84912800797197	27.2404093704471	-1.49134778199449	-6.70530037537559	27.825637809827	2	1
-1.18475931266865	-12.8088294917347	34.6175932783378	-0.653488130977675	-9.50455282102164	30.2657855232335	-2.51402111894568	-7.0691407866406	31.9713402558571	2	1
-1.29778895782771	-17.3896252679428	37.0989742337715	-1.18475931266865	-12.8088294917347	34.6175932783378	-1.98818574784436	-13.4645818914803	34.3071371727627	2	1
-0.628238170530057	-20.7003439049182	38.7947412018462	-1.29778895782771	-17.3896252679428	37.0989742337715	-2.22963275902517	-17.143901142036	36.9417535477369	2	1
-0.316887606319004	-24.1994111142558	39.237332676237	-0.628238170530057	-20.7003439049182	38.7947412018462	-0.710929925836959	-20.9430896906682	40.4901192738717	2	1
-1.33200711739512	-1.80576027380937	16.3670961432034	-1.76365059270216	-3.64911256743212	23.6230281358437	-0.554721855572398	-4.43224911721935	23.0198037107503	2	1
-1.76365059270216	-3.64911256743212	23.6230281358437	-1.49134778199449	-6.70530037537559	27.825637809827	-0.921255415932048	-6.84912800797197	27.2404093704471	2	1
-1.49134778199449	-6.70530037537559	27.825637809827	-2.51402111894568	-7.0691407866406	31.9713402558571	-0.653488130977675	-9.50455282102164	30.2657855232335	2	1
-2.51402111894568	-7.0691407866406	31.9713402558571	-1.98818574784436	-13.4645818914803	34.3071371727627	-1.18475931266865	-12.8088294917347	34.6175932783378	2	1
-1.98818574784436	-13.4645818914803	34.3071371727627	-2.22963275902517	-17.143901142036	36.9417535477369	-1.29778895782771	-17.3896252679428	37.0989742337715	2	1
-2.22963275902517	-17.143901142036	36.9417535477369	-0.710929925836959	-20.9430896906682	40.4901192738717	-0.628238170530057	-20.7003439049182	38.7947412018462	2	1
0.0037021	2.3981	21.682	0.251092332135606	4.07412142733109	27.4083637775918	1.08542234803599	1.93876572463619	21.3978202774135	3	2
0.251092332135606	4.07412142733109	27.4083637775918	0.364284215368693	5.65570978318445	32.7390364380259	1.0259585814089	4.1327780526492	27.6886539594452	3	2
0.364284215368693	5.65570978318445	32.7390364380259	0.618449090607005	7.80516515087908	36.4745097120547	2.16033890688864	4.62079351675872	32.8046428329627	3	2
0.618449090607005	7.80516515087908	36.4745097120547	1.12449246621824	10.7063010632736	40.2324156022833	2.09204141477829	7.65785675627141	36.4705779158266	3	2
1.12449246621824	10.7063010632736	40.2324156022833	1.36377675090643	13.6227774849361	42.5949199351868	3.17558353377947	9.64866849905267	41.1030681631077	3	2
1.36377675090643	13.6227774849361	42.5949199351868	2.06074899636801	16.8238486295396	44.8513796348587	3.25262843843304	12.9792176602829	42.7354340434469	3	2
2.06074899636801	16.8238486295396	44.8513796348587	3.17933104024411	22.0894174862675	46.2312066951005	4.06205295220414	16.5431607800732	44.8237698989562	3	2
3.17933104024411	22.0894174862675	46.2312066951005	3.81924121455526	25.5186962187771	45.9843872599457	5.24594200605097	22.3220865304523	45.7687038065852	3	2
3.81924121455526	25.5186962187771	45.9843872599457	5.15724734747881	28.9646434529939	45.3158969180167	6.66817470471807	25.8171077922108	46.3519478555889	3	2
5.15724734747881	28.9646434529939	45.3158969180167	4.93973244853945	32.2639163560802	44.2227374695828	6.38384060679845	29.1259420533832	45.6496105343168	3	2
4.93973244853945	32.2639163560802	44.2227374695828	4.99138299725795	38.1160807451207	41.2592245297657	7.11013198633164	32.2745874444614	44.2188050118023	3	2
1.0259585814089	4.1327780526492	27.6886539594452	1.08542234803599	1.93876572463619	21.3978202774135	0.251092332135606	4.07412142733109	27.4083637775918	3	2
2.16033890688864	4.62079351675872	32.8046428329627	1.0259585814089	4.1327780526492	27.6886539594452	0.364284215368693	5.65570978318445	32.7390364380259	3	2
2.09204141477829	7.65785675627141	36.4705779158266	2.16033890688864	4.62079351675872	32.8046428329627	0.618449090607005	7.80516515087908	36.4745097120547	3	2
3.17558353377947	9.64866849905267	41.1030681631077	2.09204141477829	7.65785675627141	36.4705779158266	1.12449246621824	10.7063010632736	40.2324156022833	3	2
3.25262843843304	12.9792176602829	42.7354340434469	3.17558353377947	9.64866849905267	41.1030681631077	1.36377675090643	13.6227774849361	42.5949199351868	3	2
4.06205295220414	16.5431607800732	44.8237698989562	3.25262843843304	12.9792176602829	42.7354340434469	2.06074899636801	16.8238486295396	44.8513796348587	3	2
5.24594200605097	22.3220865304523	45.7687038065852	4.06205295220414	16.5431607800732	44.8237698989562	3.17933104024411	22.0894174862675	46.2312066951005	3	2
6.66817470471807	25.8171077922108	46.3519478555889	5.24594200605097	22.3220865304523	45.7687038065852	3.81924121455526	25.5186962187771	45.9843872599457	3	2
6.38384060679845	29.1259420533832	45.6496105343168	6.66817470471807	25.8171077922108	46.3519478555889	5.15724734747881	28.9646434529939	45.3158969180167	3	2
7.11013198633164	32.2745874444614	44.2188050118023	6.38384060679845	29.1259420533832	45.6496105343168	4.93973244853945	32.2639163560802	44.2227374695828	3	2
0.251092332135606	4.07412142733109	27.4083637775918	0.0037021	2.3981	21.682	-1.46786593702923	1.89896533143142	21.6381210723548	3	2
0.364284215368693	5.65570978318445	32.7390364380259	0.251092332135606	4.07412142733109	27.4083637775918	-1.38787450375681	4.12795682442463	27.2633473962255	3	2
0.618449090607005	7.80516515087908	36.4745097120547	0.364284215368693	5.65570978318445	32.7390364380259	-2.31189219308318	5.20200296647541	32.5279215218844	3	2
1.12449246621824	10.7063010632736	40.2324156022833	0.618449090607005	7.80516515087908	36.4745097120547	-1.39792465213195	8.14346490192573	35.7798849082688	3	2
1.36377675090643	13.6227774849361	42.5949199351868	1.12449246621824	10.7063010632736	40.2324156022833	-1.8739839843493	8.91689984075508	41.4407538166261	3	2
2.06074899636801	16.8238486295396	44.8513796348587	1.36377675090643	13.6227774849361	42.5949199351868	-1.58142790594361	14.5113634742287	41.6345977866858	3	2
3.17933104024411	22.0894174862675	46.2312066951005	2.06074899636801	16.8238486295396	44.8513796348587	-0.458212731823348	17.0073036193524	44.5133922369871	3	2
3.81924121455526	25.5186962187771	45.9843872599457	3.17933104024411	22.0894174862675	46.2312066951005	1.90410536879544	21.8634029623168	45.6499954066333	3	2
5.15724734747881	28.9646434529939	45.3158969180167	3.81924121455526	25.5186962187771	45.9843872599457	2.89749406085869	26.2605739928585	46.7875890048245	3	2
4.93973244853945	32.2639163560802	44.2227374695828	5.15724734747881	28.9646434529939	45.3158969180167	3.70421456477561	29.3542752926542	45.9688615433317	3	2
4.99138299725795	38.1160807451207	41.2592245297657	4.93973244853945	32.2639163560802	44.2227374695828	4.40627636174818	33.1500445526242	45.741779359313	3	2
-1.46786593702923	1.89896533143142	21.6381210723548	-1.38787450375681	4.12795682442463	27.2633473962255	0.251092332135606	4.07412142733109	27.4083637775918	3	2
-1.38787450375681	4.12795682442463	27.2633473962255	-2.31189219308318	5.20200296647541	32.5279215218844	0.364284215368693	5.65570978318445	32.7390364380259	3	2
-2.31189219308318	5.20200296647541	32.5279215218844	-1.39792465213195	8.14346490192573	35.7798849082688	0.618449090607005	7.80516515087908	36.4745097120547	3	2
-1.39792465213195	8.14346490192573	35.7798849082688	-1.8739839843493	8.91689984075508	41.4407538166261	1.12449246621824	10.7063010632736	40.2324156022833	3	2
-1.8739839843493	8.91689984075508	41.4407538166261	-1.58142790594361	14.5113634742287	41.6345977866858	1.36377675090643	13.6227774849361	42.5949199351868	3	2
-1.58142790594361	14.5113634742287	41.6345977866858	-0.458212731823348	17.0073036193524	44.5133922369871	2.06074899636801	16.8238486295396	44.8513796348587	3	2
-0.458212731823348	17.0073036193524	44.5133922369871	1.90410536879544	21.8634029623168	45.6499954066333	3.17933104024411	22.0894174862675	46.2312066951005	3	2
1.90410536879544	21.8634029623168	45.6499954066333	2.89749406085869	26.2605739928585	46.7875890048245	3.81924121455526	25.5186962187771	45.9843872599457	3	2
2.89749406085869	26.2605739928585	46.7875890048245	3.70421456477561	29.3542752926542	45.9688615433317	5.15724734747881	28.9646434529939	45.3158969180167	3	2
3.70421456477561	29.3542752926542	45.9688615433317	4.40627636174818	33.1500445526242	45.741779359313	4.93973244853945	32.2639163560802	44.2227374695828	3	2
0.23953	-1.8413	25.174	0.448649356841322	-2.79967399450158	29.5618307512548	0.979972450332134	-2.53575988988507	25.5432081553635	4	2
0.448649356841322	-2.79967399450158	29.5618307512548	0.714101271235798	-3.71647546190921	34.3704739344203	0.997774132686738	-2.07202102596484	29.8590323670519	4	2
0.714101271235798	-3.71647546190921	34.3704739344203	1.27648526250225	-4.91021773560421	38.9560222408238	1.30486683157099	-1.5744351870737	34.3857098690645	4	2
1.27648526250225	-4.91021773560421	38.9560222408238	1.92158376510182	-6.88443725859304	42.63800845033	2.52091214769015	-4.7152078225037	39.5836946643172	4	2
1.92158376510182	-6.88443725859304	42.63800845033	1.92085239531623	-9.38412614133512	47.1516711221071	2.10632824746532	-6.66872003967668	43.0214874819591	4	2
1.92085239531623	-9.38412614133512	47.1516711221071	3.06952051360487	-12.0415602701019	50.3152379216694	3.80821942533785	-8.15086093041457	48.5792886666618	4	2
3.06952051360487	-12.0415602701019	50.3152379216694	4.36784908723994	-14.3576474290398	53.2848986762145	3.64897119945113	-11.5433191777623	50.7271112111367	4	2
4.36784908723994	-14.3576474290398	53.2848986762145	6.13999010567959	-17.5008808023437	55.4554007060944	6.70722816597923	-13.6679835717423	54.3115957346959	4	2
6.13999010567959	-17.5008808023437	55.4554007060944	8.27359458944204	-21.0789976332971	56.619180415024	9.19076877227554	-17.5154209019414	55.8853756739084	4	2
8.27359458944204	-21.0789976332971	56.619180415024	10.4715739986842	-24.8397279576822	58.0139409478031	10.4280772063226	-21.7152010402518	56.1196567633928	4	2
10.4715739986842	-24.8397279576822	58.0139409478031	13.0503578764569	-29.5343245815801	59.6763555322632	11.6487291196703	-23.9343941676127	59.2040323517274	4	2
0.997774132686738	-2.07202102596484	29.8590323670519	0.979972450332134	-2.53575988988507	25.5432081553635	0.448649356841322	-2.79967399450158	29.5618307512548	4	2
1.30486683157099	-1.5744351870737	34.3857098690645	0.997774132686738	-2.07202102596484	29.8590323670519	0.714101271235798	-3.71647546190921	34.3704739344203	4	2
2.52091214769015	-4.7152078225037	39.5836946643172	1.30486683157099	-1.5744351870737	34.3857098690645	1.27648526250225	-4.91021773560421	38.9560222408238	4	2
2.10632824746532	-6.66872003967668	43.0214874819591	2.52091214769015	-4.7152078225037	39.5836946643172	1.92158376510182	-6.88443725859304	42.63800845033	4	2
3.80821942533785	-8.15086093041457	48.5792886666618	2.10632824746532	-6.66872003967668	43.0214874819591	1.92085239531623	-9.38412614133512	47.1516711221071	4	2
3.64897119945113	-11.5433191777623	50.7271112111367	3.80821942533785	-8.15086093041457	48.5792886666618	3.06952051360487	-12.0415602701019	50.3152379216694	4	2
6.70722816597923	-13.6679835717423	54.3115957346959	3.64897119945113	-11.5433191777623	50.7271112111367	4.36784908723994	-14.3576474290398	53.2848986762145	4	2
9.19076877227554	-17.5154209019414	55.8853756739084	6.70722816597923	-13.6679835717423	54.3115957346959	6.13999010567959	-17.5008808023437	55.4554007060944	4	2
10.4280772063226	-21.7152010402518	56.1196567633928	9.19076877227554	-17.5154209019414	55.8853756739084	8.27359458944204	-21.0789976332971	56.619180415024	4	2
11.6487291196703	-23.9343941676127	59.2040323517274	10.4280772063226	-21.7152010402518	56.1196567633928	10.4715739986842	-24.8397279576822	58.0139409478031	4	2
0.448649356841322	-2.79967399450158	29.5618307512548	0.23953	-1.8413	25.174	-1.67675522187176	-2.13474142209226	24.8335872958652	4	2
0.714101271235798	-3.71647546190921	34.3704739344203	0.448649356841322	-2.79967399450158	29.5618307512548	-1.66350400142457	-2.30084043077952	29.3140818070179	4	2
1.27648526250225	-4.91021773560421	38.9560222408238	0.714101271235798	-3.71647546190921	34.3704739344203	-2.58344067031514	-3.31666541109595	33.917813270146	4	2
1.92158376510182	-6.88443725859304	42.63800845033	1.27648526250225	-4.91021773560421	38.9560222408238	-1.73820106873764	-5.91461037161661	37.9999537393767	4	2
1.92085239531623	-9.38412614133512	47.1516711221071	1.92158376510182	-6.88443725859304	42.63800845033	-2.31102080361951	-5.35535189299543	42.4862312796009	4	2
3.06952051360487	-12.0415602701019	50.3152379216694	1.92085239531623	-9.38412614133512	47.1516711221071	-0.659853506706717	-9.39309880217806	46.3549093141486	4	2
4.36784908723994	-14.3576474290398	53.2848986762145	3.06952051360487	-12.0415602701019	50.3152379216694	1.92272459019539	-11.6061678039919	50.0918554010774	4	2
6.13999010567959	-17.5008808023437	55.4554007060944	4.36784908723994	-14.3576474290398	53.2848986762145	3.69484949975348	-14.5070873217662	52.6004613279459	4	2
8.27359458944204	-21.0789976332971	56.619180415024	6.13999010567959	-17.5008808023437	55.4554007060944	4.36461456702039	-17.2523059472758	55.1561630110114	4	2
10.4715739986842	-24.8397279576822	58.0139409478031	8.27359458944204	-21.0789976332971	56.619180415024	6.98044827360738	-20.9018108829529	56.4984836820701	4	2
13.0503578764569	-29.5343245815801	59.6763555322632	10.4715739986842	-24.8397279576822	58.0139409478031	9.67698165990232	-24.7218017634594	57.6228675175304	4	2
-1.67675522187176	-2.13474142209226	24.8335872958652	-1.66350400142457	-2.30084043077952	29.3140818070179	0.448649356841322	-2.79967399450158	29.5618307512548	4	2
-1.66350400142457	-2.30084043077952	29.3140818070179	-2.58344067031514	-3.31666541109595	33.917813270146	0.714101271235798	-3.71647546190921	34.3704739344203	4	2
-2.58344067031514	-3.31666541109595	33.917813270146	-1.73820106873764	-5.91461037161661	37.9999537393767	1.27648526250225	-4.91021773560421	38.9560222408238	4	2
-1.73820106873764	-5.91461037161661	37.9999537393767	-2.31102080361951	-5.35535189299543	42.4862312796009	1.92158376510182	-6.88443725859304	42.63800845033	4	2
-2.31102080361951	-5.35535189299543	42.4862312796009	-0.659853506706717	-9.39309880217806	46.3549093141486	1.92085239531623	-9.38412614133512	47.1516711221071	4	2
-0.659853506706717	-9.39309880217806	46.3549093141486	1.92272459019539	-11.6061678039919	50.0918554010774	3.06952051360487	-12.0415602701019	50.3152379216694	4	2
1.92272459019539	-11.6061678039919	50.0918554010774	3.69484949975348	-14.5070873217662	52.6004613279459	4.36784908723994	-14.3576474290398	53.2848986762145	4	2
3.69484949975348	-14.5070873217662	52.6004613279459	4.36461456702039	-17.2523059472758	55.1561630110114	6.13999010567959	-17.5008808023437	55.4554007060944	4	2
4.36461456702039	-17.2523059472758	55.1561630110114	6.98044827360738	-20.9018108829529	56.4984836820701	8.27359458944204	-21.0789976332971	56.619180415024	4	2
-0.096448	-0.21984	26.534	-0.424714185263484	0.270940979581869	30.2211245965925	0.752274212355877	1.2538623443877	26.3184569214659	5	2
-0.424714185263484	0.270940979581869	30.2211245965925	-0.536320344646929	1.42331744774521	34.7626361501186	2.45395523109995	2.01730290108742	29.5917483653847	5	2
-0.536320344646929	1.42331744774521	34.7626361501186	-0.902229717667313	2.83575458815422	39.40029042196	1.12282028833462	1.29801752368746	34.3165822166972	5	2
-0.902229717667313	2.83575458815422	39.40029042196	-1.37074088859375	4.24831005688831	42.8761587423177	0.183408733928269	2.79253588817718	39.7631918862577	5	2
-1.37074088859375	4.24831005688831	42.8761587423177	-1.86730506448941	6.07717233761274	46.6460846033077	1.78633935504631	4.9954233969991	42.6666393199576	5	2
-1.86730506448941	6.07717233761274	46.6460846033077	-3.3921589223003	10.1120664618317	51.3270042104642	1.34377984045517	6.03987287945903	46.0991956327126	5	2
-3.3921589223003	10.1120664618317	51.3270042104642	-4.8143135673962	12.5478044368569	53.4280278948743	-1.34072700132491	9.22417984988596	51.5562222898792	5	2
2.45395523109995	2.01730290108742	29.5917483653847	0.752274212355877	1.2538623443877	26.3184569214659	-0.424714185263484	0.270940979581869	30.2211245965925	5	2
1.12282028833462	1.29801752368746	34.3165822166972	2.45395523109995	2.01730290108742	29.5917483653847	-0.536320344646929	1.42331744774521	34.7626361501186	5	2
0.183408733928269	2.79253588817718	39.7631918862577	1.12282028833462	1.29801752368746	34.3165822166972	-0.902229717667313	2.83575458815422	39.40029042196	5	2
1.78633935504631	4.9954233969991	42.6666393199576	0.183408733928269	2.79253588817718	39.7631918862577	-1.37074088859375	4.24831005688831	42.8761587423177	5	2
1.34377984045517	6.03987287945903	46.0991956327126	1.78633935504631	4.9954233969991	42.6666393199576	-1.86730506448941	6.07717233761274	46.6460846033077	5	2
-1.34072700132491	9.22417984988596	51.5562222898792	1.34377984045517	6.03987287945903	46.0991956327126	-3.3921589223003	10.1120664618317	51.3270042104642	5	2
-0.424714185263484	0.270940979581869	30.2211245965925	-0.096448	-0.21984	26.534	-1.21326776449333	0.372355018412029	26.7761621362002	5	2
-0.536320344646929	1.42331744774521	34.7626361501186	-0.424714185263484	0.270940979581869	30.2211245965925	-2.38866049662977	-1.92249990952678	30.5117006927481	5	2
-0.902229717667313	2.83575458815422	39.40029042196	-0.536320344646929	1.42331744774521	34.7626361501186	-2.96776411594097	-0.141963522805757	35.4352897610257	5	2
-1.37074088859375	4.24831005688831	42.8761587423177	-0.902229717667313	2.83575458815422	39.40029042196	-3.39249357095413	1.41065683628714	39.8378997324602	5	2
-1.86730506448941	6.07717233761274	46.6460846033077	-1.37074088859375	4.24831005688831	42.8761587423177	-2.98030916026562	1.8489682981923	43.8480324140492	5	2
-3.3921589223003	10.1120664618317	51.3270042104642	-1.86730506448941	6.07717233761274	46.6460846033077	-2.77263031579762	4.56332283110413	47.8137589889937	5	2
-4.8143135673962	12.5478044368569	53.4280278948743	-3.3921589223003	10.1120664618317	51.3270042104642	-4.04373856668236	9.91281208168731	51.25260482189	5	2
-1.21326776449333	0.372355018412029	26.7761621362002	-2.38866049662977	-1.92249990952678	30.5117006927481	-0.424714185263484	0.270940979581869	30.2211245965925	5	2
-2.38866049662977	-1.92249990952678	30.5117006927481	-2.96776411594097	-0.141963522805757	35.4352897610257	-0.536320344646929	1.42331744774521	34.7626361501186	5	2
-2.96776411594097	-0.141963522805757	35.4352897610257	-3.39249357095413	1.41065683628714	39.8378997324602	-0.902229717667313	2.83575458815422	39.40029042196	5	2
-3.39249357095413	1.41065683628714	39.8378997324602	-2.98030916026562	1.8489682981923	43.8480324140492	-1.37074088859375	4.24831005688831	42.8761587423177	5	2
-2.98030916026562	1.8489682981923	43.8480324140492	-2.77263031579762	4.56332283110413	47.8137589889937	-1.86730506448941	6.07717233761274	46.6460846033077	5	2
-2.77263031579762	4.56332283110413	47.8137589889937	-4.04373856668236	9.91281208168731	51.25260482189	-3.3921589223003	10.1120664618317	51.3270042104642	5	2
0.66812	-1.503	30.237	0.670299800571634	-1.29067187897257	34.7022137771769	2.01477382566067	-0.837181330137518	30.3873199757053	6	2
0.670299800571634	-1.29067187897257	34.7022137771769	0.507998481919614	-1.41767862075214	39.0871121983956	2.08018558855426	-2.45292425562671	34.5990360285758	6	2
0.507998481919614	-1.41767862075214	39.0871121983956	0.636339734159538	-2.31643006214477	43.1051638611382	2.38573009479233	-1.56753191297167	39.4140341183236	6	2
0.636339734159538	-2.31643006214477	43.1051638611382	1.2710279963075	-4.23651723239084	47.4110465114839	2.19922382966156	0.356950933790256	43.8721107984163	6	2
1.2710279963075	-4.23651723239084	47.4110465114839	2.20439793270082	-6.55706977506614	51.2516254298919	2.57473067378966	-1.53492525654223	49.1473461932083	6	2
2.20439793270082	-6.55706977506614	51.2516254298919	4.11628479670957	-9.11456540427971	55.0408458425605	4.32466644521287	-5.02705173175593	52.2536489934847	6	2
4.11628479670957	-9.11456540427971	55.0408458425605	5.71615287478354	-12.1935225796601	56.7408934109931	5.65493217765301	-8.37685005468406	56.1875839556826	6	2
5.71615287478354	-12.1935225796601	56.7408934109931	11.1827310215876	-17.9904961205511	58.650965457041	7.96952452400842	-11.3739575384927	58.9939381761422	6	2
11.1827310215876	-17.9904961205511	58.650965457041	12.4913976208498	-19.5294342154684	58.9126623656735	11.7079439074528	-18.2261155295628	60.1848611244898	6	2
2.08018558855426	-2.45292425562671	34.5990360285758	2.01477382566067	-0.837181330137518	30.3873199757053	0.670299800571634	-1.29067187897257	34.7022137771769	6	2
2.38573009479233	-1.56753191297167	39.4140341183236	2.08018558855426	-2.45292425562671	34.5990360285758	0.507998481919614	-1.41767862075214	39.0871121983956	6	2
2.19922382966156	0.356950933790256	43.8721107984163	2.38573009479233	-1.56753191297167	39.4140341183236	0.636339734159538	-2.31643006214477	43.1051638611382	6	2
2.57473067378966	-1.53492525654223	49.1473461932083	2.19922382966156	0.356950933790256	43.8721107984163	1.2710279963075	-4.23651723239084	47.4110465114839	6	2
4.32466644521287	-5.02705173175593	52.2536489934847	2.57473067378966	-1.53492525654223	49.1473461932083	2.20439793270082	-6.55706977506614	51.2516254298919	6	2
5.65493217765301	-8.37685005468406	56.1875839556826	4.32466644521287	-5.02705173175593	52.2536489934847	4.11628479670957	-9.11456540427971	55.0408458425605	6	2
7.96952452400842	-11.3739575384927	58.9939381761422	5.65493217765301	-8.37685005468406	56.1875839556826	5.71615287478354	-12.1935225796601	56.7408934109931	6	2
11.7079439074528	-18.2261155295628	60.1848611244898	7.96952452400842	-11.3739575384927	58.9939381761422	11.1827310215876	-17.9904961205511	58.650965457041	6	2
0.670299800571634	-1.29067187897257	34.7022137771769	0.66812	-1.503	30.237	-2.93467505151243	-1.03941782856315	30.5532882285566	6	2
0.507998481919614	-1.41767862075214	39.0871121983956	0.670299800571634	-1.29067187897257	34.7022137771769	-1.36439004620913	-0.552618834560022	34.7650367907997	6	2
0.636339734159538	-2.31643006214477	43.1051638611382	0.507998481919614	-1.41767862075214	39.0871121983956	-2.78372577000488	-1.25355496558655	39.245317229944	6	2
1.2710279963075	-4.23651723239084	47.4110465114839	0.636339734159538	-2.31643006214477	43.1051638611382	-3.31550001179301	-2.68548187228026	42.6158664937373	6	2
2.20439793270082	-6.55706977506614	51.2516254298919	1.2710279963075	-4.23651723239084	47.4110465114839	-2.08613999894371	-4.53016617505441	46.7773182730933	6	2
4.11628479670957	-9.11456540427971	55.0408458425605	2.20439793270082	-6.55706977506614	51.2516254298919	-0.734645519384902	-5.62415174274311	51.3524859980965	6	2
5.71615287478354	-12.1935225796601	56.7408934109931	4.11628479670957	-9.11456540427971	55.0408458425605	2.15664126412354	-8.69379872931184	54.9714629164892	6	2
11.1827310215876	-17.9904961205511	58.650965457041	5.71615287478354	-12.1935225796601	56.7408934109931	4.79919846124338	-11.7511893976051	56.5533718934481	6	2
12.4913976208498	-19.5294342154684	58.9126623656735	11.1827310215876	-17.9904961205511	58.650965457041	10.1644733579171	-17.3486717118985	59.8625480785878	6	2
-2.93467505151243	-1.03941782856315	30.5532882285566	-1.36439004620913	-0.552618834560022	34.7650367907997	0.670299800571634	-1.29067187897257	34.7022137771769	6	2
-1.36439004620913	-0.552618834560022	34.7650367907997	-2.78372577000488	-1.25355496558655	39.245317229944	0.507998481919614	-1.41767862075214	39.0871121983956	6	2
-2.78372577000488	-1.25355496558655	39.245317229944	-3.31550001179301	-2.68548187228026	42.6158664937373	0.636339734159538	-2.31643006214477	43.1051638611382	6	2
-3.31550001179301	-2.68548187228026	42.6158664937373	-2.08613999894371	-4.53016617505441	46.7773182730933	1.2710279963075	-4.23651723239084	47.4110465114839	6	2
-2.08613999894371	-4.53016617505441	46.7773182730933	-0.734645519384902	-5.62415174274311	51.3524859980965	2.20439793270082	-6.55706977506614	51.2516254298919	6	2
-0.734645519384902	-5.62415174274311	51.3524859980965	2.15664126412354	-8.69379872931184	54.9714629164892	4.11628479670957	-9.11456540427971	55.0408458425605	6	2
2.15664126412354	-8.69379872931184	54.9714629164892	4.79919846124338	-11.7511893976051	56.5533718934481	5.71615287478354	-12.1935225796601	56.7408934109931	6	2
4.79919846124338	-11.7511893976051	56.5533718934481	10.1644733579171	-17.3486717118985	59.8625480785878	11.1827310215876	-17.9904961205511	58.650965457041	6	2
0.48025	-0.065238	32.487	-1.2776	-1.5731	35.774	0.80535	-0.11254	32.763	7	2
-1.2776	-1.5731	35.774	-3.7106	-3.0051	39.413	0.6961	-0.59294	36.29	7	2
0.6961	-0.59294	36.29	0.80535	-0.11254	32.763	-1.2776	-1.5731	35.774	7	2
-1.2776	-1.5731	35.774	0.48025	-0.065238	32.487	-3.3403	-1.2828	30.858	7	2
-3.7106	-3.0051	39.413	-1.2776	-1.5731	35.774	-3.4174	-1.3611	35.729	7	2
-3.3403	-1.2828	30.858	-3.4174	-1.3611	35.729	-1.2776	-1.5731	35.774	7	2
1.6541	2.9057	32.832	1.34830633508381	4.06649377787186	37.8689938415439	2.99713409159411	2.71615923845597	32.9667255674669	8	2
1.34830633508381	4.06649377787186	37.8689938415439	2.11749310857964	4.98636433073887	42.6220152430786	2.86533880484365	1.60794701726995	37.8374508291917	8	2
2.11749310857964	4.98636433073887	42.6220152430786	3.02902321606905	6.13230350976416	45.9890812226988	4.75191758856644	3.44683552308941	43.2956943429947	8	2
3.02902321606905	6.13230350976416	45.9890812226988	5.22381887567535	8.61327442795552	51.2155819196912	5.67010974965823	4.68397002234852	47.2491302063991	8	2
5.22381887567535	8.61327442795552	51.2155819196912	7.30357975919989	10.8904210315974	53.9458219133334	7.47455748540599	7.51564640979954	52.5831951268615	8	2
7.30357975919989	10.8904210315974	53.9458219133334	10.184949810301	14.0521243501671	55.9906546116153	10.465603994101	10.7923841534865	55.0716621854984	8	2
10.184949810301	14.0521243501671	55.9906546116153	13.003973724098	18.6041557609381	56.4605377979447	12.6003809695044	14.2459751523923	56.2528152143494	8	2
13.003973724098	18.6041557609381	56.4605377979447	14.492442947386	22.409470955837	55.3673668877956	15.0027713076874	19.1757146114388	57.3445489405507	8	2
14.492442947386	22.409470955837	55.3673668877956	15.2730827960239	25.5171216017544	53.9543651575604	15.6993443709563	22.2286110821834	55.6255541451998	8	2
2.86533880484365	1.60794701726995	37.8374508291917	2.99713409159411	2.71615923845597	32.9667255674669	1.34830633508381	4.06649377787186	37.8689938415439	8	2
4.75191758856644	3.44683552308941	43.2956943429947	2.86533880484365	1.60794701726995	37.8374508291917	2.11749310857964	4.98636433073887	42.6220152430786	8	2
5.67010974965823	4.68397002234852	47.2491302063991	4.75191758856644	3.44683552308941	43.2956943429947	3.02902321606905	6.13230350976416	45.9890812226988	8	2
7.47455748540599	7.51564640979954	52.5831951268615	5.67010974965823	4.68397002234852	47.2491302063991	5.22381887567535	8.61327442795552	51.2155819196912	8	2
10.465603994101	10.7923841534865	55.0716621854984	7.47455748540599	7.51564640979954	52.5831951268615	7.30357975919989	10.8904210315974	53.9458219133334	8	2
12.6003809695044	14.2459751523923	56.2528152143494	10.465603994101	10.7923841534865	55.0716621854984	10.184949810301	14.0521243501671	55.9906546116153	8	2
15.0027713076874	19.1757146114388	57.3445489405507	12.6003809695044	14.2459751523923	56.2528152143494	13.003973724098	18.6041557609381	56.4605377979447	8	2
15.6993443709563	22.2286110821834	55.6255541451998	15.0027713076874	19.1757146114388	57.3445489405507	14.492442947386	22.409470955837	55.3673668877956	8	2
1.34830633508381	4.06649377787186	37.8689938415439	1.6541	2.9057	32.832	0.319317259081935	0.460549518928518	33.2754858414461	8	2
2.11749310857964	4.98636433073887	42.6220152430786	1.34830633508381	4.06649377787186	37.8689938415439	-1.06827209887016	3.98039136437132	37.5742622181338	8	2
3.02902321606905	6.13230350976416	45.9890812226988	2.11749310857964	4.98636433073887	42.6220152430786	-0.400521169398996	5.72384178894402	42.0837919209019	8	2
5.22381887567535	8.61327442795552	51.2155819196912	3.02902321606905	6.13230350976416	45.9890812226988	-0.690656615934695	6.51373641546291	45.3517850212863	8	2
7.30357975919989	10.8904210315974	53.9458219133334	5.22381887567535	8.61327442795552	51.2155819196912	1.79554281396727	8.61135300848932	50.6055012751313	8	2
10.184949810301	14.0521243501671	55.9906546116153	7.30357975919989	10.8904210315974	53.9458219133334	4.80706815643898	11.1644331118475	52.6951517381245	8	2
13.003973724098	18.6041557609381	56.4605377979447	10.184949810301	14.0521243501671	55.9906546116153	7.40642950471458	13.4515026011128	56.1719104143001	8	2
14.492442947386	22.409470955837	55.3673668877956	13.003973724098	18.6041557609381	56.4605377979447	12.2552060275178	18.8849854856814	57.4687890574324	8	2
15.2730827960239	25.5171216017544	53.9543651575604	14.492442947386	22.409470955837	55.3673668877956	14.2834093699609	23.0167636187132	55.6472947090737	8	2
0.319317259081935	0.460549518928518	33.2754858414461	-1.06827209887016	3.98039136437132	37.5742622181338	1.34830633508381	4.06649377787186	37.8689938415439	8	2
-1.06827209887016	3.98039136437132	37.5742622181338	-0.400521169398996	5.72384178894402	42.0837919209019	2.11749310857964	4.98636433073887	42.6220152430786	8	2
-0.400521169398996	5.72384178894402	42.0837919209019	-0.690656615934695	6.51373641546291	45.3517850212863	3.02902321606905	6.13230350976416	45.9890812226988	8	2
-0.690656615934695	6.51373641546291	45.3517850212863	1.79554281396727	8.61135300848932	50.6055012751313	5.22381887567535	8.61327442795552	51.2155819196912	8	2
1.79554281396727	8.61135300848932	50.6055012751313	4.80706815643898	11.1644331118475	52.6951517381245	7.30357975919989	10.8904210315974	53.9458219133334	8	2
4.80706815643898	11.1644331118475	52.6951517381245	7.40642950471458	13.4515026011128	56.1719104143001	10.184949810301	14.0521243501671	55.9906546116153	8	2
7.40642950471458	13.4515026011128	56.1719104143001	12.2552060275178	18.8849854856814	57.4687890574324	13.003973724098	18.6041557609381	56.4605377979447	8	2
12.2552060275178	18.8849854856814	57.4687890574324	14.2834093699609	23.0167636187132	55.6472947090737	14.492442947386	22.409470955837	55.3673668877956	8	2
