-0.3475	-0.70784	0.031499	-0.41155	-0.34074	1.0263	-0.22515	-0.60134	1.8261	0	0
-0.41155	-0.34074	0	-0.087748	-0.21784	1.0423	-0.37868	0.45443	1.0936	0	0
-0.41155	-0.34074	0	-0.087748	-0.21784	1.0423	-0.1292	-0.21974	1.7978	0	0
-0.41155	-0.34074	0	-0.37868	0.45443	1.0936	-0.36431	0.45368	1.7658	0	0
-0.41155	-0.34074	0	-0.22515	-0.60134	1.8261	-0.1292	-0.21974	1.7978	0	0
-0.087748	-0.21784	0.015999	-0.37868	0.45443	1.0936	0.077885	0.65153	1.042	0	0
-0.087748	-0.21784	0.015999	0.077885	0.65153	1.042	0.58995	0.54246	1.7331	0	0
-0.087748	-0.21784	0.015999	-0.1292	-0.21974	1.7978	0.58995	0.54246	1.7331	0	0
-0.37868	0.45443	0.0673	0.077885	0.65153	1.042	0.090202	1.1281	1.0615	0	0
-0.37868	0.45443	0.0673	-0.36431	0.45368	1.7658	-0.23335	1.161	2.1406	0	0
-0.37868	0.45443	0.0673	0.090202	1.1281	1.0615	-0.23335	1.161	2.1406	0	0
-0.22515	-0.60134	0.79975	-0.1292	-0.21974	1.7978	0.21832	-0.029304	2.3827	0	0
-0.22515	-0.60134	0.79975	-0.15305	-0.60444	2.5182	0.21832	-0.029304	2.3827	0	0
0.077885	0.65153	0.015633	0.090202	1.1281	1.0615	0.65045	1.0875	1.0299	0	0
0.077885	0.65153	0.015633	0.65045	1.0875	1.0299	0.58995	0.54246	1.7331	0	0
-0.1292	-0.21974	0.77145	-0.36431	0.45368	1.7658	-0.53225	-0.15794	2.129	0	0
-0.1292	-0.21974	0.77145	-0.36431	0.45368	1.7658	0.17911	0.61674	1.8577	0	0
-0.1292	-0.21974	0.77145	-0.53225	-0.15794	2.129	-0.15305	-0.60444	2.5182	0	0
-0.1292	-0.21974	0.77145	0.58995	0.54246	1.7331	0.21832	-0.029304	2.3827	0	0
-0.36431	0.45368	0.7395	-0.53225	-0.15794	2.129	-0.33152	0.41281	2.5918	0	0
-0.36431	0.45368	0.7395	-0.33152	0.41281	2.5918	-0.23335	1.161	2.1406	0	0
0.090202	1.1281	0.03515	0.65045	1.0875	1.0299	0.2262	1.2084	1.817	0	0
0.090202	1.1281	0.03515	0.2262	1.2084	1.817	-0.23335	1.161	2.1406	0	0
-0.53225	-0.15794	1.1027	-0.33152	0.41281	2.5918	-0.13415	-0.24834	3.0499	0	0
0.65045	1.0875	0.003549	0.58995	0.54246	1.7331	0.65255	1.1118	1.7913	0	0
0.65045	1.0875	0.003549	0.2262	1.2084	1.817	0.65255	1.1118	1.7913	0	0
0.58995	0.54246	0.7068	0.17911	0.61674	1.8577	0.21832	-0.029304	2.3827	0	0
0.58995	0.54246	0.7068	0.17911	0.61674	1.8577	0.65255	1.1118	1.7913	0	0
0.17911	0.61674	0.83138	0.21832	-0.029304	2.3827	0.1928	0.65786	2.5434	0	0
0.17911	0.61674	0.83138	0.2262	1.2084	1.817	0.65255	1.1118	1.7913	0	0
0.17911	0.61674	0.83138	0.2262	1.2084	1.817	-0.23335	1.161	2.1406	0	0
0.17911	0.61674	0.83138	0.1928	0.65786	2.5434	-0.23335	1.161	2.1406	0	0
-0.15305	-0.60444	1.4919	0.21832	-0.029304	2.3827	-0.13415	-0.24834	3.0499	0	0
-0.15305	-0.60444	1.4919	-0.13415	-0.24834	3.0499	-0.20925	-0.38654	3.2845	0	0
0.21832	-0.029304	1.3563	0.1928	0.65786	2.5434	0.019302	0.37346	3.2258	0	0
0.21832	-0.029304	1.3563	-0.13415	-0.24834	3.0499	0.019302	0.37346	3.2258	0	0
-0.33152	0.41281	1.5654	0.019302	0.37346	3.2258	-0.19325	0.5944	3.2322	0	0
-0.33152	0.41281	1.5654	-0.19325	0.5944	3.2322	-0.24735	1.2865	3.1824	0	0
-0.33152	0.41281	1.5654	-0.23335	1.161	2.1406	-0.24735	1.2865	3.1824	0	0
0.1928	0.65786	1.5171	0.19635	1.1336	2.5602	0.59565	1.1524	2.462	0	0
0.1928	0.65786	1.5171	0.19635	1.1336	2.5602	-0.23335	1.161	2.1406	0	0
0.1928	0.65786	1.5171	0.59565	1.1524	2.462	0.58445	0.89706	3.0215	0	0
0.1928	0.65786	1.5171	0.019302	0.37346	3.2258	0.58445	0.89706	3.0215	0	0
-0.13415	-0.24834	2.0236	-0.20925	-0.38654	3.2845	0.019302	0.37346	3.2258	0	0
0.19635	1.1336	1.5339	0.58445	0.89706	3.0215	0.088202	1.1438	3.2618	0	0
0.19635	1.1336	1.5339	0.088202	1.1438	3.2618	-0.24735	1.2865	3.1824	0	0
0.19635	1.1336	1.5339	-0.23335	1.161	2.1406	-0.24735	1.2865	3.1824	0	0
-0.20925	-0.38654	2.2582	0.019302	0.37346	3.2258	-0.16545	-0.28084	4.0561	0	0
-0.20925	-0.38654	2.2582	-0.35048	-0.63784	3.8856	-0.16545	-0.28084	4.0561	0	0
0.019302	0.37346	2.1995	-0.19325	0.5944	3.2322	0.19198	0.45409	3.8968	0	0
0.019302	0.37346	2.1995	0.58445	0.89706	3.0215	0.5727	0.89226	3.8548	0	0
0.019302	0.37346	2.1995	-0.16545	-0.28084	4.0561	0.19198	0.45409	3.8968	0	0
-0.19325	0.5944	2.2059	0.19198	0.45409	3.8968	-0.17965	0.74516	4.0608	0	0
-0.19325	0.5944	2.2059	-0.24735	1.2865	3.1824	-0.17965	0.74516	4.0608	0	0
0.58445	0.89706	1.9952	0.088202	1.1438	3.2618	0.5727	0.89226	3.8548	0	0
0.088202	1.1438	2.2354	-0.24735	1.2865	3.1824	0.11245	1.1443	4.0705	0	0
0.088202	1.1438	2.2354	0.5727	0.89226	3.8548	0.11245	1.1443	4.0705	0	0
-0.35048	-0.63784	2.8592	-0.16545	-0.28084	4.0561	-0.2666	-0.57164	4.7374	0	0
-0.16545	-0.28084	3.0298	0.19198	0.45409	3.8968	0.12835	-0.030738	4.352	0	0
-0.16545	-0.28084	3.0298	0.12835	-0.030738	4.352	-0.15805	-0.24374	4.5619	0	0
-0.16545	-0.28084	3.0298	-0.15805	-0.24374	4.5619	-0.2666	-0.57164	4.7374	0	0
0.19198	0.45409	2.8704	0.5727	0.89226	3.8548	0.2311	0.63296	4.6118	0	0
0.19198	0.45409	2.8704	-0.17965	0.74516	4.0608	-0.1763	0.49556	4.57	0	0
0.19198	0.45409	2.8704	0.12835	-0.030738	4.352	0.2311	0.63296	4.6118	0	0
-0.24735	1.2865	2.1561	-0.17965	0.74516	4.0608	-0.41335	1.134	4.6148	0	0
-0.24735	1.2865	2.1561	0.11245	1.1443	4.0705	-0.41335	1.134	4.6148	0	0
0.5727	0.89226	2.8285	0.11245	1.1443	4.0705	0.23795	1.2918	4.5479	0	0
0.5727	0.89226	2.8285	0.2311	0.63296	4.6118	0.60185	0.89616	4.6843	0	0
0.5727	0.89226	2.8285	0.23795	1.2918	4.5479	0.60185	0.89616	4.6843	0	0
-0.17965	0.74516	3.0345	-0.1763	0.49556	4.57	-0.41335	1.134	4.6148	0	0
0.12835	-0.030738	3.3257	-0.1763	0.49556	4.57	-0.15805	-0.24374	4.5619	0	0
0.12835	-0.030738	3.3257	0.2311	0.63296	4.6118	-0.13315	-0.26594	5.0635	0	0
0.11245	1.1443	3.0442	-0.41335	1.134	4.6148	0.23795	1.2918	4.5479	0	0
-0.1763	0.49556	3.5437	-0.15805	-0.24374	4.5619	-0.13315	-0.26594	5.0635	0	0
-0.1763	0.49556	3.5437	-0.13315	-0.26594	5.0635	-0.39075	0.5507	5.3515	0	0
-0.1763	0.49556	3.5437	-0.41335	1.134	4.6148	-0.39075	0.5507	5.3515	0	0
-0.15805	-0.24374	3.5356	-0.2666	-0.57164	4.7374	-0.13315	-0.26594	5.0635	0	0
-0.2666	-0.57164	3.7111	-0.13315	-0.26594	5.0635	-0.40125	-0.59064	5.3859	0	0
0.2311	0.63296	3.5854	-0.13315	-0.26594	5.0635	0.035852	0.38686	5.6041	0	0
0.2311	0.63296	3.5854	0.035852	0.38686	5.6041	0.60185	0.89616	4.6843	0	0
-0.13315	-0.26594	4.0372	-0.36955	-0.2854	5.3799	-0.40125	-0.59064	5.3859	0	0
-0.13315	-0.26594	4.0372	-0.36955	-0.2854	5.3799	0.035852	0.38686	5.6041	0	0
-0.41335	1.134	3.5884	0.23795	1.2918	4.5479	-0.40672	1.1238	5.295	0	0
-0.41335	1.134	3.5884	-0.39075	0.5507	5.3515	-0.40672	1.1238	5.295	0	0
0.23795	1.2918	3.5216	0.2735	1.0969	5.3112	0.60185	0.89616	4.6843	0	0
0.23795	1.2918	3.5216	0.2735	1.0969	5.3112	-0.40672	1.1238	5.295	0	0
-0.36955	-0.2854	4.3535	-0.40125	-0.59064	5.3859	-0.32761	-0.32944	6.058	0	0
-0.36955	-0.2854	4.3535	0.035852	0.38686	5.6041	-0.32761	-0.32944	6.058	0	0
-0.40125	-0.59064	4.3596	-0.32761	-0.32944	6.058	-0.45215	-0.71554	6.0998	0	0
-0.39075	0.5507	4.3252	0.035852	0.38686	5.6041	0.2735	1.0969	5.3112	0	0
-0.39075	0.5507	4.3252	0.2735	1.0969	5.3112	-0.40672	1.1238	5.295	0	0
0.035852	0.38686	4.5778	0.2735	1.0969	5.3112	0.32645	1.112	6.0266	0	0
0.035852	0.38686	4.5778	-0.32761	-0.32944	6.058	-0.1037	0.50781	6.0765	0	0
0.035852	0.38686	4.5778	0.32645	1.112	6.0266	-0.1037	0.50781	6.0765	0	0
0.2735	1.0969	4.2849	0.60185	0.89616	4.6843	0.32645	1.112	6.0266	0	0
-0.32761	-0.32944	5.0317	-0.45215	-0.71554	6.0998	-0.3167	-0.29826	6.6523	0	0
-0.32761	-0.32944	5.0317	-0.1037	0.50781	6.0765	-0.3167	-0.29826	6.6523	0	0
0.32645	1.112	5.0003	-0.1037	0.50781	6.0765	0.30095	1.1021	6.8031	0	0
-0.45215	-0.71554	5.0735	-0.3167	-0.29826	6.6523	-0.59195	-0.91369	6.7385	0	0
-0.1037	0.50781	5.0502	-0.3167	-0.29826	6.6523	-0.13598	0.39563	6.7364	0	0
-0.1037	0.50781	5.0502	-0.13598	0.39563	6.7364	0.30095	1.1021	6.8031	0	0
-0.3167	-0.29826	5.6259	-0.13598	0.39563	6.7364	-0.42788	-0.25034	7.4039	0	0
-0.3167	-0.29826	5.6259	-0.59195	-0.91369	6.7385	-0.42788	-0.25034	7.4039	0	0
-0.13598	0.39563	5.7101	0.30095	1.1021	6.8031	-0.11615	0.77816	7.5529	0	0
-0.13598	0.39563	5.7101	-0.42788	-0.25034	7.4039	-0.11615	0.77816	7.5529	0	0
-0.59195	-0.91369	5.7121	-0.42788	-0.25034	7.4039	-0.56585	-0.73734	7.548	0	0
-0.59195	-0.91369	5.7121	-0.94701	-1.0701	7.415	-0.56585	-0.73734	7.548	0	0
0.30095	1.1021	5.7767	-0.11615	0.77816	7.5529	0.2734	1.0952	7.5373	0	0
-0.42788	-0.25034	6.3776	-0.56585	-0.73734	7.548	-0.4124	-0.22374	8.0443	0	0
-0.42788	-0.25034	6.3776	-0.54988	0.3956	7.5862	-0.11615	0.77816	7.5529	0	0
-0.42788	-0.25034	6.3776	-0.54988	0.3956	7.5862	-0.4124	-0.22374	8.0443	0	0
-0.94701	-1.0701	6.3887	-0.56585	-0.73734	7.548	-0.62795	-0.78214	8.0021	0	0
-0.94701	-1.0701	6.3887	-0.62795	-0.78214	8.0021	-1.0538	-0.90764	8.1021	0	0
-0.56585	-0.73734	6.5217	-0.4124	-0.22374	8.0443	-0.62795	-0.78214	8.0021	0	0
-0.54988	0.3956	6.5599	-0.11615	0.77816	7.5529	-0.51378	1.1669	7.4114	0	0
-0.54988	0.3956	6.5599	-0.51378	1.1669	7.4114	-0.4791	1.2056	8.0208	0	0
-0.54988	0.3956	6.5599	-0.4124	-0.22374	8.0443	-0.4438	0.46864	8.0486	0	0
-0.54988	0.3956	6.5599	-0.4438	0.46864	8.0486	-0.4791	1.2056	8.0208	0	0
-0.11615	0.77816	6.5266	-0.51378	1.1669	7.4114	0.2734	1.0952	7.5373	0	0
-0.51378	1.1669	6.385	0.2734	1.0952	7.5373	0.026352	1.5502	7.4657	0	0
-0.51378	1.1669	6.385	0.026352	1.5502	7.4657	-0.28695	1.5502	7.7489	0	0
-0.51378	1.1669	6.385	-0.28695	1.5502	7.7489	-0.4791	1.2056	8.0208	0	0
0.2734	1.0952	6.511	-0.4124	-0.22374	8.0443	0.2581	1.0921	8.0847	0	0
0.2734	1.0952	6.511	0.026352	1.5502	7.4657	0.2581	1.0921	8.0847	0	0
-0.4124	-0.22374	7.0179	-0.62795	-0.78214	8.0021	-0.89135	-0.40644	8.3197	0	0
-0.4124	-0.22374	7.0179	-0.4438	0.46864	8.0486	-0.89135	-0.40644	8.3197	0	0
-0.4124	-0.22374	7.0179	0.2581	1.0921	8.0847	0.18565	0.81736	8.7878	0	0
-0.4124	-0.22374	7.0179	0.18565	0.81736	8.7878	-0.4245	-0.22426	8.8192	0	0
-0.62795	-0.78214	6.9758	-1.0538	-0.90764	8.1021	-0.89135	-0.40644	8.3197	0	0
-0.4438	0.46864	7.0223	-0.4791	1.2056	8.0208	-0.46324	0.48506	8.815	0	0
-0.4438	0.46864	7.0223	-0.89135	-0.40644	8.3197	-0.46324	0.48506	8.815	0	0
-1.0538	-0.90764	7.0758	-0.89135	-0.40644	8.3197	-0.54655	-0.74849	8.802	0	0
-1.0538	-0.90764	7.0758	-0.54655	-0.74849	8.802	-0.85995	-1.0273	9.7054	0	0
0.026352	1.5502	6.4394	-0.28695	1.5502	7.7489	-0.034448	1.5586	8.1141	0	0
0.026352	1.5502	6.4394	0.2581	1.0921	8.0847	-0.034448	1.5586	8.1141	0	0
-0.28695	1.5502	6.7226	-0.31265	1.5695	7.8874	-0.4791	1.2056	8.0208	0	0
-0.28695	1.5502	6.7226	-0.31265	1.5695	7.8874	-0.034448	1.5586	8.1141	0	0
0.2581	1.0921	7.0584	-0.034448	1.5586	8.1141	0.038052	1.586	8.4944	0	0
0.2581	1.0921	7.0584	0.038052	1.586	8.4944	0.15865	1.3202	8.8175	0	0
0.2581	1.0921	7.0584	0.18565	0.81736	8.7878	0.15865	1.3202	8.8175	0	0
-0.31265	1.5695	6.8611	-0.4791	1.2056	8.0208	-0.16725	1.5609	8.5345	0	0
-0.31265	1.5695	6.8611	-0.034448	1.5586	8.1141	-0.16725	1.5609	8.5345	0	0
-0.4791	1.2056	6.9945	-0.16725	1.5609	8.5345	-0.43757	1.192	8.8144	0	0
-0.4791	1.2056	6.9945	-0.46324	0.48506	8.815	-0.43757	1.192	8.8144	0	0
-0.89135	-0.40644	7.2934	-0.54655	-0.74849	8.802	-0.4245	-0.22426	8.8192	0	0
-0.89135	-0.40644	7.2934	-0.4245	-0.22426	8.8192	-0.46324	0.48506	8.815	0	0
-0.034448	1.5586	7.0878	0.038052	1.586	8.4944	-0.16725	1.5609	8.5345	0	0
0.038052	1.586	7.4681	-0.16725	1.5609	8.5345	-0.2822	1.5457	9.3801	0	0
0.038052	1.586	7.4681	0.15865	1.3202	8.8175	-0.2822	1.5457	9.3801	0	0
-0.16725	1.5609	7.5082	-0.43757	1.192	8.8144	-0.2822	1.5457	9.3801	0	0
0.18565	0.81736	7.7615	-0.4245	-0.22426	8.8192	0.099852	0.53146	9.6678	0	0
0.18565	0.81736	7.7615	0.15865	1.3202	8.8175	0.1686	1.0787	9.5365	0	0
0.18565	0.81736	7.7615	0.1686	1.0787	9.5365	0.099852	0.53146	9.6678	0	0
-0.54655	-0.74849	7.7756	-0.4245	-0.22426	8.8192	-0.54215	-0.73694	9.5497	0	0
-0.54655	-0.74849	7.7756	-0.54215	-0.73694	9.5497	-0.85995	-1.0273	9.7054	0	0
-0.4245	-0.22426	7.7929	-0.54215	-0.73694	9.5497	-0.40325	-0.23239	9.5557	0	0
-0.4245	-0.22426	7.7929	-0.40325	-0.23239	9.5557	0.099852	0.53146	9.6678	0	0
-0.46324	0.48506	7.7886	-0.43757	1.192	8.8144	-0.50717	0.49754	9.5691	0	0
-0.46324	0.48506	7.7886	-0.40325	-0.23239	9.5557	-0.50717	0.49754	9.5691	0	0
-0.43757	1.192	7.7881	-0.2822	1.5457	9.3801	-0.4315	1.1788	9.5592	0	0
-0.43757	1.192	7.7881	-0.50717	0.49754	9.5691	-0.4315	1.1788	9.5592	0	0
0.15865	1.3202	7.7912	-0.2822	1.5457	9.3801	0.1686	1.0787	9.5365	0	0
-0.54215	-0.73694	8.5234	-0.40325	-0.23239	9.5557	-0.39457	-0.35364	10.274	0	0
-0.54215	-0.73694	8.5234	-0.85995	-1.0273	9.7054	-0.65628	-0.8273	10.225	0	0
-0.54215	-0.73694	8.5234	-0.65628	-0.8273	10.225	-0.39457	-0.35364	10.274	0	0
-0.40325	-0.23239	8.5294	-0.50717	0.49754	9.5691	-0.50472	0.53016	10.263	0	0
-0.40325	-0.23239	8.5294	-0.39457	-0.35364	10.274	-0.50472	0.53016	10.263	0	0
-0.2822	1.5457	8.3537	0.1686	1.0787	9.5365	-0.016698	1.5936	10.331	0	0
-0.2822	1.5457	8.3537	-0.4315	1.1788	9.5592	-0.25145	1.5798	10.313	0	0
-0.2822	1.5457	8.3537	-0.25145	1.5798	10.313	-0.016698	1.5936	10.331	0	0
0.1686	1.0787	8.5102	0.099852	0.53146	9.6678	0.23665	0.83626	10.139	0	0
0.1686	1.0787	8.5102	0.23665	0.83626	10.139	0.10795	1.333	10.31	0	0
0.1686	1.0787	8.5102	-0.016698	1.5936	10.331	0.10795	1.333	10.31	0	0
-0.50717	0.49754	8.5427	-0.4315	1.1788	9.5592	-0.50472	0.53016	10.263	0	0
0.099852	0.53146	8.6415	-0.39457	-0.35364	10.274	0.23665	0.83626	10.139	0	0
-0.65628	-0.8273	9.1986	-0.39457	-0.35364	10.274	-0.42485	-0.68119	11.11	0	0
-0.39457	-0.35364	9.2478	0.23665	0.83626	10.139	0.17135	0.54336	11.136	0	0
-0.39457	-0.35364	9.2478	-0.50472	0.53016	10.263	-0.35848	-0.20897	10.899	0	0
-0.39457	-0.35364	9.2478	-0.35848	-0.20897	10.899	-0.42485	-0.68119	11.11	0	0
-0.4315	1.1788	8.5329	-0.50472	0.53016	10.263	-0.4806	1.1799	10.32	0	0
-0.4315	1.1788	8.5329	-0.4806	1.1799	10.32	-0.25145	1.5798	10.313	0	0
0.23665	0.83626	9.1124	0.10795	1.333	10.31	0.21739	1.0475	10.913	0	0
0.23665	0.83626	9.1124	0.21739	1.0475	10.913	0.17135	0.54336	11.136	0	0
-0.50472	0.53016	9.2364	-0.4806	1.1799	10.32	-0.40839	0.43862	10.972	0	0
-0.50472	0.53016	9.2364	-0.35848	-0.20897	10.899	-0.40839	0.43862	10.972	0	0
-0.4806	1.1799	9.2938	-0.25145	1.5798	10.313	-0.36515	1.6128	11.053	0	0
-0.4806	1.1799	9.2938	-0.36515	1.6128	11.053	-0.52258	1.2767	11.081	0	0
-0.4806	1.1799	9.2938	-0.52258	1.2767	11.081	-0.40839	0.43862	10.972	0	0
-0.35848	-0.20897	9.8729	-0.40839	0.43862	10.972	-0.3805	-0.25454	11.548	0	0
-0.35848	-0.20897	9.8729	-0.42485	-0.68119	11.11	-0.3805	-0.25454	11.548	0	0
-0.25145	1.5798	9.2866	-0.016698	1.5936	10.331	-0.36515	1.6128	11.053	0	0
-0.016698	1.5936	9.3044	0.10795	1.333	10.31	-0.012848	1.6031	11.064	0	0
-0.016698	1.5936	9.3044	-0.012848	1.6031	11.064	-0.36515	1.6128	11.053	0	0
0.10795	1.333	9.284	0.21739	1.0475	10.913	-0.012848	1.6031	11.064	0	0
0.21739	1.0475	9.8871	-0.012848	1.6031	11.064	0.2639	1.1164	11.541	0	0
0.21739	1.0475	9.8871	0.17135	0.54336	11.136	0.2639	1.1164	11.541	0	0
-0.36515	1.6128	10.026	-0.52258	1.2767	11.081	-0.51385	1.2237	11.577	0	0
-0.52258	1.2767	10.054	-0.40839	0.43862	10.972	-0.47425	0.49099	11.542	0	0
-0.52258	1.2767	10.054	-0.47425	0.49099	11.542	-0.51385	1.2237	11.577	0	0
-0.40839	0.43862	9.946	-0.3805	-0.25454	11.548	-0.47425	0.49099	11.542	0	0
0.17135	0.54336	10.11	0.14235	0.54886	11.383	0.2639	1.1164	11.541	0	0
-0.42485	-0.68119	10.083	-0.3805	-0.25454	11.548	-0.73568	-0.83094	11.678	0	0
-0.3805	-0.25454	10.522	-0.73568	-0.83094	11.678	-0.96105	-0.55514	11.959	0	0
-0.3805	-0.25454	10.522	-0.47425	0.49099	11.542	-0.45897	0.4671	12.308	0	0
-0.3805	-0.25454	10.522	-0.96105	-0.55514	11.959	-0.37735	-0.30974	12.377	0	0
-0.3805	-0.25454	10.522	-0.37735	-0.30974	12.377	-0.45897	0.4671	12.308	0	0
-0.73568	-0.83094	10.652	-0.96105	-0.55514	11.959	-0.86515	-0.80664	12.027	0	0
-0.47425	0.49099	10.516	-0.51385	1.2237	11.577	-0.46937	1.2148	12.265	0	0
-0.47425	0.49099	10.516	-0.45897	0.4671	12.308	-0.46937	1.2148	12.265	0	0
-0.96105	-0.55514	10.932	-0.86515	-0.80664	12.027	-0.37735	-0.30974	12.377	0	0
-0.86515	-0.80664	11.001	-0.68505	-0.91876	12.451	-0.37735	-0.30974	12.377	0	0
-0.68505	-0.91876	11.424	-0.37735	-0.30974	12.377	-0.6718	-0.79579	12.916	0	0
-0.37735	-0.30974	11.351	-0.45897	0.4671	12.308	-0.45517	0.47934	13.071	0	0
-0.37735	-0.30974	11.351	-0.6718	-0.79579	12.916	-0.38811	-0.35657	12.961	0	0
-0.37735	-0.30974	11.351	-0.38811	-0.35657	12.961	-0.45517	0.47934	13.071	0	0
-0.45897	0.4671	11.282	-0.46937	1.2148	12.265	-0.3675	1.1734	13.003	0	0
-0.45897	0.4671	11.282	-0.45517	0.47934	13.071	-0.3675	1.1734	13.003	0	0
-0.6718	-0.79579	11.89	-0.38811	-0.35657	12.961	-0.42152	-0.31249	13.655	0	0
-0.6718	-0.79579	11.89	-0.42152	-0.31249	13.655	-0.48425	-0.71459	13.816	0	0
-0.38811	-0.35657	11.934	-0.45517	0.47934	13.071	-0.42152	-0.31249	13.655	0	0
-0.46937	1.2148	11.239	0.3201	1.1734	12.319	0.44915	1.7967	12.608	0	0
-0.46937	1.2148	11.239	-0.3675	1.1734	13.003	0.27305	1.7982	12.942	0	0
-0.46937	1.2148	11.239	0.44915	1.7967	12.608	0.27305	1.7982	12.942	0	0
-0.45517	0.47934	12.045	-0.3675	1.1734	13.003	-0.41085	1.0843	13.778	0	0
-0.45517	0.47934	12.045	-0.42152	-0.31249	13.655	-0.4279	0.48226	13.809	0	0
-0.45517	0.47934	12.045	-0.4279	0.48226	13.809	-0.41085	1.0843	13.778	0	0
-0.3675	1.1734	11.976	0.27305	1.7982	12.942	0.2212	1.1343	13.055	0	0
-0.42152	-0.31249	12.628	-0.48425	-0.71459	13.816	-0.34132	-0.30249	14.365	0	0
-0.42152	-0.31249	12.628	-0.4279	0.48226	13.809	-0.34132	-0.30249	14.365	0	0
-0.48425	-0.71459	12.79	-0.34132	-0.30249	14.365	-0.3805	-0.66844	14.533	0	0
-0.4279	0.48226	12.782	-0.34132	-0.30249	14.365	-0.45917	0.47431	14.571	0	0
-0.4279	0.48226	12.782	-0.41085	1.0843	13.778	-0.43095	1.0746	14.544	0	0
-0.4279	0.48226	12.782	-0.45917	0.47431	14.571	-0.43095	1.0746	14.544	0	0
-0.34132	-0.30249	13.339	-0.3805	-0.66844	14.533	-0.88565	-0.52164	15.158	0	0
-0.34132	-0.30249	13.339	-0.45917	0.47431	14.571	-0.88565	-0.52164	15.158	0	0
-0.3805	-0.66844	13.506	-0.45015	-0.71134	15.077	-0.88565	-0.52164	15.158	0	0
-0.45917	0.47431	13.544	-0.88565	-0.52164	15.158	-0.42075	0.48256	15.058	0	0
-0.45917	0.47431	13.544	-0.43095	1.0746	14.544	-0.42075	0.48256	15.058	0	0
-0.45015	-0.71134	14.05	-0.88565	-0.52164	15.158	-0.96415	-0.59844	15.237	0	0
-0.45015	-0.71134	14.05	-0.96415	-0.59844	15.237	-0.41911	-0.86022	15.823	0	0
-0.88565	-0.52164	14.132	-0.96415	-0.59844	15.237	-0.9813	-0.23194	15.939	0	0
-0.88565	-0.52164	14.132	-0.42075	0.48256	15.058	-0.9813	-0.23194	15.939	0	0
-0.36742	-0.36009	14.155	-0.42075	0.48256	15.058	0.16885	0.67156	15.048	0	0
-0.96415	-0.59844	14.211	-0.41911	-0.86022	15.823	-0.88385	-0.74594	16.35	0	0
-0.96415	-0.59844	14.211	-0.88385	-0.74594	16.35	-0.9813	-0.23194	15.939	0	0
-0.43095	1.0746	13.518	-0.42075	0.48256	15.058	-0.24235	1.0866	15.056	0	0
-0.42075	0.48256	14.032	0.16885	0.67156	15.048	-0.24235	1.0866	15.056	0	0
-0.42075	0.48256	14.032	-0.2845	1.1115	15.833	-0.41087	0.47619	15.805	0	0
-0.42075	0.48256	14.032	-0.41087	0.47619	15.805	-0.9813	-0.23194	15.939	0	0
0.16885	0.67156	14.021	-0.24235	1.0866	15.056	0.038752	1.0985	14.99	0	0
-0.2845	1.1115	14.806	0.086652	1.0978	15.893	-0.40285	1.0613	16.442	0	0
-0.2845	1.1115	14.806	-0.41087	0.47619	15.805	-0.40285	1.0613	16.442	0	0
0.15923	0.66041	14.794	0.086652	1.0978	15.893	0.19095	0.60506	16.561	0	0
0.086652	1.0978	14.867	-0.40285	1.0613	16.442	0.098052	1.2044	16.563	0	0
0.086652	1.0978	14.867	0.098052	1.2044	16.563	0.19095	0.60506	16.561	0	0
-0.41087	0.47619	14.779	-0.33885	0.3976	16.548	-0.40285	1.0613	16.442	0	0
-0.41087	0.47619	14.779	-0.33885	0.3976	16.548	-0.9813	-0.23194	15.939	0	0
-0.41911	-0.86022	14.797	-0.88385	-0.74594	16.35	-0.40575	-0.89959	16.375	0	0
0.0025521	-0.12704	15.073	-0.3584	-0.28179	16.533	-0.13335	-0.68374	16.621	0	0
0.0025521	-0.12704	15.073	-0.3584	-0.28179	16.533	-0.33885	0.3976	16.548	0	0
0.0025521	-0.12704	15.073	-0.13335	-0.68374	16.621	0.14772	-0.31664	17.336	0	0
0.0025521	-0.12704	15.073	-0.33885	0.3976	16.548	0.19095	0.60506	16.561	0	0
0.0025521	-0.12704	15.073	0.19095	0.60506	16.561	0.14772	-0.31664	17.336	0	0
-0.88385	-0.74594	15.324	-0.40575	-0.89959	16.375	-0.62545	-0.83467	17.168	0	0
-0.88385	-0.74594	15.324	-0.3584	-0.28179	16.533	-0.97425	-0.35344	16.392	0	0
-0.88385	-0.74594	15.324	-0.62545	-0.83467	17.168	-0.8889	-0.31899	17.315	0	0
-0.88385	-0.74594	15.324	-0.9813	-0.23194	15.939	-0.97425	-0.35344	16.392	0	0
-0.40575	-0.89959	15.348	-0.13335	-0.68374	16.621	-0.62545	-0.83467	17.168	0	0
-0.3584	-0.28179	15.506	-0.13335	-0.68374	16.621	-0.62545	-0.83467	17.168	0	0
-0.3584	-0.28179	15.506	-0.33885	0.3976	16.548	-0.97425	-0.35344	16.392	0	0
-0.3584	-0.28179	15.506	-0.62545	-0.83467	17.168	-0.42971	-0.24287	17.25	0	0
-0.13335	-0.68374	15.594	0.14772	-0.31664	17.336	0.13693	-0.69866	17.265	0	0
-0.33885	0.3976	15.521	-0.40285	1.0613	16.442	-0.38725	0.43935	17.265	0	0
-0.33885	0.3976	15.521	-0.42971	-0.24287	17.25	-0.38725	0.43935	17.265	0	0
-0.33885	0.3976	15.521	-0.9813	-0.23194	15.939	-0.97425	-0.35344	16.392	0	0
-0.40285	1.0613	15.416	0.098052	1.2044	16.563	-0.15665	1.2386	17.304	0	0
-0.40285	1.0613	15.416	-0.38725	0.43935	17.265	-0.15665	1.2386	17.304	0	0
0.098052	1.2044	15.537	0.19095	0.60506	16.561	0.2491	0.60551	17.313	0	0
0.098052	1.2044	15.537	0.2491	0.60551	17.313	0.062652	1.2484	17.309	0	0
0.098052	1.2044	15.537	-0.15665	1.2386	17.304	0.062652	1.2484	17.309	0	0
-0.62545	-0.83467	16.142	-0.8889	-0.31899	17.315	-0.29075	-0.65094	18.07	0	0
-0.62545	-0.83467	16.142	-0.29075	-0.65094	18.07	0.13693	-0.69866	17.265	0	0
-0.42971	-0.24287	16.224	-0.38725	0.43935	17.265	-0.62165	0.4732	17.91	0	0
-0.42971	-0.24287	16.224	-0.55715	-0.25834	18.062	-0.62165	0.4732	17.91	0	0
-0.42971	-0.24287	16.224	-0.55715	-0.25834	18.062	-0.29075	-0.65094	18.07	0	0
-0.38725	0.43935	16.239	0.2491	0.60551	17.313	-0.15665	1.2386	17.304	0	0
-0.38725	0.43935	16.239	-0.62165	0.4732	17.91	-0.38205	1.0578	18.07	0	0
0.19095	0.60506	15.535	0.2491	0.60551	17.313	0.14772	-0.31664	17.336	0	0
-0.8889	-0.31899	16.288	-0.9936	0.070962	17.954	-0.34635	-0.56554	18.285	0	0
-0.8889	-0.31899	16.288	-0.29075	-0.65094	18.07	-0.34635	-0.56554	18.285	0	0
0.2491	0.60551	16.286	0.062652	1.2484	17.309	0.10355	1.2579	18.077	0	0
0.2491	0.60551	16.286	0.10355	1.2579	18.077	0.21259	0.4143	18.048	0	0
0.2491	0.60551	16.286	0.21259	0.4143	18.048	0.14772	-0.31664	17.336	0	0
-0.15665	1.2386	16.278	0.062652	1.2484	17.309	-0.073448	1.5697	17.597	0	0
0.062652	1.2484	16.282	-0.073448	1.5697	17.597	0.10355	1.2579	18.077	0	0
-0.9936	0.070962	16.928	-0.55715	-0.25834	18.062	-0.62165	0.4732	17.91	0	0
-0.9936	0.070962	16.928	-0.62165	0.4732	17.91	-0.57545	0.52846	18.614	0	0
-0.073448	1.5697	16.57	0.10355	1.2579	18.077	-0.23995	1.5602	18.699	0	0
-0.62165	0.4732	16.884	-0.38205	1.0578	18.07	-0.57545	0.52846	18.614	0	0
-0.38205	1.0578	17.044	-0.57545	0.52846	18.614	-0.45155	1.1916	18.521	0	0
0.10355	1.2579	17.05	0.21259	0.4143	18.048	0.16085	1.0296	18.564	0	0
0.10355	1.2579	17.05	-0.23995	1.5602	18.699	0.16085	1.0296	18.564	0	0
0.022952	-0.076438	17.013	0.21259	0.4143	18.048	0.14772	-0.31664	17.336	0	0
0.022952	-0.076438	17.013	0.21259	0.4143	18.048	0.083602	0.26871	18.527	0	0
0.022952	-0.076438	17.013	-0.29075	-0.65094	18.07	-0.34635	-0.56554	18.285	0	0
0.022952	-0.076438	17.013	-0.29075	-0.65094	18.07	0.14772	-0.31664	17.336	0	0
0.022952	-0.076438	17.013	-0.34635	-0.56554	18.285	-0.33482	-0.38494	18.527	0	0
0.022952	-0.076438	17.013	-0.33482	-0.38494	18.527	0.083602	0.26871	18.527	0	0
0.21259	0.4143	17.022	0.083602	0.26871	18.527	0.16085	1.0296	18.564	0	0
-0.29075	-0.65094	17.044	0.14772	-0.31664	17.336	0.13693	-0.69866	17.265	0	0
-0.34635	-0.56554	17.259	-0.33482	-0.38494	18.527	-0.30967	-0.65984	19.43	0	0
-0.33482	-0.38494	17.501	0.083602	0.26871	18.527	-0.3333	-0.25534	19.303	0	0
-0.33482	-0.38494	17.501	-0.3333	-0.25534	19.303	-0.30967	-0.65984	19.43	0	0
0.083602	0.26871	17.501	0.16085	1.0296	18.564	0.012912	0.41294	19.344	0	0
0.083602	0.26871	17.501	-0.3333	-0.25534	19.303	0.012912	0.41294	19.344	0	0
-0.57545	0.52846	17.588	-0.45155	1.1916	18.521	-0.46765	1.1308	19.26	0	0
-0.57545	0.52846	17.588	-0.3333	-0.25534	19.303	-0.70147	0.45576	19.303	0	0
-0.57545	0.52846	17.588	-0.70147	0.45576	19.303	-0.46765	1.1308	19.26	0	0
-0.45155	1.1916	17.494	-0.23995	1.5602	18.699	-0.46765	1.1308	19.26	0	0
-0.23995	1.5602	17.673	0.16085	1.0296	18.564	0.26243	1.0638	19.343	0	0
-0.23995	1.5602	17.673	-0.46765	1.1308	19.26	-0.2114	1.6082	19.361	0	0
-0.23995	1.5602	17.673	0.26243	1.0638	19.343	-0.015798	1.6102	19.449	0	0
-0.23995	1.5602	17.673	-0.2114	1.6082	19.361	-0.015798	1.6102	19.449	0	0
0.16085	1.0296	17.538	0.012912	0.41294	19.344	0.26243	1.0638	19.343	0	0
-0.3333	-0.25534	18.277	-0.30967	-0.65984	19.43	-0.35305	-0.28614	20.053	0	0
-0.3333	-0.25534	18.277	-0.70147	0.45576	19.303	-0.70195	0.43951	20.061	0	0
-0.3333	-0.25534	18.277	0.012912	0.41294	19.344	-0.35305	-0.28614	20.053	0	0
-0.3333	-0.25534	18.277	-0.70195	0.43951	20.061	-0.10255	0.48991	20.051	0	0
-0.30967	-0.65984	18.403	-0.35305	-0.28614	20.053	-0.2813	-0.69894	20.021	0	0
-0.70147	0.45576	18.277	-0.46765	1.1308	19.26	-0.501	1.2706	20.018	0	0
-0.70147	0.45576	18.277	-0.70195	0.43951	20.061	-0.501	1.2706	20.018	0	0
-0.46765	1.1308	18.234	-0.2114	1.6082	19.361	-0.501	1.2706	20.018	0	0
0.012912	0.41294	18.317	0.26243	1.0638	19.343	0.28835	1.1383	19.911	0	0
0.012912	0.41294	18.317	-0.35305	-0.28614	20.053	-0.10255	0.48991	20.051	0	0
0.012912	0.41294	18.317	-0.10255	0.48991	20.051	0.28835	1.1383	19.911	0	0
0.26243	1.0638	18.316	-0.015798	1.6102	19.449	0.28835	1.1383	19.911	0	0
-0.2114	1.6082	18.335	-0.015798	1.6102	19.449	-0.26135	1.6477	20.091	0	0
-0.2114	1.6082	18.335	-0.501	1.2706	20.018	-0.26135	1.6477	20.091	0	0
-0.015798	1.6102	18.423	0.045752	1.7212	20.087	-0.26135	1.6477	20.091	0	0
-0.015798	1.6102	18.423	0.045752	1.7212	20.087	0.28835	1.1383	19.911	0	0
-0.70195	0.43951	19.035	-0.501	1.2706	20.018	-0.44551	1.2559	20.727	0	0
-0.70195	0.43951	19.035	-0.48658	0.37955	20.803	-0.44551	1.2559	20.727	0	0
-0.70195	0.43951	19.035	-0.48658	0.37955	20.803	-1.3729	0.25606	21.372	0	0
-0.35305	-0.28614	19.026	-0.2813	-0.69894	20.021	-0.30075	-0.65276	20.777	0	0
-0.35305	-0.28614	19.026	-0.10255	0.48991	20.051	-0.38382	-0.26259	20.793	0	0
-0.35305	-0.28614	19.026	-0.30075	-0.65276	20.777	-0.38382	-0.26259	20.793	0	0
-0.10255	0.48991	19.024	0.28835	1.1383	19.911	0.051352	0.73821	20.576	0	0
-0.10255	0.48991	19.024	-0.38382	-0.26259	20.793	0.051352	0.73821	20.576	0	0
-0.501	1.2706	18.992	-0.26135	1.6477	20.091	-0.44551	1.2559	20.727	0	0
0.045752	1.7212	19.061	-0.26135	1.6477	20.091	-0.44551	1.2559	20.727	0	0
0.045752	1.7212	19.061	0.28835	1.1383	19.911	0.58715	1.316	20.14	0	0
0.045752	1.7212	19.061	-0.44551	1.2559	20.727	0.34502	1.172	20.878	0	0
0.045752	1.7212	19.061	0.58715	1.316	20.14	0.34502	1.172	20.878	0	0
0.28835	1.1383	18.885	0.58715	1.316	20.14	0.051352	0.73821	20.576	0	0
-0.30075	-0.65276	19.751	-0.38382	-0.26259	20.793	-0.423	-0.26574	21.556	0	0
-0.30075	-0.65276	19.751	-0.3939	-0.77024	21.538	-0.423	-0.26574	21.556	0	0
-0.38382	-0.26259	19.767	0.051352	0.73821	20.576	0.2381	0.44926	21.314	0	0
-0.38382	-0.26259	19.767	-0.423	-0.26574	21.556	0.2381	0.44926	21.314	0	0
-0.48658	0.37955	19.777	-0.44551	1.2559	20.727	-0.54335	1.2539	21.341	0	0
-0.48658	0.37955	19.777	-0.39635	0.5562	21.475	0.2381	0.44926	21.314	0	0
-0.48658	0.37955	19.777	-0.39635	0.5562	21.475	-1.3729	0.25606	21.372	0	0
-0.44551	1.2559	19.701	0.34502	1.172	20.878	-0.54335	1.2539	21.341	0	0
0.58715	1.316	19.114	0.051352	0.73821	20.576	0.656	1.2231	20.593	0	0
0.051352	0.73821	19.55	0.34502	1.172	20.878	0.656	1.2231	20.593	0	0
0.051352	0.73821	19.55	0.34502	1.172	20.878	0.2381	0.44926	21.314	0	0
-0.3939	-0.77024	20.511	-0.423	-0.26574	21.556	-0.59085	-0.65714	22.028	0	0
0.34502	1.172	19.851	-0.54335	1.2539	21.341	0.95315	1.598	21.969	0	0
0.34502	1.172	19.851	0.656	1.2231	20.593	0.85285	1.191	21.302	0	0
0.34502	1.172	19.851	0.3645	0.98856	21.495	0.85285	1.191	21.302	0	0
0.34502	1.172	19.851	0.3645	0.98856	21.495	0.2381	0.44926	21.314	0	0
-0.54335	1.2539	20.315	-0.25505	1.1246	22.068	0.95315	1.598	21.969	0	0
0.3645	0.98856	20.468	0.19025	1.0859	22.049	0.21475	0.67251	22.012	0	0
0.3645	0.98856	20.468	0.19025	1.0859	22.049	0.95315	1.598	21.969	0	0
0.3645	0.98856	20.468	0.85285	1.191	21.302	0.95315	1.598	21.969	0	0
0.3645	0.98856	20.468	0.21475	0.67251	22.012	0.2381	0.44926	21.314	0	0
-0.39635	0.5562	20.449	-0.423	-0.26574	21.556	-0.415	0.47006	22.041	0	0
-0.39635	0.5562	20.449	-0.423	-0.26574	21.556	-1.105	-0.074787	21.691	0	0
-0.39635	0.5562	20.449	-0.415	0.47006	22.041	0.2381	0.44926	21.314	0	0
-0.39635	0.5562	20.449	-1.105	-0.074787	21.691	-1.3729	0.25606	21.372	0	0
-0.423	-0.26574	20.53	-0.415	0.47006	22.041	-0.35988	-0.3019	22.122	0	0
-0.423	-0.26574	20.53	-0.59085	-0.65714	22.028	-1.105	-0.074787	21.691	0	0
-0.423	-0.26574	20.53	-0.35988	-0.3019	22.122	0.3372	-0.36624	22.18	0	0
-0.423	-0.26574	20.53	0.2381	0.44926	21.314	0.3372	-0.36624	22.18	0	0
-0.415	0.47006	21.015	-0.35988	-0.3019	22.122	-0.47126	0.4628	22.806	0	0
-0.415	0.47006	21.015	-0.25505	1.1246	22.068	0.21475	0.67251	22.012	0	0
-0.415	0.47006	21.015	-0.25505	1.1246	22.068	-0.26585	1.0335	22.716	0	0
-0.415	0.47006	21.015	0.21475	0.67251	22.012	0.2381	0.44926	21.314	0	0
-0.415	0.47006	21.015	-0.47126	0.4628	22.806	-0.26585	1.0335	22.716	0	0
-0.59085	-0.65714	21.002	-0.35988	-0.3019	22.122	-0.6199	-0.31859	22.825	0	0
-0.59085	-0.65714	21.002	-1.105	-0.074787	21.691	-1.1567	-0.12344	22.002	0	0
-0.59085	-0.65714	21.002	-1.1567	-0.12344	22.002	-1.1862	-0.4681	22.686	0	0
-0.59085	-0.65714	21.002	-0.6199	-0.31859	22.825	-1.1862	-0.4681	22.686	0	0
-0.35988	-0.3019	21.095	-0.56622	-0.76911	22.772	0.154	-0.21294	22.793	0	0
-0.35988	-0.3019	21.095	-0.47126	0.4628	22.806	-0.6199	-0.31859	22.825	0	0
-0.35988	-0.3019	21.095	0.154	-0.21294	22.793	0.3372	-0.36624	22.18	0	0
-0.25505	1.1246	21.041	0.19025	1.0859	22.049	0.21475	0.67251	22.012	0	0
-0.25505	1.1246	21.041	0.19025	1.0859	22.049	0.011352	1.0912	22.825	0	0
-0.25505	1.1246	21.041	-0.26585	1.0335	22.716	0.011352	1.0912	22.825	0	0
0.19025	1.0859	21.022	0.95315	1.598	21.969	0.011352	1.0912	22.825	0	0
0.85285	1.191	20.275	0.2381	0.44926	21.314	0.65595	-0.22354	22.245	0	0
-0.56622	-0.76911	21.746	-0.61585	-0.67474	23.591	-0.6199	-0.31859	22.825	0	0
-0.56622	-0.76911	21.746	-0.61585	-0.67474	23.591	-1.0935	-0.92016	22.872	0	0
-0.56622	-0.76911	21.746	-0.6199	-0.31859	22.825	-1.1862	-0.4681	22.686	0	0
-0.56622	-0.76911	21.746	-1.1862	-0.4681	22.686	-1.0935	-0.92016	22.872	0	0
-0.56622	-0.76911	21.746	0.154	-0.21294	22.793	0.3931	-0.63109	22.812	0	0
-0.47126	0.4628	21.78	-0.26585	1.0335	22.716	-0.45125	0.44716	23.551	0	0
-0.47126	0.4628	21.78	-0.6199	-0.31859	22.825	-0.45125	0.44716	23.551	0	0
-0.26585	1.0335	21.69	0.011352	1.0912	22.825	-0.19085	1.1827	23.58	0	0
-0.26585	1.0335	21.69	-0.45125	0.44716	23.551	-0.19085	1.1827	23.58	0	0
-0.61585	-0.67474	22.565	0.059185	-0.32804	23.606	-0.69795	-0.32734	23.565	0	0
-0.61585	-0.67474	22.565	0.059185	-0.32804	23.606	0.34065	-0.69554	23.591	0	0
-0.61585	-0.67474	22.565	-0.6199	-0.31859	22.825	-0.69795	-0.32734	23.565	0	0
-0.61585	-0.67474	22.565	-1.0935	-0.92016	22.872	-1.2522	-1.1001	23.588	0	0
-0.61585	-0.67474	22.565	-1.2522	-1.1001	23.588	-0.88495	-0.79124	24.23	0	0
-0.61585	-0.67474	22.565	-0.65755	-0.88027	24.238	-0.88495	-0.79124	24.23	0	0
-0.61585	-0.67474	22.565	-0.65755	-0.88027	24.238	0.20085	-0.77226	24.295	0	0
-0.61585	-0.67474	22.565	0.20085	-0.77226	24.295	0.34065	-0.69554	23.591	0	0
0.059185	-0.32804	22.58	0.2188	0.55101	23.55	-0.45125	0.44716	23.551	0	0
0.059185	-0.32804	22.58	0.2188	0.55101	23.55	0.25115	-0.20677	24.211	0	0
0.059185	-0.32804	22.58	-0.45125	0.44716	23.551	-0.56201	-0.20524	24.273	0	0
0.059185	-0.32804	22.58	-0.56201	-0.20524	24.273	0.20085	-0.77226	24.295	0	0
0.059185	-0.32804	22.58	0.20085	-0.77226	24.295	0.25115	-0.20677	24.211	0	0
0.059185	-0.32804	22.58	0.34065	-0.69554	23.591	0.3931	-0.63109	22.812	0	0
0.011352	1.0912	21.799	0.036752	1.1831	23.557	-0.19085	1.1827	23.58	0	0
0.2381	0.44926	20.288	0.3372	-0.36624	22.18	0.65595	-0.22354	22.245	0	0
-1.105	-0.074787	20.664	-1.1567	-0.12344	22.002	-1.5789	-0.13094	22.108	0	0
-1.105	-0.074787	20.664	-1.3729	0.25606	21.372	-1.5789	-0.13094	22.108	0	0
-1.1567	-0.12344	20.976	-1.1862	-0.4681	22.686	-1.5789	-0.13094	22.108	0	0
0.2188	0.55101	22.524	0.036752	1.1831	23.557	0.35425	0.57406	24.307	0	0
0.2188	0.55101	22.524	0.35425	0.57406	24.307	0.25115	-0.20677	24.211	0	0
0.2188	0.55101	22.524	0.84775	-0.62624	23.106	0.88052	-0.3274	22.704	0	0
-0.6199	-0.31859	21.799	-0.69795	-0.32734	23.565	-0.45125	0.44716	23.551	0	0
-1.1862	-0.4681	21.66	-1.0935	-0.92016	22.872	-1.7044	-0.7402	22.887	0	0
-1.1862	-0.4681	21.66	-1.5789	-0.13094	22.108	-1.7044	-0.7402	22.887	0	0
-1.0935	-0.92016	21.846	-1.2522	-1.1001	23.588	-1.7044	-0.7402	22.887	0	0
-0.69795	-0.32734	22.539	-0.45125	0.44716	23.551	-0.9193	-0.076787	24.143	0	0
-0.69795	-0.32734	22.539	-0.88495	-0.79124	24.23	-0.9193	-0.076787	24.143	0	0
-0.45125	0.44716	22.525	-0.19085	1.1827	23.58	-0.48988	0.57153	24.206	0	0
-0.45125	0.44716	22.525	-0.48988	0.57153	24.206	-0.9193	-0.076787	24.143	0	0
0.036752	1.1831	22.53	-0.19085	1.1827	23.58	-0.070648	1.5571	24.502	0	0
0.036752	1.1831	22.53	0.35425	0.57406	24.307	0.092302	1.2865	24.319	0	0
0.036752	1.1831	22.53	0.092302	1.2865	24.319	-0.070648	1.5571	24.502	0	0
-1.2522	-1.1001	22.562	-0.88495	-0.79124	24.23	-1.895	-1.1264	23.905	0	0
-1.2522	-1.1001	22.562	-1.7044	-0.7402	22.887	-1.8615	-0.94627	23.51	0	0
-1.2522	-1.1001	22.562	-1.8615	-0.94627	23.51	-1.895	-1.1264	23.905	0	0
-0.65755	-0.88027	23.212	-0.88495	-0.79124	24.23	-0.56235	-0.98259	24.845	0	0
-0.65755	-0.88027	23.212	-0.56235	-0.98259	24.845	0.20085	-0.77226	24.295	0	0
-0.88495	-0.79124	23.204	-0.56235	-0.98259	24.845	-0.90285	-0.61954	24.875	0	0
-0.88495	-0.79124	23.204	-0.90285	-0.61954	24.875	-1.895	-1.1264	23.905	0	0
-0.88495	-0.79124	23.204	-0.9193	-0.076787	24.143	-0.9921	-0.30204	24.834	0	0
-0.19085	1.1827	22.553	-0.48988	0.57153	24.206	-0.22925	1.1973	24.317	0	0
-0.19085	1.1827	22.553	-0.22925	1.1973	24.317	-0.070648	1.5571	24.502	0	0
0.35425	0.57406	23.28	0.092302	1.2865	24.319	0.19245	1.2739	25.036	0	0
0.35425	0.57406	23.28	0.19245	1.2739	25.036	0.66172	0.44816	24.975	0	0
0.35425	0.57406	23.28	0.25115	-0.20677	24.211	0.6572	-0.24529	24.815	0	0
0.35425	0.57406	23.28	0.66172	0.44816	24.975	0.6572	-0.24529	24.815	0	0
-0.56201	-0.20524	23.247	-0.48988	0.57153	24.206	0.17749	-0.20924	24.888	0	0
-0.56201	-0.20524	23.247	-0.60445	-0.36564	25.114	-0.89945	0.26706	24.422	0	0
-0.56201	-0.20524	23.247	0.20085	-0.77226	24.295	0.17749	-0.20924	24.888	0	0
-0.48988	0.57153	23.179	-0.22925	1.1973	24.317	-0.44528	1.1017	24.921	0	0
-0.48988	0.57153	23.179	-0.4588	0.81476	25.072	-0.44528	1.1017	24.921	0	0
-0.48988	0.57153	23.179	-0.4588	0.81476	25.072	-0.89945	0.26706	24.422	0	0
-0.48988	0.57153	23.179	-0.9193	-0.076787	24.143	-0.89945	0.26706	24.422	0	0
-0.48988	0.57153	23.179	0.23865	0.44446	25.084	0.17749	-0.20924	24.888	0	0
-0.56235	-0.98259	23.818	-0.90285	-0.61954	24.875	-0.60445	-0.36564	25.114	0	0
-0.56235	-0.98259	23.818	-0.60445	-0.36564	25.114	0.10852	-0.74714	24.903	0	0
-0.56235	-0.98259	23.818	0.20085	-0.77226	24.295	0.10852	-0.74714	24.903	0	0
-0.90285	-0.61954	23.848	-0.60445	-0.36564	25.114	-0.9921	-0.30204	24.834	0	0
0.092302	1.2865	23.292	-0.070648	1.5571	24.502	0.19245	1.2739	25.036	0	0
-0.22925	1.1973	23.291	-0.070648	1.5571	24.502	-0.44528	1.1017	24.921	0	0
-0.070648	1.5571	23.476	0.19245	1.2739	25.036	-0.018081	1.6022	25.037	0	0
-0.070648	1.5571	23.476	-0.018081	1.6022	25.037	-0.44528	1.1017	24.921	0	0
-0.60445	-0.36564	24.087	-0.42345	-0.73714	25.519	-0.62845	-0.29764	25.565	0	0
-0.60445	-0.36564	24.087	-0.62845	-0.29764	25.565	-0.89475	-0.064838	25.368	0	0
-0.60445	-0.36564	24.087	0.10852	-0.74714	24.903	0.17749	-0.20924	24.888	0	0
-0.60445	-0.36564	24.087	-0.4588	0.81476	25.072	-0.89945	0.26706	24.422	0	0
-0.60445	-0.36564	24.087	-0.9921	-0.30204	24.834	-0.89475	-0.064838	25.368	0	0
-0.60445	-0.36564	24.087	0.10345	0.32781	25.549	0.17749	-0.20924	24.888	0	0
-0.42345	-0.73714	24.492	-0.62845	-0.29764	25.565	-0.1227	-0.41594	26.058	0	0
-0.42345	-0.73714	24.492	0.10852	-0.74714	24.903	0.15392	-0.8914	25.526	0	0
-0.42345	-0.73714	24.492	-0.1227	-0.41594	26.058	0.15392	-0.8914	25.526	0	0
-0.62845	-0.29764	24.539	-0.89475	-0.064838	25.368	-0.53875	-0.15177	26.196	0	0
-0.62845	-0.29764	24.539	-0.4519	0.44011	25.569	-0.1227	-0.41594	26.058	0	0
-0.62845	-0.29764	24.539	-0.53875	-0.15177	26.196	-0.39071	-0.69007	26.436	0	0
0.20085	-0.77226	23.269	0.10852	-0.74714	24.903	0.6572	-0.24529	24.815	0	0
0.20085	-0.77226	23.269	0.25115	-0.20677	24.211	0.6572	-0.24529	24.815	0	0
0.20085	-0.77226	23.269	0.34065	-0.69554	23.591	0.77965	-0.91354	23.662	0	0
0.10852	-0.74714	23.876	0.17749	-0.20924	24.888	0.6572	-0.24529	24.815	0	0
-0.4588	0.81476	24.045	0.23865	0.44446	25.084	0.19245	1.2739	25.036	0	0
-0.4588	0.81476	24.045	0.23865	0.44446	25.084	-0.4519	0.44011	25.569	0	0
-0.4588	0.81476	24.045	0.19245	1.2739	25.036	-0.44528	1.1017	24.921	0	0
-0.4588	0.81476	24.045	-0.4519	0.44011	25.569	-0.5612	1.2395	25.561	0	0
-0.9193	-0.076787	23.116	-0.9921	-0.30204	24.834	-0.89945	0.26706	24.422	0	0
0.23865	0.44446	24.058	0.19245	1.2739	25.036	0.3303	1.0826	25.548	0	0
0.23865	0.44446	24.058	0.10345	0.32781	25.549	-0.4519	0.44011	25.569	0	0
0.23865	0.44446	24.058	0.10345	0.32781	25.549	0.81262	0.58566	25.648	0	0
0.23865	0.44446	24.058	0.17749	-0.20924	24.888	0.66172	0.44816	24.975	0	0
0.23865	0.44446	24.058	0.66172	0.44816	24.975	0.81262	0.58566	25.648	0	0
0.19245	1.2739	24.009	-0.018081	1.6022	25.037	0.075752	1.721	25.588	0	0
0.19245	1.2739	24.009	0.075752	1.721	25.588	0.3303	1.0826	25.548	0	0
0.19245	1.2739	24.009	0.66172	0.44816	24.975	0.81262	0.58566	25.648	0	0
-0.9921	-0.30204	23.807	-0.89475	-0.064838	25.368	-1.0342	0.36408	24.889	0	0
-0.9921	-0.30204	23.807	-0.89945	0.26706	24.422	-1.0342	0.36408	24.889	0	0
-0.89475	-0.064838	24.341	-0.53875	-0.15177	26.196	-1.1659	0.45924	25.541	0	0
-0.89475	-0.064838	24.341	-1.0342	0.36408	24.889	-1.1659	0.45924	25.541	0	0
-0.018081	1.6022	24.011	0.075752	1.721	25.588	-0.20965	1.5844	25.621	0	0
-0.018081	1.6022	24.011	-0.20965	1.5844	25.621	-0.5612	1.2395	25.561	0	0
-0.018081	1.6022	24.011	-0.44528	1.1017	24.921	-0.5612	1.2395	25.561	0	0
0.075752	1.721	24.562	-0.20965	1.5844	25.621	-0.44435	1.6571	26.418	0	0
0.075752	1.721	24.562	0.3303	1.0826	25.548	0.1939	1.1617	26.29	0	0
0.075752	1.721	24.562	-0.44435	1.6571	26.418	0.37085	2.2796	26.511	0	0
-0.20965	1.5844	24.595	-0.5612	1.2395	25.561	-0.44435	1.6571	26.418	0	0
0.10345	0.32781	24.523	-0.4519	0.44011	25.569	0.11317	0.45303	26.287	0	0
0.10345	0.32781	24.523	0.17749	-0.20924	24.888	0.26805	-0.25924	25.715	0	0
0.10345	0.32781	24.523	0.26805	-0.25924	25.715	0.11317	0.45303	26.287	0	0
-0.4519	0.44011	24.542	-0.53875	-0.15177	26.196	-1.1918	0.54756	26.238	0	0
-0.4519	0.44011	24.542	-0.5612	1.2395	25.561	-0.5522	1.2715	26.074	0	0
-0.4519	0.44011	24.542	-0.5522	1.2715	26.074	0.11317	0.45303	26.287	0	0
-0.53875	-0.15177	25.169	-0.39071	-0.69007	26.436	-0.1227	-0.41594	26.058	0	0
-0.53875	-0.15177	25.169	-0.1227	-0.41594	26.058	0.11317	0.45303	26.287	0	0
-0.53875	-0.15177	25.169	0.11317	0.45303	26.287	-1.171	0.66716	27.045	0	0
-0.53875	-0.15177	25.169	-1.1918	0.54756	26.238	-1.171	0.66716	27.045	0	0
-0.44528	1.1017	23.895	-0.5612	1.2395	25.561	-1.0336	0.96496	25.703	0	0
-0.44528	1.1017	23.895	-0.89945	0.26706	24.422	-1.0342	0.36408	24.889	0	0
-0.44528	1.1017	23.895	-1.0342	0.36408	24.889	-1.0336	0.96496	25.703	0	0
-0.5612	1.2395	24.535	-0.5522	1.2715	26.074	-1.0336	0.96496	25.703	0	0
0.3303	1.0826	24.521	0.1939	1.1617	26.29	0.81262	0.58566	25.648	0	0
-0.5522	1.2715	25.047	-0.44435	1.6571	26.418	0.1939	1.1617	26.29	0	0
-0.5522	1.2715	25.047	-0.44435	1.6571	26.418	-1.0762	1.135	26.383	0	0
-0.5522	1.2715	25.047	0.11317	0.45303	26.287	0.1939	1.1617	26.29	0	0
-0.5522	1.2715	25.047	-1.0336	0.96496	25.703	-1.0762	1.135	26.383	0	0
-0.44435	1.6571	25.392	0.1939	1.1617	26.29	0.2694	1.8699	26.383	0	0
-0.44435	1.6571	25.392	0.2694	1.8699	26.383	-0.44275	1.8337	27.102	0	0
-0.44435	1.6571	25.392	-0.44275	1.8337	27.102	-1.1561	1.2942	27.092	0	0
-0.44435	1.6571	25.392	-1.1561	1.2942	27.092	-1.0762	1.135	26.383	0	0
-0.1227	-0.41594	25.032	0.15392	-0.8914	25.526	0.26805	-0.25924	25.715	0	0
-0.1227	-0.41594	25.032	0.26805	-0.25924	25.715	0.11317	0.45303	26.287	0	0
0.34065	-0.69554	22.564	0.77965	-0.91354	23.662	0.84775	-0.62624	23.106	0	0
0.34065	-0.69554	22.564	0.3931	-0.63109	22.812	0.84775	-0.62624	23.106	0	0
0.17749	-0.20924	23.862	0.15392	-0.8914	25.526	0.26805	-0.25924	25.715	0	0
0.17749	-0.20924	23.862	0.66172	0.44816	24.975	0.6572	-0.24529	24.815	0	0
0.154	-0.21294	21.767	0.3931	-0.63109	22.812	0.3372	-0.36624	22.18	0	0
0.11317	0.45303	25.26	0.1939	1.1617	26.29	0.72342	1.0219	26.401	0	0
0.11317	0.45303	25.26	-1.171	0.66716	27.045	-0.29025	1.3411	27.202	0	0
0.11317	0.45303	25.26	-0.29025	1.3411	27.202	0.8639	0.62481	26.575	0	0
0.11317	0.45303	25.26	0.72342	1.0219	26.401	0.8639	0.62481	26.575	0	0
0.1939	1.1617	25.264	0.2694	1.8699	26.383	0.72342	1.0219	26.401	0	0
0.2694	1.8699	25.357	0.37085	2.2796	26.511	0.30568	1.9962	27.098	0	0
0.2694	1.8699	25.357	0.37085	2.2796	26.511	0.72342	1.0219	26.401	0	0
0.2694	1.8699	25.357	-0.44275	1.8337	27.102	0.30568	1.9962	27.098	0	0
0.37085	2.2796	25.485	0.30568	1.9962	27.098	0.44235	2.2929	27.586	0	0
0.37085	2.2796	25.485	0.72342	1.0219	26.401	1.1543	1.0309	27.023	0	0
-1.1918	0.54756	25.212	-1.5835	0.40701	26.386	-1.1659	0.45924	25.541	0	0
-1.1918	0.54756	25.212	-1.5835	0.40701	26.386	-1.6032	0.93386	26.667	0	0
-1.1918	0.54756	25.212	-1.1659	0.45924	25.541	-1.0336	0.96496	25.703	0	0
-1.1918	0.54756	25.212	-1.6032	0.93386	26.667	-1.0762	1.135	26.383	0	0
-1.1918	0.54756	25.212	-1.0336	0.96496	25.703	-1.0762	1.135	26.383	0	0
-1.171	0.66716	26.019	-0.29025	1.3411	27.202	-1.1561	1.2942	27.092	0	0
-0.44275	1.8337	26.075	-0.40083	1.9232	27.751	0.10825	2.1963	27.576	0	0
-0.44275	1.8337	26.075	-0.40083	1.9232	27.751	-1.4209	1.5539	27.532	0	0
-0.44275	1.8337	26.075	0.30568	1.9962	27.098	0.10825	2.1963	27.576	0	0
-0.44275	1.8337	26.075	-1.1561	1.2942	27.092	-1.4209	1.5539	27.532	0	0
-0.29025	1.3411	26.176	-0.40083	1.9232	27.751	-1.3147	1.1609	27.813	0	0
-0.29025	1.3411	26.176	0.30568	1.9962	27.098	1.1543	1.0309	27.023	0	0
-0.29025	1.3411	26.176	-1.3147	1.1609	27.813	-1.1561	1.2942	27.092	0	0
-0.29025	1.3411	26.176	0.8639	0.62481	26.575	1.1543	1.0309	27.023	0	0
-0.40083	1.9232	26.724	-1.3147	1.1609	27.813	-0.71142	1.9394	28.343	0	0
-0.40083	1.9232	26.724	-0.71142	1.9394	28.343	0.11445	2.2429	28.089	0	0
-0.40083	1.9232	26.724	-1.2985	1.9022	28.368	-1.7246	2.1012	28.149	0	0
-0.40083	1.9232	26.724	0.10825	2.1963	27.576	0.11445	2.2429	28.089	0	0
-0.40083	1.9232	26.724	-1.4209	1.5539	27.532	-1.6492	1.7615	27.739	0	0
-0.40083	1.9232	26.724	-1.7246	2.1012	28.149	-1.6492	1.7615	27.739	0	0
0.30568	1.9962	26.072	0.10825	2.1963	27.576	0.44235	2.2929	27.586	0	0
-1.3147	1.1609	26.787	-0.71142	1.9394	28.343	-1.2985	1.9022	28.368	0	0
-1.3147	1.1609	26.787	-1.2985	1.9022	28.368	-1.7044	1.4623	28.538	0	0
-0.71142	1.9394	27.317	-1.2985	1.9022	28.368	-1.1185	2.4661	28.989	0	0
-0.71142	1.9394	27.317	0.11445	2.2429	28.089	-0.72875	2.4381	29.56	0	0
-0.71142	1.9394	27.317	-1.1185	2.4661	28.989	-0.72875	2.4381	29.56	0	0
-1.2985	1.9022	27.342	-1.7246	2.1012	28.149	-1.7316	2.4308	28.501	0	0
-1.2985	1.9022	27.342	-1.7316	2.4308	28.501	-1.1185	2.4661	28.989	0	0
0.3931	-0.63109	21.785	0.3372	-0.36624	22.18	0.65595	-0.22354	22.245	0	0
0.3931	-0.63109	21.785	0.84775	-0.62624	23.106	0.88052	-0.3274	22.704	0	0
0.3931	-0.63109	21.785	0.65595	-0.22354	22.245	0.88052	-0.3274	22.704	0	0
0.72342	1.0219	25.375	0.8639	0.62481	26.575	1.1543	1.0309	27.023	0	0
-1.0342	0.36408	23.863	-1.1659	0.45924	25.541	-1.0336	0.96496	25.703	0	0
-1.1561	1.2942	26.066	-1.4209	1.5539	27.532	-1.7671	1.1124	26.986	0	0
-1.1561	1.2942	26.066	-1.6032	0.93386	26.667	-1.7671	1.1124	26.986	0	0
-1.1561	1.2942	26.066	-1.6032	0.93386	26.667	-1.0762	1.135	26.383	0	0
0.10825	2.1963	26.55	0.44235	2.2929	27.586	0.11445	2.2429	28.089	0	0
-1.4209	1.5539	26.505	-1.7671	1.1124	26.986	-1.6492	1.7615	27.739	0	0
-1.7316	2.4308	27.475	-1.1185	2.4661	28.989	-1.7713	2.7764	28.897	0	0
-1.1185	2.4661	27.962	-1.7713	2.7764	28.897	-1.6864	2.9906	29.15	0	0
-1.1185	2.4661	27.962	-0.72875	2.4381	29.56	-1.1639	2.6667	29.562	0	0
-1.1185	2.4661	27.962	-1.1639	2.6667	29.562	-1.6864	2.9906	29.15	0	0
-1.1639	2.6667	28.535	-1.6947	2.9989	29.58	-1.6864	2.9906	29.15	0	0
-0.41205	2.6872	12.111	-2.1725	9.463	17.171	0.184	2.3724	11.732	1	1
-2.1725	9.463	17.171	-0.513336973111511	12.551252376272	18.7768676379629	-0.248095860743118	7.58115444937826	18.0847211985289	1	1
-0.513336973111511	12.551252376272	18.7768676379629	0.25968557143132	17.7380175991761	17.9919858455244	1.29661842083667	11.422874783077	19.7396334747178	1	1
0.25968557143132	17.7380175991761	17.9919858455244	1.49481842975632	20.0148997706229	15.6121522295685	1.68878896965305	18.4773488428548	19.5409440112963	1	1
1.49481842975632	20.0148997706229	15.6121522295685	3.27509363531782	20.3850580808205	9.53654361661007	2.10359769178599	20.3723886465045	15.2346786228838	1	1
-0.248095860743118	7.58115444937826	18.0847211985289	0.184	2.3724	11.732	-2.1725	9.463	17.171	1	1
1.29661842083667	11.422874783077	19.7396334747178	-0.248095860743118	7.58115444937826	18.0847211985289	-0.513336973111511	12.551252376272	18.7768676379629	1	1
1.68878896965305	18.4773488428548	19.5409440112963	1.29661842083667	11.422874783077	19.7396334747178	0.25968557143132	17.7380175991761	17.9919858455244	1	1
2.10359769178599	20.3723886465045	15.2346786228838	1.68878896965305	18.4773488428548	19.5409440112963	1.49481842975632	20.0148997706229	15.6121522295685	1	1
-2.1725	9.463	17.171	-0.41205	2.6872	12.111	-1.7716	1.882	12.511	1	1
-0.513336973111511	12.551252376272	18.7768676379629	-2.1725	9.463	17.171	-3.10429847353257	9.90065432841069	17.7469065406346	1	1
0.25968557143132	17.7380175991761	17.9919858455244	-0.513336973111511	12.551252376272	18.7768676379629	-2.31860192886102	12.7433269780417	19.9126678611086	1	1
1.49481842975632	20.0148997706229	15.6121522295685	0.25968557143132	17.7380175991761	17.9919858455244	-1.00332372861629	19.4093939243131	18.5983009845112	1	1
3.27509363531782	20.3850580808205	9.53654361661007	1.49481842975632	20.0148997706229	15.6121522295685	0.00172795330442699	21.5937653017411	15.4109370368631	1	1
-1.7716	1.882	12.511	-3.10429847353257	9.90065432841069	17.7469065406346	-2.1725	9.463	17.171	1	1
-3.10429847353257	9.90065432841069	17.7469065406346	-2.31860192886102	12.7433269780417	19.9126678611086	-0.513336973111511	12.551252376272	18.7768676379629	1	1
-2.31860192886102	12.7433269780417	19.9126678611086	-1.00332372861629	19.4093939243131	18.5983009845112	0.25968557143132	17.7380175991761	17.9919858455244	1	1
0.12035	-1.5779	16.987	-0.69681	-5.8877	22.062	0.7205	-1.7004	16.289	2	1
-0.69681	-5.8877	22.062	-1.1614	-9.309	25.507	0.63269	-5.2137	22.291	2	1
-1.1614	-9.309	25.507	-0.198617482822778	-13.0299946923168	26.7330217970607	1.10964566616556	-9.25644026628815	25.3332177610262	2	1
-0.198617482822778	-13.0299946923168	26.7330217970607	-1.73651077095071	-17.5029002506418	29.5199061188682	1.02392622297185	-13.2795951725835	27.7330039607379	2	1
-1.73651077095071	-17.5029002506418	29.5199061188682	-2.59456314812854	-22.6415215745201	29.4102060833065	0.515281493508498	-17.4794138272276	29.2197951258392	2	1
-2.59456314812854	-22.6415215745201	29.4102060833065	-1.08857937721561	-26.1052306323291	29.2705128315038	0.189560294587741	-22.3241924293141	31.4391539582704	2	1
-1.08857937721561	-26.1052306323291	29.2705128315038	-0.166451650339011	-28.8639319475001	27.2517148645197	1.70293020151875	-26.4986461120859	30.2074331547554	2	1
-0.166451650339011	-28.8639319475001	27.2517148645197	0.851759796323885	-30.8017832586097	22.0175473819189	1.68052539070709	-28.2318308676861	27.6266679779172	2	1
0.63269	-5.2137	22.291	0.7205	-1.7004	16.289	-0.69681	-5.8877	22.062	2	1
1.10964566616556	-9.25644026628815	25.3332177610262	0.63269	-5.2137	22.291	-1.1614	-9.309	25.507	2	1
1.02392622297185	-13.2795951725835	27.7330039607379	1.10964566616556	-9.25644026628815	25.3332177610262	-0.198617482822778	-13.0299946923168	26.7330217970607	2	1
0.515281493508498	-17.4794138272276	29.2197951258392	1.02392622297185	-13.2795951725835	27.7330039607379	-1.73651077095071	-17.5029002506418	29.5199061188682	2	1
0.189560294587741	-22.3241924293141	31.4391539582704	0.515281493508498	-17.4794138272276	29.2197951258392	-2.59456314812854	-22.6415215745201	29.4102060833065	2	1
1.70293020151875	-26.4986461120859	30.2074331547554	0.189560294587741	-22.3241924293141	31.4391539582704	-1.08857937721561	-26.1052306323291	29.2705128315038	2	1
1.68052539070709	-28.2318308676861	27.6266679779172	1.70293020151875	-26.4986461120859	30.2074331547554	-0.166451650339011	-28.8639319475001	27.2517148645197	2	1
-0.69681	-5.8877	22.062	0.12035	-1.5779	16.987	-1.3152	-1.6336	16.293	2	1
-1.1614	-9.309	25.507	-0.69681	-5.8877	22.062	-1.9231	-5.2824	22.816	2	1
-0.198617482822778	-13.0299946923168	26.7330217970607	-1.1614	-9.309	25.507	-1.65280626172186	-9.56486685126916	26.1244431636695	2	1
-1.73651077095071	-17.5029002506418	29.5199061188682	-0.198617482822778	-13.0299946923168	26.7330217970607	-1.93337632121406	-11.0635347564656	29.0622660555735	2	1
-2.59456314812854	-22.6415215745201	29.4102060833065	-1.73651077095071	-17.5029002506418	29.5199061188682	-2.54314830109182	-17.8065475327729	28.8649080554953	2	1
-1.08857937721561	-26.1052306323291	29.2705128315038	-2.59456314812854	-22.6415215745201	29.4102060833065	-3.56347949895105	-22.5669812100324	29.3149359454309	2	1
-0.166451650339011	-28.8639319475001	27.2517148645197	-1.08857937721561	-26.1052306323291	29.2705128315038	-0.974031259422441	-27.4298461467345	30.3532605942382	2	1
-1.3152	-1.6336	16.293	-1.9231	-5.2824	22.816	-0.69681	-5.8877	22.062	2	1
-1.9231	-5.2824	22.816	-1.65280626172186	-9.56486685126916	26.1244431636695	-1.1614	-9.309	25.507	2	1
-1.65280626172186	-9.56486685126916	26.1244431636695	-1.93337632121406	-11.0635347564656	29.0622660555735	-0.198617482822778	-13.0299946923168	26.7330217970607	2	1
-1.93337632121406	-11.0635347564656	29.0622660555735	-2.54314830109182	-17.8065475327729	28.8649080554953	-1.73651077095071	-17.5029002506418	29.5199061188682	2	1
-2.54314830109182	-17.8065475327729	28.8649080554953	-3.56347949895105	-22.5669812100324	29.3149359454309	-2.59456314812854	-22.6415215745201	29.4102060833065	2	1
-3.56347949895105	-22.5669812100324	29.3149359454309	-0.974031259422441	-27.4298461467345	30.3532605942382	-1.08857937721561	-26.1052306323291	29.2705128315038	2	1
0.0037021	2.3981	21.682	0.412	5.4894	26.775	1.0784	1.877	21.494	3	2
0.412	5.4894	26.775	0.67495	8.3882	31.514	1.1945	5.6152	27.008	3	2
0.67495	8.3882	31.514	1.03	11.425	34.562	2.4761	7.3981	31.791	3	2
1.03	11.425	34.562	1.93369170135972	15.6688410101731	36.553903850407	2.49449548059676	11.2138795117637	34.4997851564454	3	2
1.93369170135972	15.6688410101731	36.553903850407	2.30751340263318	19.3976022937531	36.8718897553341	4.08143091854905	15.2136839769607	37.6780236928012	3	2
2.30751340263318	19.3976022937531	36.8718897553341	3.81994857419383	23.0420079333933	36.3668308027508	4.10265610845074	18.5825292909841	37.2107006552579	3	2
3.81994857419383	23.0420079333933	36.3668308027508	5.75136227105375	27.5526423713871	33.7581564289805	5.72384315725601	22.3648863631339	36.3286563914797	3	2
5.75136227105375	27.5526423713871	33.7581564289805	6.62036487415435	29.6913044599818	31.1311207541918	7.66163043988169	26.9400941330225	33.0408107181553	3	2
6.62036487415435	29.6913044599818	31.1311207541918	8.38293223946535	30.9514129720551	28.0623791700011	9.47199324917175	29.2366926878631	31.0851203471643	3	2
8.38293223946535	30.9514129720551	28.0623791700011	8.82403300440298	32.2944524728	24.8797407967941	9.64991118325057	30.8598161899103	28.230567830456	3	2
8.82403300440298	32.2944524728	24.8797407967941	9.90705838240996	32.527077304805	18.4139967191084	10.8297948641953	31.5135556823381	25.1588161530128	3	2
1.1945	5.6152	27.008	1.0784	1.877	21.494	0.412	5.4894	26.775	3	2
2.4761	7.3981	31.791	1.1945	5.6152	27.008	0.67495	8.3882	31.514	3	2
2.49449548059676	11.2138795117637	34.4997851564454	2.4761	7.3981	31.791	1.03	11.425	34.562	3	2
4.08143091854905	15.2136839769607	37.6780236928012	2.49449548059676	11.2138795117637	34.4997851564454	1.93369170135972	15.6688410101731	36.553903850407	3	2
4.10265610845074	18.5825292909841	37.2107006552579	4.08143091854905	15.2136839769607	37.6780236928012	2.30751340263318	19.3976022937531	36.8718897553341	3	2
5.72384315725601	22.3648863631339	36.3286563914797	4.10265610845074	18.5825292909841	37.2107006552579	3.81994857419383	23.0420079333933	36.3668308027508	3	2
7.66163043988169	26.9400941330225	33.0408107181553	5.72384315725601	22.3648863631339	36.3286563914797	5.75136227105375	27.5526423713871	33.7581564289805	3	2
9.47199324917175	29.2366926878631	31.0851203471643	7.66163043988169	26.9400941330225	33.0408107181553	6.62036487415435	29.6913044599818	31.1311207541918	3	2
9.64991118325057	30.8598161899103	28.230567830456	9.47199324917175	29.2366926878631	31.0851203471643	8.38293223946535	30.9514129720551	28.0623791700011	3	2
10.8297948641953	31.5135556823381	25.1588161530128	9.64991118325057	30.8598161899103	28.230567830456	8.82403300440298	32.2944524728	24.8797407967941	3	2
0.412	5.4894	26.775	0.0037021	2.3981	21.682	-1.4666	1.9101	21.811	3	2
0.67495	8.3882	31.514	0.412	5.4894	26.775	-1.2307	5.5104	26.669	3	2
1.03	11.425	34.562	0.67495	8.3882	31.514	-2.0045	7.9057	31.505	3	2
1.93369170135972	15.6688410101731	36.553903850407	1.03	11.425	34.562	-1.04236298998422	11.5230318718872	33.9633224575467	3	2
2.30751340263318	19.3976022937531	36.8718897553341	1.93369170135972	15.6688410101731	36.553903850407	-0.896757528712346	14.9335780945125	38.8124087985616	3	2
3.81994857419383	23.0420079333933	36.3668308027508	2.30751340263318	19.3976022937531	36.8718897553341	-0.669267755814888	20.1164795314077	35.8678859645591	3	2
5.75136227105375	27.5526423713871	33.7581564289805	3.81994857419383	23.0420079333933	36.3668308027508	1.32193452463606	23.5319583004921	36.2531037237778	3	2
6.62036487415435	29.6913044599818	31.1311207541918	5.75136227105375	27.5526423713871	33.7581564289805	4.35966642731966	27.2982409037169	33.641742461689	3	2
8.38293223946535	30.9514129720551	28.0623791700011	6.62036487415435	29.6913044599818	31.1311207541918	6.09229118009659	31.0202441972756	31.1173063310917	3	2
8.82403300440298	32.2944524728	24.8797407967941	8.38293223946535	30.9514129720551	28.0623791700011	7.27486074867026	32.1579716082051	28.1390203392186	3	2
9.90705838240996	32.527077304805	18.4139967191084	8.82403300440298	32.2944524728	24.8797407967941	8.9636256194031	34.1268419460917	24.8675113238934	3	2
-1.4666	1.9101	21.811	-1.2307	5.5104	26.669	0.412	5.4894	26.775	3	2
-1.2307	5.5104	26.669	-2.0045	7.9057	31.505	0.67495	8.3882	31.514	3	2
-2.0045	7.9057	31.505	-1.04236298998422	11.5230318718872	33.9633224575467	1.03	11.425	34.562	3	2
-1.04236298998422	11.5230318718872	33.9633224575467	-0.896757528712346	14.9335780945125	38.8124087985616	1.93369170135972	15.6688410101731	36.553903850407	3	2
-0.896757528712346	14.9335780945125	38.8124087985616	-0.669267755814888	20.1164795314077	35.8678859645591	2.30751340263318	19.3976022937531	36.8718897553341	3	2
-0.669267755814888	20.1164795314077	35.8678859645591	1.32193452463606	23.5319583004921	36.2531037237778	3.81994857419383	23.0420079333933	36.3668308027508	3	2
1.32193452463606	23.5319583004921	36.2531037237778	4.35966642731966	27.2982409037169	33.641742461689	5.75136227105375	27.5526423713871	33.7581564289805	3	2
4.35966642731966	27.2982409037169	33.641742461689	6.09229118009659	31.0202441972756	31.1173063310917	6.62036487415435	29.6913044599818	31.1311207541918	3	2
6.09229118009659	31.0202441972756	31.1173063310917	7.27486074867026	32.1579716082051	28.1390203392186	8.38293223946535	30.9514129720551	28.0623791700011	3	2
7.27486074867026	32.1579716082051	28.1390203392186	8.9636256194031	34.1268419460917	24.8675113238934	8.82403300440298	32.2944524728	24.8797407967941	3	2
0.23953	-1.8413	25.174	0.80155	-3.8441	29.16	1.0008	-2.5974	25.299	4	2
0.80155	-3.8441	29.16	1.455	-5.9092	33.558	1.3809	-3.2059	29.58	4	2
1.455	-5.9092	33.558	2.383	-8.185	37.648	2.0671	-3.8303	34.049	4	2
2.383	-8.185	37.648	3.32349069998054	-11.1168383147109	40.5446391887225	3.68191593077079	-8.1643105340144	38.1892847317144	4	2
3.32349069998054	-11.1168383147109	40.5446391887225	3.04303304239422	-14.8115756150889	44.1351622068213	3.5169544955865	-11.0372185780656	40.9735366908443	4	2
3.04303304239422	-14.8115756150889	44.1351622068213	3.74871555371638	-18.3056321198428	46.5190940063493	4.96316678577822	-14.2042845392579	45.8860114855241	4	2
3.74871555371638	-18.3056321198428	46.5190940063493	5.34271186495038	-21.0127493323029	48.968480453559	4.33555702598869	-17.8537809522158	46.9719676076284	4	2
5.34271186495038	-21.0127493323029	48.968480453559	7.36618886309381	-24.3524534951586	50.544359837455	7.70892839640938	-20.3692541878894	49.9631516984267	4	2
7.36618886309381	-24.3524534951586	50.544359837455	9.71400125225196	-27.9560451879947	51.0042242268558	10.4363306444226	-24.2801812068735	50.7920421317057	4	2
11.7672292225544	-31.6818807978012	52.6840953262754	13.0352563764884	-36.9504768785725	54.128736622434	12.9865250386777	-31.1592702461611	54.0485867788315	4	2
1.3809	-3.2059	29.58	1.0008	-2.5974	25.299	0.80155	-3.8441	29.16	4	2
2.0671	-3.8303	34.049	1.3809	-3.2059	29.58	1.455	-5.9092	33.558	4	2
3.68191593077079	-8.1643105340144	38.1892847317144	2.0671	-3.8303	34.049	2.383	-8.185	37.648	4	2
3.5169544955865	-11.0372185780656	40.9735366908443	3.68191593077079	-8.1643105340144	38.1892847317144	3.32349069998054	-11.1168383147109	40.5446391887225	4	2
4.96316678577822	-14.2042845392579	45.8860114855241	3.5169544955865	-11.0372185780656	40.9735366908443	3.04303304239422	-14.8115756150889	44.1351622068213	4	2
4.33555702598869	-17.8537809522158	46.9719676076284	4.96316678577822	-14.2042845392579	45.8860114855241	3.74871555371638	-18.3056321198428	46.5190940063493	4	2
7.70892839640938	-20.3692541878894	49.9631516984267	4.33555702598869	-17.8537809522158	46.9719676076284	5.34271186495038	-21.0127493323029	48.968480453559	4	2
10.4363306444226	-24.2801812068735	50.7920421317057	7.70892839640938	-20.3692541878894	49.9631516984267	7.36618886309381	-24.3524534951586	50.544359837455	4	2
11.8918231092441	-28.626867825377	50.6830343322726	10.4363306444226	-24.2801812068735	50.7920421317057	9.71400125225196	-27.9560451879947	51.0042242268558	4	2
12.9865250386777	-31.1592702461611	54.0485867788315	11.8918231092441	-28.626867825377	50.6830343322726	11.7672292225544	-31.6818807978012	52.6840953262754	4	2
0.80155	-3.8441	29.16	0.23953	-1.8413	25.174	-1.7013	-2.0621	24.932	4	2
1.455	-5.9092	33.558	0.80155	-3.8441	29.16	-1.3186	-3.3216	29.218	4	2
2.383	-8.185	37.648	1.455	-5.9092	33.558	-1.8644	-5.4447	33.492	4	2
3.32349069998054	-11.1168383147109	40.5446391887225	2.383	-8.185	37.648	-0.721820832580288	-8.90541075996128	36.7247984201663	4	2
3.04303304239422	-14.8115756150889	44.1351622068213	3.32349069998054	-11.1168383147109	40.5446391887225	-0.774644075074195	-9.27819489003226	40.8620687436996	4	2
3.74871555371638	-18.3056321198428	46.5190940063493	3.04303304239422	-14.8115756150889	44.1351622068213	0.521282911804151	-14.3304865498514	43.2959468410314	4	2
5.34271186495038	-21.0127493323029	48.968480453559	3.74871555371638	-18.3056321198428	46.5190940063493	2.57278696408928	-17.8978957440172	46.4445940739585	4	2
7.36618886309381	-24.3524534951586	50.544359837455	5.34271186495038	-21.0127493323029	48.968480453559	4.63696331023737	-21.091842889494	48.3056242121829	4	2
9.71400125225196	-27.9560451879947	51.0042242268558	7.36618886309381	-24.3524534951586	50.544359837455	5.56662262904671	-24.1500062965451	50.3898688634435	4	2
13.0352563764884	-36.9504768785725	54.128736622434	11.7672292225544	-31.6818807978012	52.6840953262754	11.064982307316	-31.355719574516	52.2383486196547	4	2
-1.7013	-2.0621	24.932	-1.3186	-3.3216	29.218	0.80155	-3.8441	29.16	4	2
-1.3186	-3.3216	29.218	-1.8644	-5.4447	33.492	1.455	-5.9092	33.558	4	2
-1.8644	-5.4447	33.492	-0.721820832580288	-8.90541075996128	36.7247984201663	2.383	-8.185	37.648	4	2
-0.721820832580288	-8.90541075996128	36.7247984201663	-0.774644075074195	-9.27819489003226	40.8620687436996	3.32349069998054	-11.1168383147109	40.5446391887225	4	2
-0.774644075074195	-9.27819489003226	40.8620687436996	0.521282911804151	-14.3304865498514	43.2959468410314	3.04303304239422	-14.8115756150889	44.1351622068213	4	2
0.521282911804151	-14.3304865498514	43.2959468410314	2.57278696408928	-17.8978957440172	46.4445940739585	3.74871555371638	-18.3056321198428	46.5190940063493	4	2
2.57278696408928	-17.8978957440172	46.4445940739585	4.63696331023737	-21.091842889494	48.3056242121829	5.34271186495038	-21.0127493323029	48.968480453559	4	2
4.63696331023737	-21.091842889494	48.3056242121829	5.56662262904671	-24.1500062965451	50.3898688634435	7.36618886309381	-24.3524534951586	50.544359837455	4	2
5.56662262904671	-24.1500062965451	50.3898688634435	8.4346939882943	-27.7729846338514	50.7850165675418	9.71400125225196	-27.9560451879947	51.0042242268558	4	2
8.4346939882943	-27.7729846338514	50.7850165675418	11.064982307316	-31.355719574516	52.2383486196547	11.7672292225544	-31.6818807978012	52.6840953262754	4	2
-0.096448	-0.21984	26.534	-0.6632	1.1753	29.951	0.777	1.1601	26.013	5	2
-0.6632	1.1753	29.951	-0.71138922997202	3.9368175067986	33.737482999798	2.26790092054997	2.46733669020085	28.7377726533226	5	2
-0.71138922997202	3.9368175067986	33.737482999798	-1.7245962268833	7.44000192573813	36.9527304239179	0.993406856539961	3.71432226790365	33.6298819097361	5	2
-1.7245962268833	7.44000192573813	36.9527304239179	-2.92852766079618	10.6241082144329	38.5984802514223	-0.749340026950206	7.76465608335898	37.4583500426349	5	2
-2.92852766079618	10.6241082144329	38.5984802514223	-3.99597933687079	14.6302314589004	39.3828128909206	0.26367256546765	11.2375611871557	38.545891642401	5	2
-3.99597933687079	14.6302314589004	39.3828128909206	-6.02574280452384	20.6386326376637	38.8389987770752	-0.760556993262949	14.4890101492211	39.7344431835229	5	2
-6.02574280452384	20.6386326376637	38.8389987770752	-7.6955816925346	23.5634746606475	37.8257954072253	-4.16959873034414	20.5640725021978	40.1032876887116	5	2
2.26790092054997	2.46733669020085	28.7377726533226	0.777	1.1601	26.013	-0.6632	1.1753	29.951	5	2
0.993406856539961	3.71432226790365	33.6298819097361	2.26790092054997	2.46733669020085	28.7377726533226	-0.71138922997202	3.9368175067986	33.737482999798	5	2
-0.749340026950206	7.76465608335898	37.4583500426349	0.993406856539961	3.71432226790365	33.6298819097361	-1.7245962268833	7.44000192573813	36.9527304239179	5	2
0.26367256546765	11.2375611871557	38.545891642401	-0.749340026950206	7.76465608335898	37.4583500426349	-2.92852766079618	10.6241082144329	38.5984802514223	5	2
-0.760556993262949	14.4890101492211	39.7344431835229	0.26367256546765	11.2375611871557	38.545891642401	-3.99597933687079	14.6302314589004	39.3828128909206	5	2
-4.16959873034414	20.5640725021978	40.1032876887116	-0.760556993262949	14.4890101492211	39.7344431835229	-6.02574280452384	20.6386326376637	38.8389987770752	5	2
-0.6632	1.1753	29.951	-0.096448	-0.21984	26.534	-1.2218	0.40471	26.546	5	2
-0.71138922997202	3.9368175067986	33.737482999798	-0.6632	1.1753	29.951	-2.69671686963133	-0.687369272614645	31.0224358764677	5	2
-1.7245962268833	7.44000192573813	36.9527304239179	-0.71138922997202	3.9368175067986	33.737482999798	-3.22611219386912	2.75888052831578	34.7877777677424	5	2
-2.92852766079618	10.6241082144329	38.5984802514223	-1.7245962268833	7.44000192573813	36.9527304239179	-4.28153844919008	6.29401455961944	37.709419923304	5	2
-3.99597933687079	14.6302314589004	39.3828128909206	-2.92852766079618	10.6241082144329	38.5984802514223	-4.93301375977699	9.69735414001863	40.6997302828439	5	2
-6.02574280452384	20.6386326376637	38.8389987770752	-3.99597933687079	14.6302314589004	39.3828128909206	-5.26433539253495	14.4771917098369	41.0688346467905	5	2
-7.6955816925346	23.5634746606475	37.8257954072253	-6.02574280452384	20.6386326376637	38.8389987770752	-6.65544550261853	20.368866128643	38.8167692331516	5	2
-1.2218	0.40471	26.546	-2.69671686963133	-0.687369272614645	31.0224358764677	-0.6632	1.1753	29.951	5	2
-2.69671686963133	-0.687369272614645	31.0224358764677	-3.22611219386912	2.75888052831578	34.7877777677424	-0.71138922997202	3.9368175067986	33.737482999798	5	2
-3.22611219386912	2.75888052831578	34.7877777677424	-4.28153844919008	6.29401455961944	37.709419923304	-1.7245962268833	7.44000192573813	36.9527304239179	5	2
-4.28153844919008	6.29401455961944	37.709419923304	-4.93301375977699	9.69735414001863	40.6997302828439	-2.92852766079618	10.6241082144329	38.5984802514223	5	2
-4.93301375977699	9.69735414001863	40.6997302828439	-5.26433539253495	14.4771917098369	41.0688346467905	-3.99597933687079	14.6302314589004	39.3828128909206	5	2
-5.26433539253495	14.4771917098369	41.0688346467905	-6.65544550261853	20.368866128643	38.8167692331516	-6.02574280452384	20.6386326376637	38.8389987770752	5	2
0.66812	-1.503	30.237	0.6249	-2.4527	34.605	2.0123	-0.9005	30.568	6	2
0.6249	-2.4527	34.605	0.41847	-3.7092	38.806	2.0373	-3.5506	34.219	6	2
0.41847	-3.7092	38.806	0.729085591777116	-6.13911351752144	42.1177975551672	2.30963877660506	-3.9340586497702	38.9737176404486	6	2
0.729085591777116	-6.13911351752144	42.1177975551672	1.84250847519077	-9.93663243099249	44.7577462127211	2.34795630477955	-4.1352939997594	43.9997500531913	6	2
1.84250847519077	-9.93663243099249	44.7577462127211	3.60208728434167	-14.0236551365654	45.8560712049335	3.50445318160415	-8.85281669751626	47.5996223023305	6	2
3.60208728434167	-14.0236551365654	45.8560712049335	6.89926395845196	-17.7071961094431	46.1943587909226	5.84447275929525	-12.9659287098341	47.15740405548	6	2
6.89926395845196	-17.7071961094431	46.1943587909226	9.26312123111544	-20.552262986376	45.0774478050982	8.6518984680759	-17.4083453397125	47.2266516239436	6	2
9.26312123111544	-20.552262986376	45.0774478050982	15.6521604474524	-24.2485225865744	41.5201177740145	12.0516343513235	-20.623159965696	46.8223688797462	6	2
15.6521604474524	-24.2485225865744	41.5201177740145	16.8379733146731	-24.9980101332316	40.0431139617853	16.8240908423215	-25.2857962165637	42.0047243836586	6	2
2.0373	-3.5506	34.219	2.0123	-0.9005	30.568	0.6249	-2.4527	34.605	6	2
2.30963877660506	-3.9340586497702	38.9737176404486	2.0373	-3.5506	34.219	0.41847	-3.7092	38.806	6	2
2.34795630477955	-4.1352939997594	43.9997500531913	2.30963877660506	-3.9340586497702	38.9737176404486	0.729085591777116	-6.13911351752144	42.1177975551672	6	2
3.50445318160415	-8.85281669751626	47.5996223023305	2.34795630477955	-4.1352939997594	43.9997500531913	1.84250847519077	-9.93663243099249	44.7577462127211	6	2
5.84447275929525	-12.9659287098341	47.15740405548	3.50445318160415	-8.85281669751626	47.5996223023305	3.60208728434167	-14.0236551365654	45.8560712049335	6	2
8.6518984680759	-17.4083453397125	47.2266516239436	5.84447275929525	-12.9659287098341	47.15740405548	6.89926395845196	-17.7071961094431	46.1943587909226	6	2
12.0516343513235	-20.623159965696	46.8223688797462	8.6518984680759	-17.4083453397125	47.2266516239436	9.26312123111544	-20.552262986376	45.0774478050982	6	2
16.8240908423215	-25.2857962165637	42.0047243836586	12.0516343513235	-20.623159965696	46.8223688797462	15.6521604474524	-24.2485225865744	41.5201177740145	6	2
0.6249	-2.4527	34.605	0.66812	-1.503	30.237	-2.9383	-1.1322	30.626	6	2
0.41847	-3.7092	38.806	0.6249	-2.4527	34.605	-1.4113	-1.7533	34.836	6	2
0.729085591777116	-6.13911351752144	42.1177975551672	0.41847	-3.7092	38.806	-2.86399635311152	-3.69827280758142	39.1417218998764	6	2
1.84250847519077	-9.93663243099249	44.7577462127211	0.729085591777116	-6.13911351752144	42.1177975551672	-3.24992726246333	-6.4511743954039	41.8673514645916	6	2
3.60208728434167	-14.0236551365654	45.8560712049335	1.84250847519077	-9.93663243099249	44.7577462127211	-1.57206066569422	-10.2367836030685	44.6626410813276	6	2
6.89926395845196	-17.7071961094431	46.1943587909226	3.60208728434167	-14.0236551365654	45.8560712049335	0.845441110127535	-14.2969849234237	47.2142604481197	6	2
9.26312123111544	-20.552262986376	45.0774478050982	6.89926395845196	-17.7071961094431	46.1943587909226	4.99651810659172	-17.9232205966701	46.7901381159641	6	2
15.6521604474524	-24.2485225865744	41.5201177740145	9.26312123111544	-20.552262986376	45.0774478050982	8.29527732836271	-20.4002188298578	45.4117965965915	6	2
16.8379733146731	-24.9980101332316	40.0431139617853	15.6521604474524	-24.2485225865744	41.5201177740145	15.3647905778503	-24.9995759207958	43.0267886528729	6	2
-2.9383	-1.1322	30.626	-1.4113	-1.7533	34.836	0.6249	-2.4527	34.605	6	2
-1.4113	-1.7533	34.836	-2.86399635311152	-3.69827280758142	39.1417218998764	0.41847	-3.7092	38.806	6	2
-2.86399635311152	-3.69827280758142	39.1417218998764	-3.24992726246333	-6.4511743954039	41.8673514645916	0.729085591777116	-6.13911351752144	42.1177975551672	6	2
-3.24992726246333	-6.4511743954039	41.8673514645916	-1.57206066569422	-10.2367836030685	44.6626410813276	1.84250847519077	-9.93663243099249	44.7577462127211	6	2
-1.57206066569422	-10.2367836030685	44.6626410813276	0.845441110127535	-14.2969849234237	47.2142604481197	3.60208728434167	-14.0236551365654	45.8560712049335	6	2
0.845441110127535	-14.2969849234237	47.2142604481197	4.99651810659172	-17.9232205966701	46.7901381159641	6.89926395845196	-17.7071961094431	46.1943587909226	6	2
4.99651810659172	-17.9232205966701	46.7901381159641	8.29527732836271	-20.4002188298578	45.4117965965915	9.26312123111544	-20.552262986376	45.0774478050982	6	2
8.29527732836271	-20.4002188298578	45.4117965965915	15.3647905778503	-24.9995759207958	43.0267886528729	15.6521604474524	-24.2485225865744	41.5201177740145	6	2
0.48025	-0.065238	32.487	-2.41806527553785	-2.55137701527608	33.7467360016488	0.648245727913823	-0.247302102520924	32.8373335370471	7	2
-2.41806527553785	-2.55137701527608	33.7467360016488	-6.48964905843094	-0.611060095324463	32.8141000871401	-2.0847611821235	-3.03149291665477	35.9332534194062	7	2
-2.0847611821235	-3.03149291665477	35.9332534194062	0.648245727913823	-0.247302102520924	32.8373335370471	-2.41806527553785	-2.55137701527608	33.7467360016488	7	2
-2.41806527553785	-2.55137701527608	33.7467360016488	0.48025	-0.065238	32.487	-2.05165175992571	-0.177413469536709	28.9784973751665	7	2
-6.48964905843094	-0.611060095324463	32.8141000871401	-2.41806527553785	-2.55137701527608	33.7467360016488	-2.50380545697971	-1.0076400155524	32.2516648538533	7	2
-2.05165175992571	-0.177413469536709	28.9784973751665	-2.50380545697971	-1.0076400155524	32.2516648538533	-2.41806527553785	-2.55137701527608	33.7467360016488	7	2
1.6541	2.9057	32.832	1.8467	5.2361	37.452	3.0061	2.7372	32.871	8	2
1.8467	5.2361	37.452	3.0828	7.2517	41.746	3.3828	2.8223	37.853	8	2
3.0828	7.2517	41.746	4.70175896855142	9.63077787980587	44.0263853511995	5.87184868290349	5.98448693920832	42.362087106628	8	2
4.70175896855142	9.63077787980587	44.0263853511995	8.56485231690826	14.1436632626943	45.7581559834697	7.73473891163076	8.69042600030301	44.7863211495364	8	2
8.56485231690826	14.1436632626943	45.7581559834697	11.3843257355987	17.1110966784051	45.2999846458451	11.3019653170807	13.632667212853	46.3811109588359	8	2
11.3843257355987	17.1110966784051	45.2999846458451	14.3611724854826	19.9921334112385	42.9939029513316	14.6430665875469	16.9607563214473	44.5040382613983	8	2
16.2581176129325	22.9007890688817	38.8914649629272	16.3261229424465	24.594422290172	35.0161625506115	18.3021290132578	23.3786044115374	38.0565656314726	8	2
16.3261229424465	24.594422290172	35.0161625506115	15.107323542462	25.4545752104421	31.847861747918	17.4511689276942	24.382253395567	34.5209475556445	8	2
3.3828	2.8223	37.853	3.0061	2.7372	32.871	1.8467	5.2361	37.452	8	2
5.87184868290349	5.98448693920832	42.362087106628	3.3828	2.8223	37.853	3.0828	7.2517	41.746	8	2
7.73473891163076	8.69042600030301	44.7863211495364	5.87184868290349	5.98448693920832	42.362087106628	4.70175896855142	9.63077787980587	44.0263853511995	8	2
11.3019653170807	13.632667212853	46.3811109588359	7.73473891163076	8.69042600030301	44.7863211495364	8.56485231690826	14.1436632626943	45.7581559834697	8	2
14.6430665875469	16.9607563214473	44.5040382613983	11.3019653170807	13.632667212853	46.3811109588359	11.3843257355987	17.1110966784051	45.2999846458451	8	2
16.5007675080068	19.69224592619	41.8657120827721	14.6430665875469	16.9607563214473	44.5040382613983	14.3611724854826	19.9921334112385	42.9939029513316	8	2
17.4511689276942	24.382253395567	34.5209475556445	18.3021290132578	23.3786044115374	38.0565656314726	16.3261229424465	24.594422290172	35.0161625506115	8	2
1.8467	5.2361	37.452	1.6541	2.9057	32.832	0.40135	0.65306	33.978	8	2
3.0828	7.2517	41.746	1.8467	5.2361	37.452	-0.586069999999999	5.112	37.433	8	2
4.70175896855142	9.63077787980587	44.0263853511995	3.0828	7.2517	41.746	0.476629721516385	7.83876147030851	41.5531566448439	8	2
8.56485231690826	14.1436632626943	45.7581559834697	4.70175896855142	9.63077787980587	44.0263853511995	1.01380960451202	10.1843926220501	44.7193469431735	8	2
11.3843257355987	17.1110966784051	45.2999846458451	8.56485231690826	14.1436632626943	45.7581559834697	5.26367219379429	14.4778021259004	46.8144891955068	8	2
14.3611724854826	19.9921334112385	42.9939029513316	11.3843257355987	17.1110966784051	45.2999846458451	8.59384367389557	17.1426588869119	45.5898852845249	8	2
16.2581176129325	22.9007890688817	38.8914649629272	14.3611724854826	19.9921334112385	42.9939029513316	12.2082208477909	20.3689632933167	44.8205320121247	8	2
16.3261229424465	24.594422290172	35.0161625506115	16.2581176129325	22.9007890688817	38.8914649629272	16.1031146194626	23.9374525603091	39.6380517814265	8	2
15.107323542462	25.4545752104421	31.847861747918	16.3261229424465	24.594422290172	35.0161625506115	16.1189565657638	25.243447179429	34.8527373827298	8	2
0.40135	0.65306	33.978	-0.586069999999999	5.112	37.433	1.8467	5.2361	37.452	8	2
-0.586069999999999	5.112	37.433	0.476629721516385	7.83876147030851	41.5531566448439	3.0828	7.2517	41.746	8	2
0.476629721516385	7.83876147030851	41.5531566448439	1.01380960451202	10.1843926220501	44.7193469431735	4.70175896855142	9.63077787980587	44.0263853511995	8	2
1.01380960451202	10.1843926220501	44.7193469431735	5.26367219379429	14.4778021259004	46.8144891955068	8.56485231690826	14.1436632626943	45.7581559834697	8	2
5.26367219379429	14.4778021259004	46.8144891955068	8.59384367389557	17.1426588869119	45.5898852845249	11.3843257355987	17.1110966784051	45.2999846458451	8	2
8.59384367389557	17.1426588869119	45.5898852845249	12.2082208477909	20.3689632933167	44.8205320121247	14.3611724854826	19.9921334112385	42.9939029513316	8	2
12.2082208477909	20.3689632933167	44.8205320121247	16.1031146194626	23.9374525603091	39.6380517814265	16.2581176129325	22.9007890688817	38.8914649629272	8	2
16.1031146194626	23.9374525603091	39.6380517814265	16.1189565657638	25.243447179429	34.8527373827298	16.3261229424465	24.594422290172	35.0161625506115	8	2
