-0.3475	-0.70784	0.031499	-0.41155	-0.34074	1.0263	-0.22515	-0.60134	1.8261	0	0
-0.41155	-0.34074	0	-0.087748	-0.21784	1.0423	-0.37868	0.45443	1.0936	0	0
-0.41155	-0.34074	0	-0.087748	-0.21784	1.0423	-0.1292	-0.21974	1.7978	0	0
-0.41155	-0.34074	0	-0.37868	0.45443	1.0936	-0.36431	0.45368	1.7658	0	0
-0.41155	-0.34074	0	-0.22515	-0.60134	1.8261	-0.1292	-0.21974	1.7978	0	0
-0.087748	-0.21784	0.015999	-0.37868	0.45443	1.0936	0.077885	0.65153	1.042	0	0
-0.087748	-0.21784	0.015999	0.077885	0.65153	1.042	0.58995	0.54246	1.7331	0	0
-0.087748	-0.21784	0.015999	-0.1292	-0.21974	1.7978	0.58995	0.54246	1.7331	0	0
-0.37868	0.45443	0.0673	0.077885	0.65153	1.042	0.090202	1.1281	1.0615	0	0
-0.37868	0.45443	0.0673	-0.36431	0.45368	1.7658	-0.23335	1.161	2.1406	0	0
-0.37868	0.45443	0.0673	0.090202	1.1281	1.0615	-0.23335	1.161	2.1406	0	0
-0.22515	-0.60134	0.79975	-0.1292	-0.21974	1.7978	0.21832	-0.029304	2.3827	0	0
-0.22515	-0.60134	0.79975	-0.15305	-0.60444	2.5182	0.21832	-0.029304	2.3827	0	0
0.077885	0.65153	0.015633	0.090202	1.1281	1.0615	0.65045	1.0875	1.0299	0	0
0.077885	0.65153	0.015633	0.65045	1.0875	1.0299	0.58995	0.54246	1.7331	0	0
-0.1292	-0.21974	0.77145	-0.36431	0.45368	1.7658	-0.53225	-0.15794	2.129	0	0
-0.1292	-0.21974	0.77145	-0.36431	0.45368	1.7658	0.17911	0.61674	1.8577	0	0
-0.1292	-0.21974	0.77145	-0.53225	-0.15794	2.129	-0.15305	-0.60444	2.5182	0	0
-0.1292	-0.21974	0.77145	0.58995	0.54246	1.7331	0.21832	-0.029304	2.3827	0	0
-0.36431	0.45368	0.7395	-0.53225	-0.15794	2.129	-0.33152	0.41281	2.5918	0	0
-0.36431	0.45368	0.7395	-0.33152	0.41281	2.5918	-0.23335	1.161	2.1406	0	0
0.090202	1.1281	0.03515	0.65045	1.0875	1.0299	0.2262	1.2084	1.817	0	0
0.090202	1.1281	0.03515	0.2262	1.2084	1.817	-0.23335	1.161	2.1406	0	0
-0.53225	-0.15794	1.1027	-0.33152	0.41281	2.5918	-0.13415	-0.24834	3.0499	0	0
0.65045	1.0875	0.003549	0.58995	0.54246	1.7331	0.65255	1.1118	1.7913	0	0
0.65045	1.0875	0.003549	0.2262	1.2084	1.817	0.65255	1.1118	1.7913	0	0
0.58995	0.54246	0.7068	0.17911	0.61674	1.8577	0.21832	-0.029304	2.3827	0	0
0.58995	0.54246	0.7068	0.17911	0.61674	1.8577	0.65255	1.1118	1.7913	0	0
0.17911	0.61674	0.83138	0.21832	-0.029304	2.3827	0.1928	0.65786	2.5434	0	0
0.17911	0.61674	0.83138	0.2262	1.2084	1.817	0.65255	1.1118	1.7913	0	0
0.17911	0.61674	0.83138	0.2262	1.2084	1.817	-0.23335	1.161	2.1406	0	0
0.17911	0.61674	0.83138	0.1928	0.65786	2.5434	-0.23335	1.161	2.1406	0	0
-0.15305	-0.60444	1.4919	0.21832	-0.029304	2.3827	-0.13415	-0.24834	3.0499	0	0
-0.15305	-0.60444	1.4919	-0.13415	-0.24834	3.0499	-0.20925	-0.38654	3.2845	0	0
0.21832	-0.029304	1.3563	0.1928	0.65786	2.5434	0.019302	0.37346	3.2258	0	0
0.21832	-0.029304	1.3563	-0.13415	-0.24834	3.0499	0.019302	0.37346	3.2258	0	0
-0.33152	0.41281	1.5654	0.019302	0.37346	3.2258	-0.19325	0.5944	3.2322	0	0
-0.33152	0.41281	1.5654	-0.19325	0.5944	3.2322	-0.24735	1.2865	3.1824	0	0
-0.33152	0.41281	1.5654	-0.23335	1.161	2.1406	-0.24735	1.2865	3.1824	0	0
0.1928	0.65786	1.5171	0.19635	1.1336	2.5602	0.59565	1.1524	2.462	0	0
0.1928	0.65786	1.5171	0.19635	1.1336	2.5602	-0.23335	1.161	2.1406	0	0
0.1928	0.65786	1.5171	0.59565	1.1524	2.462	0.58445	0.89706	3.0215	0	0
0.1928	0.65786	1.5171	0.019302	0.37346	3.2258	0.58445	0.89706	3.0215	0	0
-0.13415	-0.24834	2.0236	-0.20925	-0.38654	3.2845	0.019302	0.37346	3.2258	0	0
0.19635	1.1336	1.5339	0.58445	0.89706	3.0215	0.088202	1.1438	3.2618	0	0
0.19635	1.1336	1.5339	0.088202	1.1438	3.2618	-0.24735	1.2865	3.1824	0	0
0.19635	1.1336	1.5339	-0.23335	1.161	2.1406	-0.24735	1.2865	3.1824	0	0
-0.20925	-0.38654	2.2582	0.019302	0.37346	3.2258	-0.16545	-0.28084	4.0561	0	0
-0.20925	-0.38654	2.2582	-0.35048	-0.63784	3.8856	-0.16545	-0.28084	4.0561	0	0
0.019302	0.37346	2.1995	-0.19325	0.5944	3.2322	0.19198	0.45409	3.8968	0	0
0.019302	0.37346	2.1995	0.58445	0.89706	3.0215	0.5727	0.89226	3.8548	0	0
0.019302	0.37346	2.1995	-0.16545	-0.28084	4.0561	0.19198	0.45409	3.8968	0	0
-0.19325	0.5944	2.2059	0.19198	0.45409	3.8968	-0.17965	0.74516	4.0608	0	0
-0.19325	0.5944	2.2059	-0.24735	1.2865	3.1824	-0.17965	0.74516	4.0608	0	0
0.58445	0.89706	1.9952	0.088202	1.1438	3.2618	0.5727	0.89226	3.8548	0	0
0.088202	1.1438	2.2354	-0.24735	1.2865	3.1824	0.11245	1.1443	4.0705	0	0
0.088202	1.1438	2.2354	0.5727	0.89226	3.8548	0.11245	1.1443	4.0705	0	0
-0.35048	-0.63784	2.8592	-0.16545	-0.28084	4.0561	-0.2666	-0.57164	4.7374	0	0
-0.16545	-0.28084	3.0298	0.19198	0.45409	3.8968	0.12835	-0.030738	4.352	0	0
-0.16545	-0.28084	3.0298	0.12835	-0.030738	4.352	-0.15805	-0.24374	4.5619	0	0
-0.16545	-0.28084	3.0298	-0.15805	-0.24374	4.5619	-0.2666	-0.57164	4.7374	0	0
0.19198	0.45409	2.8704	0.5727	0.89226	3.8548	0.2311	0.63296	4.6118	0	0
0.19198	0.45409	2.8704	-0.17965	0.74516	4.0608	-0.1763	0.49556	4.57	0	0
0.19198	0.45409	2.8704	0.12835	-0.030738	4.352	0.2311	0.63296	4.6118	0	0
-0.24735	1.2865	2.1561	-0.17965	0.74516	4.0608	-0.41335	1.134	4.6148	0	0
-0.24735	1.2865	2.1561	0.11245	1.1443	4.0705	-0.41335	1.134	4.6148	0	0
0.5727	0.89226	2.8285	0.11245	1.1443	4.0705	0.23795	1.2918	4.5479	0	0
0.5727	0.89226	2.8285	0.2311	0.63296	4.6118	0.60185	0.89616	4.6843	0	0
0.5727	0.89226	2.8285	0.23795	1.2918	4.5479	0.60185	0.89616	4.6843	0	0
-0.17965	0.74516	3.0345	-0.1763	0.49556	4.57	-0.41335	1.134	4.6148	0	0
0.12835	-0.030738	3.3257	-0.1763	0.49556	4.57	-0.15805	-0.24374	4.5619	0	0
0.12835	-0.030738	3.3257	0.2311	0.63296	4.6118	-0.13315	-0.26594	5.0635	0	0
0.11245	1.1443	3.0442	-0.41335	1.134	4.6148	0.23795	1.2918	4.5479	0	0
-0.1763	0.49556	3.5437	-0.15805	-0.24374	4.5619	-0.13315	-0.26594	5.0635	0	0
-0.1763	0.49556	3.5437	-0.13315	-0.26594	5.0635	-0.39075	0.5507	5.3515	0	0
-0.1763	0.49556	3.5437	-0.41335	1.134	4.6148	-0.39075	0.5507	5.3515	0	0
-0.15805	-0.24374	3.5356	-0.2666	-0.57164	4.7374	-0.13315	-0.26594	5.0635	0	0
-0.2666	-0.57164	3.7111	-0.13315	-0.26594	5.0635	-0.40125	-0.59064	5.3859	0	0
0.2311	0.63296	3.5854	-0.13315	-0.26594	5.0635	0.035852	0.38686	5.6041	0	0
0.2311	0.63296	3.5854	0.035852	0.38686	5.6041	0.60185	0.89616	4.6843	0	0
-0.13315	-0.26594	4.0372	-0.36955	-0.2854	5.3799	-0.40125	-0.59064	5.3859	0	0
-0.13315	-0.26594	4.0372	-0.36955	-0.2854	5.3799	0.035852	0.38686	5.6041	0	0
-0.41335	1.134	3.5884	0.23795	1.2918	4.5479	-0.40672	1.1238	5.295	0	0
-0.41335	1.134	3.5884	-0.39075	0.5507	5.3515	-0.40672	1.1238	5.295	0	0
0.23795	1.2918	3.5216	0.2735	1.0969	5.3112	0.60185	0.89616	4.6843	0	0
0.23795	1.2918	3.5216	0.2735	1.0969	5.3112	-0.40672	1.1238	5.295	0	0
-0.36955	-0.2854	4.3535	-0.40125	-0.59064	5.3859	-0.32761	-0.32944	6.058	0	0
-0.36955	-0.2854	4.3535	0.035852	0.38686	5.6041	-0.32761	-0.32944	6.058	0	0
-0.40125	-0.59064	4.3596	-0.32761	-0.32944	6.058	-0.45215	-0.71554	6.0998	0	0
-0.39075	0.5507	4.3252	0.035852	0.38686	5.6041	0.2735	1.0969	5.3112	0	0
-0.39075	0.5507	4.3252	0.2735	1.0969	5.3112	-0.40672	1.1238	5.295	0	0
0.035852	0.38686	4.5778	0.2735	1.0969	5.3112	0.32645	1.112	6.0266	0	0
0.035852	0.38686	4.5778	-0.32761	-0.32944	6.058	-0.1037	0.50781	6.0765	0	0
0.035852	0.38686	4.5778	0.32645	1.112	6.0266	-0.1037	0.50781	6.0765	0	0
0.2735	1.0969	4.2849	0.60185	0.89616	4.6843	0.32645	1.112	6.0266	0	0
-0.32761	-0.32944	5.0317	-0.45215	-0.71554	6.0998	-0.3167	-0.29826	6.6523	0	0
-0.32761	-0.32944	5.0317	-0.1037	0.50781	6.0765	-0.3167	-0.29826	6.6523	0	0
0.32645	1.112	5.0003	-0.1037	0.50781	6.0765	0.30095	1.1021	6.8031	0	0
-0.45215	-0.71554	5.0735	-0.3167	-0.29826	6.6523	-0.59195	-0.91369	6.7385	0	0
-0.1037	0.50781	5.0502	-0.3167	-0.29826	6.6523	-0.13598	0.39563	6.7364	0	0
-0.1037	0.50781	5.0502	-0.13598	0.39563	6.7364	0.30095	1.1021	6.8031	0	0
-0.3167	-0.29826	5.6259	-0.13598	0.39563	6.7364	-0.42788	-0.25034	7.4039	0	0
-0.3167	-0.29826	5.6259	-0.59195	-0.91369	6.7385	-0.42788	-0.25034	7.4039	0	0
-0.13598	0.39563	5.7101	0.30095	1.1021	6.8031	-0.11615	0.77816	7.5529	0	0
-0.13598	0.39563	5.7101	-0.42788	-0.25034	7.4039	-0.11615	0.77816	7.5529	0	0
-0.59195	-0.91369	5.7121	-0.42788	-0.25034	7.4039	-0.56585	-0.73734	7.548	0	0
-0.59195	-0.91369	5.7121	-0.94701	-1.0701	7.415	-0.56585	-0.73734	7.548	0	0
0.30095	1.1021	5.7767	-0.11615	0.77816	7.5529	0.2734	1.0952	7.5373	0	0
-0.42788	-0.25034	6.3776	-0.56585	-0.73734	7.548	-0.4124	-0.22374	8.0443	0	0
-0.42788	-0.25034	6.3776	-0.54988	0.3956	7.5862	-0.11615	0.77816	7.5529	0	0
-0.42788	-0.25034	6.3776	-0.54988	0.3956	7.5862	-0.4124	-0.22374	8.0443	0	0
-0.94701	-1.0701	6.3887	-0.56585	-0.73734	7.548	-0.62795	-0.78214	8.0021	0	0
-0.94701	-1.0701	6.3887	-0.62795	-0.78214	8.0021	-1.0538	-0.90764	8.1021	0	0
-0.56585	-0.73734	6.5217	-0.4124	-0.22374	8.0443	-0.62795	-0.78214	8.0021	0	0
-0.54988	0.3956	6.5599	-0.11615	0.77816	7.5529	-0.51378	1.1669	7.4114	0	0
-0.54988	0.3956	6.5599	-0.51378	1.1669	7.4114	-0.4791	1.2056	8.0208	0	0
-0.54988	0.3956	6.5599	-0.4124	-0.22374	8.0443	-0.4438	0.46864	8.0486	0	0
-0.54988	0.3956	6.5599	-0.4438	0.46864	8.0486	-0.4791	1.2056	8.0208	0	0
-0.11615	0.77816	6.5266	-0.51378	1.1669	7.4114	0.2734	1.0952	7.5373	0	0
-0.51378	1.1669	6.385	0.2734	1.0952	7.5373	0.026352	1.5502	7.4657	0	0
-0.51378	1.1669	6.385	0.026352	1.5502	7.4657	-0.28695	1.5502	7.7489	0	0
-0.51378	1.1669	6.385	-0.28695	1.5502	7.7489	-0.4791	1.2056	8.0208	0	0
0.2734	1.0952	6.511	-0.4124	-0.22374	8.0443	0.2581	1.0921	8.0847	0	0
0.2734	1.0952	6.511	0.026352	1.5502	7.4657	0.2581	1.0921	8.0847	0	0
-0.4124	-0.22374	7.0179	-0.62795	-0.78214	8.0021	-0.89135	-0.40644	8.3197	0	0
-0.4124	-0.22374	7.0179	-0.4438	0.46864	8.0486	-0.89135	-0.40644	8.3197	0	0
-0.4124	-0.22374	7.0179	0.2581	1.0921	8.0847	0.18565	0.81736	8.7878	0	0
-0.4124	-0.22374	7.0179	0.18565	0.81736	8.7878	-0.4245	-0.22426	8.8192	0	0
-0.62795	-0.78214	6.9758	-1.0538	-0.90764	8.1021	-0.89135	-0.40644	8.3197	0	0
-0.4438	0.46864	7.0223	-0.4791	1.2056	8.0208	-0.46324	0.48506	8.815	0	0
-0.4438	0.46864	7.0223	-0.89135	-0.40644	8.3197	-0.46324	0.48506	8.815	0	0
-1.0538	-0.90764	7.0758	-0.89135	-0.40644	8.3197	-0.54655	-0.74849	8.802	0	0
-1.0538	-0.90764	7.0758	-0.54655	-0.74849	8.802	-0.85995	-1.0273	9.7054	0	0
0.026352	1.5502	6.4394	-0.28695	1.5502	7.7489	-0.034448	1.5586	8.1141	0	0
0.026352	1.5502	6.4394	0.2581	1.0921	8.0847	-0.034448	1.5586	8.1141	0	0
-0.28695	1.5502	6.7226	-0.31265	1.5695	7.8874	-0.4791	1.2056	8.0208	0	0
-0.28695	1.5502	6.7226	-0.31265	1.5695	7.8874	-0.034448	1.5586	8.1141	0	0
0.2581	1.0921	7.0584	-0.034448	1.5586	8.1141	0.038052	1.586	8.4944	0	0
0.2581	1.0921	7.0584	0.038052	1.586	8.4944	0.15865	1.3202	8.8175	0	0
0.2581	1.0921	7.0584	0.18565	0.81736	8.7878	0.15865	1.3202	8.8175	0	0
-0.31265	1.5695	6.8611	-0.4791	1.2056	8.0208	-0.16725	1.5609	8.5345	0	0
-0.31265	1.5695	6.8611	-0.034448	1.5586	8.1141	-0.16725	1.5609	8.5345	0	0
-0.4791	1.2056	6.9945	-0.16725	1.5609	8.5345	-0.43757	1.192	8.8144	0	0
-0.4791	1.2056	6.9945	-0.46324	0.48506	8.815	-0.43757	1.192	8.8144	0	0
-0.89135	-0.40644	7.2934	-0.54655	-0.74849	8.802	-0.4245	-0.22426	8.8192	0	0
-0.89135	-0.40644	7.2934	-0.4245	-0.22426	8.8192	-0.46324	0.48506	8.815	0	0
-0.034448	1.5586	7.0878	0.038052	1.586	8.4944	-0.16725	1.5609	8.5345	0	0
0.038052	1.586	7.4681	-0.16725	1.5609	8.5345	-0.2822	1.5457	9.3801	0	0
0.038052	1.586	7.4681	0.15865	1.3202	8.8175	-0.2822	1.5457	9.3801	0	0
-0.16725	1.5609	7.5082	-0.43757	1.192	8.8144	-0.2822	1.5457	9.3801	0	0
0.18565	0.81736	7.7615	-0.4245	-0.22426	8.8192	0.099852	0.53146	9.6678	0	0
0.18565	0.81736	7.7615	0.15865	1.3202	8.8175	0.1686	1.0787	9.5365	0	0
0.18565	0.81736	7.7615	0.1686	1.0787	9.5365	0.099852	0.53146	9.6678	0	0
-0.54655	-0.74849	7.7756	-0.4245	-0.22426	8.8192	-0.54215	-0.73694	9.5497	0	0
-0.54655	-0.74849	7.7756	-0.54215	-0.73694	9.5497	-0.85995	-1.0273	9.7054	0	0
-0.4245	-0.22426	7.7929	-0.54215	-0.73694	9.5497	-0.40325	-0.23239	9.5557	0	0
-0.4245	-0.22426	7.7929	-0.40325	-0.23239	9.5557	0.099852	0.53146	9.6678	0	0
-0.46324	0.48506	7.7886	-0.43757	1.192	8.8144	-0.50717	0.49754	9.5691	0	0
-0.46324	0.48506	7.7886	-0.40325	-0.23239	9.5557	-0.50717	0.49754	9.5691	0	0
-0.43757	1.192	7.7881	-0.2822	1.5457	9.3801	-0.4315	1.1788	9.5592	0	0
-0.43757	1.192	7.7881	-0.50717	0.49754	9.5691	-0.4315	1.1788	9.5592	0	0
0.15865	1.3202	7.7912	-0.2822	1.5457	9.3801	0.1686	1.0787	9.5365	0	0
-0.54215	-0.73694	8.5234	-0.40325	-0.23239	9.5557	-0.39457	-0.35364	10.274	0	0
-0.54215	-0.73694	8.5234	-0.85995	-1.0273	9.7054	-0.65628	-0.8273	10.225	0	0
-0.54215	-0.73694	8.5234	-0.65628	-0.8273	10.225	-0.39457	-0.35364	10.274	0	0
-0.40325	-0.23239	8.5294	-0.50717	0.49754	9.5691	-0.50472	0.53016	10.263	0	0
-0.40325	-0.23239	8.5294	-0.39457	-0.35364	10.274	-0.50472	0.53016	10.263	0	0
-0.2822	1.5457	8.3537	0.1686	1.0787	9.5365	-0.016698	1.5936	10.331	0	0
-0.2822	1.5457	8.3537	-0.4315	1.1788	9.5592	-0.25145	1.5798	10.313	0	0
-0.2822	1.5457	8.3537	-0.25145	1.5798	10.313	-0.016698	1.5936	10.331	0	0
0.1686	1.0787	8.5102	0.099852	0.53146	9.6678	0.23665	0.83626	10.139	0	0
0.1686	1.0787	8.5102	0.23665	0.83626	10.139	0.10795	1.333	10.31	0	0
0.1686	1.0787	8.5102	-0.016698	1.5936	10.331	0.10795	1.333	10.31	0	0
-0.50717	0.49754	8.5427	-0.4315	1.1788	9.5592	-0.50472	0.53016	10.263	0	0
0.099852	0.53146	8.6415	-0.39457	-0.35364	10.274	0.23665	0.83626	10.139	0	0
-0.65628	-0.8273	9.1986	-0.39457	-0.35364	10.274	-0.42485	-0.68119	11.11	0	0
-0.39457	-0.35364	9.2478	0.23665	0.83626	10.139	0.17135	0.54336	11.136	0	0
-0.39457	-0.35364	9.2478	-0.50472	0.53016	10.263	-0.35848	-0.20897	10.899	0	0
-0.39457	-0.35364	9.2478	-0.35848	-0.20897	10.899	-0.42485	-0.68119	11.11	0	0
-0.4315	1.1788	8.5329	-0.50472	0.53016	10.263	-0.4806	1.1799	10.32	0	0
-0.4315	1.1788	8.5329	-0.4806	1.1799	10.32	-0.25145	1.5798	10.313	0	0
0.23665	0.83626	9.1124	0.10795	1.333	10.31	0.21739	1.0475	10.913	0	0
0.23665	0.83626	9.1124	0.21739	1.0475	10.913	0.17135	0.54336	11.136	0	0
-0.50472	0.53016	9.2364	-0.4806	1.1799	10.32	-0.40839	0.43862	10.972	0	0
-0.50472	0.53016	9.2364	-0.35848	-0.20897	10.899	-0.40839	0.43862	10.972	0	0
-0.4806	1.1799	9.2938	-0.25145	1.5798	10.313	-0.36515	1.6128	11.053	0	0
-0.4806	1.1799	9.2938	-0.36515	1.6128	11.053	-0.52258	1.2767	11.081	0	0
-0.4806	1.1799	9.2938	-0.52258	1.2767	11.081	-0.40839	0.43862	10.972	0	0
-0.35848	-0.20897	9.8729	-0.40839	0.43862	10.972	-0.3805	-0.25454	11.548	0	0
-0.35848	-0.20897	9.8729	-0.42485	-0.68119	11.11	-0.3805	-0.25454	11.548	0	0
-0.25145	1.5798	9.2866	-0.016698	1.5936	10.331	-0.36515	1.6128	11.053	0	0
-0.016698	1.5936	9.3044	0.10795	1.333	10.31	-0.012848	1.6031	11.064	0	0
-0.016698	1.5936	9.3044	-0.012848	1.6031	11.064	-0.36515	1.6128	11.053	0	0
0.10795	1.333	9.284	0.21739	1.0475	10.913	-0.012848	1.6031	11.064	0	0
0.21739	1.0475	9.8871	-0.012848	1.6031	11.064	0.2639	1.1164	11.541	0	0
0.21739	1.0475	9.8871	0.17135	0.54336	11.136	0.2639	1.1164	11.541	0	0
-0.36515	1.6128	10.026	-0.52258	1.2767	11.081	-0.51385	1.2237	11.577	0	0
-0.52258	1.2767	10.054	-0.40839	0.43862	10.972	-0.47425	0.49099	11.542	0	0
-0.52258	1.2767	10.054	-0.47425	0.49099	11.542	-0.51385	1.2237	11.577	0	0
-0.40839	0.43862	9.946	-0.3805	-0.25454	11.548	-0.47425	0.49099	11.542	0	0
0.17135	0.54336	10.11	0.14235	0.54886	11.383	0.2639	1.1164	11.541	0	0
-0.42485	-0.68119	10.083	-0.3805	-0.25454	11.548	-0.73568	-0.83094	11.678	0	0
-0.3805	-0.25454	10.522	-0.73568	-0.83094	11.678	-0.96105	-0.55514	11.959	0	0
-0.3805	-0.25454	10.522	-0.47425	0.49099	11.542	-0.45897	0.4671	12.308	0	0
-0.3805	-0.25454	10.522	-0.96105	-0.55514	11.959	-0.37735	-0.30974	12.377	0	0
-0.3805	-0.25454	10.522	-0.37735	-0.30974	12.377	-0.45897	0.4671	12.308	0	0
-0.73568	-0.83094	10.652	-0.96105	-0.55514	11.959	-0.86515	-0.80664	12.027	0	0
-0.47425	0.49099	10.516	-0.51385	1.2237	11.577	-0.46937	1.2148	12.265	0	0
-0.47425	0.49099	10.516	-0.45897	0.4671	12.308	-0.46937	1.2148	12.265	0	0
-0.96105	-0.55514	10.932	-0.86515	-0.80664	12.027	-0.37735	-0.30974	12.377	0	0
-0.86515	-0.80664	11.001	-0.68505	-0.91876	12.451	-0.37735	-0.30974	12.377	0	0
-0.68505	-0.91876	11.424	-0.37735	-0.30974	12.377	-0.6718	-0.79579	12.916	0	0
-0.37735	-0.30974	11.351	-0.45897	0.4671	12.308	-0.45517	0.47934	13.071	0	0
-0.37735	-0.30974	11.351	-0.6718	-0.79579	12.916	-0.38811	-0.35657	12.961	0	0
-0.37735	-0.30974	11.351	-0.38811	-0.35657	12.961	-0.45517	0.47934	13.071	0	0
-0.45897	0.4671	11.282	-0.46937	1.2148	12.265	-0.3675	1.1734	13.003	0	0
-0.45897	0.4671	11.282	-0.45517	0.47934	13.071	-0.3675	1.1734	13.003	0	0
-0.6718	-0.79579	11.89	-0.38811	-0.35657	12.961	-0.42152	-0.31249	13.655	0	0
-0.6718	-0.79579	11.89	-0.42152	-0.31249	13.655	-0.48425	-0.71459	13.816	0	0
-0.38811	-0.35657	11.934	-0.45517	0.47934	13.071	-0.42152	-0.31249	13.655	0	0
-0.46937	1.2148	11.239	0.3201	1.1734	12.319	0.44915	1.7967	12.608	0	0
-0.46937	1.2148	11.239	-0.3675	1.1734	13.003	0.27305	1.7982	12.942	0	0
-0.46937	1.2148	11.239	0.44915	1.7967	12.608	0.27305	1.7982	12.942	0	0
-0.45517	0.47934	12.045	-0.3675	1.1734	13.003	-0.41085	1.0843	13.778	0	0
-0.45517	0.47934	12.045	-0.42152	-0.31249	13.655	-0.4279	0.48226	13.809	0	0
-0.45517	0.47934	12.045	-0.4279	0.48226	13.809	-0.41085	1.0843	13.778	0	0
-0.3675	1.1734	11.976	0.27305	1.7982	12.942	0.2212	1.1343	13.055	0	0
-0.42152	-0.31249	12.628	-0.48425	-0.71459	13.816	-0.34132	-0.30249	14.365	0	0
-0.42152	-0.31249	12.628	-0.4279	0.48226	13.809	-0.34132	-0.30249	14.365	0	0
-0.48425	-0.71459	12.79	-0.34132	-0.30249	14.365	-0.3805	-0.66844	14.533	0	0
-0.4279	0.48226	12.782	-0.34132	-0.30249	14.365	-0.45917	0.47431	14.571	0	0
-0.4279	0.48226	12.782	-0.41085	1.0843	13.778	-0.43095	1.0746	14.544	0	0
-0.4279	0.48226	12.782	-0.45917	0.47431	14.571	-0.43095	1.0746	14.544	0	0
-0.34132	-0.30249	13.339	-0.3805	-0.66844	14.533	-0.88565	-0.52164	15.158	0	0
-0.34132	-0.30249	13.339	-0.45917	0.47431	14.571	-0.88565	-0.52164	15.158	0	0
-0.3805	-0.66844	13.506	-0.45015	-0.71134	15.077	-0.88565	-0.52164	15.158	0	0
-0.45917	0.47431	13.544	-0.88565	-0.52164	15.158	-0.42075	0.48256	15.058	0	0
-0.45917	0.47431	13.544	-0.43095	1.0746	14.544	-0.42075	0.48256	15.058	0	0
-0.45015	-0.71134	14.05	-0.88565	-0.52164	15.158	-0.96415	-0.59844	15.237	0	0
-0.45015	-0.71134	14.05	-0.96415	-0.59844	15.237	-0.41911	-0.86022	15.823	0	0
-0.88565	-0.52164	14.132	-0.96415	-0.59844	15.237	-0.9813	-0.23194	15.939	0	0
-0.88565	-0.52164	14.132	-0.42075	0.48256	15.058	-0.9813	-0.23194	15.939	0	0
-0.36742	-0.36009	14.155	-0.42075	0.48256	15.058	0.16885	0.67156	15.048	0	0
-0.96415	-0.59844	14.211	-0.41911	-0.86022	15.823	-0.88385	-0.74594	16.35	0	0
-0.96415	-0.59844	14.211	-0.88385	-0.74594	16.35	-0.9813	-0.23194	15.939	0	0
-0.43095	1.0746	13.518	-0.42075	0.48256	15.058	-0.24235	1.0866	15.056	0	0
-0.42075	0.48256	14.032	0.16885	0.67156	15.048	-0.24235	1.0866	15.056	0	0
-0.42075	0.48256	14.032	-0.2845	1.1115	15.833	-0.41087	0.47619	15.805	0	0
-0.42075	0.48256	14.032	-0.41087	0.47619	15.805	-0.9813	-0.23194	15.939	0	0
0.16885	0.67156	14.021	-0.24235	1.0866	15.056	0.038752	1.0985	14.99	0	0
-0.2845	1.1115	14.806	0.086652	1.0978	15.893	-0.40285	1.0613	16.442	0	0
-0.2845	1.1115	14.806	-0.41087	0.47619	15.805	-0.40285	1.0613	16.442	0	0
0.15923	0.66041	14.794	0.086652	1.0978	15.893	0.19095	0.60506	16.561	0	0
0.086652	1.0978	14.867	-0.40285	1.0613	16.442	0.098052	1.2044	16.563	0	0
0.086652	1.0978	14.867	0.098052	1.2044	16.563	0.19095	0.60506	16.561	0	0
-0.41087	0.47619	14.779	-0.33885	0.3976	16.548	-0.40285	1.0613	16.442	0	0
-0.41087	0.47619	14.779	-0.33885	0.3976	16.548	-0.9813	-0.23194	15.939	0	0
-0.41911	-0.86022	14.797	-0.88385	-0.74594	16.35	-0.40575	-0.89959	16.375	0	0
0.0025521	-0.12704	15.073	-0.3584	-0.28179	16.533	-0.13335	-0.68374	16.621	0	0
0.0025521	-0.12704	15.073	-0.3584	-0.28179	16.533	-0.33885	0.3976	16.548	0	0
0.0025521	-0.12704	15.073	-0.13335	-0.68374	16.621	0.14772	-0.31664	17.336	0	0
0.0025521	-0.12704	15.073	-0.33885	0.3976	16.548	0.19095	0.60506	16.561	0	0
0.0025521	-0.12704	15.073	0.19095	0.60506	16.561	0.14772	-0.31664	17.336	0	0
-0.88385	-0.74594	15.324	-0.40575	-0.89959	16.375	-0.62545	-0.83467	17.168	0	0
-0.88385	-0.74594	15.324	-0.3584	-0.28179	16.533	-0.97425	-0.35344	16.392	0	0
-0.88385	-0.74594	15.324	-0.62545	-0.83467	17.168	-0.8889	-0.31899	17.315	0	0
-0.88385	-0.74594	15.324	-0.9813	-0.23194	15.939	-0.97425	-0.35344	16.392	0	0
-0.40575	-0.89959	15.348	-0.13335	-0.68374	16.621	-0.62545	-0.83467	17.168	0	0
-0.3584	-0.28179	15.506	-0.13335	-0.68374	16.621	-0.62545	-0.83467	17.168	0	0
-0.3584	-0.28179	15.506	-0.33885	0.3976	16.548	-0.97425	-0.35344	16.392	0	0
-0.3584	-0.28179	15.506	-0.62545	-0.83467	17.168	-0.42971	-0.24287	17.25	0	0
-0.13335	-0.68374	15.594	0.14772	-0.31664	17.336	0.13693	-0.69866	17.265	0	0
-0.33885	0.3976	15.521	-0.40285	1.0613	16.442	-0.38725	0.43935	17.265	0	0
-0.33885	0.3976	15.521	-0.42971	-0.24287	17.25	-0.38725	0.43935	17.265	0	0
-0.33885	0.3976	15.521	-0.9813	-0.23194	15.939	-0.97425	-0.35344	16.392	0	0
-0.40285	1.0613	15.416	0.098052	1.2044	16.563	-0.15665	1.2386	17.304	0	0
-0.40285	1.0613	15.416	-0.38725	0.43935	17.265	-0.15665	1.2386	17.304	0	0
0.098052	1.2044	15.537	0.19095	0.60506	16.561	0.2491	0.60551	17.313	0	0
0.098052	1.2044	15.537	0.2491	0.60551	17.313	0.062652	1.2484	17.309	0	0
0.098052	1.2044	15.537	-0.15665	1.2386	17.304	0.062652	1.2484	17.309	0	0
-0.62545	-0.83467	16.142	-0.8889	-0.31899	17.315	-0.29075	-0.65094	18.07	0	0
-0.62545	-0.83467	16.142	-0.29075	-0.65094	18.07	0.13693	-0.69866	17.265	0	0
-0.42971	-0.24287	16.224	-0.38725	0.43935	17.265	-0.62165	0.4732	17.91	0	0
-0.42971	-0.24287	16.224	-0.55715	-0.25834	18.062	-0.62165	0.4732	17.91	0	0
-0.42971	-0.24287	16.224	-0.55715	-0.25834	18.062	-0.29075	-0.65094	18.07	0	0
-0.38725	0.43935	16.239	0.2491	0.60551	17.313	-0.15665	1.2386	17.304	0	0
-0.38725	0.43935	16.239	-0.62165	0.4732	17.91	-0.38205	1.0578	18.07	0	0
0.19095	0.60506	15.535	0.2491	0.60551	17.313	0.14772	-0.31664	17.336	0	0
-0.8889	-0.31899	16.288	-0.9936	0.070962	17.954	-0.34635	-0.56554	18.285	0	0
-0.8889	-0.31899	16.288	-0.29075	-0.65094	18.07	-0.34635	-0.56554	18.285	0	0
0.2491	0.60551	16.286	0.062652	1.2484	17.309	0.10355	1.2579	18.077	0	0
0.2491	0.60551	16.286	0.10355	1.2579	18.077	0.21259	0.4143	18.048	0	0
0.2491	0.60551	16.286	0.21259	0.4143	18.048	0.14772	-0.31664	17.336	0	0
-0.15665	1.2386	16.278	0.062652	1.2484	17.309	-0.073448	1.5697	17.597	0	0
0.062652	1.2484	16.282	-0.073448	1.5697	17.597	0.10355	1.2579	18.077	0	0
-0.9936	0.070962	16.928	-0.55715	-0.25834	18.062	-0.62165	0.4732	17.91	0	0
-0.9936	0.070962	16.928	-0.62165	0.4732	17.91	-0.57545	0.52846	18.614	0	0
-0.073448	1.5697	16.57	0.10355	1.2579	18.077	-0.23995	1.5602	18.699	0	0
-0.62165	0.4732	16.884	-0.38205	1.0578	18.07	-0.57545	0.52846	18.614	0	0
-0.38205	1.0578	17.044	-0.57545	0.52846	18.614	-0.45155	1.1916	18.521	0	0
0.10355	1.2579	17.05	0.21259	0.4143	18.048	0.16085	1.0296	18.564	0	0
0.10355	1.2579	17.05	-0.23995	1.5602	18.699	0.16085	1.0296	18.564	0	0
0.022952	-0.076438	17.013	0.21259	0.4143	18.048	0.14772	-0.31664	17.336	0	0
0.022952	-0.076438	17.013	0.21259	0.4143	18.048	0.083602	0.26871	18.527	0	0
0.022952	-0.076438	17.013	-0.29075	-0.65094	18.07	-0.34635	-0.56554	18.285	0	0
0.022952	-0.076438	17.013	-0.29075	-0.65094	18.07	0.14772	-0.31664	17.336	0	0
0.022952	-0.076438	17.013	-0.34635	-0.56554	18.285	-0.33482	-0.38494	18.527	0	0
0.022952	-0.076438	17.013	-0.33482	-0.38494	18.527	0.083602	0.26871	18.527	0	0
0.21259	0.4143	17.022	0.083602	0.26871	18.527	0.16085	1.0296	18.564	0	0
-0.29075	-0.65094	17.044	0.14772	-0.31664	17.336	0.13693	-0.69866	17.265	0	0
-0.34635	-0.56554	17.259	-0.33482	-0.38494	18.527	-0.30967	-0.65984	19.43	0	0
-0.33482	-0.38494	17.501	0.083602	0.26871	18.527	-0.3333	-0.25534	19.303	0	0
-0.33482	-0.38494	17.501	-0.3333	-0.25534	19.303	-0.30967	-0.65984	19.43	0	0
0.083602	0.26871	17.501	0.16085	1.0296	18.564	0.012912	0.41294	19.344	0	0
0.083602	0.26871	17.501	-0.3333	-0.25534	19.303	0.012912	0.41294	19.344	0	0
-0.57545	0.52846	17.588	-0.45155	1.1916	18.521	-0.46765	1.1308	19.26	0	0
-0.57545	0.52846	17.588	-0.3333	-0.25534	19.303	-0.70147	0.45576	19.303	0	0
-0.57545	0.52846	17.588	-0.70147	0.45576	19.303	-0.46765	1.1308	19.26	0	0
-0.45155	1.1916	17.494	-0.23995	1.5602	18.699	-0.46765	1.1308	19.26	0	0
-0.23995	1.5602	17.673	0.16085	1.0296	18.564	0.26243	1.0638	19.343	0	0
-0.23995	1.5602	17.673	-0.46765	1.1308	19.26	-0.2114	1.6082	19.361	0	0
-0.23995	1.5602	17.673	0.26243	1.0638	19.343	-0.015798	1.6102	19.449	0	0
-0.23995	1.5602	17.673	-0.2114	1.6082	19.361	-0.015798	1.6102	19.449	0	0
0.16085	1.0296	17.538	0.012912	0.41294	19.344	0.26243	1.0638	19.343	0	0
-0.3333	-0.25534	18.277	-0.30967	-0.65984	19.43	-0.35305	-0.28614	20.053	0	0
-0.3333	-0.25534	18.277	-0.70147	0.45576	19.303	-0.70195	0.43951	20.061	0	0
-0.3333	-0.25534	18.277	0.012912	0.41294	19.344	-0.35305	-0.28614	20.053	0	0
-0.3333	-0.25534	18.277	-0.70195	0.43951	20.061	-0.10255	0.48991	20.051	0	0
-0.30967	-0.65984	18.403	-0.35305	-0.28614	20.053	-0.2813	-0.69894	20.021	0	0
-0.70147	0.45576	18.277	-0.46765	1.1308	19.26	-0.501	1.2706	20.018	0	0
-0.70147	0.45576	18.277	-0.70195	0.43951	20.061	-0.501	1.2706	20.018	0	0
-0.46765	1.1308	18.234	-0.2114	1.6082	19.361	-0.501	1.2706	20.018	0	0
0.012912	0.41294	18.317	0.26243	1.0638	19.343	0.28835	1.1383	19.911	0	0
0.012912	0.41294	18.317	-0.35305	-0.28614	20.053	-0.10255	0.48991	20.051	0	0
0.012912	0.41294	18.317	-0.10255	0.48991	20.051	0.28835	1.1383	19.911	0	0
0.26243	1.0638	18.316	-0.015798	1.6102	19.449	0.28835	1.1383	19.911	0	0
-0.2114	1.6082	18.335	-0.015798	1.6102	19.449	-0.26135	1.6477	20.091	0	0
-0.2114	1.6082	18.335	-0.501	1.2706	20.018	-0.26135	1.6477	20.091	0	0
-0.015798	1.6102	18.423	0.045752	1.7212	20.087	-0.26135	1.6477	20.091	0	0
-0.015798	1.6102	18.423	0.045752	1.7212	20.087	0.28835	1.1383	19.911	0	0
-0.70195	0.43951	19.035	-0.501	1.2706	20.018	-0.44551	1.2559	20.727	0	0
-0.70195	0.43951	19.035	-0.48658	0.37955	20.803	-0.44551	1.2559	20.727	0	0
-0.70195	0.43951	19.035	-0.48658	0.37955	20.803	-1.3729	0.25606	21.372	0	0
-0.35305	-0.28614	19.026	-0.2813	-0.69894	20.021	-0.30075	-0.65276	20.777	0	0
-0.35305	-0.28614	19.026	-0.10255	0.48991	20.051	-0.38382	-0.26259	20.793	0	0
-0.35305	-0.28614	19.026	-0.30075	-0.65276	20.777	-0.38382	-0.26259	20.793	0	0
-0.10255	0.48991	19.024	0.28835	1.1383	19.911	0.051352	0.73821	20.576	0	0
-0.10255	0.48991	19.024	-0.38382	-0.26259	20.793	0.051352	0.73821	20.576	0	0
-0.501	1.2706	18.992	-0.26135	1.6477	20.091	-0.44551	1.2559	20.727	0	0
0.045752	1.7212	19.061	-0.26135	1.6477	20.091	-0.44551	1.2559	20.727	0	0
0.045752	1.7212	19.061	0.28835	1.1383	19.911	0.58715	1.316	20.14	0	0
0.045752	1.7212	19.061	-0.44551	1.2559	20.727	0.34502	1.172	20.878	0	0
0.045752	1.7212	19.061	0.58715	1.316	20.14	0.34502	1.172	20.878	0	0
0.28835	1.1383	18.885	0.58715	1.316	20.14	0.051352	0.73821	20.576	0	0
-0.30075	-0.65276	19.751	-0.38382	-0.26259	20.793	-0.423	-0.26574	21.556	0	0
-0.30075	-0.65276	19.751	-0.3939	-0.77024	21.538	-0.423	-0.26574	21.556	0	0
-0.38382	-0.26259	19.767	0.051352	0.73821	20.576	0.2381	0.44926	21.314	0	0
-0.38382	-0.26259	19.767	-0.423	-0.26574	21.556	0.2381	0.44926	21.314	0	0
-0.48658	0.37955	19.777	-0.44551	1.2559	20.727	-0.54335	1.2539	21.341	0	0
-0.48658	0.37955	19.777	-0.39635	0.5562	21.475	0.2381	0.44926	21.314	0	0
-0.48658	0.37955	19.777	-0.39635	0.5562	21.475	-1.3729	0.25606	21.372	0	0
-0.44551	1.2559	19.701	0.34502	1.172	20.878	-0.54335	1.2539	21.341	0	0
0.58715	1.316	19.114	0.051352	0.73821	20.576	0.656	1.2231	20.593	0	0
0.051352	0.73821	19.55	0.34502	1.172	20.878	0.656	1.2231	20.593	0	0
0.051352	0.73821	19.55	0.34502	1.172	20.878	0.2381	0.44926	21.314	0	0
-0.3939	-0.77024	20.511	-0.423	-0.26574	21.556	-0.59085	-0.65714	22.028	0	0
0.34502	1.172	19.851	-0.54335	1.2539	21.341	0.95315	1.598	21.969	0	0
0.34502	1.172	19.851	0.656	1.2231	20.593	0.85285	1.191	21.302	0	0
0.34502	1.172	19.851	0.3645	0.98856	21.495	0.85285	1.191	21.302	0	0
0.34502	1.172	19.851	0.3645	0.98856	21.495	0.2381	0.44926	21.314	0	0
-0.54335	1.2539	20.315	-0.25505	1.1246	22.068	0.95315	1.598	21.969	0	0
0.3645	0.98856	20.468	0.19025	1.0859	22.049	0.21475	0.67251	22.012	0	0
0.3645	0.98856	20.468	0.19025	1.0859	22.049	0.95315	1.598	21.969	0	0
0.3645	0.98856	20.468	0.85285	1.191	21.302	0.95315	1.598	21.969	0	0
0.3645	0.98856	20.468	0.21475	0.67251	22.012	0.2381	0.44926	21.314	0	0
-0.39635	0.5562	20.449	-0.423	-0.26574	21.556	-0.415	0.47006	22.041	0	0
-0.39635	0.5562	20.449	-0.423	-0.26574	21.556	-1.105	-0.074787	21.691	0	0
-0.39635	0.5562	20.449	-0.415	0.47006	22.041	0.2381	0.44926	21.314	0	0
-0.39635	0.5562	20.449	-1.105	-0.074787	21.691	-1.3729	0.25606	21.372	0	0
-0.423	-0.26574	20.53	-0.415	0.47006	22.041	-0.35988	-0.3019	22.122	0	0
-0.423	-0.26574	20.53	-0.59085	-0.65714	22.028	-1.105	-0.074787	21.691	0	0
-0.423	-0.26574	20.53	-0.35988	-0.3019	22.122	0.3372	-0.36624	22.18	0	0
-0.423	-0.26574	20.53	0.2381	0.44926	21.314	0.3372	-0.36624	22.18	0	0
-0.415	0.47006	21.015	-0.35988	-0.3019	22.122	-0.47126	0.4628	22.806	0	0
-0.415	0.47006	21.015	-0.25505	1.1246	22.068	0.21475	0.67251	22.012	0	0
-0.415	0.47006	21.015	-0.25505	1.1246	22.068	-0.26585	1.0335	22.716	0	0
-0.415	0.47006	21.015	0.21475	0.67251	22.012	0.2381	0.44926	21.314	0	0
-0.415	0.47006	21.015	-0.47126	0.4628	22.806	-0.26585	1.0335	22.716	0	0
-0.59085	-0.65714	21.002	-0.35988	-0.3019	22.122	-0.6199	-0.31859	22.825	0	0
-0.59085	-0.65714	21.002	-1.105	-0.074787	21.691	-1.1567	-0.12344	22.002	0	0
-0.59085	-0.65714	21.002	-1.1567	-0.12344	22.002	-1.1862	-0.4681	22.686	0	0
-0.59085	-0.65714	21.002	-0.6199	-0.31859	22.825	-1.1862	-0.4681	22.686	0	0
-0.35988	-0.3019	21.095	-0.56622	-0.76911	22.772	0.154	-0.21294	22.793	0	0
-0.35988	-0.3019	21.095	-0.47126	0.4628	22.806	-0.6199	-0.31859	22.825	0	0
-0.35988	-0.3019	21.095	0.154	-0.21294	22.793	0.3372	-0.36624	22.18	0	0
-0.25505	1.1246	21.041	0.19025	1.0859	22.049	0.21475	0.67251	22.012	0	0
-0.25505	1.1246	21.041	0.19025	1.0859	22.049	0.011352	1.0912	22.825	0	0
-0.25505	1.1246	21.041	-0.26585	1.0335	22.716	0.011352	1.0912	22.825	0	0
0.19025	1.0859	21.022	0.95315	1.598	21.969	0.011352	1.0912	22.825	0	0
0.85285	1.191	20.275	0.2381	0.44926	21.314	0.65595	-0.22354	22.245	0	0
-0.56622	-0.76911	21.746	-0.61585	-0.67474	23.591	-0.6199	-0.31859	22.825	0	0
-0.56622	-0.76911	21.746	-0.61585	-0.67474	23.591	-1.0935	-0.92016	22.872	0	0
-0.56622	-0.76911	21.746	-0.6199	-0.31859	22.825	-1.1862	-0.4681	22.686	0	0
-0.56622	-0.76911	21.746	-1.1862	-0.4681	22.686	-1.0935	-0.92016	22.872	0	0
-0.56622	-0.76911	21.746	0.154	-0.21294	22.793	0.3931	-0.63109	22.812	0	0
-0.47126	0.4628	21.78	-0.26585	1.0335	22.716	-0.45125	0.44716	23.551	0	0
-0.47126	0.4628	21.78	-0.6199	-0.31859	22.825	-0.45125	0.44716	23.551	0	0
-0.26585	1.0335	21.69	0.011352	1.0912	22.825	-0.19085	1.1827	23.58	0	0
-0.26585	1.0335	21.69	-0.45125	0.44716	23.551	-0.19085	1.1827	23.58	0	0
-0.61585	-0.67474	22.565	0.059185	-0.32804	23.606	-0.69795	-0.32734	23.565	0	0
-0.61585	-0.67474	22.565	0.059185	-0.32804	23.606	0.34065	-0.69554	23.591	0	0
-0.61585	-0.67474	22.565	-0.6199	-0.31859	22.825	-0.69795	-0.32734	23.565	0	0
-0.61585	-0.67474	22.565	-1.0935	-0.92016	22.872	-1.2522	-1.1001	23.588	0	0
-0.61585	-0.67474	22.565	-1.2522	-1.1001	23.588	-0.88495	-0.79124	24.23	0	0
-0.61585	-0.67474	22.565	-0.65755	-0.88027	24.238	-0.88495	-0.79124	24.23	0	0
-0.61585	-0.67474	22.565	-0.65755	-0.88027	24.238	0.20085	-0.77226	24.295	0	0
-0.61585	-0.67474	22.565	0.20085	-0.77226	24.295	0.34065	-0.69554	23.591	0	0
0.059185	-0.32804	22.58	0.2188	0.55101	23.55	-0.45125	0.44716	23.551	0	0
0.059185	-0.32804	22.58	0.2188	0.55101	23.55	0.25115	-0.20677	24.211	0	0
0.059185	-0.32804	22.58	-0.45125	0.44716	23.551	-0.56201	-0.20524	24.273	0	0
0.059185	-0.32804	22.58	-0.56201	-0.20524	24.273	0.20085	-0.77226	24.295	0	0
0.059185	-0.32804	22.58	0.20085	-0.77226	24.295	0.25115	-0.20677	24.211	0	0
0.059185	-0.32804	22.58	0.34065	-0.69554	23.591	0.3931	-0.63109	22.812	0	0
0.011352	1.0912	21.799	0.036752	1.1831	23.557	-0.19085	1.1827	23.58	0	0
0.2381	0.44926	20.288	0.3372	-0.36624	22.18	0.65595	-0.22354	22.245	0	0
-1.105	-0.074787	20.664	-1.1567	-0.12344	22.002	-1.5789	-0.13094	22.108	0	0
-1.105	-0.074787	20.664	-1.3729	0.25606	21.372	-1.5789	-0.13094	22.108	0	0
-1.1567	-0.12344	20.976	-1.1862	-0.4681	22.686	-1.5789	-0.13094	22.108	0	0
0.2188	0.55101	22.524	0.036752	1.1831	23.557	0.35425	0.57406	24.307	0	0
0.2188	0.55101	22.524	0.35425	0.57406	24.307	0.25115	-0.20677	24.211	0	0
0.2188	0.55101	22.524	0.84775	-0.62624	23.106	0.88052	-0.3274	22.704	0	0
-0.6199	-0.31859	21.799	-0.69795	-0.32734	23.565	-0.45125	0.44716	23.551	0	0
-1.1862	-0.4681	21.66	-1.0935	-0.92016	22.872	-1.7044	-0.7402	22.887	0	0
-1.1862	-0.4681	21.66	-1.5789	-0.13094	22.108	-1.7044	-0.7402	22.887	0	0
-1.0935	-0.92016	21.846	-1.2522	-1.1001	23.588	-1.7044	-0.7402	22.887	0	0
-0.69795	-0.32734	22.539	-0.45125	0.44716	23.551	-0.9193	-0.076787	24.143	0	0
-0.69795	-0.32734	22.539	-0.88495	-0.79124	24.23	-0.9193	-0.076787	24.143	0	0
-0.45125	0.44716	22.525	-0.19085	1.1827	23.58	-0.48988	0.57153	24.206	0	0
-0.45125	0.44716	22.525	-0.48988	0.57153	24.206	-0.9193	-0.076787	24.143	0	0
0.036752	1.1831	22.53	-0.19085	1.1827	23.58	-0.070648	1.5571	24.502	0	0
0.036752	1.1831	22.53	0.35425	0.57406	24.307	0.092302	1.2865	24.319	0	0
0.036752	1.1831	22.53	0.092302	1.2865	24.319	-0.070648	1.5571	24.502	0	0
-1.2522	-1.1001	22.562	-0.88495	-0.79124	24.23	-1.895	-1.1264	23.905	0	0
-1.2522	-1.1001	22.562	-1.7044	-0.7402	22.887	-1.8615	-0.94627	23.51	0	0
-1.2522	-1.1001	22.562	-1.8615	-0.94627	23.51	-1.895	-1.1264	23.905	0	0
-0.65755	-0.88027	23.212	-0.88495	-0.79124	24.23	-0.56235	-0.98259	24.845	0	0
-0.65755	-0.88027	23.212	-0.56235	-0.98259	24.845	0.20085	-0.77226	24.295	0	0
-0.88495	-0.79124	23.204	-0.56235	-0.98259	24.845	-0.90285	-0.61954	24.875	0	0
-0.88495	-0.79124	23.204	-0.90285	-0.61954	24.875	-1.895	-1.1264	23.905	0	0
-0.88495	-0.79124	23.204	-0.9193	-0.076787	24.143	-0.9921	-0.30204	24.834	0	0
-0.19085	1.1827	22.553	-0.48988	0.57153	24.206	-0.22925	1.1973	24.317	0	0
-0.19085	1.1827	22.553	-0.22925	1.1973	24.317	-0.070648	1.5571	24.502	0	0
0.35425	0.57406	23.28	0.092302	1.2865	24.319	0.19245	1.2739	25.036	0	0
0.35425	0.57406	23.28	0.19245	1.2739	25.036	0.66172	0.44816	24.975	0	0
0.35425	0.57406	23.28	0.25115	-0.20677	24.211	0.6572	-0.24529	24.815	0	0
0.35425	0.57406	23.28	0.66172	0.44816	24.975	0.6572	-0.24529	24.815	0	0
-0.56201	-0.20524	23.247	-0.48988	0.57153	24.206	0.17749	-0.20924	24.888	0	0
-0.56201	-0.20524	23.247	-0.60445	-0.36564	25.114	-0.89945	0.26706	24.422	0	0
-0.56201	-0.20524	23.247	0.20085	-0.77226	24.295	0.17749	-0.20924	24.888	0	0
-0.48988	0.57153	23.179	-0.22925	1.1973	24.317	-0.44528	1.1017	24.921	0	0
-0.48988	0.57153	23.179	-0.4588	0.81476	25.072	-0.44528	1.1017	24.921	0	0
-0.48988	0.57153	23.179	-0.4588	0.81476	25.072	-0.89945	0.26706	24.422	0	0
-0.48988	0.57153	23.179	-0.9193	-0.076787	24.143	-0.89945	0.26706	24.422	0	0
-0.48988	0.57153	23.179	0.23865	0.44446	25.084	0.17749	-0.20924	24.888	0	0
-0.56235	-0.98259	23.818	-0.90285	-0.61954	24.875	-0.60445	-0.36564	25.114	0	0
-0.56235	-0.98259	23.818	-0.60445	-0.36564	25.114	0.10852	-0.74714	24.903	0	0
-0.56235	-0.98259	23.818	0.20085	-0.77226	24.295	0.10852	-0.74714	24.903	0	0
-0.90285	-0.61954	23.848	-0.60445	-0.36564	25.114	-0.9921	-0.30204	24.834	0	0
0.092302	1.2865	23.292	-0.070648	1.5571	24.502	0.19245	1.2739	25.036	0	0
-0.22925	1.1973	23.291	-0.070648	1.5571	24.502	-0.44528	1.1017	24.921	0	0
-0.070648	1.5571	23.476	0.19245	1.2739	25.036	-0.018081	1.6022	25.037	0	0
-0.070648	1.5571	23.476	-0.018081	1.6022	25.037	-0.44528	1.1017	24.921	0	0
-0.60445	-0.36564	24.087	-0.42345	-0.73714	25.519	-0.62845	-0.29764	25.565	0	0
-0.60445	-0.36564	24.087	-0.62845	-0.29764	25.565	-0.89475	-0.064838	25.368	0	0
-0.60445	-0.36564	24.087	0.10852	-0.74714	24.903	0.17749	-0.20924	24.888	0	0
-0.60445	-0.36564	24.087	-0.4588	0.81476	25.072	-0.89945	0.26706	24.422	0	0
-0.60445	-0.36564	24.087	-0.9921	-0.30204	24.834	-0.89475	-0.064838	25.368	0	0
-0.60445	-0.36564	24.087	0.10345	0.32781	25.549	0.17749	-0.20924	24.888	0	0
-0.42345	-0.73714	24.492	-0.62845	-0.29764	25.565	-0.1227	-0.41594	26.058	0	0
-0.42345	-0.73714	24.492	0.10852	-0.74714	24.903	0.15392	-0.8914	25.526	0	0
-0.42345	-0.73714	24.492	-0.1227	-0.41594	26.058	0.15392	-0.8914	25.526	0	0
-0.62845	-0.29764	24.539	-0.89475	-0.064838	25.368	-0.53875	-0.15177	26.196	0	0
-0.62845	-0.29764	24.539	-0.4519	0.44011	25.569	-0.1227	-0.41594	26.058	0	0
-0.62845	-0.29764	24.539	-0.53875	-0.15177	26.196	-0.39071	-0.69007	26.436	0	0
0.20085	-0.77226	23.269	0.10852	-0.74714	24.903	0.6572	-0.24529	24.815	0	0
0.20085	-0.77226	23.269	0.25115	-0.20677	24.211	0.6572	-0.24529	24.815	0	0
0.20085	-0.77226	23.269	0.34065	-0.69554	23.591	0.77965	-0.91354	23.662	0	0
0.10852	-0.74714	23.876	0.17749	-0.20924	24.888	0.6572	-0.24529	24.815	0	0
-0.4588	0.81476	24.045	0.23865	0.44446	25.084	0.19245	1.2739	25.036	0	0
-0.4588	0.81476	24.045	0.23865	0.44446	25.084	-0.4519	0.44011	25.569	0	0
-0.4588	0.81476	24.045	0.19245	1.2739	25.036	-0.44528	1.1017	24.921	0	0
-0.4588	0.81476	24.045	-0.4519	0.44011	25.569	-0.5612	1.2395	25.561	0	0
-0.9193	-0.076787	23.116	-0.9921	-0.30204	24.834	-0.89945	0.26706	24.422	0	0
0.23865	0.44446	24.058	0.19245	1.2739	25.036	0.3303	1.0826	25.548	0	0
0.23865	0.44446	24.058	0.10345	0.32781	25.549	-0.4519	0.44011	25.569	0	0
0.23865	0.44446	24.058	0.10345	0.32781	25.549	0.81262	0.58566	25.648	0	0
0.23865	0.44446	24.058	0.17749	-0.20924	24.888	0.66172	0.44816	24.975	0	0
0.23865	0.44446	24.058	0.66172	0.44816	24.975	0.81262	0.58566	25.648	0	0
0.19245	1.2739	24.009	-0.018081	1.6022	25.037	0.075752	1.721	25.588	0	0
0.19245	1.2739	24.009	0.075752	1.721	25.588	0.3303	1.0826	25.548	0	0
0.19245	1.2739	24.009	0.66172	0.44816	24.975	0.81262	0.58566	25.648	0	0
-0.9921	-0.30204	23.807	-0.89475	-0.064838	25.368	-1.0342	0.36408	24.889	0	0
-0.9921	-0.30204	23.807	-0.89945	0.26706	24.422	-1.0342	0.36408	24.889	0	0
-0.89475	-0.064838	24.341	-0.53875	-0.15177	26.196	-1.1659	0.45924	25.541	0	0
-0.89475	-0.064838	24.341	-1.0342	0.36408	24.889	-1.1659	0.45924	25.541	0	0
-0.018081	1.6022	24.011	0.075752	1.721	25.588	-0.20965	1.5844	25.621	0	0
-0.018081	1.6022	24.011	-0.20965	1.5844	25.621	-0.5612	1.2395	25.561	0	0
-0.018081	1.6022	24.011	-0.44528	1.1017	24.921	-0.5612	1.2395	25.561	0	0
0.075752	1.721	24.562	-0.20965	1.5844	25.621	-0.44435	1.6571	26.418	0	0
0.075752	1.721	24.562	0.3303	1.0826	25.548	0.1939	1.1617	26.29	0	0
0.075752	1.721	24.562	-0.44435	1.6571	26.418	0.37085	2.2796	26.511	0	0
-0.20965	1.5844	24.595	-0.5612	1.2395	25.561	-0.44435	1.6571	26.418	0	0
0.10345	0.32781	24.523	-0.4519	0.44011	25.569	0.11317	0.45303	26.287	0	0
0.10345	0.32781	24.523	0.17749	-0.20924	24.888	0.26805	-0.25924	25.715	0	0
0.10345	0.32781	24.523	0.26805	-0.25924	25.715	0.11317	0.45303	26.287	0	0
-0.4519	0.44011	24.542	-0.53875	-0.15177	26.196	-1.1918	0.54756	26.238	0	0
-0.4519	0.44011	24.542	-0.5612	1.2395	25.561	-0.5522	1.2715	26.074	0	0
-0.4519	0.44011	24.542	-0.5522	1.2715	26.074	0.11317	0.45303	26.287	0	0
-0.53875	-0.15177	25.169	-0.39071	-0.69007	26.436	-0.1227	-0.41594	26.058	0	0
-0.53875	-0.15177	25.169	-0.1227	-0.41594	26.058	0.11317	0.45303	26.287	0	0
-0.53875	-0.15177	25.169	0.11317	0.45303	26.287	-1.171	0.66716	27.045	0	0
-0.53875	-0.15177	25.169	-1.1918	0.54756	26.238	-1.171	0.66716	27.045	0	0
-0.44528	1.1017	23.895	-0.5612	1.2395	25.561	-1.0336	0.96496	25.703	0	0
-0.44528	1.1017	23.895	-0.89945	0.26706	24.422	-1.0342	0.36408	24.889	0	0
-0.44528	1.1017	23.895	-1.0342	0.36408	24.889	-1.0336	0.96496	25.703	0	0
-0.5612	1.2395	24.535	-0.5522	1.2715	26.074	-1.0336	0.96496	25.703	0	0
0.3303	1.0826	24.521	0.1939	1.1617	26.29	0.81262	0.58566	25.648	0	0
-0.5522	1.2715	25.047	-0.44435	1.6571	26.418	0.1939	1.1617	26.29	0	0
-0.5522	1.2715	25.047	-0.44435	1.6571	26.418	-1.0762	1.135	26.383	0	0
-0.5522	1.2715	25.047	0.11317	0.45303	26.287	0.1939	1.1617	26.29	0	0
-0.5522	1.2715	25.047	-1.0336	0.96496	25.703	-1.0762	1.135	26.383	0	0
-0.44435	1.6571	25.392	0.1939	1.1617	26.29	0.2694	1.8699	26.383	0	0
-0.44435	1.6571	25.392	0.2694	1.8699	26.383	-0.44275	1.8337	27.102	0	0
-0.44435	1.6571	25.392	-0.44275	1.8337	27.102	-1.1561	1.2942	27.092	0	0
-0.44435	1.6571	25.392	-1.1561	1.2942	27.092	-1.0762	1.135	26.383	0	0
-0.1227	-0.41594	25.032	0.15392	-0.8914	25.526	0.26805	-0.25924	25.715	0	0
-0.1227	-0.41594	25.032	0.26805	-0.25924	25.715	0.11317	0.45303	26.287	0	0
0.34065	-0.69554	22.564	0.77965	-0.91354	23.662	0.84775	-0.62624	23.106	0	0
0.34065	-0.69554	22.564	0.3931	-0.63109	22.812	0.84775	-0.62624	23.106	0	0
0.17749	-0.20924	23.862	0.15392	-0.8914	25.526	0.26805	-0.25924	25.715	0	0
0.17749	-0.20924	23.862	0.66172	0.44816	24.975	0.6572	-0.24529	24.815	0	0
0.154	-0.21294	21.767	0.3931	-0.63109	22.812	0.3372	-0.36624	22.18	0	0
0.11317	0.45303	25.26	0.1939	1.1617	26.29	0.72342	1.0219	26.401	0	0
0.11317	0.45303	25.26	-1.171	0.66716	27.045	-0.29025	1.3411	27.202	0	0
0.11317	0.45303	25.26	-0.29025	1.3411	27.202	0.8639	0.62481	26.575	0	0
0.11317	0.45303	25.26	0.72342	1.0219	26.401	0.8639	0.62481	26.575	0	0
0.1939	1.1617	25.264	0.2694	1.8699	26.383	0.72342	1.0219	26.401	0	0
0.2694	1.8699	25.357	0.37085	2.2796	26.511	0.30568	1.9962	27.098	0	0
0.2694	1.8699	25.357	0.37085	2.2796	26.511	0.72342	1.0219	26.401	0	0
0.2694	1.8699	25.357	-0.44275	1.8337	27.102	0.30568	1.9962	27.098	0	0
0.37085	2.2796	25.485	0.30568	1.9962	27.098	0.44235	2.2929	27.586	0	0
0.37085	2.2796	25.485	0.72342	1.0219	26.401	1.1543	1.0309	27.023	0	0
-1.1918	0.54756	25.212	-1.5835	0.40701	26.386	-1.1659	0.45924	25.541	0	0
-1.1918	0.54756	25.212	-1.5835	0.40701	26.386	-1.6032	0.93386	26.667	0	0
-1.1918	0.54756	25.212	-1.1659	0.45924	25.541	-1.0336	0.96496	25.703	0	0
-1.1918	0.54756	25.212	-1.6032	0.93386	26.667	-1.0762	1.135	26.383	0	0
-1.1918	0.54756	25.212	-1.0336	0.96496	25.703	-1.0762	1.135	26.383	0	0
-1.171	0.66716	26.019	-0.29025	1.3411	27.202	-1.1561	1.2942	27.092	0	0
-0.44275	1.8337	26.075	-0.40083	1.9232	27.751	0.10825	2.1963	27.576	0	0
-0.44275	1.8337	26.075	-0.40083	1.9232	27.751	-1.4209	1.5539	27.532	0	0
-0.44275	1.8337	26.075	0.30568	1.9962	27.098	0.10825	2.1963	27.576	0	0
-0.44275	1.8337	26.075	-1.1561	1.2942	27.092	-1.4209	1.5539	27.532	0	0
-0.29025	1.3411	26.176	-0.40083	1.9232	27.751	-1.3147	1.1609	27.813	0	0
-0.29025	1.3411	26.176	0.30568	1.9962	27.098	1.1543	1.0309	27.023	0	0
-0.29025	1.3411	26.176	-1.3147	1.1609	27.813	-1.1561	1.2942	27.092	0	0
-0.29025	1.3411	26.176	0.8639	0.62481	26.575	1.1543	1.0309	27.023	0	0
-0.40083	1.9232	26.724	-1.3147	1.1609	27.813	-0.71142	1.9394	28.343	0	0
-0.40083	1.9232	26.724	-0.71142	1.9394	28.343	0.11445	2.2429	28.089	0	0
-0.40083	1.9232	26.724	-1.2985	1.9022	28.368	-1.7246	2.1012	28.149	0	0
-0.40083	1.9232	26.724	0.10825	2.1963	27.576	0.11445	2.2429	28.089	0	0
-0.40083	1.9232	26.724	-1.4209	1.5539	27.532	-1.6492	1.7615	27.739	0	0
-0.40083	1.9232	26.724	-1.7246	2.1012	28.149	-1.6492	1.7615	27.739	0	0
0.30568	1.9962	26.072	0.10825	2.1963	27.576	0.44235	2.2929	27.586	0	0
-1.3147	1.1609	26.787	-0.71142	1.9394	28.343	-1.2985	1.9022	28.368	0	0
-1.3147	1.1609	26.787	-1.2985	1.9022	28.368	-1.7044	1.4623	28.538	0	0
-0.71142	1.9394	27.317	-1.2985	1.9022	28.368	-1.1185	2.4661	28.989	0	0
-0.71142	1.9394	27.317	0.11445	2.2429	28.089	-0.72875	2.4381	29.56	0	0
-0.71142	1.9394	27.317	-1.1185	2.4661	28.989	-0.72875	2.4381	29.56	0	0
-1.2985	1.9022	27.342	-1.7246	2.1012	28.149	-1.7316	2.4308	28.501	0	0
-1.2985	1.9022	27.342	-1.7316	2.4308	28.501	-1.1185	2.4661	28.989	0	0
0.3931	-0.63109	21.785	0.3372	-0.36624	22.18	0.65595	-0.22354	22.245	0	0
0.3931	-0.63109	21.785	0.84775	-0.62624	23.106	0.88052	-0.3274	22.704	0	0
0.3931	-0.63109	21.785	0.65595	-0.22354	22.245	0.88052	-0.3274	22.704	0	0
0.72342	1.0219	25.375	0.8639	0.62481	26.575	1.1543	1.0309	27.023	0	0
-1.0342	0.36408	23.863	-1.1659	0.45924	25.541	-1.0336	0.96496	25.703	0	0
-1.1561	1.2942	26.066	-1.4209	1.5539	27.532	-1.7671	1.1124	26.986	0	0
-1.1561	1.2942	26.066	-1.6032	0.93386	26.667	-1.7671	1.1124	26.986	0	0
-1.1561	1.2942	26.066	-1.6032	0.93386	26.667	-1.0762	1.135	26.383	0	0
0.10825	2.1963	26.55	0.44235	2.2929	27.586	0.11445	2.2429	28.089	0	0
-1.4209	1.5539	26.505	-1.7671	1.1124	26.986	-1.6492	1.7615	27.739	0	0
-1.7316	2.4308	27.475	-1.1185	2.4661	28.989	-1.7713	2.7764	28.897	0	0
-1.1185	2.4661	27.962	-1.7713	2.7764	28.897	-1.6864	2.9906	29.15	0	0
-1.1185	2.4661	27.962	-0.72875	2.4381	29.56	-1.1639	2.6667	29.562	0	0
-1.1185	2.4661	27.962	-1.1639	2.6667	29.562	-1.6864	2.9906	29.15	0	0
-1.1639	2.6667	28.535	-1.6947	2.9989	29.58	-1.6864	2.9906	29.15	0	0
-0.41205	2.6872	12.111	-2.1725	9.463	17.171	0.184	2.3724	11.732	1	1
-2.1725	9.463	17.171	0.537910249419484	12.0329750229753	18.1290397805546	-0.683562906857893	7.16280756274184	17.9271358875698	1	1
0.537910249419484	12.0329750229753	18.1290397805546	1.18262160100919	16.5423406740544	15.4149827697314	2.52274702162828	11.0429511125629	18.8749407269467	1	1
1.18262160100919	16.5423406740544	15.4149827697314	1.64212806940007	16.54956036621	11.9275545881695	3.10083505726934	17.6397110287446	15.7381762889576	1	1
1.64212806940007	16.54956036621	11.9275545881695	0.603356358835361	11.3683196275023	8.42111554821933	2.03009725427851	16.2082328669497	11.3161036417858	1	1
-0.683562906857893	7.16280756274184	17.9271358875698	0.184	2.3724	11.732	-2.1725	9.463	17.171	1	1
2.52274702162828	11.0429511125629	18.8749407269467	-0.683562906857893	7.16280756274184	17.9271358875698	0.537910249419484	12.0329750229753	18.1290397805546	1	1
3.10083505726934	17.6397110287446	15.7381762889576	2.52274702162828	11.0429511125629	18.8749407269467	1.18262160100919	16.5423406740544	15.4149827697314	1	1
2.03009725427851	16.2082328669497	11.3161036417858	3.10083505726934	17.6397110287446	15.7381762889576	1.64212806940007	16.54956036621	11.9275545881695	1	1
-2.1725	9.463	17.171	-0.41205	2.6872	12.111	-1.7716	1.882	12.511	1	1
0.537910249419484	12.0329750229753	18.1290397805546	-2.1725	9.463	17.171	-2.82003493557824	10.1764216778515	17.8515777448442	1	1
1.18262160100919	16.5423406740544	15.4149827697314	0.537910249419484	12.0329750229753	18.1290397805546	-0.822382126808821	12.8175532159855	19.5850473595967	1	1
1.64212806940007	16.54956036621	11.9275545881695	1.18262160100919	16.5423406740544	15.4149827697314	0.307099549683558	18.5103843716237	15.0735526859656	1	1
0.603356358835361	11.3683196275023	8.42111554821933	1.64212806940007	16.54956036621	11.9275545881695	0.229867571407841	17.7655113866965	10.7919461646412	1	1
-1.7716	1.882	12.511	-2.82003493557824	10.1764216778515	17.8515777448442	-2.1725	9.463	17.171	1	1
-2.82003493557824	10.1764216778515	17.8515777448442	-0.822382126808821	12.8175532159855	19.5850473595967	0.537910249419484	12.0329750229753	18.1290397805546	1	1
-0.822382126808821	12.8175532159855	19.5850473595967	0.307099549683558	18.5103843716237	15.0735526859656	1.18262160100919	16.5423406740544	15.4149827697314	1	1
0.307099549683558	18.5103843716237	15.0735526859656	0.229867571407841	17.7655113866965	10.7919461646412	1.64212806940007	16.54956036621	11.9275545881695	1	1
0.12035	-1.5779	16.987	-0.69681	-5.8877	22.062	0.7205	-1.7004	16.289	2	1
-0.69681	-5.8877	22.062	-1.1614	-9.309	25.507	0.63269	-5.2137	22.291	2	1
-1.1614	-9.309	25.507	0.235647586535587	-13.0600654037515	26.0106342921542	1.07286255830005	-8.99305511711895	25.1925785287869	2	1
0.235647586535587	-13.0600654037515	26.0106342921542	-1.6401245320302	-17.6084304674321	28.4463227634495	1.43856441013134	-13.4846444084119	26.974792797957	2	1
-1.6401245320302	-17.6084304674321	28.4463227634495	-2.5990358460015	-22.4909537203821	26.8986881598234	0.62198104346637	-17.5733913795662	28.2393511467266	2	1
-2.5990358460015	-22.4909537203821	26.8986881598234	-0.465337990834152	-25.4725014511976	25.9808165175318	-0.0190816549468627	-22.2941776881163	29.1951607103202	2	1
-0.465337990834152	-25.4725014511976	25.9808165175318	0.737290361943332	-26.8540283599676	22.9507395931056	2.41195774011106	-25.7500144032389	26.6658544713225	2	1
0.737290361943332	-26.8540283599676	22.9507395931056	1.22490890640268	-25.0020877439049	17.6102269211164	2.49979676145941	-26.1901516986018	23.5865892393732	2	1
0.63269	-5.2137	22.291	0.7205	-1.7004	16.289	-0.69681	-5.8877	22.062	2	1
1.07286255830005	-8.99305511711895	25.1925785287869	0.63269	-5.2137	22.291	-1.1614	-9.309	25.507	2	1
1.43856441013134	-13.4846444084119	26.974792797957	1.07286255830005	-8.99305511711895	25.1925785287869	0.235647586535587	-13.0600654037515	26.0106342921542	2	1
0.62198104346637	-17.5733913795662	28.2393511467266	1.43856441013134	-13.4846444084119	26.974792797957	-1.6401245320302	-17.6084304674321	28.4463227634495	2	1
-0.0190816549468627	-22.2941776881163	29.1951607103202	0.62198104346637	-17.5733913795662	28.2393511467266	-2.5990358460015	-22.4909537203821	26.8986881598234	2	1
2.41195774011106	-25.7500144032389	26.6658544713225	-0.0190816549468627	-22.2941776881163	29.1951607103202	-0.465337990834152	-25.4725014511976	25.9808165175318	2	1
2.49979676145941	-26.1901516986018	23.5865892393732	2.41195774011106	-25.7500144032389	26.6658544713225	0.737290361943332	-26.8540283599676	22.9507395931056	2	1
-0.69681	-5.8877	22.062	0.12035	-1.5779	16.987	-1.3152	-1.6336	16.293	2	1
-1.1614	-9.309	25.507	-0.69681	-5.8877	22.062	-1.9231	-5.2824	22.816	2	1
0.235647586535587	-13.0600654037515	26.0106342921542	-1.1614	-9.309	25.507	-1.5740389731054	-9.71213774822603	26.1031485165877	2	1
-1.6401245320302	-17.6084304674321	28.4463227634495	0.235647586535587	-13.0600654037515	26.0106342921542	-1.32895927774527	-11.1576126744866	28.507514484646	2	1
-2.5990358460015	-22.4909537203821	26.8986881598234	-1.6401245320302	-17.6084304674321	28.4463227634495	-2.42566800567703	-17.6957281351208	27.7066006479041	2	1
-0.465337990834152	-25.4725014511976	25.9808165175318	-2.5990358460015	-22.4909537203821	26.8986881598234	-3.55938174106496	-22.5561741771312	26.7346344678314	2	1
0.737290361943332	-26.8540283599676	22.9507395931056	-0.465337990834152	-25.4725014511976	25.9808165175318	-0.0674113957497751	-27.0967150177377	26.3598349408197	2	1
-1.3152	-1.6336	16.293	-1.9231	-5.2824	22.816	-0.69681	-5.8877	22.062	2	1
-1.9231	-5.2824	22.816	-1.5740389731054	-9.71213774822603	26.1031485165877	-1.1614	-9.309	25.507	2	1
-1.5740389731054	-9.71213774822603	26.1031485165877	-1.32895927774527	-11.1576126744866	28.507514484646	0.235647586535587	-13.0600654037515	26.0106342921542	2	1
-1.32895927774527	-11.1576126744866	28.507514484646	-2.42566800567703	-17.6957281351208	27.7066006479041	-1.6401245320302	-17.6084304674321	28.4463227634495	2	1
-2.42566800567703	-17.6957281351208	27.7066006479041	-3.55938174106496	-22.5561741771312	26.7346344678314	-2.5990358460015	-22.4909537203821	26.8986881598234	2	1
-3.55938174106496	-22.5561741771312	26.7346344678314	-0.0674113957497751	-27.0967150177377	26.3598349408197	-0.465337990834152	-25.4725014511976	25.9808165175318	2	1
0.0037021	2.3981	21.682	0.412	5.4894	26.775	1.0784	1.877	21.494	3	2
0.412	5.4894	26.775	0.67495	8.3882	31.514	1.1945	5.6152	27.008	3	2
0.67495	8.3882	31.514	1.03	11.425	34.562	2.4761	7.3981	31.791	3	2
1.03	11.425	34.562	2.11434770528783	15.8790137084528	35.8963455695403	2.48530237161661	11.1659318557044	34.4716215524681	3	2
2.11434770528783	15.8790137084528	35.8963455695403	2.40515741019693	19.5513744789539	35.1389061351199	4.3311499909071	15.7793727123431	36.9731261360289	3	2
2.40515741019693	19.5513744789539	35.1389061351199	4.19109146808736	22.5792059561147	33.2769412464119	4.14173846000558	18.7212339856399	35.6837246175577	3	2
4.19109146808736	22.5792059561147	33.2769412464119	6.07092308721541	24.9820423486299	28.6321620003625	6.01172623286443	21.7117439477053	33.4094712703748	3	2
6.46538047715423	25.0110796443753	25.1574076647327	7.8500810741559	23.5101438973283	22.0043951005491	9.20339308168009	24.1092056346356	25.3320001560184	3	2
7.8500810741559	23.5101438973283	22.0043951005491	7.41968827777667	22.346649409376	18.7503891667301	9.10355284432543	23.2474350869564	21.963095677538	3	2
7.41968827777667	22.346649409376	18.7503891667301	6.60063421071869	17.4202500019392	14.4968442835012	9.3889815111	21.5691024240414	19.2279541746443	3	2
1.1945	5.6152	27.008	1.0784	1.877	21.494	0.412	5.4894	26.775	3	2
2.4761	7.3981	31.791	1.1945	5.6152	27.008	0.67495	8.3882	31.514	3	2
2.48530237161661	11.1659318557044	34.4716215524681	2.4761	7.3981	31.791	1.03	11.425	34.562	3	2
4.3311499909071	15.7793727123431	36.9731261360289	2.48530237161661	11.1659318557044	34.4716215524681	2.11434770528783	15.8790137084528	35.8963455695403	3	2
4.14173846000558	18.7212339856399	35.6837246175577	4.3311499909071	15.7793727123431	36.9731261360289	2.40515741019693	19.5513744789539	35.1389061351199	3	2
6.01172623286443	21.7117439477053	33.4094712703748	4.14173846000558	18.7212339856399	35.6837246175577	4.19109146808736	22.5792059561147	33.2769412464119	3	2
9.20339308168009	24.1092056346356	25.3320001560184	7.75354462258256	23.7597409808033	28.1698971142549	6.46538047715423	25.0110796443753	25.1574076647327	3	2
9.10355284432543	23.2474350869564	21.963095677538	9.20339308168009	24.1092056346356	25.3320001560184	7.8500810741559	23.5101438973283	22.0043951005491	3	2
9.3889815111	21.5691024240414	19.2279541746443	9.10355284432543	23.2474350869564	21.963095677538	7.41968827777667	22.346649409376	18.7503891667301	3	2
0.412	5.4894	26.775	0.0037021	2.3981	21.682	-1.4666	1.9101	21.811	3	2
0.67495	8.3882	31.514	0.412	5.4894	26.775	-1.2307	5.5104	26.669	3	2
1.03	11.425	34.562	0.67495	8.3882	31.514	-2.0045	7.9057	31.505	3	2
2.11434770528783	15.8790137084528	35.8963455695403	1.03	11.425	34.562	-1.06381084494116	11.4966298766688	34.0389907110049	3	2
2.40515741019693	19.5513744789539	35.1389061351199	2.11434770528783	15.8790137084528	35.8963455695403	-0.569110176074714	15.7758666814312	38.4343198581748	3	2
4.19109146808736	22.5792059561147	33.2769412464119	2.40515741019693	19.5513744789539	35.1389061351199	-0.563865754098089	20.1825191843355	34.0560432764215	3	2
6.07092308721541	24.9820423486299	28.6321620003625	4.19109146808736	22.5792059561147	33.2769412464119	1.7480199391299	23.2933484396168	33.1566856014099	3	2
6.46538047715423	25.0110796443753	25.1574076647327	6.07092308721541	24.9820423486299	28.6321620003625	4.6755566191402	24.9428413703093	28.8900482990874	3	2
7.8500810741559	23.5101438973283	22.0043951005491	6.46538047715423	25.0110796443753	25.1574076647327	6.09596609559572	26.0527836214968	24.2499280072488	3	2
7.41968827777667	22.346649409376	18.7503891667301	7.8500810741559	23.5101438973283	22.0043951005491	6.88379825658294	24.7052255302002	21.4320687537543	3	2
6.60063421071869	17.4202500019392	14.4968442835012	7.41968827777667	22.346649409376	18.7503891667301	7.62055402298882	23.4421333160637	17.2885906845211	3	2
-1.4666	1.9101	21.811	-1.2307	5.5104	26.669	0.412	5.4894	26.775	3	2
-1.2307	5.5104	26.669	-2.0045	7.9057	31.505	0.67495	8.3882	31.514	3	2
-2.0045	7.9057	31.505	-1.06381084494116	11.4966298766688	34.0389907110049	1.03	11.425	34.562	3	2
-1.06381084494116	11.4966298766688	34.0389907110049	-0.569110176074714	15.7758666814312	38.4343198581748	2.11434770528783	15.8790137084528	35.8963455695403	3	2
-0.569110176074714	15.7758666814312	38.4343198581748	-0.563865754098089	20.1825191843355	34.0560432764215	2.40515741019693	19.5513744789539	35.1389061351199	3	2
-0.563865754098089	20.1825191843355	34.0560432764215	1.7480199391299	23.2933484396168	33.1566856014099	4.19109146808736	22.5792059561147	33.2769412464119	3	2
1.7480199391299	23.2933484396168	33.1566856014099	4.6755566191402	24.9428413703093	28.8900482990874	6.07092308721541	24.9820423486299	28.6321620003625	3	2
4.6755566191402	24.9428413703093	28.8900482990874	6.09596609559572	26.0527836214968	24.2499280072488	6.46538047715423	25.0110796443753	25.1574076647327	3	2
6.09596609559572	26.0527836214968	24.2499280072488	6.88379825658294	24.7052255302002	21.4320687537543	7.8500810741559	23.5101438973283	22.0043951005491	3	2
6.88379825658294	24.7052255302002	21.4320687537543	7.62055402298882	23.4421333160637	17.2885906845211	7.41968827777667	22.346649409376	18.7503891667301	3	2
0.23953	-1.8413	25.174	0.80155	-3.8441	29.16	1.0008	-2.5974	25.299	4	2
0.80155	-3.8441	29.16	1.455	-5.9092	33.558	1.3809	-3.2059	29.58	4	2
1.455	-5.9092	33.558	2.383	-8.185	37.648	2.0671	-3.8303	34.049	4	2
2.383	-8.185	37.648	3.35739152990212	-11.5185447823693	40.0581364236063	3.69771356836482	-8.26040247609744	38.1444297631647	4	2
3.35739152990212	-11.5185447823693	40.0581364236063	2.35325072463526	-15.6137969617183	43.031721228305	3.52683258965176	-11.5271870586879	40.5041584503392	4	2
2.35325072463526	-15.6137969617183	43.031721228305	2.93533873989937	-19.596245243789	44.5118660567316	4.28677232461283	-15.5043301043251	44.8676679785002	4	2
2.93533873989937	-19.596245243789	44.5118660567316	4.90016761643789	-22.5187932583153	46.3738441443333	3.50804609282787	-19.1749259753846	45.0100058483291	4	2
4.90016761643789	-22.5187932583153	46.3738441443333	7.38698998309803	-25.9076053952849	46.6251322399646	7.33219654225036	-21.9124260665997	47.2223673866917	4	2
7.38698998309803	-25.9076053952849	46.6251322399646	10.0183282601538	-28.9792327482543	45.0919213489939	10.4146185309962	-25.4456084530816	46.2899240041667	4	2
10.0183282601538	-28.9792327482543	45.0919213489939	12.5067254282948	-32.8111007918699	45.3022302406392	12.1563431770989	-29.3122185179423	44.30828451212	4	2
12.5067254282948	-32.8111007918699	45.3022302406392	13.5169072434472	-38.2827297500496	44.5995245808172	13.9355022924362	-32.8482962179923	46.5587548813725	4	2
1.3809	-3.2059	29.58	1.0008	-2.5974	25.299	0.80155	-3.8441	29.16	4	2
2.0671	-3.8303	34.049	1.3809	-3.2059	29.58	1.455	-5.9092	33.558	4	2
3.69771356836482	-8.26040247609744	38.1444297631647	2.0671	-3.8303	34.049	2.383	-8.185	37.648	4	2
3.52683258965176	-11.5271870586879	40.5041584503392	3.69771356836482	-8.26040247609744	38.1444297631647	3.35739152990212	-11.5185447823693	40.0581364236063	4	2
4.28677232461283	-15.5043301043251	44.8676679785002	3.52683258965176	-11.5271870586879	40.5041584503392	2.35325072463526	-15.6137969617183	43.031721228305	4	2
3.50804609282787	-19.1749259753846	45.0100058483291	4.28677232461283	-15.5043301043251	44.8676679785002	2.93533873989937	-19.596245243789	44.5118660567316	4	2
7.33219654225036	-21.9124260665997	47.2223673866917	3.50804609282787	-19.1749259753846	45.0100058483291	4.90016761643789	-22.5187932583153	46.3738441443333	4	2
10.4146185309962	-25.4456084530816	46.2899240041667	7.33219654225036	-21.9124260665997	47.2223673866917	7.38698998309803	-25.9076053952849	46.6251322399646	4	2
12.1563431770989	-29.3122185179423	44.30828451212	10.4146185309962	-25.4456084530816	46.2899240041667	10.0183282601538	-28.9792327482543	45.0919213489939	4	2
13.9355022924362	-32.8482962179923	46.5587548813725	12.1563431770989	-29.3122185179423	44.30828451212	12.5067254282948	-32.8111007918699	45.3022302406392	4	2
0.80155	-3.8441	29.16	0.23953	-1.8413	25.174	-1.7013	-2.0621	24.932	4	2
1.455	-5.9092	33.558	0.80155	-3.8441	29.16	-1.3186	-3.3216	29.218	4	2
2.383	-8.185	37.648	1.455	-5.9092	33.558	-1.8644	-5.4447	33.492	4	2
3.35739152990212	-11.5185447823693	40.0581364236063	2.383	-8.185	37.648	-0.760450030802478	-8.7223588329488	36.7308453723609	4	2
2.35325072463526	-15.6137969617183	43.031721228305	3.35739152990212	-11.5185447823693	40.0581364236063	-0.492298524326405	-9.21113216176908	40.4211974166486	4	2
2.93533873989937	-19.596245243789	44.5118660567316	2.35325072463526	-15.6137969617183	43.031721228305	-0.14849957652002	-14.8640738166267	42.3431622428989	4	2
4.90016761643789	-22.5187932583153	46.3738441443333	2.93533873989937	-19.596245243789	44.5118660567316	1.72661623264951	-19.2946529163456	44.5632392841448	4	2
7.38698998309803	-25.9076053952849	46.6251322399646	4.90016761643789	-22.5187932583153	46.3738441443333	4.11131047342455	-22.4879574714168	45.8077445310468	4	2
10.0183282601538	-28.9792327482543	45.0919213489939	7.38698998309803	-25.9076053952849	46.6251322399646	5.59330201503954	-25.9526608949094	46.9148639006366	4	2
12.5067254282948	-32.8111007918699	45.3022302406392	10.0183282601538	-28.9792327482543	45.0919213489939	8.71238776670978	-28.8670865483897	45.1034494641481	4	2
13.5169072434472	-38.2827297500496	44.5995245808172	12.5067254282948	-32.8111007918699	45.3022302406392	11.7807473548682	-32.326244486263	45.1122507685458	4	2
-1.7013	-2.0621	24.932	-1.3186	-3.3216	29.218	0.80155	-3.8441	29.16	4	2
-1.3186	-3.3216	29.218	-1.8644	-5.4447	33.492	1.455	-5.9092	33.558	4	2
-1.8644	-5.4447	33.492	-0.760450030802478	-8.7223588329488	36.7308453723609	2.383	-8.185	37.648	4	2
-0.760450030802478	-8.7223588329488	36.7308453723609	-0.492298524326405	-9.21113216176908	40.4211974166486	3.35739152990212	-11.5185447823693	40.0581364236063	4	2
-0.492298524326405	-9.21113216176908	40.4211974166486	-0.14849957652002	-14.8640738166267	42.3431622428989	2.35325072463526	-15.6137969617183	43.031721228305	4	2
-0.14849957652002	-14.8640738166267	42.3431622428989	1.72661623264951	-19.2946529163456	44.5632392841448	2.93533873989937	-19.596245243789	44.5118660567316	4	2
1.72661623264951	-19.2946529163456	44.5632392841448	4.11131047342455	-22.4879574714168	45.8077445310468	4.90016761643789	-22.5187932583153	46.3738441443333	4	2
4.11131047342455	-22.4879574714168	45.8077445310468	5.59330201503954	-25.9526608949094	46.9148639006366	7.38698998309803	-25.9076053952849	46.6251322399646	4	2
5.59330201503954	-25.9526608949094	46.9148639006366	8.71238776670978	-28.8670865483897	45.1034494641481	10.0183282601538	-28.9792327482543	45.0919213489939	4	2
8.71238776670978	-28.8670865483897	45.1034494641481	11.7807473548682	-32.326244486263	45.1122507685458	12.5067254282948	-32.8111007918699	45.3022302406392	4	2
-0.096448	-0.21984	26.534	-0.6632	1.1753	29.951	0.777	1.1601	26.013	5	2
-0.6632	1.1753	29.951	-0.210317546775919	4.55522924042423	33.1660786091925	2.21393718816138	2.01958194874318	28.2951311641542	5	2
-0.210317546775919	4.55522924042423	33.1660786091925	-1.44193110965213	8.85327915956569	35.075686007143	1.50370974500021	4.38341717847586	33.1643812831624	5	2
-1.44193110965213	8.85327915956569	35.075686007143	-3.04144665962624	12.2716274850416	34.8456404005624	-0.562044657116891	9.49165618024437	35.4368657221249	5	2
-3.04144665962624	12.2716274850416	34.8456404005624	-4.08596523489407	15.7580354507264	32.7107880256357	0.132609126354493	12.9726600948252	34.9018146259887	5	2
-4.08596523489407	15.7580354507264	32.7107880256357	-5.78572869036863	18.7778622821069	27.3714989012384	-1.01683093032599	16.4539414520146	33.5520219529083	5	2
-5.78572869036863	18.7778622821069	27.3714989012384	-7.33051075076704	18.8664198734893	24.2131053572227	-4.33182449278796	20.2994499022596	28.1590204491691	5	2
2.21393718816138	2.01958194874318	28.2951311641542	0.777	1.1601	26.013	-0.6632	1.1753	29.951	5	2
1.50370974500021	4.38341717847586	33.1643812831624	2.21393718816138	2.01958194874318	28.2951311641542	-0.210317546775919	4.55522924042423	33.1660786091925	5	2
-0.562044657116891	9.49165618024437	35.4368657221249	1.50370974500021	4.38341717847586	33.1643812831624	-1.44193110965213	8.85327915956569	35.075686007143	5	2
0.132609126354493	12.9726600948252	34.9018146259887	-0.562044657116891	9.49165618024437	35.4368657221249	-3.04144665962624	12.2716274850416	34.8456404005624	5	2
-1.01683093032599	16.4539414520146	33.5520219529083	0.132609126354493	12.9726600948252	34.9018146259887	-4.08596523489407	15.7580354507264	32.7107880256357	5	2
-4.33182449278796	20.2994499022596	28.1590204491691	-1.01683093032599	16.4539414520146	33.5520219529083	-5.78572869036863	18.7778622821069	27.3714989012384	5	2
-0.6632	1.1753	29.951	-0.096448	-0.21984	26.534	-1.2218	0.40471	26.546	5	2
-0.210317546775919	4.55522924042423	33.1660786091925	-0.6632	1.1753	29.951	-2.69315173246482	-0.318795990933395	31.5000886512204	5	2
-1.44193110965213	8.85327915956569	35.075686007143	-0.210317546775919	4.55522924042423	33.1660786091925	-2.7122964559415	3.66648171003758	34.4945045857987	5	2
-3.04144665962624	12.2716274850416	34.8456404005624	-1.44193110965213	8.85327915956569	35.075686007143	-4.00028513329902	7.921194303949	36.0806049499537	5	2
-4.08596523489407	15.7580354507264	32.7107880256357	-3.04144665962624	12.2716274850416	34.8456404005624	-5.40551332170413	12.7294365278377	36.7147816546109	5	2
-5.78572869036863	18.7778622821069	27.3714989012384	-4.08596523489407	15.7580354507264	32.7107880256357	-5.70397561063963	16.7477654509707	33.6474280635351	5	2
-7.33051075076704	18.8664198734893	24.2131053572227	-5.78572869036863	18.7778622821069	27.3714989012384	-6.36598634130855	18.463279673169	27.5562485986117	5	2
-1.2218	0.40471	26.546	-2.69315173246482	-0.318795990933395	31.5000886512204	-0.6632	1.1753	29.951	5	2
-2.69315173246482	-0.318795990933395	31.5000886512204	-2.7122964559415	3.66648171003758	34.4945045857987	-0.210317546775919	4.55522924042423	33.1660786091925	5	2
-2.7122964559415	3.66648171003758	34.4945045857987	-4.00028513329902	7.921194303949	36.0806049499537	-1.44193110965213	8.85327915956569	35.075686007143	5	2
-4.00028513329902	7.921194303949	36.0806049499537	-5.40551332170413	12.7294365278377	36.7147816546109	-3.04144665962624	12.2716274850416	34.8456404005624	5	2
-5.40551332170413	12.7294365278377	36.7147816546109	-5.70397561063963	16.7477654509707	33.6474280635351	-4.08596523489407	15.7580354507264	32.7107880256357	5	2
-5.70397561063963	16.7477654509707	33.6474280635351	-6.36598634130855	18.463279673169	27.5562485986117	-5.78572869036863	18.7778622821069	27.3714989012384	5	2
0.66812	-1.503	30.237	0.6249	-2.4527	34.605	2.0123	-0.9005	30.568	6	2
0.6249	-2.4527	34.605	0.41847	-3.7092	38.806	2.0373	-3.5506	34.219	6	2
0.41847	-3.7092	38.806	0.96083682828894	-6.6357328385121	41.6538427912338	2.32010233580515	-3.90432759337043	38.8364900414189	6	2
0.96083682828894	-6.6357328385121	41.6538427912338	2.57664572399647	-10.9567432496957	42.8149715390456	2.72610087458251	-5.18348997468089	43.8792896590144	6	2
2.57664572399647	-10.9567432496957	42.8149715390456	4.79183648151396	-14.7847100604036	41.6125614700891	4.74011545812187	-10.9774806815138	45.5227280141454	6	2
4.79183648151396	-14.7847100604036	41.6125614700891	8.69980380187562	-16.9427276136355	39.4619712550717	7.06182527551582	-13.8184409335853	42.9369556144675	6	2
8.69980380187562	-16.9427276136355	39.4619712550717	10.7459340489793	-17.6721567314266	36.2665055512962	10.665435527246	-16.6372938056868	39.9812689627301	6	2
10.7459340489793	-17.6721567314266	36.2665055512962	15.5090868298134	-14.9409708662958	30.1845853408247	13.9577338025441	-17.4306631938485	36.9385208593877	6	2
15.5090868298134	-14.9409708662958	30.1845853408247	15.6980819942477	-13.9036780190031	28.441677317785	16.8959663674006	-15.1959928970242	29.3504810835131	6	2
2.0373	-3.5506	34.219	2.0123	-0.9005	30.568	0.6249	-2.4527	34.605	6	2
2.32010233580515	-3.90432759337043	38.8364900414189	2.0373	-3.5506	34.219	0.41847	-3.7092	38.806	6	2
2.72610087458251	-5.18348997468089	43.8792896590144	2.32010233580515	-3.90432759337043	38.8364900414189	0.96083682828894	-6.6357328385121	41.6538427912338	6	2
4.74011545812187	-10.9774806815138	45.5227280141454	2.72610087458251	-5.18348997468089	43.8792896590144	2.57664572399647	-10.9567432496957	42.8149715390456	6	2
7.06182527551582	-13.8184409335853	42.9369556144675	4.74011545812187	-10.9774806815138	45.5227280141454	4.79183648151396	-14.7847100604036	41.6125614700891	6	2
10.665435527246	-16.6372938056868	39.9812689627301	7.06182527551582	-13.8184409335853	42.9369556144675	8.69980380187562	-16.9427276136355	39.4619712550717	6	2
13.9577338025441	-17.4306631938485	36.9385208593877	10.665435527246	-16.6372938056868	39.9812689627301	10.7459340489793	-17.6721567314266	36.2665055512962	6	2
16.8959663674006	-15.1959928970242	29.3504810835131	13.9577338025441	-17.4306631938485	36.9385208593877	15.5090868298134	-14.9409708662958	30.1845853408247	6	2
0.6249	-2.4527	34.605	0.66812	-1.503	30.237	-2.9383	-1.1322	30.626	6	2
0.41847	-3.7092	38.806	0.6249	-2.4527	34.605	-1.4113	-1.7533	34.836	6	2
0.96083682828894	-6.6357328385121	41.6538427912338	0.41847	-3.7092	38.806	-2.83977619428663	-3.84665517003459	39.3083462655853	6	2
2.57664572399647	-10.9567432496957	42.8149715390456	0.96083682828894	-6.6357328385121	41.6538427912338	-2.99911279174177	-7.18270164662815	41.7646248284364	6	2
4.79183648151396	-14.7847100604036	41.6125614700891	2.57664572399647	-10.9567432496957	42.8149715390456	-0.751130542391454	-11.7120685982143	43.1523242754368	6	2
8.69980380187562	-16.9427276136355	39.4619712550717	4.79183648151396	-14.7847100604036	41.6125614700891	2.6480586641541	-16.5165935424065	42.9993857549433	6	2
10.7459340489793	-17.6721567314266	36.2665055512962	8.69980380187562	-16.9427276136355	39.4619712550717	7.26149961071824	-18.1098299741055	40.2308759916187	6	2
15.5090868298134	-14.9409708662958	30.1845853408247	10.7459340489793	-17.6721567314266	36.2665055512962	10.0236929517449	-18.2302012050483	36.7549546509228	6	2
15.6980819942477	-13.9036780190031	28.441677317785	15.5090868298134	-14.9409708662958	30.1845853408247	16.3012069433367	-16.4103703897118	30.5453213333964	6	2
-2.9383	-1.1322	30.626	-1.4113	-1.7533	34.836	0.6249	-2.4527	34.605	6	2
-1.4113	-1.7533	34.836	-2.83977619428663	-3.84665517003459	39.3083462655853	0.41847	-3.7092	38.806	6	2
-2.83977619428663	-3.84665517003459	39.3083462655853	-2.99911279174177	-7.18270164662815	41.7646248284364	0.96083682828894	-6.6357328385121	41.6538427912338	6	2
-2.99911279174177	-7.18270164662815	41.7646248284364	-0.751130542391454	-11.7120685982143	43.1523242754368	2.57664572399647	-10.9567432496957	42.8149715390456	6	2
-0.751130542391454	-11.7120685982143	43.1523242754368	2.6480586641541	-16.5165935424065	42.9993857549433	4.79183648151396	-14.7847100604036	41.6125614700891	6	2
2.6480586641541	-16.5165935424065	42.9993857549433	7.26149961071824	-18.1098299741055	40.2308759916187	8.69980380187562	-16.9427276136355	39.4619712550717	6	2
7.26149961071824	-18.1098299741055	40.2308759916187	10.0236929517449	-18.2302012050483	36.7549546509228	10.7459340489793	-17.6721567314266	36.2665055512962	6	2
10.0236929517449	-18.2302012050483	36.7549546509228	16.3012069433367	-16.4103703897118	30.5453213333964	15.5090868298134	-14.9409708662958	30.1845853408247	6	2
0.48025	-0.065238	32.487	-1.7969649122153	-2.01860480146929	29.8099299941828	0.414556624399547	-0.447757726722787	32.6699385915386	7	2
-1.7969649122153	-2.01860480146929	29.8099299941828	-1.59087109252304	2.42680291870871	30.9966521768636	-3.83446625450844	-2.9680931609122	30.0735992017822	7	2
-3.83446625450844	-2.9680931609122	30.0735992017822	0.414556624399547	-0.447757726722787	32.6699385915386	-1.7969649122153	-2.01860480146929	29.8099299941828	7	2
-1.7969649122153	-2.01860480146929	29.8099299941828	0.48025	-0.065238	32.487	1.01161404301715	2.4502180690798	29.0052140294582	7	2
-1.59087109252304	2.42680291870871	30.9966521768636	-1.7969649122153	-2.01860480146929	29.8099299941828	-0.0242752624757707	-1.29662907828067	30.7907640784359	7	2
1.01161404301715	2.4502180690798	29.0052140294582	-0.0242752624757707	-1.29662907828067	30.7907640784359	-1.7969649122153	-2.01860480146929	29.8099299941828	7	2
1.6541	2.9057	32.832	1.8467	5.2361	37.452	3.0061	2.7372	32.871	8	2
1.8467	5.2361	37.452	3.0828	7.2517	41.746	3.3828	2.8223	37.853	8	2
3.0828	7.2517	41.746	4.93060439796747	9.90031068436958	43.4929050917252	5.9195920055485	6.04028892958272	42.2452786353596	8	2
4.93060439796747	9.90031068436958	43.4929050917252	9.16089897808146	14.4010163170938	43.1228905068465	8.03946737199769	8.95803948312349	43.8212759217424	8	2
9.16089897808146	14.4010163170938	43.1228905068465	11.6728195000136	16.6000911652976	40.7105601991371	11.946371710715	13.7921456357029	43.0161403822687	8	2
11.6728195000136	16.6000911652976	40.7105601991371	13.2276020325313	17.4653249118669	36.3157878671072	14.2439268387507	15.4684282169684	38.8709214209877	8	2
13.2276020325313	17.4653249118669	36.3157878671072	12.1455750489563	17.4184113807541	31.0512182999522	14.3975284513294	16.186290027244	34.6023247252462	8	2
12.1455750489563	17.4184113807541	31.0512182999522	9.30186889395089	16.6579040338735	28.0137932590129	12.9836367099568	16.8608597980205	29.0288098632233	8	2
9.30186889395089	16.6579040338735	28.0137932590129	5.97523237775643	15.9064398224307	27.2186479716331	9.68635048677588	15.9125395255541	27.0904365270201	8	2
3.3828	2.8223	37.853	3.0061	2.7372	32.871	1.8467	5.2361	37.452	8	2
5.9195920055485	6.04028892958272	42.2452786353596	3.3828	2.8223	37.853	3.0828	7.2517	41.746	8	2
8.03946737199769	8.95803948312349	43.8212759217424	5.9195920055485	6.04028892958272	42.2452786353596	4.93060439796747	9.90031068436958	43.4929050917252	8	2
11.946371710715	13.7921456357029	43.0161403822687	8.03946737199769	8.95803948312349	43.8212759217424	9.16089897808146	14.4010163170938	43.1228905068465	8	2
14.2439268387507	15.4684282169684	38.8709214209877	11.946371710715	13.7921456357029	43.0161403822687	11.6728195000136	16.6000911652976	40.7105601991371	8	2
14.3975284513294	16.186290027244	34.6023247252462	14.2439268387507	15.4684282169684	38.8709214209877	13.2276020325313	17.4653249118669	36.3157878671072	8	2
12.9836367099568	16.8608597980205	29.0288098632233	14.3975284513294	16.186290027244	34.6023247252462	12.1455750489563	17.4184113807541	31.0512182999522	8	2
9.68635048677588	15.9125395255541	27.0904365270201	12.9836367099568	16.8608597980205	29.0288098632233	9.30186889395089	16.6579040338735	28.0137932590129	8	2
1.8467	5.2361	37.452	1.6541	2.9057	32.832	0.40135	0.65306	33.978	8	2
3.0828	7.2517	41.746	1.8467	5.2361	37.452	-0.586069999999999	5.112	37.433	8	2
4.93060439796747	9.90031068436958	43.4929050917252	3.0828	7.2517	41.746	0.47111391331863	7.84585080707564	41.7401816594873	8	2
9.16089897808146	14.4010163170938	43.1228905068465	4.93060439796747	9.90031068436958	43.4929050917252	1.49871393096899	10.8874119759525	44.7717383197812	8	2
11.6728195000136	16.6000911652976	40.7105601991371	9.16089897808146	14.4010163170938	43.1228905068465	6.40785938055053	15.5288868578379	44.9322992107463	8	2
13.2276020325313	17.4653249118669	36.3157878671072	11.6728195000136	16.6000911652976	40.7105601991371	9.30055551628573	17.3060113094842	42.0318735728449	8	2
12.1455750489563	17.4184113807541	31.0512182999522	13.2276020325313	17.4653249118669	36.3157878671072	12.4250019474327	19.1643358534188	38.4565751437619	8	2
9.30186889395089	16.6579040338735	28.0137932590129	12.1455750489563	17.4184113807541	31.0512182999522	12.2865084748181	18.6954365119766	30.97750545371	8	2
5.97523237775643	15.9064398224307	27.2186479716331	9.30186889395089	16.6579040338735	28.0137932590129	8.85615264030009	17.1339899865852	27.7577889878335	8	2
0.40135	0.65306	33.978	-0.586069999999999	5.112	37.433	1.8467	5.2361	37.452	8	2
-0.586069999999999	5.112	37.433	0.47111391331863	7.84585080707564	41.7401816594873	3.0828	7.2517	41.746	8	2
0.47111391331863	7.84585080707564	41.7401816594873	1.49871393096899	10.8874119759525	44.7717383197812	4.93060439796747	9.90031068436958	43.4929050917252	8	2
1.49871393096899	10.8874119759525	44.7717383197812	6.40785938055053	15.5288868578379	44.9322992107463	9.16089897808146	14.4010163170938	43.1228905068465	8	2
6.40785938055053	15.5288868578379	44.9322992107463	9.30055551628573	17.3060113094842	42.0318735728449	11.6728195000136	16.6000911652976	40.7105601991371	8	2
9.30055551628573	17.3060113094842	42.0318735728449	12.4250019474327	19.1643358534188	38.4565751437619	13.2276020325313	17.4653249118669	36.3157878671072	8	2
12.4250019474327	19.1643358534188	38.4565751437619	12.2865084748181	18.6954365119766	30.97750545371	12.1455750489563	17.4184113807541	31.0512182999522	8	2
12.2865084748181	18.6954365119766	30.97750545371	8.85615264030009	17.1339899865852	27.7577889878335	9.30186889395089	16.6579040338735	28.0137932590129	8	2
