-0.3475	-0.70784	0.031499	-0.41155	-0.34074	1.0263	-0.22515	-0.60134	1.8261	0	0
-0.41155	-0.34074	0	-0.087748	-0.21784	1.0423	-0.37868	0.45443	1.0936	0	0
-0.41155	-0.34074	0	-0.087748	-0.21784	1.0423	-0.1292	-0.21974	1.7978	0	0
-0.41155	-0.34074	0	-0.37868	0.45443	1.0936	-0.36431	0.45368	1.7658	0	0
-0.41155	-0.34074	0	-0.22515	-0.60134	1.8261	-0.1292	-0.21974	1.7978	0	0
-0.087748	-0.21784	0.015999	-0.37868	0.45443	1.0936	0.077885	0.65153	1.042	0	0
-0.087748	-0.21784	0.015999	0.077885	0.65153	1.042	0.58995	0.54246	1.7331	0	0
-0.087748	-0.21784	0.015999	-0.1292	-0.21974	1.7978	0.58995	0.54246	1.7331	0	0
-0.37868	0.45443	0.0673	0.077885	0.65153	1.042	0.090202	1.1281	1.0615	0	0
-0.37868	0.45443	0.0673	-0.36431	0.45368	1.7658	-0.23335	1.161	2.1406	0	0
-0.37868	0.45443	0.0673	0.090202	1.1281	1.0615	-0.23335	1.161	2.1406	0	0
-0.22515	-0.60134	0.79975	-0.1292	-0.21974	1.7978	0.21832	-0.029304	2.3827	0	0
-0.22515	-0.60134	0.79975	-0.15305	-0.60444	2.5182	0.21832	-0.029304	2.3827	0	0
0.077885	0.65153	0.015633	0.090202	1.1281	1.0615	0.65045	1.0875	1.0299	0	0
0.077885	0.65153	0.015633	0.65045	1.0875	1.0299	0.58995	0.54246	1.7331	0	0
-0.1292	-0.21974	0.77145	-0.36431	0.45368	1.7658	-0.53225	-0.15794	2.129	0	0
-0.1292	-0.21974	0.77145	-0.36431	0.45368	1.7658	0.17911	0.61674	1.8577	0	0
-0.1292	-0.21974	0.77145	-0.53225	-0.15794	2.129	-0.15305	-0.60444	2.5182	0	0
-0.1292	-0.21974	0.77145	0.58995	0.54246	1.7331	0.21832	-0.029304	2.3827	0	0
-0.36431	0.45368	0.7395	-0.53225	-0.15794	2.129	-0.33152	0.41281	2.5918	0	0
-0.36431	0.45368	0.7395	-0.33152	0.41281	2.5918	-0.23335	1.161	2.1406	0	0
0.090202	1.1281	0.03515	0.65045	1.0875	1.0299	0.2262	1.2084	1.817	0	0
0.090202	1.1281	0.03515	0.2262	1.2084	1.817	-0.23335	1.161	2.1406	0	0
-0.53225	-0.15794	1.1027	-0.33152	0.41281	2.5918	-0.13415	-0.24834	3.0499	0	0
0.65045	1.0875	0.003549	0.58995	0.54246	1.7331	0.65255	1.1118	1.7913	0	0
0.65045	1.0875	0.003549	0.2262	1.2084	1.817	0.65255	1.1118	1.7913	0	0
0.58995	0.54246	0.7068	0.17911	0.61674	1.8577	0.21832	-0.029304	2.3827	0	0
0.58995	0.54246	0.7068	0.17911	0.61674	1.8577	0.65255	1.1118	1.7913	0	0
0.17911	0.61674	0.83138	0.21832	-0.029304	2.3827	0.1928	0.65786	2.5434	0	0
0.17911	0.61674	0.83138	0.2262	1.2084	1.817	0.65255	1.1118	1.7913	0	0
0.17911	0.61674	0.83138	0.2262	1.2084	1.817	-0.23335	1.161	2.1406	0	0
0.17911	0.61674	0.83138	0.1928	0.65786	2.5434	-0.23335	1.161	2.1406	0	0
-0.15305	-0.60444	1.4919	0.21832	-0.029304	2.3827	-0.13415	-0.24834	3.0499	0	0
-0.15305	-0.60444	1.4919	-0.13415	-0.24834	3.0499	-0.20925	-0.38654	3.2845	0	0
0.21832	-0.029304	1.3563	0.1928	0.65786	2.5434	0.019302	0.37346	3.2258	0	0
0.21832	-0.029304	1.3563	-0.13415	-0.24834	3.0499	0.019302	0.37346	3.2258	0	0
-0.33152	0.41281	1.5654	0.019302	0.37346	3.2258	-0.19325	0.5944	3.2322	0	0
-0.33152	0.41281	1.5654	-0.19325	0.5944	3.2322	-0.24735	1.2865	3.1824	0	0
-0.33152	0.41281	1.5654	-0.23335	1.161	2.1406	-0.24735	1.2865	3.1824	0	0
0.1928	0.65786	1.5171	0.19635	1.1336	2.5602	0.59565	1.1524	2.462	0	0
0.1928	0.65786	1.5171	0.19635	1.1336	2.5602	-0.23335	1.161	2.1406	0	0
0.1928	0.65786	1.5171	0.59565	1.1524	2.462	0.58445	0.89706	3.0215	0	0
0.1928	0.65786	1.5171	0.019302	0.37346	3.2258	0.58445	0.89706	3.0215	0	0
-0.13415	-0.24834	2.0236	-0.20925	-0.38654	3.2845	0.019302	0.37346	3.2258	0	0
0.19635	1.1336	1.5339	0.58445	0.89706	3.0215	0.088202	1.1438	3.2618	0	0
0.19635	1.1336	1.5339	0.088202	1.1438	3.2618	-0.24735	1.2865	3.1824	0	0
0.19635	1.1336	1.5339	-0.23335	1.161	2.1406	-0.24735	1.2865	3.1824	0	0
-0.20925	-0.38654	2.2582	0.019302	0.37346	3.2258	-0.16545	-0.28084	4.0561	0	0
-0.20925	-0.38654	2.2582	-0.35048	-0.63784	3.8856	-0.16545	-0.28084	4.0561	0	0
0.019302	0.37346	2.1995	-0.19325	0.5944	3.2322	0.19198	0.45409	3.8968	0	0
0.019302	0.37346	2.1995	0.58445	0.89706	3.0215	0.5727	0.89226	3.8548	0	0
0.019302	0.37346	2.1995	-0.16545	-0.28084	4.0561	0.19198	0.45409	3.8968	0	0
-0.19325	0.5944	2.2059	0.19198	0.45409	3.8968	-0.17965	0.74516	4.0608	0	0
-0.19325	0.5944	2.2059	-0.24735	1.2865	3.1824	-0.17965	0.74516	4.0608	0	0
0.58445	0.89706	1.9952	0.088202	1.1438	3.2618	0.5727	0.89226	3.8548	0	0
0.088202	1.1438	2.2354	-0.24735	1.2865	3.1824	0.11245	1.1443	4.0705	0	0
0.088202	1.1438	2.2354	0.5727	0.89226	3.8548	0.11245	1.1443	4.0705	0	0
-0.35048	-0.63784	2.8592	-0.16545	-0.28084	4.0561	-0.2666	-0.57164	4.7374	0	0
-0.16545	-0.28084	3.0298	0.19198	0.45409	3.8968	0.12835	-0.030738	4.352	0	0
-0.16545	-0.28084	3.0298	0.12835	-0.030738	4.352	-0.15805	-0.24374	4.5619	0	0
-0.16545	-0.28084	3.0298	-0.15805	-0.24374	4.5619	-0.2666	-0.57164	4.7374	0	0
0.19198	0.45409	2.8704	0.5727	0.89226	3.8548	0.2311	0.63296	4.6118	0	0
0.19198	0.45409	2.8704	-0.17965	0.74516	4.0608	-0.1763	0.49556	4.57	0	0
0.19198	0.45409	2.8704	0.12835	-0.030738	4.352	0.2311	0.63296	4.6118	0	0
-0.24735	1.2865	2.1561	-0.17965	0.74516	4.0608	-0.41335	1.134	4.6148	0	0
-0.24735	1.2865	2.1561	0.11245	1.1443	4.0705	-0.41335	1.134	4.6148	0	0
0.5727	0.89226	2.8285	0.11245	1.1443	4.0705	0.23795	1.2918	4.5479	0	0
0.5727	0.89226	2.8285	0.2311	0.63296	4.6118	0.60185	0.89616	4.6843	0	0
0.5727	0.89226	2.8285	0.23795	1.2918	4.5479	0.60185	0.89616	4.6843	0	0
-0.17965	0.74516	3.0345	-0.1763	0.49556	4.57	-0.41335	1.134	4.6148	0	0
0.12835	-0.030738	3.3257	-0.1763	0.49556	4.57	-0.15805	-0.24374	4.5619	0	0
0.12835	-0.030738	3.3257	0.2311	0.63296	4.6118	-0.13315	-0.26594	5.0635	0	0
0.11245	1.1443	3.0442	-0.41335	1.134	4.6148	0.23795	1.2918	4.5479	0	0
-0.1763	0.49556	3.5437	-0.15805	-0.24374	4.5619	-0.13315	-0.26594	5.0635	0	0
-0.1763	0.49556	3.5437	-0.13315	-0.26594	5.0635	-0.39075	0.5507	5.3515	0	0
-0.1763	0.49556	3.5437	-0.41335	1.134	4.6148	-0.39075	0.5507	5.3515	0	0
-0.15805	-0.24374	3.5356	-0.2666	-0.57164	4.7374	-0.13315	-0.26594	5.0635	0	0
-0.2666	-0.57164	3.7111	-0.13315	-0.26594	5.0635	-0.40125	-0.59064	5.3859	0	0
0.2311	0.63296	3.5854	-0.13315	-0.26594	5.0635	0.035852	0.38686	5.6041	0	0
0.2311	0.63296	3.5854	0.035852	0.38686	5.6041	0.60185	0.89616	4.6843	0	0
-0.13315	-0.26594	4.0372	-0.36955	-0.2854	5.3799	-0.40125	-0.59064	5.3859	0	0
-0.13315	-0.26594	4.0372	-0.36955	-0.2854	5.3799	0.035852	0.38686	5.6041	0	0
-0.41335	1.134	3.5884	0.23795	1.2918	4.5479	-0.40672	1.1238	5.295	0	0
-0.41335	1.134	3.5884	-0.39075	0.5507	5.3515	-0.40672	1.1238	5.295	0	0
0.23795	1.2918	3.5216	0.2735	1.0969	5.3112	0.60185	0.89616	4.6843	0	0
0.23795	1.2918	3.5216	0.2735	1.0969	5.3112	-0.40672	1.1238	5.295	0	0
-0.36955	-0.2854	4.3535	-0.40125	-0.59064	5.3859	-0.32761	-0.32944	6.058	0	0
-0.36955	-0.2854	4.3535	0.035852	0.38686	5.6041	-0.32761	-0.32944	6.058	0	0
-0.40125	-0.59064	4.3596	-0.32761	-0.32944	6.058	-0.45215	-0.71554	6.0998	0	0
-0.39075	0.5507	4.3252	0.035852	0.38686	5.6041	0.2735	1.0969	5.3112	0	0
-0.39075	0.5507	4.3252	0.2735	1.0969	5.3112	-0.40672	1.1238	5.295	0	0
0.035852	0.38686	4.5778	0.2735	1.0969	5.3112	0.32645	1.112	6.0266	0	0
0.035852	0.38686	4.5778	-0.32761	-0.32944	6.058	-0.1037	0.50781	6.0765	0	0
0.035852	0.38686	4.5778	0.32645	1.112	6.0266	-0.1037	0.50781	6.0765	0	0
0.2735	1.0969	4.2849	0.60185	0.89616	4.6843	0.32645	1.112	6.0266	0	0
-0.32761	-0.32944	5.0317	-0.45215	-0.71554	6.0998	-0.3167	-0.29826	6.6523	0	0
-0.32761	-0.32944	5.0317	-0.1037	0.50781	6.0765	-0.3167	-0.29826	6.6523	0	0
0.32645	1.112	5.0003	-0.1037	0.50781	6.0765	0.30095	1.1021	6.8031	0	0
-0.45215	-0.71554	5.0735	-0.3167	-0.29826	6.6523	-0.59195	-0.91369	6.7385	0	0
-0.1037	0.50781	5.0502	-0.3167	-0.29826	6.6523	-0.13598	0.39563	6.7364	0	0
-0.1037	0.50781	5.0502	-0.13598	0.39563	6.7364	0.30095	1.1021	6.8031	0	0
-0.3167	-0.29826	5.6259	-0.13598	0.39563	6.7364	-0.42788	-0.25034	7.4039	0	0
-0.3167	-0.29826	5.6259	-0.59195	-0.91369	6.7385	-0.42788	-0.25034	7.4039	0	0
-0.13598	0.39563	5.7101	0.30095	1.1021	6.8031	-0.11615	0.77816	7.5529	0	0
-0.13598	0.39563	5.7101	-0.42788	-0.25034	7.4039	-0.11615	0.77816	7.5529	0	0
-0.59195	-0.91369	5.7121	-0.42788	-0.25034	7.4039	-0.56585	-0.73734	7.548	0	0
-0.59195	-0.91369	5.7121	-0.94701	-1.0701	7.415	-0.56585	-0.73734	7.548	0	0
0.30095	1.1021	5.7767	-0.11615	0.77816	7.5529	0.2734	1.0952	7.5373	0	0
-0.42788	-0.25034	6.3776	-0.56585	-0.73734	7.548	-0.4124	-0.22374	8.0443	0	0
-0.42788	-0.25034	6.3776	-0.54988	0.3956	7.5862	-0.11615	0.77816	7.5529	0	0
-0.42788	-0.25034	6.3776	-0.54988	0.3956	7.5862	-0.4124	-0.22374	8.0443	0	0
-0.94701	-1.0701	6.3887	-0.56585	-0.73734	7.548	-0.62795	-0.78214	8.0021	0	0
-0.94701	-1.0701	6.3887	-0.62795	-0.78214	8.0021	-1.0538	-0.90764	8.1021	0	0
-0.56585	-0.73734	6.5217	-0.4124	-0.22374	8.0443	-0.62795	-0.78214	8.0021	0	0
-0.54988	0.3956	6.5599	-0.11615	0.77816	7.5529	-0.51378	1.1669	7.4114	0	0
-0.54988	0.3956	6.5599	-0.51378	1.1669	7.4114	-0.4791	1.2056	8.0208	0	0
-0.54988	0.3956	6.5599	-0.4124	-0.22374	8.0443	-0.4438	0.46864	8.0486	0	0
-0.54988	0.3956	6.5599	-0.4438	0.46864	8.0486	-0.4791	1.2056	8.0208	0	0
-0.11615	0.77816	6.5266	-0.51378	1.1669	7.4114	0.2734	1.0952	7.5373	0	0
-0.51378	1.1669	6.385	0.2734	1.0952	7.5373	0.026352	1.5502	7.4657	0	0
-0.51378	1.1669	6.385	0.026352	1.5502	7.4657	-0.28695	1.5502	7.7489	0	0
-0.51378	1.1669	6.385	-0.28695	1.5502	7.7489	-0.4791	1.2056	8.0208	0	0
0.2734	1.0952	6.511	-0.4124	-0.22374	8.0443	0.2581	1.0921	8.0847	0	0
0.2734	1.0952	6.511	0.026352	1.5502	7.4657	0.2581	1.0921	8.0847	0	0
-0.4124	-0.22374	7.0179	-0.62795	-0.78214	8.0021	-0.89135	-0.40644	8.3197	0	0
-0.4124	-0.22374	7.0179	-0.4438	0.46864	8.0486	-0.89135	-0.40644	8.3197	0	0
-0.4124	-0.22374	7.0179	0.2581	1.0921	8.0847	0.18565	0.81736	8.7878	0	0
-0.4124	-0.22374	7.0179	0.18565	0.81736	8.7878	-0.4245	-0.22426	8.8192	0	0
-0.62795	-0.78214	6.9758	-1.0538	-0.90764	8.1021	-0.89135	-0.40644	8.3197	0	0
-0.4438	0.46864	7.0223	-0.4791	1.2056	8.0208	-0.46324	0.48506	8.815	0	0
-0.4438	0.46864	7.0223	-0.89135	-0.40644	8.3197	-0.46324	0.48506	8.815	0	0
-1.0538	-0.90764	7.0758	-0.89135	-0.40644	8.3197	-0.54655	-0.74849	8.802	0	0
-1.0538	-0.90764	7.0758	-0.54655	-0.74849	8.802	-0.85995	-1.0273	9.7054	0	0
0.026352	1.5502	6.4394	-0.28695	1.5502	7.7489	-0.034448	1.5586	8.1141	0	0
0.026352	1.5502	6.4394	0.2581	1.0921	8.0847	-0.034448	1.5586	8.1141	0	0
-0.28695	1.5502	6.7226	-0.31265	1.5695	7.8874	-0.4791	1.2056	8.0208	0	0
-0.28695	1.5502	6.7226	-0.31265	1.5695	7.8874	-0.034448	1.5586	8.1141	0	0
0.2581	1.0921	7.0584	-0.034448	1.5586	8.1141	0.038052	1.586	8.4944	0	0
0.2581	1.0921	7.0584	0.038052	1.586	8.4944	0.15865	1.3202	8.8175	0	0
0.2581	1.0921	7.0584	0.18565	0.81736	8.7878	0.15865	1.3202	8.8175	0	0
-0.31265	1.5695	6.8611	-0.4791	1.2056	8.0208	-0.16725	1.5609	8.5345	0	0
-0.31265	1.5695	6.8611	-0.034448	1.5586	8.1141	-0.16725	1.5609	8.5345	0	0
-0.4791	1.2056	6.9945	-0.16725	1.5609	8.5345	-0.43757	1.192	8.8144	0	0
-0.4791	1.2056	6.9945	-0.46324	0.48506	8.815	-0.43757	1.192	8.8144	0	0
-0.89135	-0.40644	7.2934	-0.54655	-0.74849	8.802	-0.4245	-0.22426	8.8192	0	0
-0.89135	-0.40644	7.2934	-0.4245	-0.22426	8.8192	-0.46324	0.48506	8.815	0	0
-0.034448	1.5586	7.0878	0.038052	1.586	8.4944	-0.16725	1.5609	8.5345	0	0
0.038052	1.586	7.4681	-0.16725	1.5609	8.5345	-0.2822	1.5457	9.3801	0	0
0.038052	1.586	7.4681	0.15865	1.3202	8.8175	-0.2822	1.5457	9.3801	0	0
-0.16725	1.5609	7.5082	-0.43757	1.192	8.8144	-0.2822	1.5457	9.3801	0	0
0.18565	0.81736	7.7615	-0.4245	-0.22426	8.8192	0.099852	0.53146	9.6678	0	0
0.18565	0.81736	7.7615	0.15865	1.3202	8.8175	0.1686	1.0787	9.5365	0	0
0.18565	0.81736	7.7615	0.1686	1.0787	9.5365	0.099852	0.53146	9.6678	0	0
-0.54655	-0.74849	7.7756	-0.4245	-0.22426	8.8192	-0.54215	-0.73694	9.5497	0	0
-0.54655	-0.74849	7.7756	-0.54215	-0.73694	9.5497	-0.85995	-1.0273	9.7054	0	0
-0.4245	-0.22426	7.7929	-0.54215	-0.73694	9.5497	-0.40325	-0.23239	9.5557	0	0
-0.4245	-0.22426	7.7929	-0.40325	-0.23239	9.5557	0.099852	0.53146	9.6678	0	0
-0.46324	0.48506	7.7886	-0.43757	1.192	8.8144	-0.50717	0.49754	9.5691	0	0
-0.46324	0.48506	7.7886	-0.40325	-0.23239	9.5557	-0.50717	0.49754	9.5691	0	0
-0.43757	1.192	7.7881	-0.2822	1.5457	9.3801	-0.4315	1.1788	9.5592	0	0
-0.43757	1.192	7.7881	-0.50717	0.49754	9.5691	-0.4315	1.1788	9.5592	0	0
0.15865	1.3202	7.7912	-0.2822	1.5457	9.3801	0.1686	1.0787	9.5365	0	0
-0.54215	-0.73694	8.5234	-0.40325	-0.23239	9.5557	-0.39457	-0.35364	10.274	0	0
-0.54215	-0.73694	8.5234	-0.85995	-1.0273	9.7054	-0.65628	-0.8273	10.225	0	0
-0.54215	-0.73694	8.5234	-0.65628	-0.8273	10.225	-0.39457	-0.35364	10.274	0	0
-0.40325	-0.23239	8.5294	-0.50717	0.49754	9.5691	-0.50472	0.53016	10.263	0	0
-0.40325	-0.23239	8.5294	-0.39457	-0.35364	10.274	-0.50472	0.53016	10.263	0	0
-0.2822	1.5457	8.3537	0.1686	1.0787	9.5365	-0.016698	1.5936	10.331	0	0
-0.2822	1.5457	8.3537	-0.4315	1.1788	9.5592	-0.25145	1.5798	10.313	0	0
-0.2822	1.5457	8.3537	-0.25145	1.5798	10.313	-0.016698	1.5936	10.331	0	0
0.1686	1.0787	8.5102	0.099852	0.53146	9.6678	0.23665	0.83626	10.139	0	0
0.1686	1.0787	8.5102	0.23665	0.83626	10.139	0.10795	1.333	10.31	0	0
0.1686	1.0787	8.5102	-0.016698	1.5936	10.331	0.10795	1.333	10.31	0	0
-0.50717	0.49754	8.5427	-0.4315	1.1788	9.5592	-0.50472	0.53016	10.263	0	0
0.099852	0.53146	8.6415	-0.39457	-0.35364	10.274	0.23665	0.83626	10.139	0	0
-0.65628	-0.8273	9.1986	-0.39457	-0.35364	10.274	-0.42485	-0.68119	11.11	0	0
-0.39457	-0.35364	9.2478	0.23665	0.83626	10.139	0.17135	0.54336	11.136	0	0
-0.39457	-0.35364	9.2478	-0.50472	0.53016	10.263	-0.35848	-0.20897	10.899	0	0
-0.39457	-0.35364	9.2478	-0.35848	-0.20897	10.899	-0.42485	-0.68119	11.11	0	0
-0.4315	1.1788	8.5329	-0.50472	0.53016	10.263	-0.4806	1.1799	10.32	0	0
-0.4315	1.1788	8.5329	-0.4806	1.1799	10.32	-0.25145	1.5798	10.313	0	0
0.23665	0.83626	9.1124	0.10795	1.333	10.31	0.21739	1.0475	10.913	0	0
0.23665	0.83626	9.1124	0.21739	1.0475	10.913	0.17135	0.54336	11.136	0	0
-0.50472	0.53016	9.2364	-0.4806	1.1799	10.32	-0.40839	0.43862	10.972	0	0
-0.50472	0.53016	9.2364	-0.35848	-0.20897	10.899	-0.40839	0.43862	10.972	0	0
-0.4806	1.1799	9.2938	-0.25145	1.5798	10.313	-0.36515	1.6128	11.053	0	0
-0.4806	1.1799	9.2938	-0.36515	1.6128	11.053	-0.52258	1.2767	11.081	0	0
-0.4806	1.1799	9.2938	-0.52258	1.2767	11.081	-0.40839	0.43862	10.972	0	0
-0.35848	-0.20897	9.8729	-0.40839	0.43862	10.972	-0.3805	-0.25454	11.548	0	0
-0.35848	-0.20897	9.8729	-0.42485	-0.68119	11.11	-0.3805	-0.25454	11.548	0	0
-0.25145	1.5798	9.2866	-0.016698	1.5936	10.331	-0.36515	1.6128	11.053	0	0
-0.016698	1.5936	9.3044	0.10795	1.333	10.31	-0.012848	1.6031	11.064	0	0
-0.016698	1.5936	9.3044	-0.012848	1.6031	11.064	-0.36515	1.6128	11.053	0	0
0.10795	1.333	9.284	0.21739	1.0475	10.913	-0.012848	1.6031	11.064	0	0
0.21739	1.0475	9.8871	-0.012848	1.6031	11.064	0.2639	1.1164	11.541	0	0
0.21739	1.0475	9.8871	0.17135	0.54336	11.136	0.2639	1.1164	11.541	0	0
-0.36515	1.6128	10.026	-0.52258	1.2767	11.081	-0.51385	1.2237	11.577	0	0
-0.52258	1.2767	10.054	-0.40839	0.43862	10.972	-0.47425	0.49099	11.542	0	0
-0.52258	1.2767	10.054	-0.47425	0.49099	11.542	-0.51385	1.2237	11.577	0	0
-0.40839	0.43862	9.946	-0.3805	-0.25454	11.548	-0.47425	0.49099	11.542	0	0
0.17135	0.54336	10.11	0.14235	0.54886	11.383	0.2639	1.1164	11.541	0	0
-0.42485	-0.68119	10.083	-0.3805	-0.25454	11.548	-0.73568	-0.83094	11.678	0	0
-0.3805	-0.25454	10.522	-0.73568	-0.83094	11.678	-0.96105	-0.55514	11.959	0	0
-0.3805	-0.25454	10.522	-0.47425	0.49099	11.542	-0.45897	0.4671	12.308	0	0
-0.3805	-0.25454	10.522	-0.96105	-0.55514	11.959	-0.37735	-0.30974	12.377	0	0
-0.3805	-0.25454	10.522	-0.37735	-0.30974	12.377	-0.45897	0.4671	12.308	0	0
-0.73568	-0.83094	10.652	-0.96105	-0.55514	11.959	-0.86515	-0.80664	12.027	0	0
-0.47425	0.49099	10.516	-0.51385	1.2237	11.577	-0.46937	1.2148	12.265	0	0
-0.47425	0.49099	10.516	-0.45897	0.4671	12.308	-0.46937	1.2148	12.265	0	0
-0.96105	-0.55514	10.932	-0.86515	-0.80664	12.027	-0.37735	-0.30974	12.377	0	0
-0.86515	-0.80664	11.001	-0.68505	-0.91876	12.451	-0.37735	-0.30974	12.377	0	0
-0.68505	-0.91876	11.424	-0.37735	-0.30974	12.377	-0.6718	-0.79579	12.916	0	0
-0.37735	-0.30974	11.351	-0.45897	0.4671	12.308	-0.45517	0.47934	13.071	0	0
-0.37735	-0.30974	11.351	-0.6718	-0.79579	12.916	-0.38811	-0.35657	12.961	0	0
-0.37735	-0.30974	11.351	-0.38811	-0.35657	12.961	-0.45517	0.47934	13.071	0	0
-0.45897	0.4671	11.282	-0.46937	1.2148	12.265	-0.3675	1.1734	13.003	0	0
-0.45897	0.4671	11.282	-0.45517	0.47934	13.071	-0.3675	1.1734	13.003	0	0
-0.6718	-0.79579	11.89	-0.38811	-0.35657	12.961	-0.42152	-0.31249	13.655	0	0
-0.6718	-0.79579	11.89	-0.42152	-0.31249	13.655	-0.48425	-0.71459	13.816	0	0
-0.38811	-0.35657	11.934	-0.45517	0.47934	13.071	-0.42152	-0.31249	13.655	0	0
-0.46937	1.2148	11.239	0.3201	1.1734	12.319	0.44915	1.7967	12.608	0	0
-0.46937	1.2148	11.239	-0.3675	1.1734	13.003	0.27305	1.7982	12.942	0	0
-0.46937	1.2148	11.239	0.44915	1.7967	12.608	0.27305	1.7982	12.942	0	0
-0.45517	0.47934	12.045	-0.3675	1.1734	13.003	-0.41085	1.0843	13.778	0	0
-0.45517	0.47934	12.045	-0.42152	-0.31249	13.655	-0.4279	0.48226	13.809	0	0
-0.45517	0.47934	12.045	-0.4279	0.48226	13.809	-0.41085	1.0843	13.778	0	0
-0.3675	1.1734	11.976	0.27305	1.7982	12.942	0.2212	1.1343	13.055	0	0
-0.42152	-0.31249	12.628	-0.48425	-0.71459	13.816	-0.34132	-0.30249	14.365	0	0
-0.42152	-0.31249	12.628	-0.4279	0.48226	13.809	-0.34132	-0.30249	14.365	0	0
-0.48425	-0.71459	12.79	-0.34132	-0.30249	14.365	-0.3805	-0.66844	14.533	0	0
-0.4279	0.48226	12.782	-0.34132	-0.30249	14.365	-0.45917	0.47431	14.571	0	0
-0.4279	0.48226	12.782	-0.41085	1.0843	13.778	-0.43095	1.0746	14.544	0	0
-0.4279	0.48226	12.782	-0.45917	0.47431	14.571	-0.43095	1.0746	14.544	0	0
-0.34132	-0.30249	13.339	-0.3805	-0.66844	14.533	-0.88565	-0.52164	15.158	0	0
-0.34132	-0.30249	13.339	-0.45917	0.47431	14.571	-0.88565	-0.52164	15.158	0	0
-0.3805	-0.66844	13.506	-0.45015	-0.71134	15.077	-0.88565	-0.52164	15.158	0	0
-0.45917	0.47431	13.544	-0.88565	-0.52164	15.158	-0.42075	0.48256	15.058	0	0
-0.45917	0.47431	13.544	-0.43095	1.0746	14.544	-0.42075	0.48256	15.058	0	0
-0.45015	-0.71134	14.05	-0.88565	-0.52164	15.158	-0.96415	-0.59844	15.237	0	0
-0.45015	-0.71134	14.05	-0.96415	-0.59844	15.237	-0.41911	-0.86022	15.823	0	0
-0.88565	-0.52164	14.132	-0.96415	-0.59844	15.237	-0.9813	-0.23194	15.939	0	0
-0.88565	-0.52164	14.132	-0.42075	0.48256	15.058	-0.9813	-0.23194	15.939	0	0
-0.36742	-0.36009	14.155	-0.42075	0.48256	15.058	0.16885	0.67156	15.048	0	0
-0.96415	-0.59844	14.211	-0.41911	-0.86022	15.823	-0.88385	-0.74594	16.35	0	0
-0.96415	-0.59844	14.211	-0.88385	-0.74594	16.35	-0.9813	-0.23194	15.939	0	0
-0.43095	1.0746	13.518	-0.42075	0.48256	15.058	-0.24235	1.0866	15.056	0	0
-0.42075	0.48256	14.032	0.16885	0.67156	15.048	-0.24235	1.0866	15.056	0	0
-0.42075	0.48256	14.032	-0.2845	1.1115	15.833	-0.41087	0.47619	15.805	0	0
-0.42075	0.48256	14.032	-0.41087	0.47619	15.805	-0.9813	-0.23194	15.939	0	0
0.16885	0.67156	14.021	-0.24235	1.0866	15.056	0.038752	1.0985	14.99	0	0
-0.2845	1.1115	14.806	0.086652	1.0978	15.893	-0.40285	1.0613	16.442	0	0
-0.2845	1.1115	14.806	-0.41087	0.47619	15.805	-0.40285	1.0613	16.442	0	0
0.15923	0.66041	14.794	0.086652	1.0978	15.893	0.19095	0.60506	16.561	0	0
0.086652	1.0978	14.867	-0.40285	1.0613	16.442	0.098052	1.2044	16.563	0	0
0.086652	1.0978	14.867	0.098052	1.2044	16.563	0.19095	0.60506	16.561	0	0
-0.41087	0.47619	14.779	-0.33885	0.3976	16.548	-0.40285	1.0613	16.442	0	0
-0.41087	0.47619	14.779	-0.33885	0.3976	16.548	-0.9813	-0.23194	15.939	0	0
-0.41911	-0.86022	14.797	-0.88385	-0.74594	16.35	-0.40575	-0.89959	16.375	0	0
0.0025521	-0.12704	15.073	-0.3584	-0.28179	16.533	-0.13335	-0.68374	16.621	0	0
0.0025521	-0.12704	15.073	-0.3584	-0.28179	16.533	-0.33885	0.3976	16.548	0	0
0.0025521	-0.12704	15.073	-0.13335	-0.68374	16.621	0.14772	-0.31664	17.336	0	0
0.0025521	-0.12704	15.073	-0.33885	0.3976	16.548	0.19095	0.60506	16.561	0	0
0.0025521	-0.12704	15.073	0.19095	0.60506	16.561	0.14772	-0.31664	17.336	0	0
-0.88385	-0.74594	15.324	-0.40575	-0.89959	16.375	-0.62545	-0.83467	17.168	0	0
-0.88385	-0.74594	15.324	-0.3584	-0.28179	16.533	-0.97425	-0.35344	16.392	0	0
-0.88385	-0.74594	15.324	-0.62545	-0.83467	17.168	-0.8889	-0.31899	17.315	0	0
-0.88385	-0.74594	15.324	-0.9813	-0.23194	15.939	-0.97425	-0.35344	16.392	0	0
-0.40575	-0.89959	15.348	-0.13335	-0.68374	16.621	-0.62545	-0.83467	17.168	0	0
-0.3584	-0.28179	15.506	-0.13335	-0.68374	16.621	-0.62545	-0.83467	17.168	0	0
-0.3584	-0.28179	15.506	-0.33885	0.3976	16.548	-0.97425	-0.35344	16.392	0	0
-0.3584	-0.28179	15.506	-0.62545	-0.83467	17.168	-0.42971	-0.24287	17.25	0	0
-0.13335	-0.68374	15.594	0.14772	-0.31664	17.336	0.13693	-0.69866	17.265	0	0
-0.33885	0.3976	15.521	-0.40285	1.0613	16.442	-0.38725	0.43935	17.265	0	0
-0.33885	0.3976	15.521	-0.42971	-0.24287	17.25	-0.38725	0.43935	17.265	0	0
-0.33885	0.3976	15.521	-0.9813	-0.23194	15.939	-0.97425	-0.35344	16.392	0	0
-0.40285	1.0613	15.416	0.098052	1.2044	16.563	-0.15665	1.2386	17.304	0	0
-0.40285	1.0613	15.416	-0.38725	0.43935	17.265	-0.15665	1.2386	17.304	0	0
0.098052	1.2044	15.537	0.19095	0.60506	16.561	0.2491	0.60551	17.313	0	0
0.098052	1.2044	15.537	0.2491	0.60551	17.313	0.062652	1.2484	17.309	0	0
0.098052	1.2044	15.537	-0.15665	1.2386	17.304	0.062652	1.2484	17.309	0	0
-0.62545	-0.83467	16.142	-0.8889	-0.31899	17.315	-0.29075	-0.65094	18.07	0	0
-0.62545	-0.83467	16.142	-0.29075	-0.65094	18.07	0.13693	-0.69866	17.265	0	0
-0.42971	-0.24287	16.224	-0.38725	0.43935	17.265	-0.62165	0.4732	17.91	0	0
-0.42971	-0.24287	16.224	-0.55715	-0.25834	18.062	-0.62165	0.4732	17.91	0	0
-0.42971	-0.24287	16.224	-0.55715	-0.25834	18.062	-0.29075	-0.65094	18.07	0	0
-0.38725	0.43935	16.239	0.2491	0.60551	17.313	-0.15665	1.2386	17.304	0	0
-0.38725	0.43935	16.239	-0.62165	0.4732	17.91	-0.38205	1.0578	18.07	0	0
0.19095	0.60506	15.535	0.2491	0.60551	17.313	0.14772	-0.31664	17.336	0	0
-0.8889	-0.31899	16.288	-0.9936	0.070962	17.954	-0.34635	-0.56554	18.285	0	0
-0.8889	-0.31899	16.288	-0.29075	-0.65094	18.07	-0.34635	-0.56554	18.285	0	0
0.2491	0.60551	16.286	0.062652	1.2484	17.309	0.10355	1.2579	18.077	0	0
0.2491	0.60551	16.286	0.10355	1.2579	18.077	0.21259	0.4143	18.048	0	0
0.2491	0.60551	16.286	0.21259	0.4143	18.048	0.14772	-0.31664	17.336	0	0
-0.15665	1.2386	16.278	0.062652	1.2484	17.309	-0.073448	1.5697	17.597	0	0
0.062652	1.2484	16.282	-0.073448	1.5697	17.597	0.10355	1.2579	18.077	0	0
-0.9936	0.070962	16.928	-0.55715	-0.25834	18.062	-0.62165	0.4732	17.91	0	0
-0.9936	0.070962	16.928	-0.62165	0.4732	17.91	-0.57545	0.52846	18.614	0	0
-0.073448	1.5697	16.57	0.10355	1.2579	18.077	-0.23995	1.5602	18.699	0	0
-0.62165	0.4732	16.884	-0.38205	1.0578	18.07	-0.57545	0.52846	18.614	0	0
-0.38205	1.0578	17.044	-0.57545	0.52846	18.614	-0.45155	1.1916	18.521	0	0
0.10355	1.2579	17.05	0.21259	0.4143	18.048	0.16085	1.0296	18.564	0	0
0.10355	1.2579	17.05	-0.23995	1.5602	18.699	0.16085	1.0296	18.564	0	0
0.022952	-0.076438	17.013	0.21259	0.4143	18.048	0.14772	-0.31664	17.336	0	0
0.022952	-0.076438	17.013	0.21259	0.4143	18.048	0.083602	0.26871	18.527	0	0
0.022952	-0.076438	17.013	-0.29075	-0.65094	18.07	-0.34635	-0.56554	18.285	0	0
0.022952	-0.076438	17.013	-0.29075	-0.65094	18.07	0.14772	-0.31664	17.336	0	0
0.022952	-0.076438	17.013	-0.34635	-0.56554	18.285	-0.33482	-0.38494	18.527	0	0
0.022952	-0.076438	17.013	-0.33482	-0.38494	18.527	0.083602	0.26871	18.527	0	0
0.21259	0.4143	17.022	0.083602	0.26871	18.527	0.16085	1.0296	18.564	0	0
-0.29075	-0.65094	17.044	0.14772	-0.31664	17.336	0.13693	-0.69866	17.265	0	0
-0.34635	-0.56554	17.259	-0.33482	-0.38494	18.527	-0.30967	-0.65984	19.43	0	0
-0.33482	-0.38494	17.501	0.083602	0.26871	18.527	-0.3333	-0.25534	19.303	0	0
-0.33482	-0.38494	17.501	-0.3333	-0.25534	19.303	-0.30967	-0.65984	19.43	0	0
0.083602	0.26871	17.501	0.16085	1.0296	18.564	0.012912	0.41294	19.344	0	0
0.083602	0.26871	17.501	-0.3333	-0.25534	19.303	0.012912	0.41294	19.344	0	0
-0.57545	0.52846	17.588	-0.45155	1.1916	18.521	-0.46765	1.1308	19.26	0	0
-0.57545	0.52846	17.588	-0.3333	-0.25534	19.303	-0.70147	0.45576	19.303	0	0
-0.57545	0.52846	17.588	-0.70147	0.45576	19.303	-0.46765	1.1308	19.26	0	0
-0.45155	1.1916	17.494	-0.23995	1.5602	18.699	-0.46765	1.1308	19.26	0	0
-0.23995	1.5602	17.673	0.16085	1.0296	18.564	0.26243	1.0638	19.343	0	0
-0.23995	1.5602	17.673	-0.46765	1.1308	19.26	-0.2114	1.6082	19.361	0	0
-0.23995	1.5602	17.673	0.26243	1.0638	19.343	-0.015798	1.6102	19.449	0	0
-0.23995	1.5602	17.673	-0.2114	1.6082	19.361	-0.015798	1.6102	19.449	0	0
0.16085	1.0296	17.538	0.012912	0.41294	19.344	0.26243	1.0638	19.343	0	0
-0.3333	-0.25534	18.277	-0.30967	-0.65984	19.43	-0.35305	-0.28614	20.053	0	0
-0.3333	-0.25534	18.277	-0.70147	0.45576	19.303	-0.70195	0.43951	20.061	0	0
-0.3333	-0.25534	18.277	0.012912	0.41294	19.344	-0.35305	-0.28614	20.053	0	0
-0.3333	-0.25534	18.277	-0.70195	0.43951	20.061	-0.10255	0.48991	20.051	0	0
-0.30967	-0.65984	18.403	-0.35305	-0.28614	20.053	-0.2813	-0.69894	20.021	0	0
-0.70147	0.45576	18.277	-0.46765	1.1308	19.26	-0.501	1.2706	20.018	0	0
-0.70147	0.45576	18.277	-0.70195	0.43951	20.061	-0.501	1.2706	20.018	0	0
-0.46765	1.1308	18.234	-0.2114	1.6082	19.361	-0.501	1.2706	20.018	0	0
0.012912	0.41294	18.317	0.26243	1.0638	19.343	0.28835	1.1383	19.911	0	0
0.012912	0.41294	18.317	-0.35305	-0.28614	20.053	-0.10255	0.48991	20.051	0	0
0.012912	0.41294	18.317	-0.10255	0.48991	20.051	0.28835	1.1383	19.911	0	0
0.26243	1.0638	18.316	-0.015798	1.6102	19.449	0.28835	1.1383	19.911	0	0
-0.2114	1.6082	18.335	-0.015798	1.6102	19.449	-0.26135	1.6477	20.091	0	0
-0.2114	1.6082	18.335	-0.501	1.2706	20.018	-0.26135	1.6477	20.091	0	0
-0.015798	1.6102	18.423	0.045752	1.7212	20.087	-0.26135	1.6477	20.091	0	0
-0.015798	1.6102	18.423	0.045752	1.7212	20.087	0.28835	1.1383	19.911	0	0
-0.70195	0.43951	19.035	-0.501	1.2706	20.018	-0.44551	1.2559	20.727	0	0
-0.70195	0.43951	19.035	-0.48658	0.37955	20.803	-0.44551	1.2559	20.727	0	0
-0.70195	0.43951	19.035	-0.48658	0.37955	20.803	-1.3729	0.25606	21.372	0	0
-0.35305	-0.28614	19.026	-0.2813	-0.69894	20.021	-0.30075	-0.65276	20.777	0	0
-0.35305	-0.28614	19.026	-0.10255	0.48991	20.051	-0.38382	-0.26259	20.793	0	0
-0.35305	-0.28614	19.026	-0.30075	-0.65276	20.777	-0.38382	-0.26259	20.793	0	0
-0.10255	0.48991	19.024	0.28835	1.1383	19.911	0.051352	0.73821	20.576	0	0
-0.10255	0.48991	19.024	-0.38382	-0.26259	20.793	0.051352	0.73821	20.576	0	0
-0.501	1.2706	18.992	-0.26135	1.6477	20.091	-0.44551	1.2559	20.727	0	0
0.045752	1.7212	19.061	-0.26135	1.6477	20.091	-0.44551	1.2559	20.727	0	0
0.045752	1.7212	19.061	0.28835	1.1383	19.911	0.58715	1.316	20.14	0	0
0.045752	1.7212	19.061	-0.44551	1.2559	20.727	0.34502	1.172	20.878	0	0
0.045752	1.7212	19.061	0.58715	1.316	20.14	0.34502	1.172	20.878	0	0
0.28835	1.1383	18.885	0.58715	1.316	20.14	0.051352	0.73821	20.576	0	0
-0.30075	-0.65276	19.751	-0.38382	-0.26259	20.793	-0.423	-0.26574	21.556	0	0
-0.30075	-0.65276	19.751	-0.3939	-0.77024	21.538	-0.423	-0.26574	21.556	0	0
-0.38382	-0.26259	19.767	0.051352	0.73821	20.576	0.2381	0.44926	21.314	0	0
-0.38382	-0.26259	19.767	-0.423	-0.26574	21.556	0.2381	0.44926	21.314	0	0
-0.48658	0.37955	19.777	-0.44551	1.2559	20.727	-0.54335	1.2539	21.341	0	0
-0.48658	0.37955	19.777	-0.39635	0.5562	21.475	0.2381	0.44926	21.314	0	0
-0.48658	0.37955	19.777	-0.39635	0.5562	21.475	-1.3729	0.25606	21.372	0	0
-0.44551	1.2559	19.701	0.34502	1.172	20.878	-0.54335	1.2539	21.341	0	0
0.58715	1.316	19.114	0.051352	0.73821	20.576	0.656	1.2231	20.593	0	0
0.051352	0.73821	19.55	0.34502	1.172	20.878	0.656	1.2231	20.593	0	0
0.051352	0.73821	19.55	0.34502	1.172	20.878	0.2381	0.44926	21.314	0	0
-0.3939	-0.77024	20.511	-0.423	-0.26574	21.556	-0.59085	-0.65714	22.028	0	0
0.34502	1.172	19.851	-0.54335	1.2539	21.341	0.95315	1.598	21.969	0	0
0.34502	1.172	19.851	0.656	1.2231	20.593	0.85285	1.191	21.302	0	0
0.34502	1.172	19.851	0.3645	0.98856	21.495	0.85285	1.191	21.302	0	0
0.34502	1.172	19.851	0.3645	0.98856	21.495	0.2381	0.44926	21.314	0	0
-0.54335	1.2539	20.315	-0.25505	1.1246	22.068	0.95315	1.598	21.969	0	0
0.3645	0.98856	20.468	0.19025	1.0859	22.049	0.21475	0.67251	22.012	0	0
0.3645	0.98856	20.468	0.19025	1.0859	22.049	0.95315	1.598	21.969	0	0
0.3645	0.98856	20.468	0.85285	1.191	21.302	0.95315	1.598	21.969	0	0
0.3645	0.98856	20.468	0.21475	0.67251	22.012	0.2381	0.44926	21.314	0	0
-0.39635	0.5562	20.449	-0.423	-0.26574	21.556	-0.415	0.47006	22.041	0	0
-0.39635	0.5562	20.449	-0.423	-0.26574	21.556	-1.105	-0.074787	21.691	0	0
-0.39635	0.5562	20.449	-0.415	0.47006	22.041	0.2381	0.44926	21.314	0	0
-0.39635	0.5562	20.449	-1.105	-0.074787	21.691	-1.3729	0.25606	21.372	0	0
-0.423	-0.26574	20.53	-0.415	0.47006	22.041	-0.35988	-0.3019	22.122	0	0
-0.423	-0.26574	20.53	-0.59085	-0.65714	22.028	-1.105	-0.074787	21.691	0	0
-0.423	-0.26574	20.53	-0.35988	-0.3019	22.122	0.3372	-0.36624	22.18	0	0
-0.423	-0.26574	20.53	0.2381	0.44926	21.314	0.3372	-0.36624	22.18	0	0
-0.415	0.47006	21.015	-0.35988	-0.3019	22.122	-0.47126	0.4628	22.806	0	0
-0.415	0.47006	21.015	-0.25505	1.1246	22.068	0.21475	0.67251	22.012	0	0
-0.415	0.47006	21.015	-0.25505	1.1246	22.068	-0.26585	1.0335	22.716	0	0
-0.415	0.47006	21.015	0.21475	0.67251	22.012	0.2381	0.44926	21.314	0	0
-0.415	0.47006	21.015	-0.47126	0.4628	22.806	-0.26585	1.0335	22.716	0	0
-0.59085	-0.65714	21.002	-0.35988	-0.3019	22.122	-0.6199	-0.31859	22.825	0	0
-0.59085	-0.65714	21.002	-1.105	-0.074787	21.691	-1.1567	-0.12344	22.002	0	0
-0.59085	-0.65714	21.002	-1.1567	-0.12344	22.002	-1.1862	-0.4681	22.686	0	0
-0.59085	-0.65714	21.002	-0.6199	-0.31859	22.825	-1.1862	-0.4681	22.686	0	0
-0.35988	-0.3019	21.095	-0.56622	-0.76911	22.772	0.154	-0.21294	22.793	0	0
-0.35988	-0.3019	21.095	-0.47126	0.4628	22.806	-0.6199	-0.31859	22.825	0	0
-0.35988	-0.3019	21.095	0.154	-0.21294	22.793	0.3372	-0.36624	22.18	0	0
-0.25505	1.1246	21.041	0.19025	1.0859	22.049	0.21475	0.67251	22.012	0	0
-0.25505	1.1246	21.041	0.19025	1.0859	22.049	0.011352	1.0912	22.825	0	0
-0.25505	1.1246	21.041	-0.26585	1.0335	22.716	0.011352	1.0912	22.825	0	0
0.19025	1.0859	21.022	0.95315	1.598	21.969	0.011352	1.0912	22.825	0	0
0.85285	1.191	20.275	0.2381	0.44926	21.314	0.65595	-0.22354	22.245	0	0
-0.56622	-0.76911	21.746	-0.61585	-0.67474	23.591	-0.6199	-0.31859	22.825	0	0
-0.56622	-0.76911	21.746	-0.61585	-0.67474	23.591	-1.0935	-0.92016	22.872	0	0
-0.56622	-0.76911	21.746	-0.6199	-0.31859	22.825	-1.1862	-0.4681	22.686	0	0
-0.56622	-0.76911	21.746	-1.1862	-0.4681	22.686	-1.0935	-0.92016	22.872	0	0
-0.56622	-0.76911	21.746	0.154	-0.21294	22.793	0.3931	-0.63109	22.812	0	0
-0.47126	0.4628	21.78	-0.26585	1.0335	22.716	-0.45125	0.44716	23.551	0	0
-0.47126	0.4628	21.78	-0.6199	-0.31859	22.825	-0.45125	0.44716	23.551	0	0
-0.26585	1.0335	21.69	0.011352	1.0912	22.825	-0.19085	1.1827	23.58	0	0
-0.26585	1.0335	21.69	-0.45125	0.44716	23.551	-0.19085	1.1827	23.58	0	0
-0.61585	-0.67474	22.565	0.059185	-0.32804	23.606	-0.69795	-0.32734	23.565	0	0
-0.61585	-0.67474	22.565	0.059185	-0.32804	23.606	0.34065	-0.69554	23.591	0	0
-0.61585	-0.67474	22.565	-0.6199	-0.31859	22.825	-0.69795	-0.32734	23.565	0	0
-0.61585	-0.67474	22.565	-1.0935	-0.92016	22.872	-1.2522	-1.1001	23.588	0	0
-0.61585	-0.67474	22.565	-1.2522	-1.1001	23.588	-0.88495	-0.79124	24.23	0	0
-0.61585	-0.67474	22.565	-0.65755	-0.88027	24.238	-0.88495	-0.79124	24.23	0	0
-0.61585	-0.67474	22.565	-0.65755	-0.88027	24.238	0.20085	-0.77226	24.295	0	0
-0.61585	-0.67474	22.565	0.20085	-0.77226	24.295	0.34065	-0.69554	23.591	0	0
0.059185	-0.32804	22.58	0.2188	0.55101	23.55	-0.45125	0.44716	23.551	0	0
0.059185	-0.32804	22.58	0.2188	0.55101	23.55	0.25115	-0.20677	24.211	0	0
0.059185	-0.32804	22.58	-0.45125	0.44716	23.551	-0.56201	-0.20524	24.273	0	0
0.059185	-0.32804	22.58	-0.56201	-0.20524	24.273	0.20085	-0.77226	24.295	0	0
0.059185	-0.32804	22.58	0.20085	-0.77226	24.295	0.25115	-0.20677	24.211	0	0
0.059185	-0.32804	22.58	0.34065	-0.69554	23.591	0.3931	-0.63109	22.812	0	0
0.011352	1.0912	21.799	0.036752	1.1831	23.557	-0.19085	1.1827	23.58	0	0
0.2381	0.44926	20.288	0.3372	-0.36624	22.18	0.65595	-0.22354	22.245	0	0
-1.105	-0.074787	20.664	-1.1567	-0.12344	22.002	-1.5789	-0.13094	22.108	0	0
-1.105	-0.074787	20.664	-1.3729	0.25606	21.372	-1.5789	-0.13094	22.108	0	0
-1.1567	-0.12344	20.976	-1.1862	-0.4681	22.686	-1.5789	-0.13094	22.108	0	0
0.2188	0.55101	22.524	0.036752	1.1831	23.557	0.35425	0.57406	24.307	0	0
0.2188	0.55101	22.524	0.35425	0.57406	24.307	0.25115	-0.20677	24.211	0	0
0.2188	0.55101	22.524	0.84775	-0.62624	23.106	0.88052	-0.3274	22.704	0	0
-0.6199	-0.31859	21.799	-0.69795	-0.32734	23.565	-0.45125	0.44716	23.551	0	0
-1.1862	-0.4681	21.66	-1.0935	-0.92016	22.872	-1.7044	-0.7402	22.887	0	0
-1.1862	-0.4681	21.66	-1.5789	-0.13094	22.108	-1.7044	-0.7402	22.887	0	0
-1.0935	-0.92016	21.846	-1.2522	-1.1001	23.588	-1.7044	-0.7402	22.887	0	0
-0.69795	-0.32734	22.539	-0.45125	0.44716	23.551	-0.9193	-0.076787	24.143	0	0
-0.69795	-0.32734	22.539	-0.88495	-0.79124	24.23	-0.9193	-0.076787	24.143	0	0
-0.45125	0.44716	22.525	-0.19085	1.1827	23.58	-0.48988	0.57153	24.206	0	0
-0.45125	0.44716	22.525	-0.48988	0.57153	24.206	-0.9193	-0.076787	24.143	0	0
0.036752	1.1831	22.53	-0.19085	1.1827	23.58	-0.070648	1.5571	24.502	0	0
0.036752	1.1831	22.53	0.35425	0.57406	24.307	0.092302	1.2865	24.319	0	0
0.036752	1.1831	22.53	0.092302	1.2865	24.319	-0.070648	1.5571	24.502	0	0
-1.2522	-1.1001	22.562	-0.88495	-0.79124	24.23	-1.895	-1.1264	23.905	0	0
-1.2522	-1.1001	22.562	-1.7044	-0.7402	22.887	-1.8615	-0.94627	23.51	0	0
-1.2522	-1.1001	22.562	-1.8615	-0.94627	23.51	-1.895	-1.1264	23.905	0	0
-0.65755	-0.88027	23.212	-0.88495	-0.79124	24.23	-0.56235	-0.98259	24.845	0	0
-0.65755	-0.88027	23.212	-0.56235	-0.98259	24.845	0.20085	-0.77226	24.295	0	0
-0.88495	-0.79124	23.204	-0.56235	-0.98259	24.845	-0.90285	-0.61954	24.875	0	0
-0.88495	-0.79124	23.204	-0.90285	-0.61954	24.875	-1.895	-1.1264	23.905	0	0
-0.88495	-0.79124	23.204	-0.9193	-0.076787	24.143	-0.9921	-0.30204	24.834	0	0
-0.19085	1.1827	22.553	-0.48988	0.57153	24.206	-0.22925	1.1973	24.317	0	0
-0.19085	1.1827	22.553	-0.22925	1.1973	24.317	-0.070648	1.5571	24.502	0	0
0.35425	0.57406	23.28	0.092302	1.2865	24.319	0.19245	1.2739	25.036	0	0
0.35425	0.57406	23.28	0.19245	1.2739	25.036	0.66172	0.44816	24.975	0	0
0.35425	0.57406	23.28	0.25115	-0.20677	24.211	0.6572	-0.24529	24.815	0	0
0.35425	0.57406	23.28	0.66172	0.44816	24.975	0.6572	-0.24529	24.815	0	0
-0.56201	-0.20524	23.247	-0.48988	0.57153	24.206	0.17749	-0.20924	24.888	0	0
-0.56201	-0.20524	23.247	-0.60445	-0.36564	25.114	-0.89945	0.26706	24.422	0	0
-0.56201	-0.20524	23.247	0.20085	-0.77226	24.295	0.17749	-0.20924	24.888	0	0
-0.48988	0.57153	23.179	-0.22925	1.1973	24.317	-0.44528	1.1017	24.921	0	0
-0.48988	0.57153	23.179	-0.4588	0.81476	25.072	-0.44528	1.1017	24.921	0	0
-0.48988	0.57153	23.179	-0.4588	0.81476	25.072	-0.89945	0.26706	24.422	0	0
-0.48988	0.57153	23.179	-0.9193	-0.076787	24.143	-0.89945	0.26706	24.422	0	0
-0.48988	0.57153	23.179	0.23865	0.44446	25.084	0.17749	-0.20924	24.888	0	0
-0.56235	-0.98259	23.818	-0.90285	-0.61954	24.875	-0.60445	-0.36564	25.114	0	0
-0.56235	-0.98259	23.818	-0.60445	-0.36564	25.114	0.10852	-0.74714	24.903	0	0
-0.56235	-0.98259	23.818	0.20085	-0.77226	24.295	0.10852	-0.74714	24.903	0	0
-0.90285	-0.61954	23.848	-0.60445	-0.36564	25.114	-0.9921	-0.30204	24.834	0	0
0.092302	1.2865	23.292	-0.070648	1.5571	24.502	0.19245	1.2739	25.036	0	0
-0.22925	1.1973	23.291	-0.070648	1.5571	24.502	-0.44528	1.1017	24.921	0	0
-0.070648	1.5571	23.476	0.19245	1.2739	25.036	-0.018081	1.6022	25.037	0	0
-0.070648	1.5571	23.476	-0.018081	1.6022	25.037	-0.44528	1.1017	24.921	0	0
-0.60445	-0.36564	24.087	-0.42345	-0.73714	25.519	-0.62845	-0.29764	25.565	0	0
-0.60445	-0.36564	24.087	-0.62845	-0.29764	25.565	-0.89475	-0.064838	25.368	0	0
-0.60445	-0.36564	24.087	0.10852	-0.74714	24.903	0.17749	-0.20924	24.888	0	0
-0.60445	-0.36564	24.087	-0.4588	0.81476	25.072	-0.89945	0.26706	24.422	0	0
-0.60445	-0.36564	24.087	-0.9921	-0.30204	24.834	-0.89475	-0.064838	25.368	0	0
-0.60445	-0.36564	24.087	0.10345	0.32781	25.549	0.17749	-0.20924	24.888	0	0
-0.42345	-0.73714	24.492	-0.62845	-0.29764	25.565	-0.1227	-0.41594	26.058	0	0
-0.42345	-0.73714	24.492	0.10852	-0.74714	24.903	0.15392	-0.8914	25.526	0	0
-0.42345	-0.73714	24.492	-0.1227	-0.41594	26.058	0.15392	-0.8914	25.526	0	0
-0.62845	-0.29764	24.539	-0.89475	-0.064838	25.368	-0.53875	-0.15177	26.196	0	0
-0.62845	-0.29764	24.539	-0.4519	0.44011	25.569	-0.1227	-0.41594	26.058	0	0
-0.62845	-0.29764	24.539	-0.53875	-0.15177	26.196	-0.39071	-0.69007	26.436	0	0
0.20085	-0.77226	23.269	0.10852	-0.74714	24.903	0.6572	-0.24529	24.815	0	0
0.20085	-0.77226	23.269	0.25115	-0.20677	24.211	0.6572	-0.24529	24.815	0	0
0.20085	-0.77226	23.269	0.34065	-0.69554	23.591	0.77965	-0.91354	23.662	0	0
0.10852	-0.74714	23.876	0.17749	-0.20924	24.888	0.6572	-0.24529	24.815	0	0
-0.4588	0.81476	24.045	0.23865	0.44446	25.084	0.19245	1.2739	25.036	0	0
-0.4588	0.81476	24.045	0.23865	0.44446	25.084	-0.4519	0.44011	25.569	0	0
-0.4588	0.81476	24.045	0.19245	1.2739	25.036	-0.44528	1.1017	24.921	0	0
-0.4588	0.81476	24.045	-0.4519	0.44011	25.569	-0.5612	1.2395	25.561	0	0
-0.9193	-0.076787	23.116	-0.9921	-0.30204	24.834	-0.89945	0.26706	24.422	0	0
0.23865	0.44446	24.058	0.19245	1.2739	25.036	0.3303	1.0826	25.548	0	0
0.23865	0.44446	24.058	0.10345	0.32781	25.549	-0.4519	0.44011	25.569	0	0
0.23865	0.44446	24.058	0.10345	0.32781	25.549	0.81262	0.58566	25.648	0	0
0.23865	0.44446	24.058	0.17749	-0.20924	24.888	0.66172	0.44816	24.975	0	0
0.23865	0.44446	24.058	0.66172	0.44816	24.975	0.81262	0.58566	25.648	0	0
0.19245	1.2739	24.009	-0.018081	1.6022	25.037	0.075752	1.721	25.588	0	0
0.19245	1.2739	24.009	0.075752	1.721	25.588	0.3303	1.0826	25.548	0	0
0.19245	1.2739	24.009	0.66172	0.44816	24.975	0.81262	0.58566	25.648	0	0
-0.9921	-0.30204	23.807	-0.89475	-0.064838	25.368	-1.0342	0.36408	24.889	0	0
-0.9921	-0.30204	23.807	-0.89945	0.26706	24.422	-1.0342	0.36408	24.889	0	0
-0.89475	-0.064838	24.341	-0.53875	-0.15177	26.196	-1.1659	0.45924	25.541	0	0
-0.89475	-0.064838	24.341	-1.0342	0.36408	24.889	-1.1659	0.45924	25.541	0	0
-0.018081	1.6022	24.011	0.075752	1.721	25.588	-0.20965	1.5844	25.621	0	0
-0.018081	1.6022	24.011	-0.20965	1.5844	25.621	-0.5612	1.2395	25.561	0	0
-0.018081	1.6022	24.011	-0.44528	1.1017	24.921	-0.5612	1.2395	25.561	0	0
0.075752	1.721	24.562	-0.20965	1.5844	25.621	-0.44435	1.6571	26.418	0	0
0.075752	1.721	24.562	0.3303	1.0826	25.548	0.1939	1.1617	26.29	0	0
0.075752	1.721	24.562	-0.44435	1.6571	26.418	0.37085	2.2796	26.511	0	0
-0.20965	1.5844	24.595	-0.5612	1.2395	25.561	-0.44435	1.6571	26.418	0	0
0.10345	0.32781	24.523	-0.4519	0.44011	25.569	0.11317	0.45303	26.287	0	0
0.10345	0.32781	24.523	0.17749	-0.20924	24.888	0.26805	-0.25924	25.715	0	0
0.10345	0.32781	24.523	0.26805	-0.25924	25.715	0.11317	0.45303	26.287	0	0
-0.4519	0.44011	24.542	-0.53875	-0.15177	26.196	-1.1918	0.54756	26.238	0	0
-0.4519	0.44011	24.542	-0.5612	1.2395	25.561	-0.5522	1.2715	26.074	0	0
-0.4519	0.44011	24.542	-0.5522	1.2715	26.074	0.11317	0.45303	26.287	0	0
-0.53875	-0.15177	25.169	-0.39071	-0.69007	26.436	-0.1227	-0.41594	26.058	0	0
-0.53875	-0.15177	25.169	-0.1227	-0.41594	26.058	0.11317	0.45303	26.287	0	0
-0.53875	-0.15177	25.169	0.11317	0.45303	26.287	-1.171	0.66716	27.045	0	0
-0.53875	-0.15177	25.169	-1.1918	0.54756	26.238	-1.171	0.66716	27.045	0	0
-0.44528	1.1017	23.895	-0.5612	1.2395	25.561	-1.0336	0.96496	25.703	0	0
-0.44528	1.1017	23.895	-0.89945	0.26706	24.422	-1.0342	0.36408	24.889	0	0
-0.44528	1.1017	23.895	-1.0342	0.36408	24.889	-1.0336	0.96496	25.703	0	0
-0.5612	1.2395	24.535	-0.5522	1.2715	26.074	-1.0336	0.96496	25.703	0	0
0.3303	1.0826	24.521	0.1939	1.1617	26.29	0.81262	0.58566	25.648	0	0
-0.5522	1.2715	25.047	-0.44435	1.6571	26.418	0.1939	1.1617	26.29	0	0
-0.5522	1.2715	25.047	-0.44435	1.6571	26.418	-1.0762	1.135	26.383	0	0
-0.5522	1.2715	25.047	0.11317	0.45303	26.287	0.1939	1.1617	26.29	0	0
-0.5522	1.2715	25.047	-1.0336	0.96496	25.703	-1.0762	1.135	26.383	0	0
-0.44435	1.6571	25.392	0.1939	1.1617	26.29	0.2694	1.8699	26.383	0	0
-0.44435	1.6571	25.392	0.2694	1.8699	26.383	-0.44275	1.8337	27.102	0	0
-0.44435	1.6571	25.392	-0.44275	1.8337	27.102	-1.1561	1.2942	27.092	0	0
-0.44435	1.6571	25.392	-1.1561	1.2942	27.092	-1.0762	1.135	26.383	0	0
-0.1227	-0.41594	25.032	0.15392	-0.8914	25.526	0.26805	-0.25924	25.715	0	0
-0.1227	-0.41594	25.032	0.26805	-0.25924	25.715	0.11317	0.45303	26.287	0	0
0.34065	-0.69554	22.564	0.77965	-0.91354	23.662	0.84775	-0.62624	23.106	0	0
0.34065	-0.69554	22.564	0.3931	-0.63109	22.812	0.84775	-0.62624	23.106	0	0
0.17749	-0.20924	23.862	0.15392	-0.8914	25.526	0.26805	-0.25924	25.715	0	0
0.17749	-0.20924	23.862	0.66172	0.44816	24.975	0.6572	-0.24529	24.815	0	0
0.154	-0.21294	21.767	0.3931	-0.63109	22.812	0.3372	-0.36624	22.18	0	0
0.11317	0.45303	25.26	0.1939	1.1617	26.29	0.72342	1.0219	26.401	0	0
0.11317	0.45303	25.26	-1.171	0.66716	27.045	-0.29025	1.3411	27.202	0	0
0.11317	0.45303	25.26	-0.29025	1.3411	27.202	0.8639	0.62481	26.575	0	0
0.11317	0.45303	25.26	0.72342	1.0219	26.401	0.8639	0.62481	26.575	0	0
0.1939	1.1617	25.264	0.2694	1.8699	26.383	0.72342	1.0219	26.401	0	0
0.2694	1.8699	25.357	0.37085	2.2796	26.511	0.30568	1.9962	27.098	0	0
0.2694	1.8699	25.357	0.37085	2.2796	26.511	0.72342	1.0219	26.401	0	0
0.2694	1.8699	25.357	-0.44275	1.8337	27.102	0.30568	1.9962	27.098	0	0
0.37085	2.2796	25.485	0.30568	1.9962	27.098	0.44235	2.2929	27.586	0	0
0.37085	2.2796	25.485	0.72342	1.0219	26.401	1.1543	1.0309	27.023	0	0
-1.1918	0.54756	25.212	-1.5835	0.40701	26.386	-1.1659	0.45924	25.541	0	0
-1.1918	0.54756	25.212	-1.5835	0.40701	26.386	-1.6032	0.93386	26.667	0	0
-1.1918	0.54756	25.212	-1.1659	0.45924	25.541	-1.0336	0.96496	25.703	0	0
-1.1918	0.54756	25.212	-1.6032	0.93386	26.667	-1.0762	1.135	26.383	0	0
-1.1918	0.54756	25.212	-1.0336	0.96496	25.703	-1.0762	1.135	26.383	0	0
-1.171	0.66716	26.019	-0.29025	1.3411	27.202	-1.1561	1.2942	27.092	0	0
-0.44275	1.8337	26.075	-0.40083	1.9232	27.751	0.10825	2.1963	27.576	0	0
-0.44275	1.8337	26.075	-0.40083	1.9232	27.751	-1.4209	1.5539	27.532	0	0
-0.44275	1.8337	26.075	0.30568	1.9962	27.098	0.10825	2.1963	27.576	0	0
-0.44275	1.8337	26.075	-1.1561	1.2942	27.092	-1.4209	1.5539	27.532	0	0
-0.29025	1.3411	26.176	-0.40083	1.9232	27.751	-1.3147	1.1609	27.813	0	0
-0.29025	1.3411	26.176	0.30568	1.9962	27.098	1.1543	1.0309	27.023	0	0
-0.29025	1.3411	26.176	-1.3147	1.1609	27.813	-1.1561	1.2942	27.092	0	0
-0.29025	1.3411	26.176	0.8639	0.62481	26.575	1.1543	1.0309	27.023	0	0
-0.40083	1.9232	26.724	-1.3147	1.1609	27.813	-0.71142	1.9394	28.343	0	0
-0.40083	1.9232	26.724	-0.71142	1.9394	28.343	0.11445	2.2429	28.089	0	0
-0.40083	1.9232	26.724	-1.2985	1.9022	28.368	-1.7246	2.1012	28.149	0	0
-0.40083	1.9232	26.724	0.10825	2.1963	27.576	0.11445	2.2429	28.089	0	0
-0.40083	1.9232	26.724	-1.4209	1.5539	27.532	-1.6492	1.7615	27.739	0	0
-0.40083	1.9232	26.724	-1.7246	2.1012	28.149	-1.6492	1.7615	27.739	0	0
0.30568	1.9962	26.072	0.10825	2.1963	27.576	0.44235	2.2929	27.586	0	0
-1.3147	1.1609	26.787	-0.71142	1.9394	28.343	-1.2985	1.9022	28.368	0	0
-1.3147	1.1609	26.787	-1.2985	1.9022	28.368	-1.7044	1.4623	28.538	0	0
-0.71142	1.9394	27.317	-1.2985	1.9022	28.368	-1.1185	2.4661	28.989	0	0
-0.71142	1.9394	27.317	0.11445	2.2429	28.089	-0.72875	2.4381	29.56	0	0
-0.71142	1.9394	27.317	-1.1185	2.4661	28.989	-0.72875	2.4381	29.56	0	0
-1.2985	1.9022	27.342	-1.7246	2.1012	28.149	-1.7316	2.4308	28.501	0	0
-1.2985	1.9022	27.342	-1.7316	2.4308	28.501	-1.1185	2.4661	28.989	0	0
0.3931	-0.63109	21.785	0.3372	-0.36624	22.18	0.65595	-0.22354	22.245	0	0
0.3931	-0.63109	21.785	0.84775	-0.62624	23.106	0.88052	-0.3274	22.704	0	0
0.3931	-0.63109	21.785	0.65595	-0.22354	22.245	0.88052	-0.3274	22.704	0	0
0.72342	1.0219	25.375	0.8639	0.62481	26.575	1.1543	1.0309	27.023	0	0
-1.0342	0.36408	23.863	-1.1659	0.45924	25.541	-1.0336	0.96496	25.703	0	0
-1.1561	1.2942	26.066	-1.4209	1.5539	27.532	-1.7671	1.1124	26.986	0	0
-1.1561	1.2942	26.066	-1.6032	0.93386	26.667	-1.7671	1.1124	26.986	0	0
-1.1561	1.2942	26.066	-1.6032	0.93386	26.667	-1.0762	1.135	26.383	0	0
0.10825	2.1963	26.55	0.44235	2.2929	27.586	0.11445	2.2429	28.089	0	0
-1.4209	1.5539	26.505	-1.7671	1.1124	26.986	-1.6492	1.7615	27.739	0	0
-1.7316	2.4308	27.475	-1.1185	2.4661	28.989	-1.7713	2.7764	28.897	0	0
-1.1185	2.4661	27.962	-1.7713	2.7764	28.897	-1.6864	2.9906	29.15	0	0
-1.1185	2.4661	27.962	-0.72875	2.4381	29.56	-1.1639	2.6667	29.562	0	0
-1.1185	2.4661	27.962	-1.1639	2.6667	29.562	-1.6864	2.9906	29.15	0	0
-1.1639	2.6667	28.535	-1.6947	2.9989	29.58	-1.6864	2.9906	29.15	0	0
-0.41205	2.6872	12.111	-2.57285221653421	11.0039165547403	12.9927082122959	0.216338247054927	2.24793324752491	12.0100615354128	1	1
-2.57285221653421	11.0039165547403	12.9927082122959	-3.53744513181705	14.716540415329	13.3863071675448	-0.554238056137199	11.0060921061214	14.9938959932515	1	1
-3.53744513181705	14.716540415329	13.3863071675448	-4.86386785032064	19.8218118266367	13.9275495797061	-1.73741722890862	14.0233975078123	14.7112769920462	1	1
-4.86386785032064	19.8218118266367	13.9275495797061	-5.7437972755608	23.2085741882728	14.2866018772919	-4.28865902771908	19.6728096396419	16.0804898409935	1	1
-5.7437972755608	23.2085741882728	14.2866018772919	-7.33023129268098	29.3146036768711	14.9339410416343	-5.76133732533082	23.7128887962177	14.9080967951049	1	1
-0.554238056137199	11.0060921061214	14.9938959932515	0.216338247054927	2.24793324752491	12.0100615354128	-2.57285221653421	11.0039165547403	12.9927082122959	1	1
-1.73741722890862	14.0233975078123	14.7112769920462	-0.554238056137199	11.0060921061214	14.9938959932515	-3.53744513181705	14.716540415329	13.3863071675448	1	1
-4.28865902771908	19.6728096396419	16.0804898409935	-1.73741722890862	14.0233975078123	14.7112769920462	-4.86386785032064	19.8218118266367	13.9275495797061	1	1
-5.76133732533082	23.7128887962177	14.9080967951049	-4.28865902771908	19.6728096396419	16.0804898409935	-5.7437972755608	23.2085741882728	14.2866018772919	1	1
-2.57285221653421	11.0039165547403	12.9927082122959	-0.41205	2.6872	12.111	-1.83663065711444	2.13229664374225	12.676133133951	1	1
-3.53744513181705	14.716540415329	13.3863071675448	-2.57285221653421	11.0039165547403	12.9927082122959	-3.73890249875975	10.8837361649704	13.1243952019209	1	1
-4.86386785032064	19.8218118266367	13.9275495797061	-3.53744513181705	14.716540415329	13.3863071675448	-5.47951266080846	13.9151612632823	13.8011342730985	1	1
-5.7437972755608	23.2085741882728	14.2866018772919	-4.86386785032064	19.8218118266367	13.9275495797061	-6.90005337466819	19.4565583845444	14.6180912464267	1	1
-7.33023129268098	29.3146036768711	14.9339410416343	-5.7437972755608	23.2085741882728	14.2866018772919	-7.81503495485781	22.5241729714652	14.3513517058063	1	1
-1.83663065711444	2.13229664374225	12.676133133951	-3.73890249875975	10.8837361649704	13.1243952019209	-2.57285221653421	11.0039165547403	12.9927082122959	1	1
-3.73890249875975	10.8837361649704	13.1243952019209	-5.47951266080846	13.9151612632823	13.8011342730985	-3.53744513181705	14.716540415329	13.3863071675448	1	1
-5.47951266080846	13.9151612632823	13.8011342730985	-6.90005337466819	19.4565583845444	14.6180912464267	-4.86386785032064	19.8218118266367	13.9275495797061	1	1
-6.90005337466819	19.4565583845444	14.6180912464267	-7.81503495485781	22.5241729714652	14.3513517058063	-5.7437972755608	23.2085741882728	14.2866018772919	1	1
0.12035	-1.5779	16.987	-1.00068500465366	-7.81396859030074	19.1898346649274	0.775457114048155	-1.35202596138767	16.3687719997408	2	1
-1.00068500465366	-7.81396859030074	19.1898346649274	-1.66162106077196	-12.4799094292574	20.4473409969905	0.292748804671426	-7.36859275880733	19.8246232908623	2	1
-1.66162106077196	-12.4799094292574	20.4473409969905	-2.20831230990805	-16.3393282066584	21.4874835359066	0.491617210109297	-13.1710123541733	20.7240229551754	2	1
-2.20831230990805	-16.3393282066584	21.4874835359066	-2.95224269813222	-21.5911754127893	22.9028960635575	-0.97694578479285	-16.6359270225873	22.4635180963681	2	1
-2.95224269813222	-21.5911754127893	22.9028960635575	-3.65837245283794	-26.5761654577177	24.2463885687412	-0.708915738862257	-21.6003870491526	22.5443072711112	2	1
-3.65837245283794	-26.5761654577177	24.2463885687412	-4.17053365063831	-30.1918160593516	25.2208337413249	-1.03365166019343	-27.1369042126254	26.4292956715296	2	1
-4.17053365063831	-30.1918160593516	25.2208337413249	-4.65032732337599	-33.5789650447583	26.133696000792	-1.72914872501366	-30.6181625847308	26.85881708838	2	1
-4.65032732337599	-33.5789650447583	26.133696000792	-5.41913984752639	-39.0064700518277	27.5964496338235	-2.6687923254348	-33.576271133226	26.2917390242851	2	1
0.292748804671426	-7.36859275880733	19.8246232908623	0.775457114048155	-1.35202596138767	16.3687719997408	-1.00068500465366	-7.81396859030074	19.1898346649274	2	1
0.491617210109297	-13.1710123541733	20.7240229551754	0.292748804671426	-7.36859275880733	19.8246232908623	-1.66162106077196	-12.4799094292574	20.4473409969905	2	1
-0.97694578479285	-16.6359270225873	22.4635180963681	0.491617210109297	-13.1710123541733	20.7240229551754	-2.20831230990805	-16.3393282066584	21.4874835359066	2	1
-0.708915738862257	-21.6003870491526	22.5443072711112	-0.97694578479285	-16.6359270225873	22.4635180963681	-2.95224269813222	-21.5911754127893	22.9028960635575	2	1
-1.03365166019343	-27.1369042126254	26.4292956715296	-0.708915738862257	-21.6003870491526	22.5443072711112	-3.65837245283794	-26.5761654577177	24.2463885687412	2	1
-1.72914872501366	-30.6181625847308	26.85881708838	-1.03365166019343	-27.1369042126254	26.4292956715296	-4.17053365063831	-30.1918160593516	25.2208337413249	2	1
-2.6687923254348	-33.576271133226	26.2917390242851	-1.72914872501366	-30.6181625847308	26.85881708838	-4.65032732337599	-33.5789650447583	26.133696000792	2	1
-1.00068500465366	-7.81396859030074	19.1898346649274	0.12035	-1.5779	16.987	-1.25530964655534	-1.2539540767233	16.2466204567037	2	1
-1.66162106077196	-12.4799094292574	20.4473409969905	-1.00068500465366	-7.81396859030074	19.1898346649274	-2.29421449712351	-7.63490082522922	20.0462267723893	2	1
-2.20831230990805	-16.3393282066584	21.4874835359066	-1.66162106077196	-12.4799094292574	20.4473409969905	-2.3287605422246	-12.5752794802182	20.9310904007801	2	1
-2.95224269813222	-21.5911754127893	22.9028960635575	-2.20831230990805	-16.3393282066584	21.4874835359066	-4.30861733180556	-15.3977665607534	24.1339740808458	2	1
-3.65837245283794	-26.5761654577177	24.2463885687412	-2.95224269813222	-21.5911754127893	22.9028960635575	-3.76293904007936	-22.0832864045996	22.3808937140484	2	1
-4.17053365063831	-30.1918160593516	25.2208337413249	-3.65837245283794	-26.5761654577177	24.2463885687412	-4.45158683401149	-26.0532567015376	24.0209801877754	2	1
-4.65032732337599	-33.5789650447583	26.133696000792	-4.17053365063831	-30.1918160593516	25.2208337413249	-4.52871511080065	-30.1539714593879	26.8972418294256	2	1
-1.25530964655534	-1.2539540767233	16.2466204567037	-2.29421449712351	-7.63490082522922	20.0462267723893	-1.00068500465366	-7.81396859030074	19.1898346649274	2	1
-2.29421449712351	-7.63490082522922	20.0462267723893	-2.3287605422246	-12.5752794802182	20.9310904007801	-1.66162106077196	-12.4799094292574	20.4473409969905	2	1
-2.3287605422246	-12.5752794802182	20.9310904007801	-4.30861733180556	-15.3977665607534	24.1339740808458	-2.20831230990805	-16.3393282066584	21.4874835359066	2	1
-4.30861733180556	-15.3977665607534	24.1339740808458	-3.76293904007936	-22.0832864045996	22.3808937140484	-2.95224269813222	-21.5911754127893	22.9028960635575	2	1
-3.76293904007936	-22.0832864045996	22.3808937140484	-4.45158683401149	-26.0532567015376	24.0209801877754	-3.65837245283794	-26.5761654577177	24.2463885687412	2	1
-4.45158683401149	-26.0532567015376	24.0209801877754	-4.52871511080065	-30.1539714593879	26.8972418294256	-4.17053365063831	-30.1918160593516	25.2208337413249	2	1
0.0037021	2.3981	21.682	0.652482810202837	7.60458924419507	24.533849435944	1.07377996418376	1.83636403912587	21.7173675148851	3	2
0.652482810202837	7.60458924419507	24.533849435944	1.13906396536981	12.4703581667435	27.1829694246003	1.44491373641681	7.81773764258988	24.6289382230926	3	2
1.13906396536981	12.4703581667435	27.1829694246003	1.62000011677966	16.6144016875201	28.2938800684761	2.96766906422441	11.7217420788227	27.8130056758184	3	2
1.62000011677966	16.6144016875201	28.2938800684761	2.15185972671255	21.1972332422785	29.5224184097716	3.09716741001144	16.5087449196269	28.2956107344385	3	2
2.15185972671255	21.1972332422785	29.5224184097716	2.57082286011826	24.8072788862679	30.4901780654505	4.23643805018751	20.5056974692495	30.6448749024338	3	2
2.57082286011826	24.8072788862679	30.4901780654505	3.01396506875688	28.625666406333	31.5137887773593	4.49795942616282	24.3836686176587	30.8193788493846	3	2
3.01396506875688	28.625666406333	31.5137887773593	3.63302110522357	33.9598363359526	32.9437414603722	5.02914919364911	28.5023888068874	31.6065307110101	3	2
3.63302110522357	33.9598363359526	32.9437414603722	4.02260527545556	37.3167346512783	33.8436388794527	5.70974407945693	34.4183136396875	32.8174681842946	3	2
4.02260527545556	37.3167346512783	33.8436388794527	4.44108196576747	40.9225888005232	34.8102749040448	6.64667809815317	38.0245671005051	34.8202592432592	3	2
4.44108196576747	40.9225888005232	34.8102749040448	4.82902466468199	44.2653431831092	35.7063807014041	5.58691190646491	40.6279416146575	35.3023824358534	3	2
4.82902466468199	44.2653431831092	35.7063807014041	5.55979693186576	50.5621292951712	37.3943858294942	6.96447310147585	43.977344882294	35.966535352568	3	2
1.44491373641681	7.81773764258988	24.6289382230926	1.07377996418376	1.83636403912587	21.7173675148851	0.652482810202837	7.60458924419507	24.533849435944	3	2
2.96766906422441	11.7217420788227	27.8130056758184	1.44491373641681	7.81773764258988	24.6289382230926	1.13906396536981	12.4703581667435	27.1829694246003	3	2
3.09716741001144	16.5087449196269	28.2956107344385	2.96766906422441	11.7217420788227	27.8130056758184	1.62000011677966	16.6144016875201	28.2938800684761	3	2
4.23643805018751	20.5056974692495	30.6448749024338	3.09716741001144	16.5087449196269	28.2956107344385	2.15185972671255	21.1972332422785	29.5224184097716	3	2
4.49795942616282	24.3836686176587	30.8193788493846	4.23643805018751	20.5056974692495	30.6448749024338	2.57082286011826	24.8072788862679	30.4901780654505	3	2
5.02914919364911	28.5023888068874	31.6065307110101	4.49795942616282	24.3836686176587	30.8193788493846	3.01396506875688	28.625666406333	31.5137887773593	3	2
5.70974407945693	34.4183136396875	32.8174681842946	5.02914919364911	28.5023888068874	31.6065307110101	3.63302110522357	33.9598363359526	32.9437414603722	3	2
6.64667809815317	38.0245671005051	34.8202592432592	5.70974407945693	34.4183136396875	32.8174681842946	4.02260527545556	37.3167346512783	33.8436388794527	3	2
5.58691190646491	40.6279416146575	35.3023824358534	6.64667809815317	38.0245671005051	34.8202592432592	4.44108196576747	40.9225888005232	34.8102749040448	3	2
6.96447310147585	43.977344882294	35.966535352568	5.58691190646491	40.6279416146575	35.3023824358534	4.82902466468199	44.2653431831092	35.7063807014041	3	2
0.652482810202837	7.60458924419507	24.533849435944	0.0037021	2.3981	21.682	-1.44946161604456	2.06084227290863	22.1192021330611	3	2
1.13906396536981	12.4703581667435	27.1829694246003	0.652482810202837	7.60458924419507	24.533849435944	-0.993711664958708	7.59485325824426	24.5244021863352	3	2
1.62000011677966	16.6144016875201	28.2938800684761	1.13906396536981	12.4703581667435	27.1829694246003	-1.52905772530733	12.0874973801011	27.5662236669639	3	2
2.15185972671255	21.1972332422785	29.5224184097716	1.62000011677966	16.6144016875201	28.2938800684761	-0.434592952835251	16.4471216683208	27.6509351847831	3	2
2.57082286011826	24.8072788862679	30.4901780654505	2.15185972671255	21.1972332422785	29.5224184097716	-0.793658218060054	20.1565000387467	31.4956638167316	3	2
3.01396506875688	28.625666406333	31.5137887773593	2.57082286011826	24.8072788862679	30.4901780654505	-0.41653318010161	25.1077556320564	29.3190880713842	3	2
3.63302110522357	33.9598363359526	32.9437414603722	3.01396506875688	28.625666406333	31.5137887773593	0.513085216587469	28.6122544597367	31.0254451614476	3	2
4.02260527545556	37.3167346512783	33.8436388794527	3.63302110522357	33.9598363359526	32.9437414603722	2.44091232969672	33.8722048962445	32.1780476324706	3	2
4.44108196576747	40.9225888005232	34.8102749040448	4.02260527545556	37.3167346512783	33.8436388794527	2.87206021097622	37.4431552768583	34.683518257715	3	2
4.82902466468199	44.2653431831092	35.7063807014041	4.44108196576747	40.9225888005232	34.8102749040448	2.94219606201155	41.1999669470361	35.4151570837781	3	2
5.55979693186576	50.5621292951712	37.3943858294942	4.82902466468199	44.2653431831092	35.7063807014041	4.05430842329132	44.0177374758673	37.3543470235924	3	2
-1.44946161604456	2.06084227290863	22.1192021330611	-0.993711664958708	7.59485325824426	24.5244021863352	0.652482810202837	7.60458924419507	24.533849435944	3	2
-0.993711664958708	7.59485325824426	24.5244021863352	-1.52905772530733	12.0874973801011	27.5662236669639	1.13906396536981	12.4703581667435	27.1829694246003	3	2
-1.52905772530733	12.0874973801011	27.5662236669639	-0.434592952835251	16.4471216683208	27.6509351847831	1.62000011677966	16.6144016875201	28.2938800684761	3	2
-0.434592952835251	16.4471216683208	27.6509351847831	-0.793658218060054	20.1565000387467	31.4956638167316	2.15185972671255	21.1972332422785	29.5224184097716	3	2
-0.793658218060054	20.1565000387467	31.4956638167316	-0.41653318010161	25.1077556320564	29.3190880713842	2.57082286011826	24.8072788862679	30.4901780654505	3	2
-0.41653318010161	25.1077556320564	29.3190880713842	0.513085216587469	28.6122544597367	31.0254451614476	3.01396506875688	28.625666406333	31.5137887773593	3	2
0.513085216587469	28.6122544597367	31.0254451614476	2.44091232969672	33.8722048962445	32.1780476324706	3.63302110522357	33.9598363359526	32.9437414603722	3	2
2.44091232969672	33.8722048962445	32.1780476324706	2.87206021097622	37.4431552768583	34.683518257715	4.02260527545556	37.3167346512783	33.8436388794527	3	2
2.87206021097622	37.4431552768583	34.683518257715	2.94219606201155	41.1999669470361	35.4151570837781	4.44108196576747	40.9225888005232	34.8102749040448	3	2
2.94219606201155	41.1999669470361	35.4151570837781	4.05430842329132	44.0177374758673	37.3543470235924	4.82902466468199	44.2653431831092	35.7063807014041	3	2
0.23953	-1.8413	25.174	1.35043985824065	-5.46856527999983	27.5873164309248	0.97963554535377	-2.53476280379978	24.8022509658617	4	2
1.35043985824065	-5.46856527999983	27.5873164309248	2.61493593095559	-9.34208479204418	30.3132906025559	2.01498940063889	-5.08251732183466	28.1606283374772	4	2
2.61493593095559	-9.34208479204418	30.3132906025559	4.09235520698509	-13.2439169088213	32.62877933181	3.38168530341347	-7.72087686334029	31.6252939835512	4	2
4.09235520698509	-13.2439169088213	32.62877933181	5.40125702011748	-16.7006980778832	34.6801586830754	5.43972899669295	-13.2830954400723	33.0333145261965	4	2
5.40125702011748	-16.7006980778832	34.6801586830754	6.99880209195208	-20.9197798039828	37.1839148397228	5.68903335740587	-16.6502409404697	35.0574642183924	4	2
6.99880209195208	-20.9197798039828	37.1839148397228	8.32656833358852	-24.4263815176903	39.2648595095768	9.05195041365893	-20.1976271483027	38.7280219444815	4	2
8.32656833358852	-24.4263815176903	39.2648595095768	9.55998026608319	-27.6837955568231	41.1979271732763	8.96552005804101	-24.1340691516964	39.7747036666545	4	2
9.55998026608319	-27.6837955568231	41.1979271732763	10.8637730026023	-31.1270837658699	43.2412993125694	11.8658232714075	-27.2968769650925	42.4372090613753	4	2
10.8637730026023	-31.1270837658699	43.2412993125694	12.2030425580859	-34.6640654808044	45.340272577281	13.7417185135633	-31.4018283262593	44.3063276795511	4	2
12.2030425580859	-34.6640654808044	45.340272577281	13.6192027478724	-38.4041136855768	47.5597528639342	14.3115522581107	-35.5861601914446	45.3387928776713	4	2
13.6192027478724	-38.4041136855768	47.5597528639342	15.3556716832255	-42.9900903082421	50.2812377624632	14.6644232790647	-37.4292554395558	48.8162585110919	4	2
2.01498940063889	-5.08251732183466	28.1606283374772	0.97963554535377	-2.53476280379978	24.8022509658617	1.35043985824065	-5.46856527999983	27.5873164309248	4	2
3.38168530341347	-7.72087686334029	31.6252939835512	2.01498940063889	-5.08251732183466	28.1606283374772	2.61493593095559	-9.34208479204418	30.3132906025559	4	2
5.43972899669295	-13.2830954400723	33.0333145261965	3.38168530341347	-7.72087686334029	31.6252939835512	4.09235520698509	-13.2439169088213	32.62877933181	4	2
5.68903335740587	-16.6502409404697	35.0574642183924	5.43972899669295	-13.2830954400723	33.0333145261965	5.40125702011748	-16.7006980778832	34.6801586830754	4	2
9.05195041365893	-20.1976271483027	38.7280219444815	5.68903335740587	-16.6502409404697	35.0574642183924	6.99880209195208	-20.9197798039828	37.1839148397228	4	2
8.96552005804101	-24.1340691516964	39.7747036666545	9.05195041365893	-20.1976271483027	38.7280219444815	8.32656833358852	-24.4263815176903	39.2648595095768	4	2
11.8658232714075	-27.2968769650925	42.4372090613753	8.96552005804101	-24.1340691516964	39.7747036666545	9.55998026608319	-27.6837955568231	41.1979271732763	4	2
13.7417185135633	-31.4018283262593	44.3063276795511	11.8658232714075	-27.2968769650925	42.4372090613753	10.8637730026023	-31.1270837658699	43.2412993125694	4	2
14.3115522581107	-35.5861601914446	45.3387928776713	13.7417185135633	-31.4018283262593	44.3063276795511	12.2030425580859	-34.6640654808044	45.340272577281	4	2
14.6644232790647	-37.4292554395558	48.8162585110919	14.3115522581107	-35.5861601914446	45.3387928776713	13.6192027478724	-38.4041136855768	47.5597528639342	4	2
1.35043985824065	-5.46856527999983	27.5873164309248	0.23953	-1.8413	25.174	-1.72235984704356	-1.99977239490627	25.1704705496097	4	2
2.61493593095559	-9.34208479204418	30.3132906025559	1.35043985824065	-5.46856527999983	27.5873164309248	-0.710091491988387	-5.12250947028569	28.2243895851122	4	2
4.09235520698509	-13.2439169088213	32.62877933181	2.61493593095559	-9.34208479204418	30.3132906025559	-0.650584954942749	-9.03704255731579	31.0074485015916	4	2
5.40125702011748	-16.7006980778832	34.6801586830754	4.09235520698509	-13.2439169088213	32.62877933181	0.92678240676934	-13.886284141441	31.8687014361369	4	2
6.99880209195208	-20.9197798039828	37.1839148397228	5.40125702011748	-16.7006980778832	34.6801586830754	1.27511158571468	-16.1724289502864	36.4040888971458	4	2
8.32656833358852	-24.4263815176903	39.2648595095768	6.99880209195208	-20.9197798039828	37.1839148397228	4.35839424675304	-20.6632478569676	36.6765780569325	4	2
9.55998026608319	-27.6837955568231	41.1979271732763	8.32656833358852	-24.4263815176903	39.2648595095768	7.21216223509531	-23.8674641286442	39.2826819634762	4	2
10.8637730026023	-31.1270837658699	43.2412993125694	9.55998026608319	-27.6837955568231	41.1979271732763	8.93129383278243	-27.7194356726603	40.4581986009427	4	2
12.2030425580859	-34.6640654808044	45.340272577281	10.8637730026023	-31.1270837658699	43.2412993125694	9.23255990606526	-30.7405427793764	42.5391448712627	4	2
13.6192027478724	-38.4041136855768	47.5597528639342	12.2030425580859	-34.6640654808044	45.340272577281	10.9848929953307	-34.3706176978869	44.9553176689345	4	2
15.3556716832255	-42.9900903082421	50.2812377624632	13.6192027478724	-38.4041136855768	47.5597528639342	12.9209389308772	-38.2819225318406	47.0159523823016	4	2
-1.72235984704356	-1.99977239490627	25.1704705496097	-0.710091491988387	-5.12250947028569	28.2243895851122	1.35043985824065	-5.46856527999983	27.5873164309248	4	2
-0.710091491988387	-5.12250947028569	28.2243895851122	-0.650584954942749	-9.03704255731579	31.0074485015916	2.61493593095559	-9.34208479204418	30.3132906025559	4	2
-0.650584954942749	-9.03704255731579	31.0074485015916	0.92678240676934	-13.886284141441	31.8687014361369	4.09235520698509	-13.2439169088213	32.62877933181	4	2
0.92678240676934	-13.886284141441	31.8687014361369	1.27511158571468	-16.1724289502864	36.4040888971458	5.40125702011748	-16.7006980778832	34.6801586830754	4	2
1.27511158571468	-16.1724289502864	36.4040888971458	4.35839424675304	-20.6632478569676	36.6765780569325	6.99880209195208	-20.9197798039828	37.1839148397228	4	2
4.35839424675304	-20.6632478569676	36.6765780569325	7.21216223509531	-23.8674641286442	39.2826819634762	8.32656833358852	-24.4263815176903	39.2648595095768	4	2
7.21216223509531	-23.8674641286442	39.2826819634762	8.93129383278243	-27.7194356726603	40.4581986009427	9.55998026608319	-27.6837955568231	41.1979271732763	4	2
8.93129383278243	-27.7194356726603	40.4581986009427	9.23255990606526	-30.7405427793764	42.5391448712627	10.8637730026023	-31.1270837658699	43.2412993125694	4	2
9.23255990606526	-30.7405427793764	42.5391448712627	10.9848929953307	-34.3706176978869	44.9553176689345	12.2030425580859	-34.6640654808044	45.340272577281	4	2
10.9848929953307	-34.3706176978869	44.9553176689345	12.9209389308772	-38.2819225318406	47.0159523823016	13.6192027478724	-38.4041136855768	47.5597528639342	4	2
-0.096448	-0.21984	26.534	-1.23028680725684	2.57126417529415	28.7402772923905	0.922931695367219	0.800868545193271	25.6079298543056	5	2
-1.23028680725684	2.57126417529415	28.7402772923905	-2.65339620652395	6.07444872037473	31.5094310134443	1.78979082650545	4.02424409761267	28.0327375822766	5	2
-2.65339620652395	6.07444872037473	31.5094310134443	-4.12964207396054	9.70843617784376	34.381980192803	-0.94365770546072	5.89604522177839	31.620688697092	5	2
-4.12964207396054	9.70843617784376	34.381980192803	-5.2777420990753	12.5346463527326	36.6160076388488	-3.14873445625801	9.91280929213184	34.937163092476	5	2
-5.2777420990753	12.5346463527326	36.6160076388488	-6.55895056088463	15.6885217222217	39.1090437900344	-2.14144215330154	13.3779333766212	36.7633916324868	5	2
-6.55895056088463	15.6885217222217	39.1090437900344	-8.49172643571838	20.4463221958249	42.8699306962099	-3.31151197508307	15.5986446321278	38.8690233687711	5	2
-8.49172643571838	20.4463221958249	42.8699306962099	-9.55965897754532	23.0751888013321	44.9479644535286	-6.52082886558907	19.3777753021016	43.0216765164911	5	2
1.78979082650545	4.02424409761267	28.0327375822766	0.922931695367219	0.800868545193271	25.6079298543056	-1.23028680725684	2.57126417529415	28.7402772923905	5	2
-0.94365770546072	5.89604522177839	31.620688697092	1.78979082650545	4.02424409761267	28.0327375822766	-2.65339620652395	6.07444872037473	31.5094310134443	5	2
-3.14873445625801	9.91280929213184	34.937163092476	-0.94365770546072	5.89604522177839	31.620688697092	-4.12964207396054	9.70843617784376	34.381980192803	5	2
-2.14144215330154	13.3779333766212	36.7633916324868	-3.14873445625801	9.91280929213184	34.937163092476	-5.2777420990753	12.5346463527326	36.6160076388488	5	2
-3.31151197508307	15.5986446321278	38.8690233687711	-2.14144215330154	13.3779333766212	36.7633916324868	-6.55895056088463	15.6885217222217	39.1090437900344	5	2
-6.52082886558907	19.3777753021016	43.0216765164911	-3.31151197508307	15.5986446321278	38.8690233687711	-8.49172643571838	20.4463221958249	42.8699306962099	5	2
-1.23028680725684	2.57126417529415	28.7402772923905	-0.096448	-0.21984	26.534	-1.17352562335292	0.285875811791734	26.0433074920276	5	2
-2.65339620652395	6.07444872037473	31.5094310134443	-1.23028680725684	2.57126417529415	28.7402772923905	-3.30031848691716	0.68858321950863	29.7011018234705	5	2
-4.12964207396054	9.70843617784376	34.381980192803	-2.65339620652395	6.07444872037473	31.5094310134443	-5.25047240993032	4.8802121840786	32.3116033758925	5	2
-5.2777420990753	12.5346463527326	36.6160076388488	-4.12964207396054	9.70843617784376	34.381980192803	-6.70574014941484	8.4812522895907	34.912600565624	5	2
-6.55895056088463	15.6885217222217	39.1090437900344	-5.2777420990753	12.5346463527326	36.6160076388488	-7.09035341417887	10.6163629664553	38.1413660886209	5	2
-8.49172643571838	20.4463221958249	42.8699306962099	-6.55895056088463	15.6885217222217	39.1090437900344	-7.57160768208656	14.3858603752311	40.4328325118234	5	2
-9.55965897754532	23.0751888013321	44.9479644535286	-8.49172643571838	20.4463221958249	42.8699306962099	-9.16208244121524	20.3068088627966	42.8390686515332	5	2
-1.17352562335292	0.285875811791734	26.0433074920276	-3.30031848691716	0.68858321950863	29.7011018234705	-1.23028680725684	2.57126417529415	28.7402772923905	5	2
-3.30031848691716	0.68858321950863	29.7011018234705	-5.25047240993032	4.8802121840786	32.3116033758925	-2.65339620652395	6.07444872037473	31.5094310134443	5	2
-5.25047240993032	4.8802121840786	32.3116033758925	-6.70574014941484	8.4812522895907	34.912600565624	-4.12964207396054	9.70843617784376	34.381980192803	5	2
-6.70574014941484	8.4812522895907	34.912600565624	-7.09035341417887	10.6163629664553	38.1413660886209	-5.2777420990753	12.5346463527326	36.6160076388488	5	2
-7.09035341417887	10.6163629664553	38.1413660886209	-7.57160768208656	14.3858603752311	40.4328325118234	-6.55895056088463	15.6885217222217	39.1090437900344	5	2
-7.57160768208656	14.3858603752311	40.4328325118234	-9.16208244121524	20.3068088627966	42.8390686515332	-8.49172643571838	20.4463221958249	42.8699306962099	5	2
0.357769466067403	-4.49237143279171	33.5461634957035	-0.0992867248798291	-7.66252418696714	36.5480025567477	1.81098043384792	-5.27865986259396	32.75928195552	6	2
-0.0992867248798291	-7.66252418696714	36.5480025567477	-0.528189239399062	-10.6374023630138	39.364934800452	1.71521665554725	-8.10461659464559	36.9570768120997	6	2
-0.528189239399062	-10.6374023630138	39.364934800452	-1.02349686209444	-14.072867969546	42.6180003938936	0.935128659369713	-8.67081127080394	41.4067478313595	6	2
-1.02349686209444	-14.072867969546	42.6180003938936	-1.50070139729274	-17.3827701249651	45.7521691071473	-0.0478091636934896	-12.139403418841	45.3240537574391	6	2
-1.50070139729274	-17.3827701249651	45.7521691071473	-2.01663590776072	-20.9613043221379	49.1407073156633	0.202777668483167	-16.7201054018091	47.8733903443471	6	2
-2.01663590776072	-20.9613043221379	49.1407073156633	-2.4189420879601	-23.7517096824454	51.782961003813	-1.07476229764352	-20.2643105686465	50.8300094822867	6	2
-2.4189420879601	-23.7517096824454	51.782961003813	-3.27206398317373	-29.6689837054792	57.3860677543788	-1.86993338722406	-22.8784916922344	54.9073267231372	6	2
-3.27206398317373	-29.6689837054792	57.3860677543788	-3.48415624584487	-31.1400607501917	58.7790405468751	-3.94805810697801	-29.2126418598384	58.8069776968098	6	2
1.81098043384792	-5.27865986259396	32.75928195552	1.97737821377847	-1.16714480727648	30.9096301670118	0.357769466067403	-4.49237143279171	33.5461634957035	6	2
1.71521665554725	-8.10461659464559	36.9570768120997	1.81098043384792	-5.27865986259396	32.75928195552	-0.0992867248798291	-7.66252418696714	36.5480025567477	6	2
0.935128659369713	-8.67081127080394	41.4067478313595	1.71521665554725	-8.10461659464559	36.9570768120997	-0.528189239399062	-10.6374023630138	39.364934800452	6	2
-0.0478091636934896	-12.139403418841	45.3240537574391	0.935128659369713	-8.67081127080394	41.4067478313595	-1.02349686209444	-14.072867969546	42.6180003938936	6	2
0.202777668483167	-16.7201054018091	47.8733903443471	-0.0478091636934896	-12.139403418841	45.3240537574391	-1.50070139729274	-17.3827701249651	45.7521691071473	6	2
-1.07476229764352	-20.2643105686465	50.8300094822867	0.202777668483167	-16.7201054018091	47.8733903443471	-2.01663590776072	-20.9613043221379	49.1407073156633	6	2
-1.86993338722406	-22.8784916922344	54.9073267231372	-1.07476229764352	-20.2643105686465	50.8300094822867	-2.4189420879601	-23.7517096824454	51.782961003813	6	2
-3.94805810697801	-29.2126418598384	58.8069776968098	-1.86993338722406	-22.8784916922344	54.9073267231372	-3.27206398317373	-29.6689837054792	57.3860677543788	6	2
-0.0992867248798291	-7.66252418696714	36.5480025567477	0.357769466067403	-4.49237143279171	33.5461634957035	-1.70089386093272	-3.96448984999804	33.9607453822013	6	2
-0.528189239399062	-10.6374023630138	39.364934800452	-0.0992867248798291	-7.66252418696714	36.5480025567477	-3.38174196583169	-7.37327981672624	36.3770076962062	6	2
-1.02349686209444	-14.072867969546	42.6180003938936	-0.528189239399062	-10.6374023630138	39.364934800452	-4.26495705788396	-10.2630204954298	37.9905065491562	6	2
-1.50070139729274	-17.3827701249651	45.7521691071473	-1.02349686209444	-14.072867969546	42.6180003938936	-4.05115317113458	-13.6242107855784	41.0719013881363	6	2
-2.01663590776072	-20.9613043221379	49.1407073156633	-1.50070139729274	-17.3827701249651	45.7521691071473	-3.93228255031861	-15.6615909396297	44.9500215953283	6	2
-2.4189420879601	-23.7517096824454	51.782961003813	-2.01663590776072	-20.9613043221379	49.1407073156633	-3.47893645371612	-20.2046775721769	47.99560713029	6	2
-3.27206398317373	-29.6689837054792	57.3860677543788	-2.4189420879601	-23.7517096824454	51.782961003813	-2.63860666441205	-23.1469482320964	50.9720113000558	6	2
-3.48415624584487	-31.1400607501917	58.7790405468751	-3.27206398317373	-29.6689837054792	57.3860677543788	-4.21468898197501	-28.2470910683709	57.3060731909885	6	2
-2.96180614844076	-1.31168086564179	30.5235519186718	-1.70089386093272	-3.96448984999804	33.9607453822013	0.357769466067403	-4.49237143279171	33.5461634957035	6	2
-1.70089386093272	-3.96448984999804	33.9607453822013	-3.38174196583169	-7.37327981672624	36.3770076962062	-0.0992867248798291	-7.66252418696714	36.5480025567477	6	2
-3.38174196583169	-7.37327981672624	36.3770076962062	-4.26495705788396	-10.2630204954298	37.9905065491562	-0.528189239399062	-10.6374023630138	39.364934800452	6	2
-4.26495705788396	-10.2630204954298	37.9905065491562	-4.05115317113458	-13.6242107855784	41.0719013881363	-1.02349686209444	-14.072867969546	42.6180003938936	6	2
-4.05115317113458	-13.6242107855784	41.0719013881363	-3.93228255031861	-15.6615909396297	44.9500215953283	-1.50070139729274	-17.3827701249651	45.7521691071473	6	2
-3.93228255031861	-15.6615909396297	44.9500215953283	-3.47893645371612	-20.2046775721769	47.99560713029	-2.01663590776072	-20.9613043221379	49.1407073156633	6	2
-3.47893645371612	-20.2046775721769	47.99560713029	-2.63860666441205	-23.1469482320964	50.9720113000558	-2.4189420879601	-23.7517096824454	51.782961003813	6	2
-2.63860666441205	-23.1469482320964	50.9720113000558	-4.21468898197501	-28.2470910683709	57.3060731909885	-3.27206398317373	-29.6689837054792	57.3860677543788	6	2
0.48025	-0.065238	32.487	0.48025	-0.0652379999999998	36.5079518069164	0.89608979090416	-0.034704529059744	32.5882347008546	7	2
0.48025	-0.0652379999999998	36.5079518069164	0.48025	-0.065238	41.1136476283965	2.29652576765665	0.904610640369078	35.568272464695	7	2
2.29652576765665	0.904610640369078	35.568272464695	0.89608979090416	-0.034704529059744	32.5882347008546	0.48025	-0.0652379999999998	36.5079518069164	7	2
0.48025	-0.0652379999999998	36.5079518069164	0.48025	-0.065238	32.487	-3.54086856736165	-1.454845237716	33.2821715025393	7	2
0.48025	-0.065238	41.1136476283965	0.48025	-0.0652379999999998	36.5079518069164	-1.38131788472932	0.253580969065893	37.5368504975114	7	2
-3.54086856736165	-1.454845237716	33.2821715025393	-1.38131788472932	0.253580969065893	37.5368504975114	0.48025	-0.0652379999999998	36.5079518069164	7	2
1.6541	2.9057	32.832	2.59682531066913	7.10163614266232	35.7160332514248	2.99597868644563	2.71202863732454	32.6917493524351	8	2
2.59682531066913	7.10163614266232	35.7160332514248	4.51738141329513	10.8194551977367	38.2691310365462	4.29101766262036	5.08100644667518	36.8965426991993	8	2
4.51738141329513	10.8194551977367	38.2691310365462	5.95592549227948	13.6041937331535	40.1814644991473	7.33134434665202	9.79576969108929	39.1623641601895	8	2
5.95592549227948	13.6041937331535	40.1814644991473	8.38026811214447	18.2972444468708	43.4042726038882	8.77764164500138	12.9767393236998	41.6996707853698	8	2
8.38026811214447	18.2972444468708	43.4042726038882	9.99401729852745	21.4211456268686	45.5495155717257	10.5569092681133	17.8392576470398	45.1912977322295	8	2
9.99401729852745	21.4211456268686	45.5495155717257	11.8516383255405	25.0171347478804	48.0189504000951	12.7328821842704	21.7832240294266	47.4581913372881	8	2
11.8516383255405	25.0171347478804	48.0189504000951	13.9574656882727	29.093602540286	50.8183391647808	13.9353315140442	24.9896612484512	49.2831030423865	8	2
13.9574656882727	29.093602540286	50.8183391647808	15.6146701563405	32.3016246028087	53.0213495590785	15.1292086089925	28.5249081840257	52.6641322888607	8	2
15.6146701563405	32.3016246028087	53.0213495590785	16.986706272422	34.9576167967589	54.8452704350606	16.4241876932964	31.5197814886479	53.5592944467763	8	2
4.29101766262036	5.08100644667518	36.8965426991993	2.99597868644563	2.71202863732454	32.6917493524351	2.59682531066913	7.10163614266232	35.7160332514248	8	2
7.33134434665202	9.79576969108929	39.1623641601895	4.29101766262036	5.08100644667518	36.8965426991993	4.51738141329513	10.8194551977367	38.2691310365462	8	2
8.77764164500138	12.9767393236998	41.6996707853698	7.33134434665202	9.79576969108929	39.1623641601895	5.95592549227948	13.6041937331535	40.1814644991473	8	2
10.5569092681133	17.8392576470398	45.1912977322295	8.77764164500138	12.9767393236998	41.6996707853698	8.38026811214447	18.2972444468708	43.4042726038882	8	2
12.7328821842704	21.7832240294266	47.4581913372881	10.5569092681133	17.8392576470398	45.1912977322295	9.99401729852745	21.4211456268686	45.5495155717257	8	2
13.9353315140442	24.9896612484512	49.2831030423865	12.7328821842704	21.7832240294266	47.4581913372881	11.8516383255405	25.0171347478804	48.0189504000951	8	2
15.1292086089925	28.5249081840257	52.6641322888607	13.9353315140442	24.9896612484512	49.2831030423865	13.9574656882727	29.093602540286	50.8183391647808	8	2
16.4241876932964	31.5197814886479	53.5592944467763	15.1292086089925	28.5249081840257	52.6641322888607	15.6146701563405	32.3016246028087	53.0213495590785	8	2
2.59682531066913	7.10163614266232	35.7160332514248	1.6541	2.9057	32.832	0.742938357107015	1.50257862979712	35.1031495796404	8	2
4.51738141329513	10.8194551977367	38.2691310365462	2.59682531066913	7.10163614266232	35.7160332514248	0.211628544975978	7.09584915884838	36.2109419123363	8	2
5.95592549227948	13.6041937331535	40.1814644991473	4.51738141329513	10.8194551977367	38.2691310365462	1.89826159635992	11.2485581591114	37.9085269834953	8	2
8.38026811214447	18.2972444468708	43.4042726038882	5.95592549227948	13.6041937331535	40.1814644991473	2.18082421890479	13.5581886768208	39.815200287059	8	2
9.99401729852745	21.4211456268686	45.5495155717257	8.38026811214447	18.2972444468708	43.4042726038882	5.04167047685658	17.787122774885	42.5564397492402	8	2
11.8516383255405	25.0171347478804	48.0189504000951	9.99401729852745	21.4211456268686	45.5495155717257	7.90560336475306	21.3138504818809	43.6789959425641	8	2
13.9574656882727	29.093602540286	50.8183391647808	11.8516383255405	25.0171347478804	48.0189504000951	9.28101832235008	24.5542065780061	46.8825589408109	8	2
15.6146701563405	32.3016246028087	53.0213495590785	13.9574656882727	29.093602540286	50.8183391647808	12.7695828332056	29.0138808606169	51.3068755261996	8	2
16.986706272422	34.9576167967589	54.8452704350606	15.6146701563405	32.3016246028087	53.0213495590785	15.2586217481035	32.6450532640834	53.5174798701935	8	2
0.742938357107015	1.50257862979712	35.1031495796404	0.211628544975978	7.09584915884838	36.2109419123363	2.59682531066913	7.10163614266232	35.7160332514248	8	2
0.211628544975978	7.09584915884838	36.2109419123363	1.89826159635992	11.2485581591114	37.9085269834953	4.51738141329513	10.8194551977367	38.2691310365462	8	2
1.89826159635992	11.2485581591114	37.9085269834953	2.18082421890479	13.5581886768208	39.815200287059	5.95592549227948	13.6041937331535	40.1814644991473	8	2
2.18082421890479	13.5581886768208	39.815200287059	5.04167047685658	17.787122774885	42.5564397492402	8.38026811214447	18.2972444468708	43.4042726038882	8	2
5.04167047685658	17.787122774885	42.5564397492402	7.90560336475306	21.3138504818809	43.6789959425641	9.99401729852745	21.4211456268686	45.5495155717257	8	2
7.90560336475306	21.3138504818809	43.6789959425641	9.28101832235008	24.5542065780061	46.8825589408109	11.8516383255405	25.0171347478804	48.0189504000951	8	2
9.28101832235008	24.5542065780061	46.8825589408109	12.7695828332056	29.0138808606169	51.3068755261996	13.9574656882727	29.093602540286	50.8183391647808	8	2
12.7695828332056	29.0138808606169	51.3068755261996	15.2586217481035	32.6450532640834	53.5174798701935	15.6146701563405	32.3016246028087	53.0213495590785	8	2
