-0.3475	-0.70784	0.031499	-0.41155	-0.34074	1.0263	-0.22515	-0.60134	1.8261	0	0
-0.41155	-0.34074	0	-0.087748	-0.21784	1.0423	-0.37868	0.45443	1.0936	0	0
-0.41155	-0.34074	0	-0.087748	-0.21784	1.0423	-0.1292	-0.21974	1.7978	0	0
-0.41155	-0.34074	0	-0.37868	0.45443	1.0936	-0.36431	0.45368	1.7658	0	0
-0.41155	-0.34074	0	-0.22515	-0.60134	1.8261	-0.1292	-0.21974	1.7978	0	0
-0.087748	-0.21784	0.015999	-0.37868	0.45443	1.0936	0.077885	0.65153	1.042	0	0
-0.087748	-0.21784	0.015999	0.077885	0.65153	1.042	0.58995	0.54246	1.7331	0	0
-0.087748	-0.21784	0.015999	-0.1292	-0.21974	1.7978	0.58995	0.54246	1.7331	0	0
-0.37868	0.45443	0.0673	0.077885	0.65153	1.042	0.090202	1.1281	1.0615	0	0
-0.37868	0.45443	0.0673	-0.36431	0.45368	1.7658	-0.23335	1.161	2.1406	0	0
-0.37868	0.45443	0.0673	0.090202	1.1281	1.0615	-0.23335	1.161	2.1406	0	0
-0.22515	-0.60134	0.79975	-0.1292	-0.21974	1.7978	0.21832	-0.029304	2.3827	0	0
-0.22515	-0.60134	0.79975	-0.15305	-0.60444	2.5182	0.21832	-0.029304	2.3827	0	0
0.077885	0.65153	0.015633	0.090202	1.1281	1.0615	0.65045	1.0875	1.0299	0	0
0.077885	0.65153	0.015633	0.65045	1.0875	1.0299	0.58995	0.54246	1.7331	0	0
-0.1292	-0.21974	0.77145	-0.36431	0.45368	1.7658	-0.53225	-0.15794	2.129	0	0
-0.1292	-0.21974	0.77145	-0.36431	0.45368	1.7658	0.17911	0.61674	1.8577	0	0
-0.1292	-0.21974	0.77145	-0.53225	-0.15794	2.129	-0.15305	-0.60444	2.5182	0	0
-0.1292	-0.21974	0.77145	0.58995	0.54246	1.7331	0.21832	-0.029304	2.3827	0	0
-0.36431	0.45368	0.7395	-0.53225	-0.15794	2.129	-0.33152	0.41281	2.5918	0	0
-0.36431	0.45368	0.7395	-0.33152	0.41281	2.5918	-0.23335	1.161	2.1406	0	0
0.090202	1.1281	0.03515	0.65045	1.0875	1.0299	0.2262	1.2084	1.817	0	0
0.090202	1.1281	0.03515	0.2262	1.2084	1.817	-0.23335	1.161	2.1406	0	0
-0.53225	-0.15794	1.1027	-0.33152	0.41281	2.5918	-0.13415	-0.24834	3.0499	0	0
0.65045	1.0875	0.003549	0.58995	0.54246	1.7331	0.65255	1.1118	1.7913	0	0
0.65045	1.0875	0.003549	0.2262	1.2084	1.817	0.65255	1.1118	1.7913	0	0
0.58995	0.54246	0.7068	0.17911	0.61674	1.8577	0.21832	-0.029304	2.3827	0	0
0.58995	0.54246	0.7068	0.17911	0.61674	1.8577	0.65255	1.1118	1.7913	0	0
0.17911	0.61674	0.83138	0.21832	-0.029304	2.3827	0.1928	0.65786	2.5434	0	0
0.17911	0.61674	0.83138	0.2262	1.2084	1.817	0.65255	1.1118	1.7913	0	0
0.17911	0.61674	0.83138	0.2262	1.2084	1.817	-0.23335	1.161	2.1406	0	0
0.17911	0.61674	0.83138	0.1928	0.65786	2.5434	-0.23335	1.161	2.1406	0	0
-0.15305	-0.60444	1.4919	0.21832	-0.029304	2.3827	-0.13415	-0.24834	3.0499	0	0
-0.15305	-0.60444	1.4919	-0.13415	-0.24834	3.0499	-0.20925	-0.38654	3.2845	0	0
0.21832	-0.029304	1.3563	0.1928	0.65786	2.5434	0.019302	0.37346	3.2258	0	0
0.21832	-0.029304	1.3563	-0.13415	-0.24834	3.0499	0.019302	0.37346	3.2258	0	0
-0.33152	0.41281	1.5654	0.019302	0.37346	3.2258	-0.19325	0.5944	3.2322	0	0
-0.33152	0.41281	1.5654	-0.19325	0.5944	3.2322	-0.24735	1.2865	3.1824	0	0
-0.33152	0.41281	1.5654	-0.23335	1.161	2.1406	-0.24735	1.2865	3.1824	0	0
0.1928	0.65786	1.5171	0.19635	1.1336	2.5602	0.59565	1.1524	2.462	0	0
0.1928	0.65786	1.5171	0.19635	1.1336	2.5602	-0.23335	1.161	2.1406	0	0
0.1928	0.65786	1.5171	0.59565	1.1524	2.462	0.58445	0.89706	3.0215	0	0
0.1928	0.65786	1.5171	0.019302	0.37346	3.2258	0.58445	0.89706	3.0215	0	0
-0.13415	-0.24834	2.0236	-0.20925	-0.38654	3.2845	0.019302	0.37346	3.2258	0	0
0.19635	1.1336	1.5339	0.58445	0.89706	3.0215	0.088202	1.1438	3.2618	0	0
0.19635	1.1336	1.5339	0.088202	1.1438	3.2618	-0.24735	1.2865	3.1824	0	0
0.19635	1.1336	1.5339	-0.23335	1.161	2.1406	-0.24735	1.2865	3.1824	0	0
-0.20925	-0.38654	2.2582	0.019302	0.37346	3.2258	-0.16545	-0.28084	4.0561	0	0
-0.20925	-0.38654	2.2582	-0.35048	-0.63784	3.8856	-0.16545	-0.28084	4.0561	0	0
0.019302	0.37346	2.1995	-0.19325	0.5944	3.2322	0.19198	0.45409	3.8968	0	0
0.019302	0.37346	2.1995	0.58445	0.89706	3.0215	0.5727	0.89226	3.8548	0	0
0.019302	0.37346	2.1995	-0.16545	-0.28084	4.0561	0.19198	0.45409	3.8968	0	0
-0.19325	0.5944	2.2059	0.19198	0.45409	3.8968	-0.17965	0.74516	4.0608	0	0
-0.19325	0.5944	2.2059	-0.24735	1.2865	3.1824	-0.17965	0.74516	4.0608	0	0
0.58445	0.89706	1.9952	0.088202	1.1438	3.2618	0.5727	0.89226	3.8548	0	0
0.088202	1.1438	2.2354	-0.24735	1.2865	3.1824	0.11245	1.1443	4.0705	0	0
0.088202	1.1438	2.2354	0.5727	0.89226	3.8548	0.11245	1.1443	4.0705	0	0
-0.35048	-0.63784	2.8592	-0.16545	-0.28084	4.0561	-0.2666	-0.57164	4.7374	0	0
-0.16545	-0.28084	3.0298	0.19198	0.45409	3.8968	0.12835	-0.030738	4.352	0	0
-0.16545	-0.28084	3.0298	0.12835	-0.030738	4.352	-0.15805	-0.24374	4.5619	0	0
-0.16545	-0.28084	3.0298	-0.15805	-0.24374	4.5619	-0.2666	-0.57164	4.7374	0	0
0.19198	0.45409	2.8704	0.5727	0.89226	3.8548	0.2311	0.63296	4.6118	0	0
0.19198	0.45409	2.8704	-0.17965	0.74516	4.0608	-0.1763	0.49556	4.57	0	0
0.19198	0.45409	2.8704	0.12835	-0.030738	4.352	0.2311	0.63296	4.6118	0	0
-0.24735	1.2865	2.1561	-0.17965	0.74516	4.0608	-0.41335	1.134	4.6148	0	0
-0.24735	1.2865	2.1561	0.11245	1.1443	4.0705	-0.41335	1.134	4.6148	0	0
0.5727	0.89226	2.8285	0.11245	1.1443	4.0705	0.23795	1.2918	4.5479	0	0
0.5727	0.89226	2.8285	0.2311	0.63296	4.6118	0.60185	0.89616	4.6843	0	0
0.5727	0.89226	2.8285	0.23795	1.2918	4.5479	0.60185	0.89616	4.6843	0	0
-0.17965	0.74516	3.0345	-0.1763	0.49556	4.57	-0.41335	1.134	4.6148	0	0
0.12835	-0.030738	3.3257	-0.1763	0.49556	4.57	-0.15805	-0.24374	4.5619	0	0
0.12835	-0.030738	3.3257	0.2311	0.63296	4.6118	-0.13315	-0.26594	5.0635	0	0
0.11245	1.1443	3.0442	-0.41335	1.134	4.6148	0.23795	1.2918	4.5479	0	0
-0.1763	0.49556	3.5437	-0.15805	-0.24374	4.5619	-0.13315	-0.26594	5.0635	0	0
-0.1763	0.49556	3.5437	-0.13315	-0.26594	5.0635	-0.39075	0.5507	5.3515	0	0
-0.1763	0.49556	3.5437	-0.41335	1.134	4.6148	-0.39075	0.5507	5.3515	0	0
-0.15805	-0.24374	3.5356	-0.2666	-0.57164	4.7374	-0.13315	-0.26594	5.0635	0	0
-0.2666	-0.57164	3.7111	-0.13315	-0.26594	5.0635	-0.40125	-0.59064	5.3859	0	0
0.2311	0.63296	3.5854	-0.13315	-0.26594	5.0635	0.035852	0.38686	5.6041	0	0
0.2311	0.63296	3.5854	0.035852	0.38686	5.6041	0.60185	0.89616	4.6843	0	0
-0.13315	-0.26594	4.0372	-0.36955	-0.2854	5.3799	-0.40125	-0.59064	5.3859	0	0
-0.13315	-0.26594	4.0372	-0.36955	-0.2854	5.3799	0.035852	0.38686	5.6041	0	0
-0.41335	1.134	3.5884	0.23795	1.2918	4.5479	-0.40672	1.1238	5.295	0	0
-0.41335	1.134	3.5884	-0.39075	0.5507	5.3515	-0.40672	1.1238	5.295	0	0
0.23795	1.2918	3.5216	0.2735	1.0969	5.3112	0.60185	0.89616	4.6843	0	0
0.23795	1.2918	3.5216	0.2735	1.0969	5.3112	-0.40672	1.1238	5.295	0	0
-0.36955	-0.2854	4.3535	-0.40125	-0.59064	5.3859	-0.32761	-0.32944	6.058	0	0
-0.36955	-0.2854	4.3535	0.035852	0.38686	5.6041	-0.32761	-0.32944	6.058	0	0
-0.40125	-0.59064	4.3596	-0.32761	-0.32944	6.058	-0.45215	-0.71554	6.0998	0	0
-0.39075	0.5507	4.3252	0.035852	0.38686	5.6041	0.2735	1.0969	5.3112	0	0
-0.39075	0.5507	4.3252	0.2735	1.0969	5.3112	-0.40672	1.1238	5.295	0	0
0.035852	0.38686	4.5778	0.2735	1.0969	5.3112	0.32645	1.112	6.0266	0	0
0.035852	0.38686	4.5778	-0.32761	-0.32944	6.058	-0.1037	0.50781	6.0765	0	0
0.035852	0.38686	4.5778	0.32645	1.112	6.0266	-0.1037	0.50781	6.0765	0	0
0.2735	1.0969	4.2849	0.60185	0.89616	4.6843	0.32645	1.112	6.0266	0	0
-0.32761	-0.32944	5.0317	-0.45215	-0.71554	6.0998	-0.3167	-0.29826	6.6523	0	0
-0.32761	-0.32944	5.0317	-0.1037	0.50781	6.0765	-0.3167	-0.29826	6.6523	0	0
0.32645	1.112	5.0003	-0.1037	0.50781	6.0765	0.30095	1.1021	6.8031	0	0
-0.45215	-0.71554	5.0735	-0.3167	-0.29826	6.6523	-0.59195	-0.91369	6.7385	0	0
-0.1037	0.50781	5.0502	-0.3167	-0.29826	6.6523	-0.13598	0.39563	6.7364	0	0
-0.1037	0.50781	5.0502	-0.13598	0.39563	6.7364	0.30095	1.1021	6.8031	0	0
-0.3167	-0.29826	5.6259	-0.13598	0.39563	6.7364	-0.42788	-0.25034	7.4039	0	0
-0.3167	-0.29826	5.6259	-0.59195	-0.91369	6.7385	-0.42788	-0.25034	7.4039	0	0
-0.13598	0.39563	5.7101	0.30095	1.1021	6.8031	-0.11615	0.77816	7.5529	0	0
-0.13598	0.39563	5.7101	-0.42788	-0.25034	7.4039	-0.11615	0.77816	7.5529	0	0
-0.59195	-0.91369	5.7121	-0.42788	-0.25034	7.4039	-0.56585	-0.73734	7.548	0	0
-0.59195	-0.91369	5.7121	-0.94701	-1.0701	7.415	-0.56585	-0.73734	7.548	0	0
0.30095	1.1021	5.7767	-0.11615	0.77816	7.5529	0.2734	1.0952	7.5373	0	0
-0.42788	-0.25034	6.3776	-0.56585	-0.73734	7.548	-0.4124	-0.22374	8.0443	0	0
-0.42788	-0.25034	6.3776	-0.54988	0.3956	7.5862	-0.11615	0.77816	7.5529	0	0
-0.42788	-0.25034	6.3776	-0.54988	0.3956	7.5862	-0.4124	-0.22374	8.0443	0	0
-0.94701	-1.0701	6.3887	-0.56585	-0.73734	7.548	-0.62795	-0.78214	8.0021	0	0
-0.94701	-1.0701	6.3887	-0.62795	-0.78214	8.0021	-1.0538	-0.90764	8.1021	0	0
-0.56585	-0.73734	6.5217	-0.4124	-0.22374	8.0443	-0.62795	-0.78214	8.0021	0	0
-0.54988	0.3956	6.5599	-0.11615	0.77816	7.5529	-0.51378	1.1669	7.4114	0	0
-0.54988	0.3956	6.5599	-0.51378	1.1669	7.4114	-0.4791	1.2056	8.0208	0	0
-0.54988	0.3956	6.5599	-0.4124	-0.22374	8.0443	-0.4438	0.46864	8.0486	0	0
-0.54988	0.3956	6.5599	-0.4438	0.46864	8.0486	-0.4791	1.2056	8.0208	0	0
-0.11615	0.77816	6.5266	-0.51378	1.1669	7.4114	0.2734	1.0952	7.5373	0	0
-0.51378	1.1669	6.385	0.2734	1.0952	7.5373	0.026352	1.5502	7.4657	0	0
-0.51378	1.1669	6.385	0.026352	1.5502	7.4657	-0.28695	1.5502	7.7489	0	0
-0.51378	1.1669	6.385	-0.28695	1.5502	7.7489	-0.4791	1.2056	8.0208	0	0
0.2734	1.0952	6.511	-0.4124	-0.22374	8.0443	0.2581	1.0921	8.0847	0	0
0.2734	1.0952	6.511	0.026352	1.5502	7.4657	0.2581	1.0921	8.0847	0	0
-0.4124	-0.22374	7.0179	-0.62795	-0.78214	8.0021	-0.89135	-0.40644	8.3197	0	0
-0.4124	-0.22374	7.0179	-0.4438	0.46864	8.0486	-0.89135	-0.40644	8.3197	0	0
-0.4124	-0.22374	7.0179	0.2581	1.0921	8.0847	0.18565	0.81736	8.7878	0	0
-0.4124	-0.22374	7.0179	0.18565	0.81736	8.7878	-0.4245	-0.22426	8.8192	0	0
-0.62795	-0.78214	6.9758	-1.0538	-0.90764	8.1021	-0.89135	-0.40644	8.3197	0	0
-0.4438	0.46864	7.0223	-0.4791	1.2056	8.0208	-0.46324	0.48506	8.815	0	0
-0.4438	0.46864	7.0223	-0.89135	-0.40644	8.3197	-0.46324	0.48506	8.815	0	0
-1.0538	-0.90764	7.0758	-0.89135	-0.40644	8.3197	-0.54655	-0.74849	8.802	0	0
-1.0538	-0.90764	7.0758	-0.54655	-0.74849	8.802	-0.85995	-1.0273	9.7054	0	0
0.026352	1.5502	6.4394	-0.28695	1.5502	7.7489	-0.034448	1.5586	8.1141	0	0
0.026352	1.5502	6.4394	0.2581	1.0921	8.0847	-0.034448	1.5586	8.1141	0	0
-0.28695	1.5502	6.7226	-0.31265	1.5695	7.8874	-0.4791	1.2056	8.0208	0	0
-0.28695	1.5502	6.7226	-0.31265	1.5695	7.8874	-0.034448	1.5586	8.1141	0	0
0.2581	1.0921	7.0584	-0.034448	1.5586	8.1141	0.038052	1.586	8.4944	0	0
0.2581	1.0921	7.0584	0.038052	1.586	8.4944	0.15865	1.3202	8.8175	0	0
0.2581	1.0921	7.0584	0.18565	0.81736	8.7878	0.15865	1.3202	8.8175	0	0
-0.31265	1.5695	6.8611	-0.4791	1.2056	8.0208	-0.16725	1.5609	8.5345	0	0
-0.31265	1.5695	6.8611	-0.034448	1.5586	8.1141	-0.16725	1.5609	8.5345	0	0
-0.4791	1.2056	6.9945	-0.16725	1.5609	8.5345	-0.43757	1.192	8.8144	0	0
-0.4791	1.2056	6.9945	-0.46324	0.48506	8.815	-0.43757	1.192	8.8144	0	0
-0.89135	-0.40644	7.2934	-0.54655	-0.74849	8.802	-0.4245	-0.22426	8.8192	0	0
-0.89135	-0.40644	7.2934	-0.4245	-0.22426	8.8192	-0.46324	0.48506	8.815	0	0
-0.034448	1.5586	7.0878	0.038052	1.586	8.4944	-0.16725	1.5609	8.5345	0	0
0.038052	1.586	7.4681	-0.16725	1.5609	8.5345	-0.2822	1.5457	9.3801	0	0
0.038052	1.586	7.4681	0.15865	1.3202	8.8175	-0.2822	1.5457	9.3801	0	0
-0.16725	1.5609	7.5082	-0.43757	1.192	8.8144	-0.2822	1.5457	9.3801	0	0
0.18565	0.81736	7.7615	-0.4245	-0.22426	8.8192	0.099852	0.53146	9.6678	0	0
0.18565	0.81736	7.7615	0.15865	1.3202	8.8175	0.1686	1.0787	9.5365	0	0
0.18565	0.81736	7.7615	0.1686	1.0787	9.5365	0.099852	0.53146	9.6678	0	0
-0.54655	-0.74849	7.7756	-0.4245	-0.22426	8.8192	-0.54215	-0.73694	9.5497	0	0
-0.54655	-0.74849	7.7756	-0.54215	-0.73694	9.5497	-0.85995	-1.0273	9.7054	0	0
-0.4245	-0.22426	7.7929	-0.54215	-0.73694	9.5497	-0.40325	-0.23239	9.5557	0	0
-0.4245	-0.22426	7.7929	-0.40325	-0.23239	9.5557	0.099852	0.53146	9.6678	0	0
-0.46324	0.48506	7.7886	-0.43757	1.192	8.8144	-0.50717	0.49754	9.5691	0	0
-0.46324	0.48506	7.7886	-0.40325	-0.23239	9.5557	-0.50717	0.49754	9.5691	0	0
-0.43757	1.192	7.7881	-0.2822	1.5457	9.3801	-0.4315	1.1788	9.5592	0	0
-0.43757	1.192	7.7881	-0.50717	0.49754	9.5691	-0.4315	1.1788	9.5592	0	0
0.15865	1.3202	7.7912	-0.2822	1.5457	9.3801	0.1686	1.0787	9.5365	0	0
-0.54215	-0.73694	8.5234	-0.40325	-0.23239	9.5557	-0.39457	-0.35364	10.274	0	0
-0.54215	-0.73694	8.5234	-0.85995	-1.0273	9.7054	-0.65628	-0.8273	10.225	0	0
-0.54215	-0.73694	8.5234	-0.65628	-0.8273	10.225	-0.39457	-0.35364	10.274	0	0
-0.40325	-0.23239	8.5294	-0.50717	0.49754	9.5691	-0.50472	0.53016	10.263	0	0
-0.40325	-0.23239	8.5294	-0.39457	-0.35364	10.274	-0.50472	0.53016	10.263	0	0
-0.2822	1.5457	8.3537	0.1686	1.0787	9.5365	-0.016698	1.5936	10.331	0	0
-0.2822	1.5457	8.3537	-0.4315	1.1788	9.5592	-0.25145	1.5798	10.313	0	0
-0.2822	1.5457	8.3537	-0.25145	1.5798	10.313	-0.016698	1.5936	10.331	0	0
0.1686	1.0787	8.5102	0.099852	0.53146	9.6678	0.23665	0.83626	10.139	0	0
0.1686	1.0787	8.5102	0.23665	0.83626	10.139	0.10795	1.333	10.31	0	0
0.1686	1.0787	8.5102	-0.016698	1.5936	10.331	0.10795	1.333	10.31	0	0
-0.50717	0.49754	8.5427	-0.4315	1.1788	9.5592	-0.50472	0.53016	10.263	0	0
0.099852	0.53146	8.6415	-0.39457	-0.35364	10.274	0.23665	0.83626	10.139	0	0
-0.65628	-0.8273	9.1986	-0.39457	-0.35364	10.274	-0.42485	-0.68119	11.11	0	0
-0.39457	-0.35364	9.2478	0.23665	0.83626	10.139	0.17135	0.54336	11.136	0	0
-0.39457	-0.35364	9.2478	-0.50472	0.53016	10.263	-0.35848	-0.20897	10.899	0	0
-0.39457	-0.35364	9.2478	-0.35848	-0.20897	10.899	-0.42485	-0.68119	11.11	0	0
-0.4315	1.1788	8.5329	-0.50472	0.53016	10.263	-0.4806	1.1799	10.32	0	0
-0.4315	1.1788	8.5329	-0.4806	1.1799	10.32	-0.25145	1.5798	10.313	0	0
0.23665	0.83626	9.1124	0.10795	1.333	10.31	0.21739	1.0475	10.913	0	0
0.23665	0.83626	9.1124	0.21739	1.0475	10.913	0.17135	0.54336	11.136	0	0
-0.50472	0.53016	9.2364	-0.4806	1.1799	10.32	-0.40839	0.43862	10.972	0	0
-0.50472	0.53016	9.2364	-0.35848	-0.20897	10.899	-0.40839	0.43862	10.972	0	0
-0.4806	1.1799	9.2938	-0.25145	1.5798	10.313	-0.36515	1.6128	11.053	0	0
-0.4806	1.1799	9.2938	-0.36515	1.6128	11.053	-0.52258	1.2767	11.081	0	0
-0.4806	1.1799	9.2938	-0.52258	1.2767	11.081	-0.40839	0.43862	10.972	0	0
-0.35848	-0.20897	9.8729	-0.40839	0.43862	10.972	-0.3805	-0.25454	11.548	0	0
-0.35848	-0.20897	9.8729	-0.42485	-0.68119	11.11	-0.3805	-0.25454	11.548	0	0
-0.25145	1.5798	9.2866	-0.016698	1.5936	10.331	-0.36515	1.6128	11.053	0	0
-0.016698	1.5936	9.3044	0.10795	1.333	10.31	-0.012848	1.6031	11.064	0	0
-0.016698	1.5936	9.3044	-0.012848	1.6031	11.064	-0.36515	1.6128	11.053	0	0
0.10795	1.333	9.284	0.21739	1.0475	10.913	-0.012848	1.6031	11.064	0	0
0.21739	1.0475	9.8871	-0.012848	1.6031	11.064	0.2639	1.1164	11.541	0	0
0.21739	1.0475	9.8871	0.17135	0.54336	11.136	0.2639	1.1164	11.541	0	0
-0.36515	1.6128	10.026	-0.52258	1.2767	11.081	-0.51385	1.2237	11.577	0	0
-0.52258	1.2767	10.054	-0.40839	0.43862	10.972	-0.47425	0.49099	11.542	0	0
-0.52258	1.2767	10.054	-0.47425	0.49099	11.542	-0.51385	1.2237	11.577	0	0
-0.40839	0.43862	9.946	-0.3805	-0.25454	11.548	-0.47425	0.49099	11.542	0	0
0.17135	0.54336	10.11	0.14235	0.54886	11.383	0.2639	1.1164	11.541	0	0
-0.42485	-0.68119	10.083	-0.3805	-0.25454	11.548	-0.73568	-0.83094	11.678	0	0
-0.3805	-0.25454	10.522	-0.73568	-0.83094	11.678	-0.96105	-0.55514	11.959	0	0
-0.3805	-0.25454	10.522	-0.47425	0.49099	11.542	-0.45897	0.4671	12.308	0	0
-0.3805	-0.25454	10.522	-0.96105	-0.55514	11.959	-0.37735	-0.30974	12.377	0	0
-0.3805	-0.25454	10.522	-0.37735	-0.30974	12.377	-0.45897	0.4671	12.308	0	0
-0.73568	-0.83094	10.652	-0.96105	-0.55514	11.959	-0.86515	-0.80664	12.027	0	0
-0.47425	0.49099	10.516	-0.51385	1.2237	11.577	-0.46937	1.2148	12.265	0	0
-0.47425	0.49099	10.516	-0.45897	0.4671	12.308	-0.46937	1.2148	12.265	0	0
-0.96105	-0.55514	10.932	-0.86515	-0.80664	12.027	-0.37735	-0.30974	12.377	0	0
-0.86515	-0.80664	11.001	-0.68505	-0.91876	12.451	-0.37735	-0.30974	12.377	0	0
-0.68505	-0.91876	11.424	-0.37735	-0.30974	12.377	-0.6718	-0.79579	12.916	0	0
-0.37735	-0.30974	11.351	-0.45897	0.4671	12.308	-0.45517	0.47934	13.071	0	0
-0.37735	-0.30974	11.351	-0.6718	-0.79579	12.916	-0.38811	-0.35657	12.961	0	0
-0.37735	-0.30974	11.351	-0.38811	-0.35657	12.961	-0.45517	0.47934	13.071	0	0
-0.45897	0.4671	11.282	-0.46937	1.2148	12.265	-0.3675	1.1734	13.003	0	0
-0.45897	0.4671	11.282	-0.45517	0.47934	13.071	-0.3675	1.1734	13.003	0	0
-0.6718	-0.79579	11.89	-0.38811	-0.35657	12.961	-0.42152	-0.31249	13.655	0	0
-0.6718	-0.79579	11.89	-0.42152	-0.31249	13.655	-0.48425	-0.71459	13.816	0	0
-0.38811	-0.35657	11.934	-0.45517	0.47934	13.071	-0.42152	-0.31249	13.655	0	0
-0.46937	1.2148	11.239	0.3201	1.1734	12.319	0.44915	1.7967	12.608	0	0
-0.46937	1.2148	11.239	-0.3675	1.1734	13.003	0.27305	1.7982	12.942	0	0
-0.46937	1.2148	11.239	0.44915	1.7967	12.608	0.27305	1.7982	12.942	0	0
-0.45517	0.47934	12.045	-0.3675	1.1734	13.003	-0.41085	1.0843	13.778	0	0
-0.45517	0.47934	12.045	-0.42152	-0.31249	13.655	-0.4279	0.48226	13.809	0	0
-0.45517	0.47934	12.045	-0.4279	0.48226	13.809	-0.41085	1.0843	13.778	0	0
-0.3675	1.1734	11.976	0.27305	1.7982	12.942	0.2212	1.1343	13.055	0	0
-0.42152	-0.31249	12.628	-0.48425	-0.71459	13.816	-0.34132	-0.30249	14.365	0	0
-0.42152	-0.31249	12.628	-0.4279	0.48226	13.809	-0.34132	-0.30249	14.365	0	0
-0.48425	-0.71459	12.79	-0.34132	-0.30249	14.365	-0.3805	-0.66844	14.533	0	0
-0.4279	0.48226	12.782	-0.34132	-0.30249	14.365	-0.45917	0.47431	14.571	0	0
-0.4279	0.48226	12.782	-0.41085	1.0843	13.778	-0.43095	1.0746	14.544	0	0
-0.4279	0.48226	12.782	-0.45917	0.47431	14.571	-0.43095	1.0746	14.544	0	0
-0.34132	-0.30249	13.339	-0.3805	-0.66844	14.533	-0.88565	-0.52164	15.158	0	0
-0.34132	-0.30249	13.339	-0.45917	0.47431	14.571	-0.88565	-0.52164	15.158	0	0
-0.3805	-0.66844	13.506	-0.45015	-0.71134	15.077	-0.88565	-0.52164	15.158	0	0
-0.45917	0.47431	13.544	-0.88565	-0.52164	15.158	-0.42075	0.48256	15.058	0	0
-0.45917	0.47431	13.544	-0.43095	1.0746	14.544	-0.42075	0.48256	15.058	0	0
-0.45015	-0.71134	14.05	-0.88565	-0.52164	15.158	-0.96415	-0.59844	15.237	0	0
-0.45015	-0.71134	14.05	-0.96415	-0.59844	15.237	-0.41911	-0.86022	15.823	0	0
-0.88565	-0.52164	14.132	-0.96415	-0.59844	15.237	-0.9813	-0.23194	15.939	0	0
-0.88565	-0.52164	14.132	-0.42075	0.48256	15.058	-0.9813	-0.23194	15.939	0	0
-0.36742	-0.36009	14.155	-0.42075	0.48256	15.058	0.16885	0.67156	15.048	0	0
-0.96415	-0.59844	14.211	-0.41911	-0.86022	15.823	-0.88385	-0.74594	16.35	0	0
-0.96415	-0.59844	14.211	-0.88385	-0.74594	16.35	-0.9813	-0.23194	15.939	0	0
-0.43095	1.0746	13.518	-0.42075	0.48256	15.058	-0.24235	1.0866	15.056	0	0
-0.42075	0.48256	14.032	0.16885	0.67156	15.048	-0.24235	1.0866	15.056	0	0
-0.42075	0.48256	14.032	-0.2845	1.1115	15.833	-0.41087	0.47619	15.805	0	0
-0.42075	0.48256	14.032	-0.41087	0.47619	15.805	-0.9813	-0.23194	15.939	0	0
0.16885	0.67156	14.021	-0.24235	1.0866	15.056	0.038752	1.0985	14.99	0	0
-0.2845	1.1115	14.806	0.086652	1.0978	15.893	-0.40285	1.0613	16.442	0	0
-0.2845	1.1115	14.806	-0.41087	0.47619	15.805	-0.40285	1.0613	16.442	0	0
0.15923	0.66041	14.794	0.086652	1.0978	15.893	0.19095	0.60506	16.561	0	0
0.086652	1.0978	14.867	-0.40285	1.0613	16.442	0.098052	1.2044	16.563	0	0
0.086652	1.0978	14.867	0.098052	1.2044	16.563	0.19095	0.60506	16.561	0	0
-0.41087	0.47619	14.779	-0.33885	0.3976	16.548	-0.40285	1.0613	16.442	0	0
-0.41087	0.47619	14.779	-0.33885	0.3976	16.548	-0.9813	-0.23194	15.939	0	0
-0.41911	-0.86022	14.797	-0.88385	-0.74594	16.35	-0.40575	-0.89959	16.375	0	0
0.0025521	-0.12704	15.073	-0.3584	-0.28179	16.533	-0.13335	-0.68374	16.621	0	0
0.0025521	-0.12704	15.073	-0.3584	-0.28179	16.533	-0.33885	0.3976	16.548	0	0
0.0025521	-0.12704	15.073	-0.13335	-0.68374	16.621	0.14772	-0.31664	17.336	0	0
0.0025521	-0.12704	15.073	-0.33885	0.3976	16.548	0.19095	0.60506	16.561	0	0
0.0025521	-0.12704	15.073	0.19095	0.60506	16.561	0.14772	-0.31664	17.336	0	0
-0.88385	-0.74594	15.324	-0.40575	-0.89959	16.375	-0.62545	-0.83467	17.168	0	0
-0.88385	-0.74594	15.324	-0.3584	-0.28179	16.533	-0.97425	-0.35344	16.392	0	0
-0.88385	-0.74594	15.324	-0.62545	-0.83467	17.168	-0.8889	-0.31899	17.315	0	0
-0.88385	-0.74594	15.324	-0.9813	-0.23194	15.939	-0.97425	-0.35344	16.392	0	0
-0.40575	-0.89959	15.348	-0.13335	-0.68374	16.621	-0.62545	-0.83467	17.168	0	0
-0.3584	-0.28179	15.506	-0.13335	-0.68374	16.621	-0.62545	-0.83467	17.168	0	0
-0.3584	-0.28179	15.506	-0.33885	0.3976	16.548	-0.97425	-0.35344	16.392	0	0
-0.3584	-0.28179	15.506	-0.62545	-0.83467	17.168	-0.42971	-0.24287	17.25	0	0
-0.13335	-0.68374	15.594	0.14772	-0.31664	17.336	0.13693	-0.69866	17.265	0	0
-0.33885	0.3976	15.521	-0.40285	1.0613	16.442	-0.38725	0.43935	17.265	0	0
-0.33885	0.3976	15.521	-0.42971	-0.24287	17.25	-0.38725	0.43935	17.265	0	0
-0.33885	0.3976	15.521	-0.9813	-0.23194	15.939	-0.97425	-0.35344	16.392	0	0
-0.40285	1.0613	15.416	0.098052	1.2044	16.563	-0.15665	1.2386	17.304	0	0
-0.40285	1.0613	15.416	-0.38725	0.43935	17.265	-0.15665	1.2386	17.304	0	0
0.098052	1.2044	15.537	0.19095	0.60506	16.561	0.2491	0.60551	17.313	0	0
0.098052	1.2044	15.537	0.2491	0.60551	17.313	0.062652	1.2484	17.309	0	0
0.098052	1.2044	15.537	-0.15665	1.2386	17.304	0.062652	1.2484	17.309	0	0
-0.62545	-0.83467	16.142	-0.8889	-0.31899	17.315	-0.29075	-0.65094	18.07	0	0
-0.62545	-0.83467	16.142	-0.29075	-0.65094	18.07	0.13693	-0.69866	17.265	0	0
-0.42971	-0.24287	16.224	-0.38725	0.43935	17.265	-0.62165	0.4732	17.91	0	0
-0.42971	-0.24287	16.224	-0.55715	-0.25834	18.062	-0.62165	0.4732	17.91	0	0
-0.42971	-0.24287	16.224	-0.55715	-0.25834	18.062	-0.29075	-0.65094	18.07	0	0
-0.38725	0.43935	16.239	0.2491	0.60551	17.313	-0.15665	1.2386	17.304	0	0
-0.38725	0.43935	16.239	-0.62165	0.4732	17.91	-0.38205	1.0578	18.07	0	0
0.19095	0.60506	15.535	0.2491	0.60551	17.313	0.14772	-0.31664	17.336	0	0
-0.8889	-0.31899	16.288	-0.9936	0.070962	17.954	-0.34635	-0.56554	18.285	0	0
-0.8889	-0.31899	16.288	-0.29075	-0.65094	18.07	-0.34635	-0.56554	18.285	0	0
0.2491	0.60551	16.286	0.062652	1.2484	17.309	0.10355	1.2579	18.077	0	0
0.2491	0.60551	16.286	0.10355	1.2579	18.077	0.21259	0.4143	18.048	0	0
0.2491	0.60551	16.286	0.21259	0.4143	18.048	0.14772	-0.31664	17.336	0	0
-0.15665	1.2386	16.278	0.062652	1.2484	17.309	-0.073448	1.5697	17.597	0	0
0.062652	1.2484	16.282	-0.073448	1.5697	17.597	0.10355	1.2579	18.077	0	0
-0.9936	0.070962	16.928	-0.55715	-0.25834	18.062	-0.62165	0.4732	17.91	0	0
-0.9936	0.070962	16.928	-0.62165	0.4732	17.91	-0.57545	0.52846	18.614	0	0
-0.073448	1.5697	16.57	0.10355	1.2579	18.077	-0.23995	1.5602	18.699	0	0
-0.62165	0.4732	16.884	-0.38205	1.0578	18.07	-0.57545	0.52846	18.614	0	0
-0.38205	1.0578	17.044	-0.57545	0.52846	18.614	-0.45155	1.1916	18.521	0	0
0.10355	1.2579	17.05	0.21259	0.4143	18.048	0.16085	1.0296	18.564	0	0
0.10355	1.2579	17.05	-0.23995	1.5602	18.699	0.16085	1.0296	18.564	0	0
0.022952	-0.076438	17.013	0.21259	0.4143	18.048	0.14772	-0.31664	17.336	0	0
0.022952	-0.076438	17.013	0.21259	0.4143	18.048	0.083602	0.26871	18.527	0	0
0.022952	-0.076438	17.013	-0.29075	-0.65094	18.07	-0.34635	-0.56554	18.285	0	0
0.022952	-0.076438	17.013	-0.29075	-0.65094	18.07	0.14772	-0.31664	17.336	0	0
0.022952	-0.076438	17.013	-0.34635	-0.56554	18.285	-0.33482	-0.38494	18.527	0	0
0.022952	-0.076438	17.013	-0.33482	-0.38494	18.527	0.083602	0.26871	18.527	0	0
0.21259	0.4143	17.022	0.083602	0.26871	18.527	0.16085	1.0296	18.564	0	0
-0.29075	-0.65094	17.044	0.14772	-0.31664	17.336	0.13693	-0.69866	17.265	0	0
-0.34635	-0.56554	17.259	-0.33482	-0.38494	18.527	-0.30967	-0.65984	19.43	0	0
-0.33482	-0.38494	17.501	0.083602	0.26871	18.527	-0.3333	-0.25534	19.303	0	0
-0.33482	-0.38494	17.501	-0.3333	-0.25534	19.303	-0.30967	-0.65984	19.43	0	0
0.083602	0.26871	17.501	0.16085	1.0296	18.564	0.012912	0.41294	19.344	0	0
0.083602	0.26871	17.501	-0.3333	-0.25534	19.303	0.012912	0.41294	19.344	0	0
-0.57545	0.52846	17.588	-0.45155	1.1916	18.521	-0.46765	1.1308	19.26	0	0
-0.57545	0.52846	17.588	-0.3333	-0.25534	19.303	-0.70147	0.45576	19.303	0	0
-0.57545	0.52846	17.588	-0.70147	0.45576	19.303	-0.46765	1.1308	19.26	0	0
-0.45155	1.1916	17.494	-0.23995	1.5602	18.699	-0.46765	1.1308	19.26	0	0
-0.23995	1.5602	17.673	0.16085	1.0296	18.564	0.26243	1.0638	19.343	0	0
-0.23995	1.5602	17.673	-0.46765	1.1308	19.26	-0.2114	1.6082	19.361	0	0
-0.23995	1.5602	17.673	0.26243	1.0638	19.343	-0.015798	1.6102	19.449	0	0
-0.23995	1.5602	17.673	-0.2114	1.6082	19.361	-0.015798	1.6102	19.449	0	0
0.16085	1.0296	17.538	0.012912	0.41294	19.344	0.26243	1.0638	19.343	0	0
-0.3333	-0.25534	18.277	-0.30967	-0.65984	19.43	-0.35305	-0.28614	20.053	0	0
-0.3333	-0.25534	18.277	-0.70147	0.45576	19.303	-0.70195	0.43951	20.061	0	0
-0.3333	-0.25534	18.277	0.012912	0.41294	19.344	-0.35305	-0.28614	20.053	0	0
-0.3333	-0.25534	18.277	-0.70195	0.43951	20.061	-0.10255	0.48991	20.051	0	0
-0.30967	-0.65984	18.403	-0.35305	-0.28614	20.053	-0.2813	-0.69894	20.021	0	0
-0.70147	0.45576	18.277	-0.46765	1.1308	19.26	-0.501	1.2706	20.018	0	0
-0.70147	0.45576	18.277	-0.70195	0.43951	20.061	-0.501	1.2706	20.018	0	0
-0.46765	1.1308	18.234	-0.2114	1.6082	19.361	-0.501	1.2706	20.018	0	0
0.012912	0.41294	18.317	0.26243	1.0638	19.343	0.28835	1.1383	19.911	0	0
0.012912	0.41294	18.317	-0.35305	-0.28614	20.053	-0.10255	0.48991	20.051	0	0
0.012912	0.41294	18.317	-0.10255	0.48991	20.051	0.28835	1.1383	19.911	0	0
0.26243	1.0638	18.316	-0.015798	1.6102	19.449	0.28835	1.1383	19.911	0	0
-0.2114	1.6082	18.335	-0.015798	1.6102	19.449	-0.26135	1.6477	20.091	0	0
-0.2114	1.6082	18.335	-0.501	1.2706	20.018	-0.26135	1.6477	20.091	0	0
-0.015798	1.6102	18.423	0.045752	1.7212	20.087	-0.26135	1.6477	20.091	0	0
-0.015798	1.6102	18.423	0.045752	1.7212	20.087	0.28835	1.1383	19.911	0	0
-0.70195	0.43951	19.035	-0.501	1.2706	20.018	-0.44551	1.2559	20.727	0	0
-0.70195	0.43951	19.035	-0.48658	0.37955	20.803	-0.44551	1.2559	20.727	0	0
-0.70195	0.43951	19.035	-0.48658	0.37955	20.803	-1.3729	0.25606	21.372	0	0
-0.35305	-0.28614	19.026	-0.2813	-0.69894	20.021	-0.30075	-0.65276	20.777	0	0
-0.35305	-0.28614	19.026	-0.10255	0.48991	20.051	-0.38382	-0.26259	20.793	0	0
-0.35305	-0.28614	19.026	-0.30075	-0.65276	20.777	-0.38382	-0.26259	20.793	0	0
-0.10255	0.48991	19.024	0.28835	1.1383	19.911	0.051352	0.73821	20.576	0	0
-0.10255	0.48991	19.024	-0.38382	-0.26259	20.793	0.051352	0.73821	20.576	0	0
-0.501	1.2706	18.992	-0.26135	1.6477	20.091	-0.44551	1.2559	20.727	0	0
0.045752	1.7212	19.061	-0.26135	1.6477	20.091	-0.44551	1.2559	20.727	0	0
0.045752	1.7212	19.061	0.28835	1.1383	19.911	0.58715	1.316	20.14	0	0
0.045752	1.7212	19.061	-0.44551	1.2559	20.727	0.34502	1.172	20.878	0	0
0.045752	1.7212	19.061	0.58715	1.316	20.14	0.34502	1.172	20.878	0	0
0.28835	1.1383	18.885	0.58715	1.316	20.14	0.051352	0.73821	20.576	0	0
-0.30075	-0.65276	19.751	-0.38382	-0.26259	20.793	-0.423	-0.26574	21.556	0	0
-0.30075	-0.65276	19.751	-0.3939	-0.77024	21.538	-0.423	-0.26574	21.556	0	0
-0.38382	-0.26259	19.767	0.051352	0.73821	20.576	0.2381	0.44926	21.314	0	0
-0.38382	-0.26259	19.767	-0.423	-0.26574	21.556	0.2381	0.44926	21.314	0	0
-0.48658	0.37955	19.777	-0.44551	1.2559	20.727	-0.54335	1.2539	21.341	0	0
-0.48658	0.37955	19.777	-0.39635	0.5562	21.475	0.2381	0.44926	21.314	0	0
-0.48658	0.37955	19.777	-0.39635	0.5562	21.475	-1.3729	0.25606	21.372	0	0
-0.44551	1.2559	19.701	0.34502	1.172	20.878	-0.54335	1.2539	21.341	0	0
0.58715	1.316	19.114	0.051352	0.73821	20.576	0.656	1.2231	20.593	0	0
0.051352	0.73821	19.55	0.34502	1.172	20.878	0.656	1.2231	20.593	0	0
0.051352	0.73821	19.55	0.34502	1.172	20.878	0.2381	0.44926	21.314	0	0
-0.3939	-0.77024	20.511	-0.423	-0.26574	21.556	-0.59085	-0.65714	22.028	0	0
0.34502	1.172	19.851	-0.54335	1.2539	21.341	0.95315	1.598	21.969	0	0
0.34502	1.172	19.851	0.656	1.2231	20.593	0.85285	1.191	21.302	0	0
0.34502	1.172	19.851	0.3645	0.98856	21.495	0.85285	1.191	21.302	0	0
0.34502	1.172	19.851	0.3645	0.98856	21.495	0.2381	0.44926	21.314	0	0
-0.54335	1.2539	20.315	-0.25505	1.1246	22.068	0.95315	1.598	21.969	0	0
0.3645	0.98856	20.468	0.19025	1.0859	22.049	0.21475	0.67251	22.012	0	0
0.3645	0.98856	20.468	0.19025	1.0859	22.049	0.95315	1.598	21.969	0	0
0.3645	0.98856	20.468	0.85285	1.191	21.302	0.95315	1.598	21.969	0	0
0.3645	0.98856	20.468	0.21475	0.67251	22.012	0.2381	0.44926	21.314	0	0
-0.39635	0.5562	20.449	-0.423	-0.26574	21.556	-0.415	0.47006	22.041	0	0
-0.39635	0.5562	20.449	-0.423	-0.26574	21.556	-1.105	-0.074787	21.691	0	0
-0.39635	0.5562	20.449	-0.415	0.47006	22.041	0.2381	0.44926	21.314	0	0
-0.39635	0.5562	20.449	-1.105	-0.074787	21.691	-1.3729	0.25606	21.372	0	0
-0.423	-0.26574	20.53	-0.415	0.47006	22.041	-0.35988	-0.3019	22.122	0	0
-0.423	-0.26574	20.53	-0.59085	-0.65714	22.028	-1.105	-0.074787	21.691	0	0
-0.423	-0.26574	20.53	-0.35988	-0.3019	22.122	0.3372	-0.36624	22.18	0	0
-0.423	-0.26574	20.53	0.2381	0.44926	21.314	0.3372	-0.36624	22.18	0	0
-0.415	0.47006	21.015	-0.35988	-0.3019	22.122	-0.47126	0.4628	22.806	0	0
-0.415	0.47006	21.015	-0.25505	1.1246	22.068	0.21475	0.67251	22.012	0	0
-0.415	0.47006	21.015	-0.25505	1.1246	22.068	-0.26585	1.0335	22.716	0	0
-0.415	0.47006	21.015	0.21475	0.67251	22.012	0.2381	0.44926	21.314	0	0
-0.415	0.47006	21.015	-0.47126	0.4628	22.806	-0.26585	1.0335	22.716	0	0
-0.59085	-0.65714	21.002	-0.35988	-0.3019	22.122	-0.6199	-0.31859	22.825	0	0
-0.59085	-0.65714	21.002	-1.105	-0.074787	21.691	-1.1567	-0.12344	22.002	0	0
-0.59085	-0.65714	21.002	-1.1567	-0.12344	22.002	-1.1862	-0.4681	22.686	0	0
-0.59085	-0.65714	21.002	-0.6199	-0.31859	22.825	-1.1862	-0.4681	22.686	0	0
-0.35988	-0.3019	21.095	-0.56622	-0.76911	22.772	0.154	-0.21294	22.793	0	0
-0.35988	-0.3019	21.095	-0.47126	0.4628	22.806	-0.6199	-0.31859	22.825	0	0
-0.35988	-0.3019	21.095	0.154	-0.21294	22.793	0.3372	-0.36624	22.18	0	0
-0.25505	1.1246	21.041	0.19025	1.0859	22.049	0.21475	0.67251	22.012	0	0
-0.25505	1.1246	21.041	0.19025	1.0859	22.049	0.011352	1.0912	22.825	0	0
-0.25505	1.1246	21.041	-0.26585	1.0335	22.716	0.011352	1.0912	22.825	0	0
0.19025	1.0859	21.022	0.95315	1.598	21.969	0.011352	1.0912	22.825	0	0
0.85285	1.191	20.275	0.2381	0.44926	21.314	0.65595	-0.22354	22.245	0	0
-0.56622	-0.76911	21.746	-0.61585	-0.67474	23.591	-0.6199	-0.31859	22.825	0	0
-0.56622	-0.76911	21.746	-0.61585	-0.67474	23.591	-1.0935	-0.92016	22.872	0	0
-0.56622	-0.76911	21.746	-0.6199	-0.31859	22.825	-1.1862	-0.4681	22.686	0	0
-0.56622	-0.76911	21.746	-1.1862	-0.4681	22.686	-1.0935	-0.92016	22.872	0	0
-0.56622	-0.76911	21.746	0.154	-0.21294	22.793	0.3931	-0.63109	22.812	0	0
-0.47126	0.4628	21.78	-0.26585	1.0335	22.716	-0.45125	0.44716	23.551	0	0
-0.47126	0.4628	21.78	-0.6199	-0.31859	22.825	-0.45125	0.44716	23.551	0	0
-0.26585	1.0335	21.69	0.011352	1.0912	22.825	-0.19085	1.1827	23.58	0	0
-0.26585	1.0335	21.69	-0.45125	0.44716	23.551	-0.19085	1.1827	23.58	0	0
-0.61585	-0.67474	22.565	0.059185	-0.32804	23.606	-0.69795	-0.32734	23.565	0	0
-0.61585	-0.67474	22.565	0.059185	-0.32804	23.606	0.34065	-0.69554	23.591	0	0
-0.61585	-0.67474	22.565	-0.6199	-0.31859	22.825	-0.69795	-0.32734	23.565	0	0
-0.61585	-0.67474	22.565	-1.0935	-0.92016	22.872	-1.2522	-1.1001	23.588	0	0
-0.61585	-0.67474	22.565	-1.2522	-1.1001	23.588	-0.88495	-0.79124	24.23	0	0
-0.61585	-0.67474	22.565	-0.65755	-0.88027	24.238	-0.88495	-0.79124	24.23	0	0
-0.61585	-0.67474	22.565	-0.65755	-0.88027	24.238	0.20085	-0.77226	24.295	0	0
-0.61585	-0.67474	22.565	0.20085	-0.77226	24.295	0.34065	-0.69554	23.591	0	0
0.059185	-0.32804	22.58	0.2188	0.55101	23.55	-0.45125	0.44716	23.551	0	0
0.059185	-0.32804	22.58	0.2188	0.55101	23.55	0.25115	-0.20677	24.211	0	0
0.059185	-0.32804	22.58	-0.45125	0.44716	23.551	-0.56201	-0.20524	24.273	0	0
0.059185	-0.32804	22.58	-0.56201	-0.20524	24.273	0.20085	-0.77226	24.295	0	0
0.059185	-0.32804	22.58	0.20085	-0.77226	24.295	0.25115	-0.20677	24.211	0	0
0.059185	-0.32804	22.58	0.34065	-0.69554	23.591	0.3931	-0.63109	22.812	0	0
0.011352	1.0912	21.799	0.036752	1.1831	23.557	-0.19085	1.1827	23.58	0	0
0.2381	0.44926	20.288	0.3372	-0.36624	22.18	0.65595	-0.22354	22.245	0	0
-1.105	-0.074787	20.664	-1.1567	-0.12344	22.002	-1.5789	-0.13094	22.108	0	0
-1.105	-0.074787	20.664	-1.3729	0.25606	21.372	-1.5789	-0.13094	22.108	0	0
-1.1567	-0.12344	20.976	-1.1862	-0.4681	22.686	-1.5789	-0.13094	22.108	0	0
0.2188	0.55101	22.524	0.036752	1.1831	23.557	0.35425	0.57406	24.307	0	0
0.2188	0.55101	22.524	0.35425	0.57406	24.307	0.25115	-0.20677	24.211	0	0
0.2188	0.55101	22.524	0.84775	-0.62624	23.106	0.88052	-0.3274	22.704	0	0
-0.6199	-0.31859	21.799	-0.69795	-0.32734	23.565	-0.45125	0.44716	23.551	0	0
-1.1862	-0.4681	21.66	-1.0935	-0.92016	22.872	-1.7044	-0.7402	22.887	0	0
-1.1862	-0.4681	21.66	-1.5789	-0.13094	22.108	-1.7044	-0.7402	22.887	0	0
-1.0935	-0.92016	21.846	-1.2522	-1.1001	23.588	-1.7044	-0.7402	22.887	0	0
-0.69795	-0.32734	22.539	-0.45125	0.44716	23.551	-0.9193	-0.076787	24.143	0	0
-0.69795	-0.32734	22.539	-0.88495	-0.79124	24.23	-0.9193	-0.076787	24.143	0	0
-0.45125	0.44716	22.525	-0.19085	1.1827	23.58	-0.48988	0.57153	24.206	0	0
-0.45125	0.44716	22.525	-0.48988	0.57153	24.206	-0.9193	-0.076787	24.143	0	0
0.036752	1.1831	22.53	-0.19085	1.1827	23.58	-0.070648	1.5571	24.502	0	0
0.036752	1.1831	22.53	0.35425	0.57406	24.307	0.092302	1.2865	24.319	0	0
0.036752	1.1831	22.53	0.092302	1.2865	24.319	-0.070648	1.5571	24.502	0	0
-1.2522	-1.1001	22.562	-0.88495	-0.79124	24.23	-1.895	-1.1264	23.905	0	0
-1.2522	-1.1001	22.562	-1.7044	-0.7402	22.887	-1.8615	-0.94627	23.51	0	0
-1.2522	-1.1001	22.562	-1.8615	-0.94627	23.51	-1.895	-1.1264	23.905	0	0
-0.65755	-0.88027	23.212	-0.88495	-0.79124	24.23	-0.56235	-0.98259	24.845	0	0
-0.65755	-0.88027	23.212	-0.56235	-0.98259	24.845	0.20085	-0.77226	24.295	0	0
-0.88495	-0.79124	23.204	-0.56235	-0.98259	24.845	-0.90285	-0.61954	24.875	0	0
-0.88495	-0.79124	23.204	-0.90285	-0.61954	24.875	-1.895	-1.1264	23.905	0	0
-0.88495	-0.79124	23.204	-0.9193	-0.076787	24.143	-0.9921	-0.30204	24.834	0	0
-0.19085	1.1827	22.553	-0.48988	0.57153	24.206	-0.22925	1.1973	24.317	0	0
-0.19085	1.1827	22.553	-0.22925	1.1973	24.317	-0.070648	1.5571	24.502	0	0
0.35425	0.57406	23.28	0.092302	1.2865	24.319	0.19245	1.2739	25.036	0	0
0.35425	0.57406	23.28	0.19245	1.2739	25.036	0.66172	0.44816	24.975	0	0
0.35425	0.57406	23.28	0.25115	-0.20677	24.211	0.6572	-0.24529	24.815	0	0
0.35425	0.57406	23.28	0.66172	0.44816	24.975	0.6572	-0.24529	24.815	0	0
-0.56201	-0.20524	23.247	-0.48988	0.57153	24.206	0.17749	-0.20924	24.888	0	0
-0.56201	-0.20524	23.247	-0.60445	-0.36564	25.114	-0.89945	0.26706	24.422	0	0
-0.56201	-0.20524	23.247	0.20085	-0.77226	24.295	0.17749	-0.20924	24.888	0	0
-0.48988	0.57153	23.179	-0.22925	1.1973	24.317	-0.44528	1.1017	24.921	0	0
-0.48988	0.57153	23.179	-0.4588	0.81476	25.072	-0.44528	1.1017	24.921	0	0
-0.48988	0.57153	23.179	-0.4588	0.81476	25.072	-0.89945	0.26706	24.422	0	0
-0.48988	0.57153	23.179	-0.9193	-0.076787	24.143	-0.89945	0.26706	24.422	0	0
-0.48988	0.57153	23.179	0.23865	0.44446	25.084	0.17749	-0.20924	24.888	0	0
-0.56235	-0.98259	23.818	-0.90285	-0.61954	24.875	-0.60445	-0.36564	25.114	0	0
-0.56235	-0.98259	23.818	-0.60445	-0.36564	25.114	0.10852	-0.74714	24.903	0	0
-0.56235	-0.98259	23.818	0.20085	-0.77226	24.295	0.10852	-0.74714	24.903	0	0
-0.90285	-0.61954	23.848	-0.60445	-0.36564	25.114	-0.9921	-0.30204	24.834	0	0
0.092302	1.2865	23.292	-0.070648	1.5571	24.502	0.19245	1.2739	25.036	0	0
-0.22925	1.1973	23.291	-0.070648	1.5571	24.502	-0.44528	1.1017	24.921	0	0
-0.070648	1.5571	23.476	0.19245	1.2739	25.036	-0.018081	1.6022	25.037	0	0
-0.070648	1.5571	23.476	-0.018081	1.6022	25.037	-0.44528	1.1017	24.921	0	0
-0.60445	-0.36564	24.087	-0.42345	-0.73714	25.519	-0.62845	-0.29764	25.565	0	0
-0.60445	-0.36564	24.087	-0.62845	-0.29764	25.565	-0.89475	-0.064838	25.368	0	0
-0.60445	-0.36564	24.087	0.10852	-0.74714	24.903	0.17749	-0.20924	24.888	0	0
-0.60445	-0.36564	24.087	-0.4588	0.81476	25.072	-0.89945	0.26706	24.422	0	0
-0.60445	-0.36564	24.087	-0.9921	-0.30204	24.834	-0.89475	-0.064838	25.368	0	0
-0.60445	-0.36564	24.087	0.10345	0.32781	25.549	0.17749	-0.20924	24.888	0	0
-0.42345	-0.73714	24.492	-0.62845	-0.29764	25.565	-0.1227	-0.41594	26.058	0	0
-0.42345	-0.73714	24.492	0.10852	-0.74714	24.903	0.15392	-0.8914	25.526	0	0
-0.42345	-0.73714	24.492	-0.1227	-0.41594	26.058	0.15392	-0.8914	25.526	0	0
-0.62845	-0.29764	24.539	-0.89475	-0.064838	25.368	-0.53875	-0.15177	26.196	0	0
-0.62845	-0.29764	24.539	-0.4519	0.44011	25.569	-0.1227	-0.41594	26.058	0	0
-0.62845	-0.29764	24.539	-0.53875	-0.15177	26.196	-0.39071	-0.69007	26.436	0	0
0.20085	-0.77226	23.269	0.10852	-0.74714	24.903	0.6572	-0.24529	24.815	0	0
0.20085	-0.77226	23.269	0.25115	-0.20677	24.211	0.6572	-0.24529	24.815	0	0
0.20085	-0.77226	23.269	0.34065	-0.69554	23.591	0.77965	-0.91354	23.662	0	0
0.10852	-0.74714	23.876	0.17749	-0.20924	24.888	0.6572	-0.24529	24.815	0	0
-0.4588	0.81476	24.045	0.23865	0.44446	25.084	0.19245	1.2739	25.036	0	0
-0.4588	0.81476	24.045	0.23865	0.44446	25.084	-0.4519	0.44011	25.569	0	0
-0.4588	0.81476	24.045	0.19245	1.2739	25.036	-0.44528	1.1017	24.921	0	0
-0.4588	0.81476	24.045	-0.4519	0.44011	25.569	-0.5612	1.2395	25.561	0	0
-0.9193	-0.076787	23.116	-0.9921	-0.30204	24.834	-0.89945	0.26706	24.422	0	0
0.23865	0.44446	24.058	0.19245	1.2739	25.036	0.3303	1.0826	25.548	0	0
0.23865	0.44446	24.058	0.10345	0.32781	25.549	-0.4519	0.44011	25.569	0	0
0.23865	0.44446	24.058	0.10345	0.32781	25.549	0.81262	0.58566	25.648	0	0
0.23865	0.44446	24.058	0.17749	-0.20924	24.888	0.66172	0.44816	24.975	0	0
0.23865	0.44446	24.058	0.66172	0.44816	24.975	0.81262	0.58566	25.648	0	0
0.19245	1.2739	24.009	-0.018081	1.6022	25.037	0.075752	1.721	25.588	0	0
0.19245	1.2739	24.009	0.075752	1.721	25.588	0.3303	1.0826	25.548	0	0
0.19245	1.2739	24.009	0.66172	0.44816	24.975	0.81262	0.58566	25.648	0	0
-0.9921	-0.30204	23.807	-0.89475	-0.064838	25.368	-1.0342	0.36408	24.889	0	0
-0.9921	-0.30204	23.807	-0.89945	0.26706	24.422	-1.0342	0.36408	24.889	0	0
-0.89475	-0.064838	24.341	-0.53875	-0.15177	26.196	-1.1659	0.45924	25.541	0	0
-0.89475	-0.064838	24.341	-1.0342	0.36408	24.889	-1.1659	0.45924	25.541	0	0
-0.018081	1.6022	24.011	0.075752	1.721	25.588	-0.20965	1.5844	25.621	0	0
-0.018081	1.6022	24.011	-0.20965	1.5844	25.621	-0.5612	1.2395	25.561	0	0
-0.018081	1.6022	24.011	-0.44528	1.1017	24.921	-0.5612	1.2395	25.561	0	0
0.075752	1.721	24.562	-0.20965	1.5844	25.621	-0.44435	1.6571	26.418	0	0
0.075752	1.721	24.562	0.3303	1.0826	25.548	0.1939	1.1617	26.29	0	0
0.075752	1.721	24.562	-0.44435	1.6571	26.418	0.37085	2.2796	26.511	0	0
-0.20965	1.5844	24.595	-0.5612	1.2395	25.561	-0.44435	1.6571	26.418	0	0
0.10345	0.32781	24.523	-0.4519	0.44011	25.569	0.11317	0.45303	26.287	0	0
0.10345	0.32781	24.523	0.17749	-0.20924	24.888	0.26805	-0.25924	25.715	0	0
0.10345	0.32781	24.523	0.26805	-0.25924	25.715	0.11317	0.45303	26.287	0	0
-0.4519	0.44011	24.542	-0.53875	-0.15177	26.196	-1.1918	0.54756	26.238	0	0
-0.4519	0.44011	24.542	-0.5612	1.2395	25.561	-0.5522	1.2715	26.074	0	0
-0.4519	0.44011	24.542	-0.5522	1.2715	26.074	0.11317	0.45303	26.287	0	0
-0.53875	-0.15177	25.169	-0.39071	-0.69007	26.436	-0.1227	-0.41594	26.058	0	0
-0.53875	-0.15177	25.169	-0.1227	-0.41594	26.058	0.11317	0.45303	26.287	0	0
-0.53875	-0.15177	25.169	0.11317	0.45303	26.287	-1.171	0.66716	27.045	0	0
-0.53875	-0.15177	25.169	-1.1918	0.54756	26.238	-1.171	0.66716	27.045	0	0
-0.44528	1.1017	23.895	-0.5612	1.2395	25.561	-1.0336	0.96496	25.703	0	0
-0.44528	1.1017	23.895	-0.89945	0.26706	24.422	-1.0342	0.36408	24.889	0	0
-0.44528	1.1017	23.895	-1.0342	0.36408	24.889	-1.0336	0.96496	25.703	0	0
-0.5612	1.2395	24.535	-0.5522	1.2715	26.074	-1.0336	0.96496	25.703	0	0
0.3303	1.0826	24.521	0.1939	1.1617	26.29	0.81262	0.58566	25.648	0	0
-0.5522	1.2715	25.047	-0.44435	1.6571	26.418	0.1939	1.1617	26.29	0	0
-0.5522	1.2715	25.047	-0.44435	1.6571	26.418	-1.0762	1.135	26.383	0	0
-0.5522	1.2715	25.047	0.11317	0.45303	26.287	0.1939	1.1617	26.29	0	0
-0.5522	1.2715	25.047	-1.0336	0.96496	25.703	-1.0762	1.135	26.383	0	0
-0.44435	1.6571	25.392	0.1939	1.1617	26.29	0.2694	1.8699	26.383	0	0
-0.44435	1.6571	25.392	0.2694	1.8699	26.383	-0.44275	1.8337	27.102	0	0
-0.44435	1.6571	25.392	-0.44275	1.8337	27.102	-1.1561	1.2942	27.092	0	0
-0.44435	1.6571	25.392	-1.1561	1.2942	27.092	-1.0762	1.135	26.383	0	0
-0.1227	-0.41594	25.032	0.15392	-0.8914	25.526	0.26805	-0.25924	25.715	0	0
-0.1227	-0.41594	25.032	0.26805	-0.25924	25.715	0.11317	0.45303	26.287	0	0
0.34065	-0.69554	22.564	0.77965	-0.91354	23.662	0.84775	-0.62624	23.106	0	0
0.34065	-0.69554	22.564	0.3931	-0.63109	22.812	0.84775	-0.62624	23.106	0	0
0.17749	-0.20924	23.862	0.15392	-0.8914	25.526	0.26805	-0.25924	25.715	0	0
0.17749	-0.20924	23.862	0.66172	0.44816	24.975	0.6572	-0.24529	24.815	0	0
0.154	-0.21294	21.767	0.3931	-0.63109	22.812	0.3372	-0.36624	22.18	0	0
0.11317	0.45303	25.26	0.1939	1.1617	26.29	0.72342	1.0219	26.401	0	0
0.11317	0.45303	25.26	-1.171	0.66716	27.045	-0.29025	1.3411	27.202	0	0
0.11317	0.45303	25.26	-0.29025	1.3411	27.202	0.8639	0.62481	26.575	0	0
0.11317	0.45303	25.26	0.72342	1.0219	26.401	0.8639	0.62481	26.575	0	0
0.1939	1.1617	25.264	0.2694	1.8699	26.383	0.72342	1.0219	26.401	0	0
0.2694	1.8699	25.357	0.37085	2.2796	26.511	0.30568	1.9962	27.098	0	0
0.2694	1.8699	25.357	0.37085	2.2796	26.511	0.72342	1.0219	26.401	0	0
0.2694	1.8699	25.357	-0.44275	1.8337	27.102	0.30568	1.9962	27.098	0	0
0.37085	2.2796	25.485	0.30568	1.9962	27.098	0.44235	2.2929	27.586	0	0
0.37085	2.2796	25.485	0.72342	1.0219	26.401	1.1543	1.0309	27.023	0	0
-1.1918	0.54756	25.212	-1.5835	0.40701	26.386	-1.1659	0.45924	25.541	0	0
-1.1918	0.54756	25.212	-1.5835	0.40701	26.386	-1.6032	0.93386	26.667	0	0
-1.1918	0.54756	25.212	-1.1659	0.45924	25.541	-1.0336	0.96496	25.703	0	0
-1.1918	0.54756	25.212	-1.6032	0.93386	26.667	-1.0762	1.135	26.383	0	0
-1.1918	0.54756	25.212	-1.0336	0.96496	25.703	-1.0762	1.135	26.383	0	0
-1.171	0.66716	26.019	-0.29025	1.3411	27.202	-1.1561	1.2942	27.092	0	0
-0.44275	1.8337	26.075	-0.40083	1.9232	27.751	0.10825	2.1963	27.576	0	0
-0.44275	1.8337	26.075	-0.40083	1.9232	27.751	-1.4209	1.5539	27.532	0	0
-0.44275	1.8337	26.075	0.30568	1.9962	27.098	0.10825	2.1963	27.576	0	0
-0.44275	1.8337	26.075	-1.1561	1.2942	27.092	-1.4209	1.5539	27.532	0	0
-0.29025	1.3411	26.176	-0.40083	1.9232	27.751	-1.3147	1.1609	27.813	0	0
-0.29025	1.3411	26.176	0.30568	1.9962	27.098	1.1543	1.0309	27.023	0	0
-0.29025	1.3411	26.176	-1.3147	1.1609	27.813	-1.1561	1.2942	27.092	0	0
-0.29025	1.3411	26.176	0.8639	0.62481	26.575	1.1543	1.0309	27.023	0	0
-0.40083	1.9232	26.724	-1.3147	1.1609	27.813	-0.71142	1.9394	28.343	0	0
-0.40083	1.9232	26.724	-0.71142	1.9394	28.343	0.11445	2.2429	28.089	0	0
-0.40083	1.9232	26.724	-1.2985	1.9022	28.368	-1.7246	2.1012	28.149	0	0
-0.40083	1.9232	26.724	0.10825	2.1963	27.576	0.11445	2.2429	28.089	0	0
-0.40083	1.9232	26.724	-1.4209	1.5539	27.532	-1.6492	1.7615	27.739	0	0
-0.40083	1.9232	26.724	-1.7246	2.1012	28.149	-1.6492	1.7615	27.739	0	0
0.30568	1.9962	26.072	0.10825	2.1963	27.576	0.44235	2.2929	27.586	0	0
-1.3147	1.1609	26.787	-0.71142	1.9394	28.343	-1.2985	1.9022	28.368	0	0
-1.3147	1.1609	26.787	-1.2985	1.9022	28.368	-1.7044	1.4623	28.538	0	0
-0.71142	1.9394	27.317	-1.2985	1.9022	28.368	-1.1185	2.4661	28.989	0	0
-0.71142	1.9394	27.317	0.11445	2.2429	28.089	-0.72875	2.4381	29.56	0	0
-0.71142	1.9394	27.317	-1.1185	2.4661	28.989	-0.72875	2.4381	29.56	0	0
-1.2985	1.9022	27.342	-1.7246	2.1012	28.149	-1.7316	2.4308	28.501	0	0
-1.2985	1.9022	27.342	-1.7316	2.4308	28.501	-1.1185	2.4661	28.989	0	0
0.3931	-0.63109	21.785	0.3372	-0.36624	22.18	0.65595	-0.22354	22.245	0	0
0.3931	-0.63109	21.785	0.84775	-0.62624	23.106	0.88052	-0.3274	22.704	0	0
0.3931	-0.63109	21.785	0.65595	-0.22354	22.245	0.88052	-0.3274	22.704	0	0
0.72342	1.0219	25.375	0.8639	0.62481	26.575	1.1543	1.0309	27.023	0	0
-1.0342	0.36408	23.863	-1.1659	0.45924	25.541	-1.0336	0.96496	25.703	0	0
-1.1561	1.2942	26.066	-1.4209	1.5539	27.532	-1.7671	1.1124	26.986	0	0
-1.1561	1.2942	26.066	-1.6032	0.93386	26.667	-1.7671	1.1124	26.986	0	0
-1.1561	1.2942	26.066	-1.6032	0.93386	26.667	-1.0762	1.135	26.383	0	0
0.10825	2.1963	26.55	0.44235	2.2929	27.586	0.11445	2.2429	28.089	0	0
-1.4209	1.5539	26.505	-1.7671	1.1124	26.986	-1.6492	1.7615	27.739	0	0
-1.7316	2.4308	27.475	-1.1185	2.4661	28.989	-1.7713	2.7764	28.897	0	0
-1.1185	2.4661	27.962	-1.7713	2.7764	28.897	-1.6864	2.9906	29.15	0	0
-1.1185	2.4661	27.962	-0.72875	2.4381	29.56	-1.1639	2.6667	29.562	0	0
-1.1185	2.4661	27.962	-1.1639	2.6667	29.562	-1.6864	2.9906	29.15	0	0
-1.1639	2.6667	28.535	-1.6947	2.9989	29.58	-1.6864	2.9906	29.15	0	0
-0.41205	2.6872	12.111	-2.27669928198848	9.86405285290553	16.5415886770746	0.191871436721295	2.34210360934071	11.7730606238947	1	1
-2.27669928198848	9.86405285290553	16.5415886770746	-3.10908804627724	13.0678358567215	18.5194256191772	-0.057320949973781	9.09350672855201	18.141644577927	1	1
-3.10908804627724	13.0678358567215	18.5194256191772	-4.25371532902686	17.4733944028062	21.2391717545003	-1.194720809486	11.9346120275522	19.2454383002182	1	1
-4.25371532902686	17.4733944028062	21.2391717545003	-5.01304432194426	20.3959774867959	23.0434115494534	-3.45651072452982	16.4699521470975	23.0683210288973	1	1
-5.01304432194426	20.3959774867959	23.0434115494534	-6.3820465509821	25.6651332728249	26.2962944553458	-4.95293172191123	20.6014146346963	23.8148250984527	1	1
-0.057320949973781	9.09350672855201	18.141644577927	0.191871436721295	2.34210360934071	11.7730606238947	-2.27669928198848	9.86405285290553	16.5415886770746	1	1
-1.194720809486	11.9346120275522	19.2454383002182	-0.057320949973781	9.09350672855201	18.141644577927	-3.10908804627724	13.0678358567215	18.5194256191772	1	1
-3.45651072452982	16.4699521470975	23.0683210288973	-1.194720809486	11.9346120275522	19.2454383002182	-4.25371532902686	17.4733944028062	21.2391717545003	1	1
-4.95293172191123	20.6014146346963	23.8148250984527	-3.45651072452982	16.4699521470975	23.0683210288973	-5.01304432194426	20.3959774867959	23.0434115494534	1	1
-2.27669928198848	9.86405285290553	16.5415886770746	-0.41205	2.6872	12.111	-1.78078525908196	1.91735316452472	12.5476038054742	1	1
-3.10908804627724	13.0678358567215	18.5194256191772	-2.27669928198848	9.86405285290553	16.5415886770746	-3.42458677423057	9.67396565955138	16.7357000216089	1	1
-4.25371532902686	17.4733944028062	21.2391717545003	-3.10908804627724	13.0678358567215	18.5194256191772	-5.01383833284361	12.1228262856208	18.7739833068502	1	1
-5.01304432194426	20.3959774867959	23.0434115494534	-4.25371532902686	17.4733944028062	21.2391717545003	-6.21277963244621	16.8113089184717	21.9320059529212	1	1
-6.3820465509821	25.6651332728249	26.2962944553458	-5.01304432194426	20.3959774867959	23.0434115494534	-7.0807360808996	19.6979283691385	23.042267309146	1	1
-1.78078525908196	1.91735316452472	12.5476038054742	-3.42458677423057	9.67396565955138	16.7357000216089	-2.27669928198848	9.86405285290553	16.5415886770746	1	1
-3.42458677423057	9.67396565955138	16.7357000216089	-5.01383833284361	12.1228262856208	18.7739833068502	-3.10908804627724	13.0678358567215	18.5194256191772	1	1
-5.01383833284361	12.1228262856208	18.7739833068502	-6.21277963244621	16.8113089184717	21.9320059529212	-4.25371532902686	17.4733944028062	21.2391717545003	1	1
-6.21277963244621	16.8113089184717	21.9320059529212	-7.0807360808996	19.6979283691385	23.042267309146	-5.01304432194426	20.3959774867959	23.0434115494534	1	1
0.12035	-1.5779	16.987	-0.763134454394082	-6.30813179370335	21.6605547394122	0.729995935788528	-1.6402051087953	16.28926066551	2	1
-0.763134454394082	-6.30813179370335	21.6605547394122	-1.27246463577383	-10.0130405301784	24.7915923595673	0.562737841734213	-5.6571278674704	21.9647648516517	2	1
-1.27246463577383	-10.0130405301784	24.7915923595673	-1.69375554660192	-13.077544526184	27.3814206066561	0.904062510670011	-10.5565148946249	25.1890548181498	2	1
-1.69375554660192	-13.077544526184	27.3814206066561	-2.26704277470907	-17.247681968599	30.905625423059	-0.396636308467301	-12.9573358262702	28.3087336015645	2	1
-2.26704277470907	-17.247681968599	30.905625423059	-2.81120009932858	-21.2059261483143	34.2507581423713	-0.0523014292001882	-17.4380982749061	30.4367448142833	2	1
-2.81120009932858	-21.2059261483143	34.2507581423713	-3.20588148091845	-24.0768702867809	36.6770079483126	-0.0406086761674199	-20.8419886070198	36.2903765483341	2	1
-3.20588148091845	-24.0768702867809	36.6770079483126	-3.57561981808159	-26.7663767123664	38.9499238005311	-0.656032892172755	-23.8156638898749	38.1787284791328	2	1
-3.57561981808159	-26.7663767123664	38.9499238005311	-4.16808170414104	-31.0759921601374	42.5920022038471	-1.58822377131938	-26.7265295171574	38.9615408934515	2	1
0.562737841734213	-5.6571278674704	21.9647648516517	0.729995935788528	-1.6402051087953	16.28926066551	-0.763134454394082	-6.30813179370335	21.6605547394122	2	1
0.904062510670011	-10.5565148946249	25.1890548181498	0.562737841734213	-5.6571278674704	21.9647648516517	-1.27246463577383	-10.0130405301784	24.7915923595673	2	1
-0.396636308467301	-12.9573358262702	28.3087336015645	0.904062510670011	-10.5565148946249	25.1890548181498	-1.69375554660192	-13.077544526184	27.3814206066561	2	1
-0.0523014292001882	-17.4380982749061	30.4367448142833	-0.396636308467301	-12.9573358262702	28.3087336015645	-2.26704277470907	-17.247681968599	30.905625423059	2	1
-0.0406086761674199	-20.8419886070198	36.2903765483341	-0.0523014292001882	-17.4380982749061	30.4367448142833	-2.81120009932858	-21.2059261483143	34.2507581423713	2	1
-0.656032892172755	-23.8156638898749	38.1787284791328	-0.0406086761674199	-20.8419886070198	36.2903765483341	-3.20588148091845	-24.0768702867809	36.6770079483126	2	1
-1.58822377131938	-26.7265295171574	38.9615408934515	-0.656032892172755	-23.8156638898749	38.1787284791328	-3.57561981808159	-26.7663767123664	38.9499238005311	2	1
-0.763134454394082	-6.30813179370335	21.6605547394122	0.12035	-1.5779	16.987	-1.30560941728819	-1.57280514041129	16.2713491946816	2	1
-1.27246463577383	-10.0130405301784	24.7915923595673	-0.763134454394082	-6.30813179370335	21.6605547394122	-1.99990586585646	-5.76927363121153	22.4471420585353	2	1
-1.69375554660192	-13.077544526184	27.3814206066561	-1.27246463577383	-10.0130405301784	24.7915923595673	-1.9048536942169	-9.88812708523504	25.3137654439309	2	1
-2.26704277470907	-17.247681968599	30.905625423059	-1.69375554660192	-13.077544526184	27.3814206066561	-3.62857636491106	-11.0869758257945	29.5252107952163	2	1
-2.81120009932858	-21.2059261483143	34.2507581423713	-2.26704277470907	-17.247681968599	30.905625423059	-3.10317431631929	-17.9010271042141	30.6913535889497	2	1
-3.20588148091845	-24.0768702867809	36.6770079483126	-2.81120009932858	-21.2059261483143	34.2507581423713	-3.62499522229146	-20.813479048627	33.8804146102435	2	1
-3.57561981808159	-26.7663767123664	38.9499238005311	-3.20588148091845	-24.0768702867809	36.6770079483126	-3.45339402790157	-23.3374936485936	38.2041392380152	2	1
-1.30560941728819	-1.57280514041129	16.2713491946816	-1.99990586585646	-5.76927363121153	22.4471420585353	-0.763134454394082	-6.30813179370335	21.6605547394122	2	1
-1.99990586585646	-5.76927363121153	22.4471420585353	-1.9048536942169	-9.88812708523504	25.3137654439309	-1.27246463577383	-10.0130405301784	24.7915923595673	2	1
-1.9048536942169	-9.88812708523504	25.3137654439309	-3.62857636491106	-11.0869758257945	29.5252107952163	-1.69375554660192	-13.077544526184	27.3814206066561	2	1
-3.62857636491106	-11.0869758257945	29.5252107952163	-3.10317431631929	-17.9010271042141	30.6913535889497	-2.26704277470907	-17.247681968599	30.905625423059	2	1
-3.10317431631929	-17.9010271042141	30.6913535889497	-3.62499522229146	-20.813479048627	33.8804146102435	-2.81120009932858	-21.2059261483143	34.2507581423713	2	1
-3.62499522229146	-20.813479048627	33.8804146102435	-3.45339402790157	-23.3374936485936	38.2041392380152	-3.20588148091845	-24.0768702867809	36.6770079483126	2	1
0.0037021	2.3981	21.682	0.460803438592942	5.91865524824189	26.4838997256791	1.07671941102583	1.86221822113161	21.5292604976434	3	2
0.460803438592942	5.91865524824189	26.4838997256791	0.769160814927387	9.21684011050596	30.9512476509355	1.24550573236655	6.0638257308912	26.6974149033921	3	2
0.769160814927387	9.21684011050596	30.9512476509355	1.15290587736026	12.5060302392154	33.7211730590934	2.57337346800647	8.25367796459259	31.2952007228056	3	2
1.15290587736026	12.5060302392154	33.7211730590934	1.57728341400604	16.1434930785595	36.784389335947	2.6293355188405	12.3938853857519	33.7488967962179	3	2
1.57728341400604	16.1434930785595	36.784389335947	1.91157941840191	19.0088410018785	39.1973845431069	3.61305419428917	15.0226659549019	37.6108159685157	3	2
1.91157941840191	19.0088410018785	39.1973845431069	2.26516821396689	22.0395530288197	41.749637809028	3.82515016656198	18.4659113022721	39.4098662907264	3	2
2.26516821396689	22.0395530288197	41.749637809028	2.75912088661784	26.2733645197946	45.3150571260327	4.27481172957064	21.8675424776784	41.8781321687792	3	2
2.75912088661784	26.2733645197946	45.3150571260327	3.06997504322526	28.9377855729263	47.5588458047965	4.83456786876373	26.7206187147476	45.4922807119305	3	2
3.06997504322526	28.9377855729263	47.5588458047965	3.40388290849944	31.7998066433613	49.9690393696153	5.63684160139603	29.1424549256902	48.8664691521652	3	2
3.40388290849944	31.7998066433613	49.9690393696153	3.71342731429825	34.4530014427831	52.2033740842808	4.52794759622991	31.313721121699	50.3460174637106	3	2
3.71342731429825	34.4530014427831	52.2033740842808	4.29651978607973	39.4508559823291	56.4122169099149	5.83693109367202	34.059942780775	52.4201690962293	3	2
1.24550573236655	6.0638257308912	26.6974149033921	1.07671941102583	1.86221822113161	21.5292604976434	0.460803438592942	5.91865524824189	26.4838997256791	3	2
2.57337346800647	8.25367796459259	31.2952007228056	1.24550573236655	6.0638257308912	26.6974149033921	0.769160814927387	9.21684011050596	30.9512476509355	3	2
2.6293355188405	12.3938853857519	33.7488967962179	2.57337346800647	8.25367796459259	31.2952007228056	1.15290587736026	12.5060302392154	33.7211730590934	3	2
3.61305419428917	15.0226659549019	37.6108159685157	2.6293355188405	12.3938853857519	33.7488967962179	1.57728341400604	16.1434930785595	36.784389335947	3	2
3.82515016656198	18.4659113022721	39.4098662907264	3.61305419428917	15.0226659549019	37.6108159685157	1.91157941840191	19.0088410018785	39.1973845431069	3	2
4.27481172957064	21.8675424776784	41.8781321687792	3.82515016656198	18.4659113022721	39.4098662907264	2.26516821396689	22.0395530288197	41.749637809028	3	2
4.83456786876373	26.7206187147476	45.4922807119305	4.27481172957064	21.8675424776784	41.8781321687792	2.75912088661784	26.2733645197946	45.3150571260327	3	2
5.63684160139603	29.1424549256902	48.8664691521652	4.83456786876373	26.7206187147476	45.4922807119305	3.06997504322526	28.9377855729263	47.5588458047965	3	2
4.52794759622991	31.313721121699	50.3460174637106	5.63684160139603	29.1424549256902	48.8664691521652	3.40388290849944	31.7998066433613	49.9690393696153	3	2
5.83693109367202	34.059942780775	52.4201690962293	4.52794759622991	31.313721121699	50.3460174637106	3.71342731429825	34.4530014427831	52.2033740842808	3	2
0.460803438592942	5.91865524824189	26.4838997256791	0.0037021	2.3981	21.682	-1.46505008737958	1.92373240267109	21.8672448648047	3	2
0.769160814927387	9.21684011050596	30.9512476509355	0.460803438592942	5.91865524824189	26.4838997256791	-1.18286939388426	5.93109860841204	26.392657890077	3	2
1.15290587736026	12.5060302392154	33.7211730590934	0.769160814927387	9.21684011050596	30.9512476509355	-1.91004159703485	8.73651779444944	31.010446138533	3	2
1.57728341400604	16.1434930785595	36.784389335947	1.15290587736026	12.5060302392154	33.7211730590934	-0.866776490696316	12.6458105890347	32.9701351133371	3	2
1.91157941840191	19.0088410018785	39.1973845431069	1.57728341400604	16.1434930785595	36.784389335947	-1.44797347874632	14.4014084355301	37.9951167327524	3	2
2.26516821396689	22.0395530288197	41.749637809028	1.91157941840191	19.0088410018785	39.1973845431069	-1.0194553971009	19.8046963929885	38.1195704279871	3	2
2.75912088661784	26.2733645197946	45.3150571260327	2.26516821396689	22.0395530288197	41.749637809028	-0.209266322650294	22.2587433500039	41.1820210989187	3	2
3.06997504322526	28.9377855729263	47.5588458047965	2.75912088661784	26.2733645197946	45.3150571260327	1.60591419369882	26.5279000176712	44.5273924488207	3	2
3.40388290849944	31.7998066433613	49.9690393696153	3.06997504322526	28.9377855729263	47.5588458047965	1.87937920333404	28.7119358249963	48.3181921864917	3	2
3.71342731429825	34.4530014427831	52.2033740842808	3.40388290849944	31.7998066433613	49.9690393696153	1.87499427907985	31.8132929858537	50.5621647504562	3	2
4.29651978607973	39.4508559823291	56.4122169099149	3.71342731429825	34.4530014427831	52.2033740842808	2.86356518245739	33.5444429668522	53.5559799739165	3	2
-1.46505008737958	1.92373240267109	21.8672448648047	-1.18286939388426	5.93109860841204	26.392657890077	0.460803438592942	5.91865524824189	26.4838997256791	3	2
-1.18286939388426	5.93109860841204	26.392657890077	-1.91004159703485	8.73651779444944	31.010446138533	0.769160814927387	9.21684011050596	30.9512476509355	3	2
-1.91004159703485	8.73651779444944	31.010446138533	-0.866776490696316	12.6458105890347	32.9701351133371	1.15290587736026	12.5060302392154	33.7211730590934	3	2
-0.866776490696316	12.6458105890347	32.9701351133371	-1.44797347874632	14.4014084355301	37.9951167327524	1.57728341400604	16.1434930785595	36.784389335947	3	2
-1.44797347874632	14.4014084355301	37.9951167327524	-1.0194553971009	19.8046963929885	38.1195704279871	1.91157941840191	19.0088410018785	39.1973845431069	3	2
-1.0194553971009	19.8046963929885	38.1195704279871	-0.209266322650294	22.2587433500039	41.1820210989187	2.26516821396689	22.0395530288197	41.749637809028	3	2
-0.209266322650294	22.2587433500039	41.1820210989187	1.60591419369882	26.5279000176712	44.5273924488207	2.75912088661784	26.2733645197946	45.3150571260327	3	2
1.60591419369882	26.5279000176712	44.5273924488207	1.87937920333404	28.7119358249963	48.3181921864917	3.06997504322526	28.9377855729263	47.5588458047965	3	2
1.87937920333404	28.7119358249963	48.3181921864917	1.87499427907985	31.8132929858537	50.5621647504562	3.40388290849944	31.7998066433613	49.9690393696153	3	2
1.87499427907985	31.8132929858537	50.5621647504562	2.86356518245739	33.5444429668522	53.5559799739165	3.71342731429825	34.4530014427831	52.2033740842808	3	2
0.23953	-1.8413	25.174	0.910226671973974	-4.16573370796013	28.9637815546416	1.0031180317429	-2.60426032366556	25.2148544390631	4	2
0.910226671973974	-4.16573370796013	28.9637815546416	1.68374035833581	-6.58616781908536	33.1563003921917	1.50180501651932	-3.56372406718714	29.4187157445871	4	2
1.68374035833581	-6.58616781908536	33.1563003921917	2.72286081617004	-9.19083402591961	37.0169340532746	2.31169938559446	-4.55420335409201	33.8000087835372	4	2
2.72286081617004	-9.19083402591961	37.0169340532746	3.64345707032033	-11.4984066805097	40.4372159467202	4.00145843664678	-9.02646625852794	37.5815322926926	4	2
3.64345707032033	-11.4984066805097	40.4372159467202	4.76706618615431	-14.3148527158457	44.6117494589651	3.87886071301535	-11.2929500970148	40.7979004727322	4	2
4.76706618615431	-14.3148527158457	44.6117494589651	5.70093045020669	-16.6556830517406	48.0813258545615	6.61212842678903	-12.9768595433879	45.9998088376087	4	2
5.70093045020669	-16.6556830517406	48.0813258545615	6.56843204084282	-18.8301682718798	51.3043456850372	6.27307955328939	-16.1656651945648	48.5128056263824	4	2
6.56843204084282	-18.8301682718798	51.3043456850372	7.48543490338404	-21.1287337073151	54.7112770872104	8.69547576989846	-17.9140848358242	52.5845463227771	4	2
7.48543490338404	-21.1287337073151	54.7112770872104	8.42738984890069	-23.4898441988372	58.2109127093061	10.1838620675175	-20.8721853003339	56.1758637574836	4	2
8.42738984890069	-23.4898441988372	58.2109127093061	9.42342465679377	-25.9865116307891	61.9114706936776	10.4896565311972	-24.2750805295781	58.8640084419321	4	2
9.42342465679377	-25.9865116307891	61.9114706936776	10.6447437666731	-29.0478781829345	66.4490251523314	10.3163241487524	-24.5608521248548	62.8013394876012	4	2
1.50180501651932	-3.56372406718714	29.4187157445871	1.0031180317429	-2.60426032366556	25.2148544390631	0.910226671973974	-4.16573370796013	28.9637815546416	4	2
2.31169938559446	-4.55420335409201	33.8000087835372	1.50180501651932	-3.56372406718714	29.4187157445871	1.68374035833581	-6.58616781908536	33.1563003921917	4	2
4.00145843664678	-9.02646625852794	37.5815322926926	2.31169938559446	-4.55420335409201	33.8000087835372	2.72286081617004	-9.19083402591961	37.0169340532746	4	2
3.87886071301535	-11.2929500970148	40.7979004727322	4.00145843664678	-9.02646625852794	37.5815322926926	3.64345707032033	-11.4984066805097	40.4372159467202	4	2
6.61212842678903	-12.9768595433879	45.9998088376087	3.87886071301535	-11.2929500970148	40.7979004727322	4.76706618615431	-14.3148527158457	44.6117494589651	4	2
6.27307955328939	-16.1656651945648	48.5128056263824	6.61212842678903	-12.9768595433879	45.9998088376087	5.70093045020669	-16.6556830517406	48.0813258545615	4	2
8.69547576989846	-17.9140848358242	52.5845463227771	6.27307955328939	-16.1656651945648	48.5128056263824	6.56843204084282	-18.8301682718798	51.3043456850372	4	2
10.1838620675175	-20.8721853003339	56.1758637574836	8.69547576989846	-17.9140848358242	52.5845463227771	7.48543490338404	-21.1287337073151	54.7112770872104	4	2
10.4896565311972	-24.2750805295781	58.8640084419321	10.1838620675175	-20.8721853003339	56.1758637574836	8.42738984890069	-23.4898441988372	58.2109127093061	4	2
10.3163241487524	-24.5608521248548	62.8013394876012	10.4896565311972	-24.2750805295781	58.8640084419321	9.42342465679377	-25.9865116307891	61.9114706936776	4	2
0.910226671973974	-4.16573370796013	28.9637815546416	0.23953	-1.8413	25.174	-1.70754967765701	-2.04360378584596	24.968837537577	4	2
1.68374035833581	-6.58616781908536	33.1563003921917	0.910226671973974	-4.16573370796013	28.9637815546416	-1.20687547549088	-3.65225397049107	29.1238544408791	4	2
2.72286081617004	-9.19083402591961	37.0169340532746	1.68374035833581	-6.58616781908536	33.1563003921917	-1.63567062586362	-6.12163531083193	33.2215144761911	4	2
3.64345707032033	-11.4984066805097	40.4372159467202	2.72286081617004	-9.19083402591961	37.0169340532746	-0.327745730041427	-10.1734492795178	36.1570083668877	4	2
4.76706618615431	-14.3148527158457	44.6117494589651	3.64345707032033	-11.4984066805097	40.4372159467202	-0.661285229359634	-10.4415717534108	41.2299160603886	4	2
5.70093045020669	-16.6556830517406	48.0813258545615	4.76706618615431	-14.3148527158457	44.6117494589651	2.22793175801712	-14.3580441966438	43.692030104034	4	2
6.56843204084282	-18.8301682718798	51.3043456850372	5.70093045020669	-16.6556830517406	48.0813258545615	4.61069319006448	-16.1682944733833	47.7229373359334	4	2
7.48543490338404	-21.1287337073151	54.7112770872104	6.56843204084282	-18.8301682718798	51.3043456850372	6.0448424255097	-19.1768473498398	50.5631421086696	4	2
8.42738984890069	-23.4898441988372	58.2109127093061	7.48543490338404	-21.1287337073151	54.7112770872104	5.97585607561321	-21.1021750442373	53.6994681328314	4	2
9.42342465679377	-25.9865116307891	61.9114706936776	8.42738984890069	-23.4898441988372	58.2109127093061	7.28135162801092	-23.409813314403	57.5797378573067	4	2
10.6447437666731	-29.0478781829345	66.4490251523314	9.42342465679377	-25.9865116307891	61.9114706936776	8.80890421414927	-26.1121629212525	61.2752330189232	4	2
-1.70754967765701	-2.04360378584596	24.968837537577	-1.20687547549088	-3.65225397049107	29.1238544408791	0.910226671973974	-4.16573370796013	28.9637815546416	4	2
-1.20687547549088	-3.65225397049107	29.1238544408791	-1.63567062586362	-6.12163531083193	33.2215144761911	1.68374035833581	-6.58616781908536	33.1563003921917	4	2
-1.63567062586362	-6.12163531083193	33.2215144761911	-0.327745730041427	-10.1734492795178	36.1570083668877	2.72286081617004	-9.19083402591961	37.0169340532746	4	2
-0.327745730041427	-10.1734492795178	36.1570083668877	-0.661285229359634	-10.4415717534108	41.2299160603886	3.64345707032033	-11.4984066805097	40.4372159467202	4	2
-0.661285229359634	-10.4415717534108	41.2299160603886	2.22793175801712	-14.3580441966438	43.692030104034	4.76706618615431	-14.3148527158457	44.6117494589651	4	2
2.22793175801712	-14.3580441966438	43.692030104034	4.61069319006448	-16.1682944733833	47.7229373359334	5.70093045020669	-16.6556830517406	48.0813258545615	4	2
4.61069319006448	-16.1682944733833	47.7229373359334	6.0448424255097	-19.1768473498398	50.5631421086696	6.56843204084282	-18.8301682718798	51.3043456850372	4	2
6.0448424255097	-19.1768473498398	50.5631421086696	5.97585607561321	-21.1021750442373	53.6994681328314	7.48543490338404	-21.1287337073151	54.7112770872104	4	2
5.97585607561321	-21.1021750442373	53.6994681328314	7.28135162801092	-23.409813314403	57.5797378573067	8.42738984890069	-23.4898441988372	58.2109127093061	4	2
7.28135162801092	-23.409813314403	57.5797378573067	8.80890421414927	-26.1121629212525	61.2752330189232	9.42342465679377	-25.9865116307891	61.9114706936776	4	2
-0.096448	-0.21984	26.534	-0.773128616961308	1.44590479833754	29.8067526729871	0.795450169345612	1.11468230538077	25.9322071084973	5	2
-0.773128616961308	1.44590479833754	29.8067526729871	-1.62244735621783	3.53662268885464	33.9144662744228	2.14179646993672	3.15773254868703	29.2540416265027	5	2
-1.62244735621783	3.53662268885464	33.9144662744228	-2.50347820290439	5.70540440545429	38.1755548680723	0.0764684926533127	3.3848606753863	33.6734993633697	5	2
-2.50347820290439	5.70540440545429	38.1755548680723	-3.18866998533027	7.39210063825743	41.4894716276701	-1.44060552959322	5.70800897250858	38.6027211974556	5	2
-3.18866998533027	7.39210063825743	41.4894716276701	-3.95330154216567	9.27434908237996	45.1875973146756	-0.0430008715380044	8.21232413335501	41.4543768884166	5	2
-3.95330154216567	9.27434908237996	45.1875973146756	-5.10679175881704	12.1138279741333	50.7664303641024	-0.790074648798967	9.39177095300185	44.4183426183095	5	2
-5.10679175881704	12.1138279741333	50.7664303641024	-5.7441391900845	13.6827485871324	53.8489488477393	-3.17282343722362	11.1361876353095	50.1720883842814	5	2
2.14179646993672	3.15773254868703	29.2540416265027	0.795450169345612	1.11468230538077	25.9322071084973	-0.773128616961308	1.44590479833754	29.8067526729871	5	2
0.0764684926533127	3.3848606753863	33.6734993633697	2.14179646993672	3.15773254868703	29.2540416265027	-1.62244735621783	3.53662268885464	33.9144662744228	5	2
-1.44060552959322	5.70800897250858	38.6027211974556	0.0764684926533127	3.3848606753863	33.6734993633697	-2.50347820290439	5.70540440545429	38.1755548680723	5	2
-0.0430008715380044	8.21232413335501	41.4543768884166	-1.44060552959322	5.70800897250858	38.6027211974556	-3.18866998533027	7.39210063825743	41.4894716276701	5	2
-0.790074648798967	9.39177095300185	44.4183426183095	-0.0430008715380044	8.21232413335501	41.4543768884166	-3.95330154216567	9.27434908237996	45.1875973146756	5	2
-3.17282343722362	11.1361876353095	50.1720883842814	-0.790074648798967	9.39177095300185	44.4183426183095	-5.10679175881704	12.1138279741333	50.7664303641024	5	2
-0.773128616961308	1.44590479833754	29.8067526729871	-0.096448	-0.21984	26.534	-1.22075834262917	0.402145813434556	26.4586094982957	5	2
-1.62244735621783	3.53662268885464	33.9144662744228	-0.773128616961308	1.44590479833754	29.8067526729871	-2.7243673856825	-0.729201665902489	30.269658335364	5	2
-2.50347820290439	5.70540440545429	38.1755548680723	-1.62244735621783	3.53662268885464	33.9144662744228	-4.09647973206229	2.03949641315797	34.5869712393799	5	2
-3.18866998533027	7.39210063825743	41.4894716276701	-2.50347820290439	5.70540440545429	38.1755548680723	-5.00107978653236	4.28499032902972	38.585713070421	5	2
-3.95330154216567	9.27434908237996	45.1875973146756	-3.18866998533027	7.39210063825743	41.4894716276701	-4.79727414440771	4.97162485802597	42.4091340585173	5	2
-5.10679175881704	12.1138279741333	50.7664303641024	-3.95330154216567	9.27434908237996	45.1875973146756	-4.78451726242474	7.52504413093553	46.0383794391036	5	2
-5.7441391900845	13.6827485871324	53.8489488477393	-5.10679175881704	12.1138279741333	50.7664303641024	-5.77771786123639	11.9757180151036	50.7904598108124	5	2
-1.22075834262917	0.402145813434556	26.4586094982957	-2.7243673856825	-0.729201665902489	30.269658335364	-0.773128616961308	1.44590479833754	29.8067526729871	5	2
-2.7243673856825	-0.729201665902489	30.269658335364	-4.09647973206229	2.03949641315797	34.5869712393799	-1.62244735621783	3.53662268885464	33.9144662744228	5	2
-4.09647973206229	2.03949641315797	34.5869712393799	-5.00107978653236	4.28499032902972	38.585713070421	-2.50347820290439	5.70540440545429	38.1755548680723	5	2
-5.00107978653236	4.28499032902972	38.585713070421	-4.79727414440771	4.97162485802597	42.4091340585173	-3.18866998533027	7.39210063825743	41.4894716276701	5	2
-4.79727414440771	4.97162485802597	42.4091340585173	-4.78451726242474	7.52504413093553	46.0383794391036	-3.95330154216567	9.27434908237996	45.1875973146756	5	2
-4.78451726242474	7.52504413093553	46.0383794391036	-5.77771786123639	11.9757180151036	50.7904598108124	-5.10679175881704	12.1138279741333	50.7664303641024	5	2
0.66812	-1.503	30.237	0.575931456611204	-2.82659862396169	34.5058183392497	2.00817231087489	-0.932016912230074	30.6340204528731	6	2
0.575931456611204	-2.82659862396169	34.5058183392497	0.322583799312784	-4.4413377360403	38.5799120003435	1.99314747149032	-3.88772601012301	34.0423945510077	6	2
0.322583799312784	-4.4413377360403	38.5799120003435	0.0848418117517957	-5.95661239850084	42.403050271392	2.16200384828313	-4.69317927168301	39.0363325139831	6	2
0.0848418117517957	-5.95661239850084	42.403050271392	-0.189708732223687	-7.70649043695245	46.8181083887159	1.63417920649161	-3.33322065526721	43.3491737563529	6	2
-0.189708732223687	-7.70649043695245	46.8181083887159	-0.454224678926242	-9.39241186785798	51.0717997518444	0.909622406368136	-4.82894813857579	48.4068808169685	6	2
-0.454224678926242	-9.39241186785798	51.0717997518444	-0.740208770456818	-11.2151628770877	55.6707211979818	1.35498259138248	-7.92246092679496	52.6231083233188	6	2
-0.740208770456818	-11.2151628770877	55.6707211979818	-0.963208327817494	-12.6364750419062	59.2567858680005	0.284478248121922	-9.88584850863532	56.8579902592237	6	2
-0.963208327817494	-12.6364750419062	59.2567858680005	-1.43609642740636	-15.6504792690825	66.8613180333497	-0.254134333926311	-10.5410807582418	61.692379887367	6	2
-1.43609642740636	-15.6504792690825	66.8613180333497	-1.55365982320567	-16.3997824810018	68.7518596342079	-2.03854735042921	-14.6325993487723	67.9949733395068	6	2
1.99314747149032	-3.88772601012301	34.0423945510077	2.00817231087489	-0.932016912230074	30.6340204528731	0.575931456611204	-2.82659862396169	34.5058183392497	6	2
2.16200384828313	-4.69317927168301	39.0363325139831	1.99314747149032	-3.88772601012301	34.0423945510077	0.322583799312784	-4.4413377360403	38.5799120003435	6	2
1.63417920649161	-3.33322065526721	43.3491737563529	2.16200384828313	-4.69317927168301	39.0363325139831	0.0848418117517957	-5.95661239850084	42.403050271392	6	2
0.909622406368136	-4.82894813857579	48.4068808169685	1.63417920649161	-3.33322065526721	43.3491737563529	-0.189708732223687	-7.70649043695245	46.8181083887159	6	2
1.35498259138248	-7.92246092679496	52.6231083233188	0.909622406368136	-4.82894813857579	48.4068808169685	-0.454224678926242	-9.39241186785798	51.0717997518444	6	2
0.284478248121922	-9.88584850863532	56.8579902592237	1.35498259138248	-7.92246092679496	52.6231083233188	-0.740208770456818	-11.2151628770877	55.6707211979818	6	2
-0.254134333926311	-10.5410807582418	61.692379887367	0.284478248121922	-9.88584850863532	56.8579902592237	-0.963208327817494	-12.6364750419062	59.2567858680005	6	2
-2.03854735042921	-14.6325993487723	67.9949733395068	-0.254134333926311	-10.5410807582418	61.692379887367	-1.43609642740636	-15.6504792690825	66.8613180333497	6	2
0.575931456611204	-2.82659862396169	34.5058183392497	0.66812	-1.503	30.237	-2.94265292447296	-1.16543669355909	30.6157462982495	6	2
0.322583799312784	-4.4413377360403	38.5799120003435	0.575931456611204	-2.82659862396169	34.5058183392497	-1.46309500128868	-2.14878000348248	34.7733343606688	6	2
0.0848418117517957	-5.95661239850084	42.403050271392	0.322583799312784	-4.4413377360403	38.5799120003435	-2.96755897090522	-4.21079138733243	38.4838761238199	6	2
-0.189708732223687	-7.70649043695245	46.8181083887159	0.0848418117517957	-5.95661239850084	42.403050271392	-3.72596791813086	-6.14757650347965	41.2055902748822	6	2
-0.454224678926242	-9.39241186785798	51.0717997518444	-0.189708732223687	-7.70649043695245	46.8181083887159	-3.30284473836432	-7.91051227732875	45.3950211018919	6	2
-0.740208770456818	-11.2151628770877	55.6707211979818	-0.454224678926242	-9.39241186785798	51.0717997518444	-2.94675015533448	-8.1365722061024	49.7570112456893	6	2
-0.963208327817494	-12.6364750419062	59.2567858680005	-0.740208770456818	-11.2151628770877	55.6707211979818	-2.27217041535118	-10.9904324678069	54.3961031682502	6	2
-1.43609642740636	-15.6504792690825	66.8613180333497	-0.963208327817494	-12.6364750419062	59.2567858680005	-1.23432688464184	-12.4245897346322	58.2804520599682	6	2
-1.55365982320567	-16.3997824810018	68.7518596342079	-1.43609642740636	-15.6504792690825	66.8613180333497	-2.39877556519022	-14.3817097279746	66.2447205801985	6	2
-2.94265292447296	-1.16543669355909	30.6157462982495	-1.46309500128868	-2.14878000348248	34.7733343606688	0.575931456611204	-2.82659862396169	34.5058183392497	6	2
-1.46309500128868	-2.14878000348248	34.7733343606688	-2.96755897090522	-4.21079138733243	38.4838761238199	0.322583799312784	-4.4413377360403	38.5799120003435	6	2
-2.96755897090522	-4.21079138733243	38.4838761238199	-3.72596791813086	-6.14757650347965	41.2055902748822	0.0848418117517957	-5.95661239850084	42.403050271392	6	2
-3.72596791813086	-6.14757650347965	41.2055902748822	-3.30284473836432	-7.91051227732875	45.3950211018919	-0.189708732223687	-7.70649043695245	46.8181083887159	6	2
-3.30284473836432	-7.91051227732875	45.3950211018919	-2.94675015533448	-8.1365722061024	49.7570112456893	-0.454224678926242	-9.39241186785798	51.0717997518444	6	2
-2.94675015533448	-8.1365722061024	49.7570112456893	-2.27217041535118	-10.9904324678069	54.3961031682502	-0.740208770456818	-11.2151628770877	55.6707211979818	6	2
-2.27217041535118	-10.9904324678069	54.3961031682502	-1.23432688464184	-12.4245897346322	58.2804520599682	-0.963208327817494	-12.6364750419062	59.2567858680005	6	2
-1.23432688464184	-12.4245897346322	58.2804520599682	-2.39877556519022	-14.3817097279746	66.2447205801985	-1.43609642740636	-15.6504792690825	66.8613180333497	6	2
0.48025	-0.065238	32.487	0.48025	-0.0652379999999998	36.5079518069164	0.89608979090416	-0.034704529059744	32.5882347008546	7	2
0.48025	-0.0652379999999998	36.5079518069164	0.48025	-0.065238	41.1136476283965	2.29652576765665	0.904610640369078	35.568272464695	7	2
2.29652576765665	0.904610640369078	35.568272464695	0.89608979090416	-0.034704529059744	32.5882347008546	0.48025	-0.0652379999999998	36.5079518069164	7	2
0.48025	-0.0652379999999998	36.5079518069164	0.48025	-0.065238	32.487	-3.54086856736165	-1.454845237716	33.2821715025393	7	2
0.48025	-0.065238	41.1136476283965	0.48025	-0.0652379999999998	36.5079518069164	-1.38131788472932	0.253580969065893	37.5368504975114	7	2
-3.54086856736165	-1.454845237716	33.2821715025393	-1.38131788472932	0.253580969065893	37.5368504975114	0.48025	-0.0652379999999998	36.5079518069164	7	2
1.6541	2.9057	32.832	1.99374743898229	5.60180198099661	37.2397128587578	3.00687397701294	2.73912485451522	32.8405169256971	8	2
1.99374743898229	5.60180198099661	37.2397128587578	3.3661569956363	7.95639921374095	41.3141927581262	3.54525168893967	3.22631182688152	37.7844290601567	8	2
3.3661569956363	7.95639921374095	41.3141927581262	4.39412573810975	9.72005084720584	44.3660790977979	6.03579255296434	6.57377643017742	42.1660055599911	8	2
4.39412573810975	9.72005084720584	44.3660790977979	6.12653593719584	12.6922891568044	49.5093473732291	6.96002735070877	8.45639437440349	45.9408973867463	8	2
6.12653593719584	12.6922891568044	49.5093473732291	7.27970444000938	14.670741836945	52.9329331844164	8.00789520252543	11.4999463348178	51.2925420764557	8	2
7.27970444000938	14.670741836945	52.9329331844164	8.60714124158382	16.9481808160574	56.8738956613052	9.67018133104695	14.1663911421928	55.2365771282841	8	2
8.60714124158382	16.9481808160574	56.8738956613052	10.1119437273459	19.529920174854	61.341430480653	10.4652416551816	16.3596657558054	58.3373596604675	8	2
10.1119437273459	19.529920174854	61.341430480653	11.2961649256729	21.5616489274109	64.8572071273509	10.9958332003533	18.245344081423	62.976040727682	8	2
11.2961649256729	21.5616489274109	64.8572071273509	12.276607764708	23.2437619558893	67.7679961267131	12.0356665264639	20.6056785606162	65.1658169785187	8	2
3.54525168893967	3.22631182688152	37.7844290601567	3.00687397701294	2.73912485451522	32.8405169256971	1.99374743898229	5.60180198099661	37.2397128587578	8	2
6.03579255296434	6.57377643017742	42.1660055599911	3.54525168893967	3.22631182688152	37.7844290601567	3.3661569956363	7.95639921374095	41.3141927581262	8	2
6.96002735070877	8.45639437440349	45.9408973867463	6.03579255296434	6.57377643017742	42.1660055599911	4.39412573810975	9.72005084720584	44.3660790977979	8	2
8.00789520252543	11.4999463348178	51.2925420764557	6.96002735070877	8.45639437440349	45.9408973867463	6.12653593719584	12.6922891568044	49.5093473732291	8	2
9.67018133104695	14.1663911421928	55.2365771282841	8.00789520252543	11.4999463348178	51.2925420764557	7.27970444000938	14.670741836945	52.9329331844164	8	2
10.4652416551816	16.3596657558054	58.3373596604675	9.67018133104695	14.1663911421928	55.2365771282841	8.60714124158382	16.9481808160574	56.8738956613052	8	2
10.9958332003533	18.245344081423	62.976040727682	10.4652416551816	16.3596657558054	58.3373596604675	10.1119437273459	19.529920174854	61.341430480653	8	2
12.0356665264639	20.6056785606162	65.1658169785187	10.9958332003533	18.245344081423	62.976040727682	11.2961649256729	21.5616489274109	64.8572071273509	8	2
1.99374743898229	5.60180198099661	37.2397128587578	1.6541	2.9057	32.832	0.442242615227412	0.754758543682883	34.1965285129189	8	2
3.3661569956363	7.95639921374095	41.3141927581262	1.99374743898229	5.60180198099661	37.2397128587578	-0.438188449589013	5.47977638775919	37.3099216286797	8	2
4.39412573810975	9.72005084720584	44.3660790977979	3.3661569956363	7.95639921374095	41.3141927581262	0.824129219551933	8.57722745950921	40.7426856935401	8	2
6.12653593719584	12.6922891568044	49.5093473732291	4.39412573810975	9.72005084720584	44.3660790977979	0.727490621966113	9.94379743595463	43.4208913113842	8	2
7.27970444000938	14.670741836945	52.9329331844164	6.12653593719584	12.6922891568044	49.5093473732291	2.98169019890356	12.6640218648985	48.0145480279813	8	2
8.60714124158382	16.9481808160574	56.8738956613052	7.27970444000938	14.670741836945	52.9329331844164	5.51691814184936	15.3732715500818	50.8663260231061	8	2
10.1119437273459	19.529920174854	61.341430480653	8.60714124158382	16.9481808160574	56.8738956613052	6.2642237914927	17.0515411536383	55.2571613904141	8	2
11.2961649256729	21.5616489274109	64.8572071273509	10.1119437273459	19.529920174854	61.341430480653	8.86511119469396	19.3035926513763	61.5656479813907	8	2
12.276607764708	23.2437619558893	67.7679961267131	11.2961649256729	21.5616489274109	64.8572071273509	10.8553996873228	21.6943897126468	65.3853783955936	8	2
0.442242615227412	0.754758543682883	34.1965285129189	-0.438188449589013	5.47977638775919	37.3099216286797	1.99374743898229	5.60180198099661	37.2397128587578	8	2
-0.438188449589013	5.47977638775919	37.3099216286797	0.824129219551933	8.57722745950921	40.7426856935401	3.3661569956363	7.95639921374095	41.3141927581262	8	2
0.824129219551933	8.57722745950921	40.7426856935401	0.727490621966113	9.94379743595463	43.4208913113842	4.39412573810975	9.72005084720584	44.3660790977979	8	2
0.727490621966113	9.94379743595463	43.4208913113842	2.98169019890356	12.6640218648985	48.0145480279813	6.12653593719584	12.6922891568044	49.5093473732291	8	2
2.98169019890356	12.6640218648985	48.0145480279813	5.51691814184936	15.3732715500818	50.8663260231061	7.27970444000938	14.670741836945	52.9329331844164	8	2
5.51691814184936	15.3732715500818	50.8663260231061	6.2642237914927	17.0515411536383	55.2571613904141	8.60714124158382	16.9481808160574	56.8738956613052	8	2
6.2642237914927	17.0515411536383	55.2571613904141	8.86511119469396	19.3035926513763	61.5656479813907	10.1119437273459	19.529920174854	61.341430480653	8	2
8.86511119469396	19.3035926513763	61.5656479813907	10.8553996873228	21.6943897126468	65.3853783955936	11.2961649256729	21.5616489274109	64.8572071273509	8	2
