-0.3475	-0.70784	0.031499	-0.41155	-0.34074	1.0263	-0.22515	-0.60134	1.8261	0	0
-0.41155	-0.34074	0	-0.087748	-0.21784	1.0423	-0.37868	0.45443	1.0936	0	0
-0.41155	-0.34074	0	-0.087748	-0.21784	1.0423	-0.1292	-0.21974	1.7978	0	0
-0.41155	-0.34074	0	-0.37868	0.45443	1.0936	-0.36431	0.45368	1.7658	0	0
-0.41155	-0.34074	0	-0.22515	-0.60134	1.8261	-0.1292	-0.21974	1.7978	0	0
-0.087748	-0.21784	0.015999	-0.37868	0.45443	1.0936	0.077885	0.65153	1.042	0	0
-0.087748	-0.21784	0.015999	0.077885	0.65153	1.042	0.58995	0.54246	1.7331	0	0
-0.087748	-0.21784	0.015999	-0.1292	-0.21974	1.7978	0.58995	0.54246	1.7331	0	0
-0.37868	0.45443	0.0673	0.077885	0.65153	1.042	0.090202	1.1281	1.0615	0	0
-0.37868	0.45443	0.0673	-0.36431	0.45368	1.7658	-0.23335	1.161	2.1406	0	0
-0.37868	0.45443	0.0673	0.090202	1.1281	1.0615	-0.23335	1.161	2.1406	0	0
-0.22515	-0.60134	0.79975	-0.1292	-0.21974	1.7978	0.21832	-0.029304	2.3827	0	0
-0.22515	-0.60134	0.79975	-0.15305	-0.60444	2.5182	0.21832	-0.029304	2.3827	0	0
0.077885	0.65153	0.015633	0.090202	1.1281	1.0615	0.65045	1.0875	1.0299	0	0
0.077885	0.65153	0.015633	0.65045	1.0875	1.0299	0.58995	0.54246	1.7331	0	0
-0.1292	-0.21974	0.77145	-0.36431	0.45368	1.7658	-0.53225	-0.15794	2.129	0	0
-0.1292	-0.21974	0.77145	-0.36431	0.45368	1.7658	0.17911	0.61674	1.8577	0	0
-0.1292	-0.21974	0.77145	-0.53225	-0.15794	2.129	-0.15305	-0.60444	2.5182	0	0
-0.1292	-0.21974	0.77145	0.58995	0.54246	1.7331	0.21832	-0.029304	2.3827	0	0
-0.36431	0.45368	0.7395	-0.53225	-0.15794	2.129	-0.33152	0.41281	2.5918	0	0
-0.36431	0.45368	0.7395	-0.33152	0.41281	2.5918	-0.23335	1.161	2.1406	0	0
0.090202	1.1281	0.03515	0.65045	1.0875	1.0299	0.2262	1.2084	1.817	0	0
0.090202	1.1281	0.03515	0.2262	1.2084	1.817	-0.23335	1.161	2.1406	0	0
-0.53225	-0.15794	1.1027	-0.33152	0.41281	2.5918	-0.13415	-0.24834	3.0499	0	0
0.65045	1.0875	0.003549	0.58995	0.54246	1.7331	0.65255	1.1118	1.7913	0	0
0.65045	1.0875	0.003549	0.2262	1.2084	1.817	0.65255	1.1118	1.7913	0	0
0.58995	0.54246	0.7068	0.17911	0.61674	1.8577	0.21832	-0.029304	2.3827	0	0
0.58995	0.54246	0.7068	0.17911	0.61674	1.8577	0.65255	1.1118	1.7913	0	0
0.17911	0.61674	0.83138	0.21832	-0.029304	2.3827	0.1928	0.65786	2.5434	0	0
0.17911	0.61674	0.83138	0.2262	1.2084	1.817	0.65255	1.1118	1.7913	0	0
0.17911	0.61674	0.83138	0.2262	1.2084	1.817	-0.23335	1.161	2.1406	0	0
0.17911	0.61674	0.83138	0.1928	0.65786	2.5434	-0.23335	1.161	2.1406	0	0
-0.15305	-0.60444	1.4919	0.21832	-0.029304	2.3827	-0.13415	-0.24834	3.0499	0	0
-0.15305	-0.60444	1.4919	-0.13415	-0.24834	3.0499	-0.20925	-0.38654	3.2845	0	0
0.21832	-0.029304	1.3563	0.1928	0.65786	2.5434	0.019302	0.37346	3.2258	0	0
0.21832	-0.029304	1.3563	-0.13415	-0.24834	3.0499	0.019302	0.37346	3.2258	0	0
-0.33152	0.41281	1.5654	0.019302	0.37346	3.2258	-0.19325	0.5944	3.2322	0	0
-0.33152	0.41281	1.5654	-0.19325	0.5944	3.2322	-0.24735	1.2865	3.1824	0	0
-0.33152	0.41281	1.5654	-0.23335	1.161	2.1406	-0.24735	1.2865	3.1824	0	0
0.1928	0.65786	1.5171	0.19635	1.1336	2.5602	0.59565	1.1524	2.462	0	0
0.1928	0.65786	1.5171	0.19635	1.1336	2.5602	-0.23335	1.161	2.1406	0	0
0.1928	0.65786	1.5171	0.59565	1.1524	2.462	0.58445	0.89706	3.0215	0	0
0.1928	0.65786	1.5171	0.019302	0.37346	3.2258	0.58445	0.89706	3.0215	0	0
-0.13415	-0.24834	2.0236	-0.20925	-0.38654	3.2845	0.019302	0.37346	3.2258	0	0
0.19635	1.1336	1.5339	0.58445	0.89706	3.0215	0.088202	1.1438	3.2618	0	0
0.19635	1.1336	1.5339	0.088202	1.1438	3.2618	-0.24735	1.2865	3.1824	0	0
0.19635	1.1336	1.5339	-0.23335	1.161	2.1406	-0.24735	1.2865	3.1824	0	0
-0.20925	-0.38654	2.2582	0.019302	0.37346	3.2258	-0.16545	-0.28084	4.0561	0	0
-0.20925	-0.38654	2.2582	-0.35048	-0.63784	3.8856	-0.16545	-0.28084	4.0561	0	0
0.019302	0.37346	2.1995	-0.19325	0.5944	3.2322	0.19198	0.45409	3.8968	0	0
0.019302	0.37346	2.1995	0.58445	0.89706	3.0215	0.5727	0.89226	3.8548	0	0
0.019302	0.37346	2.1995	-0.16545	-0.28084	4.0561	0.19198	0.45409	3.8968	0	0
-0.19325	0.5944	2.2059	0.19198	0.45409	3.8968	-0.17965	0.74516	4.0608	0	0
-0.19325	0.5944	2.2059	-0.24735	1.2865	3.1824	-0.17965	0.74516	4.0608	0	0
0.58445	0.89706	1.9952	0.088202	1.1438	3.2618	0.5727	0.89226	3.8548	0	0
0.088202	1.1438	2.2354	-0.24735	1.2865	3.1824	0.11245	1.1443	4.0705	0	0
0.088202	1.1438	2.2354	0.5727	0.89226	3.8548	0.11245	1.1443	4.0705	0	0
-0.35048	-0.63784	2.8592	-0.16545	-0.28084	4.0561	-0.2666	-0.57164	4.7374	0	0
-0.16545	-0.28084	3.0298	0.19198	0.45409	3.8968	0.12835	-0.030738	4.352	0	0
-0.16545	-0.28084	3.0298	0.12835	-0.030738	4.352	-0.15805	-0.24374	4.5619	0	0
-0.16545	-0.28084	3.0298	-0.15805	-0.24374	4.5619	-0.2666	-0.57164	4.7374	0	0
0.19198	0.45409	2.8704	0.5727	0.89226	3.8548	0.2311	0.63296	4.6118	0	0
0.19198	0.45409	2.8704	-0.17965	0.74516	4.0608	-0.1763	0.49556	4.57	0	0
0.19198	0.45409	2.8704	0.12835	-0.030738	4.352	0.2311	0.63296	4.6118	0	0
-0.24735	1.2865	2.1561	-0.17965	0.74516	4.0608	-0.41335	1.134	4.6148	0	0
-0.24735	1.2865	2.1561	0.11245	1.1443	4.0705	-0.41335	1.134	4.6148	0	0
0.5727	0.89226	2.8285	0.11245	1.1443	4.0705	0.23795	1.2918	4.5479	0	0
0.5727	0.89226	2.8285	0.2311	0.63296	4.6118	0.60185	0.89616	4.6843	0	0
0.5727	0.89226	2.8285	0.23795	1.2918	4.5479	0.60185	0.89616	4.6843	0	0
-0.17965	0.74516	3.0345	-0.1763	0.49556	4.57	-0.41335	1.134	4.6148	0	0
0.12835	-0.030738	3.3257	-0.1763	0.49556	4.57	-0.15805	-0.24374	4.5619	0	0
0.12835	-0.030738	3.3257	0.2311	0.63296	4.6118	-0.13315	-0.26594	5.0635	0	0
0.11245	1.1443	3.0442	-0.41335	1.134	4.6148	0.23795	1.2918	4.5479	0	0
-0.1763	0.49556	3.5437	-0.15805	-0.24374	4.5619	-0.13315	-0.26594	5.0635	0	0
-0.1763	0.49556	3.5437	-0.13315	-0.26594	5.0635	-0.39075	0.5507	5.3515	0	0
-0.1763	0.49556	3.5437	-0.41335	1.134	4.6148	-0.39075	0.5507	5.3515	0	0
-0.15805	-0.24374	3.5356	-0.2666	-0.57164	4.7374	-0.13315	-0.26594	5.0635	0	0
-0.2666	-0.57164	3.7111	-0.13315	-0.26594	5.0635	-0.40125	-0.59064	5.3859	0	0
0.2311	0.63296	3.5854	-0.13315	-0.26594	5.0635	0.035852	0.38686	5.6041	0	0
0.2311	0.63296	3.5854	0.035852	0.38686	5.6041	0.60185	0.89616	4.6843	0	0
-0.13315	-0.26594	4.0372	-0.36955	-0.2854	5.3799	-0.40125	-0.59064	5.3859	0	0
-0.13315	-0.26594	4.0372	-0.36955	-0.2854	5.3799	0.035852	0.38686	5.6041	0	0
-0.41335	1.134	3.5884	0.23795	1.2918	4.5479	-0.40672	1.1238	5.295	0	0
-0.41335	1.134	3.5884	-0.39075	0.5507	5.3515	-0.40672	1.1238	5.295	0	0
0.23795	1.2918	3.5216	0.2735	1.0969	5.3112	0.60185	0.89616	4.6843	0	0
0.23795	1.2918	3.5216	0.2735	1.0969	5.3112	-0.40672	1.1238	5.295	0	0
-0.36955	-0.2854	4.3535	-0.40125	-0.59064	5.3859	-0.32761	-0.32944	6.058	0	0
-0.36955	-0.2854	4.3535	0.035852	0.38686	5.6041	-0.32761	-0.32944	6.058	0	0
-0.40125	-0.59064	4.3596	-0.32761	-0.32944	6.058	-0.45215	-0.71554	6.0998	0	0
-0.39075	0.5507	4.3252	0.035852	0.38686	5.6041	0.2735	1.0969	5.3112	0	0
-0.39075	0.5507	4.3252	0.2735	1.0969	5.3112	-0.40672	1.1238	5.295	0	0
0.035852	0.38686	4.5778	0.2735	1.0969	5.3112	0.32645	1.112	6.0266	0	0
0.035852	0.38686	4.5778	-0.32761	-0.32944	6.058	-0.1037	0.50781	6.0765	0	0
0.035852	0.38686	4.5778	0.32645	1.112	6.0266	-0.1037	0.50781	6.0765	0	0
0.2735	1.0969	4.2849	0.60185	0.89616	4.6843	0.32645	1.112	6.0266	0	0
-0.32761	-0.32944	5.0317	-0.45215	-0.71554	6.0998	-0.3167	-0.29826	6.6523	0	0
-0.32761	-0.32944	5.0317	-0.1037	0.50781	6.0765	-0.3167	-0.29826	6.6523	0	0
0.32645	1.112	5.0003	-0.1037	0.50781	6.0765	0.30095	1.1021	6.8031	0	0
-0.45215	-0.71554	5.0735	-0.3167	-0.29826	6.6523	-0.59195	-0.91369	6.7385	0	0
-0.1037	0.50781	5.0502	-0.3167	-0.29826	6.6523	-0.13598	0.39563	6.7364	0	0
-0.1037	0.50781	5.0502	-0.13598	0.39563	6.7364	0.30095	1.1021	6.8031	0	0
-0.3167	-0.29826	5.6259	-0.13598	0.39563	6.7364	-0.42788	-0.25034	7.4039	0	0
-0.3167	-0.29826	5.6259	-0.59195	-0.91369	6.7385	-0.42788	-0.25034	7.4039	0	0
-0.13598	0.39563	5.7101	0.30095	1.1021	6.8031	-0.11615	0.77816	7.5529	0	0
-0.13598	0.39563	5.7101	-0.42788	-0.25034	7.4039	-0.11615	0.77816	7.5529	0	0
-0.59195	-0.91369	5.7121	-0.42788	-0.25034	7.4039	-0.56585	-0.73734	7.548	0	0
-0.59195	-0.91369	5.7121	-0.94701	-1.0701	7.415	-0.56585	-0.73734	7.548	0	0
0.30095	1.1021	5.7767	-0.11615	0.77816	7.5529	0.2734	1.0952	7.5373	0	0
-0.42788	-0.25034	6.3776	-0.56585	-0.73734	7.548	-0.4124	-0.22374	8.0443	0	0
-0.42788	-0.25034	6.3776	-0.54988	0.3956	7.5862	-0.11615	0.77816	7.5529	0	0
-0.42788	-0.25034	6.3776	-0.54988	0.3956	7.5862	-0.4124	-0.22374	8.0443	0	0
-0.94701	-1.0701	6.3887	-0.56585	-0.73734	7.548	-0.62795	-0.78214	8.0021	0	0
-0.94701	-1.0701	6.3887	-0.62795	-0.78214	8.0021	-1.0538	-0.90764	8.1021	0	0
-0.56585	-0.73734	6.5217	-0.4124	-0.22374	8.0443	-0.62795	-0.78214	8.0021	0	0
-0.54988	0.3956	6.5599	-0.11615	0.77816	7.5529	-0.51378	1.1669	7.4114	0	0
-0.54988	0.3956	6.5599	-0.51378	1.1669	7.4114	-0.4791	1.2056	8.0208	0	0
-0.54988	0.3956	6.5599	-0.4124	-0.22374	8.0443	-0.4438	0.46864	8.0486	0	0
-0.54988	0.3956	6.5599	-0.4438	0.46864	8.0486	-0.4791	1.2056	8.0208	0	0
-0.11615	0.77816	6.5266	-0.51378	1.1669	7.4114	0.2734	1.0952	7.5373	0	0
-0.51378	1.1669	6.385	0.2734	1.0952	7.5373	0.026352	1.5502	7.4657	0	0
-0.51378	1.1669	6.385	0.026352	1.5502	7.4657	-0.28695	1.5502	7.7489	0	0
-0.51378	1.1669	6.385	-0.28695	1.5502	7.7489	-0.4791	1.2056	8.0208	0	0
0.2734	1.0952	6.511	-0.4124	-0.22374	8.0443	0.2581	1.0921	8.0847	0	0
0.2734	1.0952	6.511	0.026352	1.5502	7.4657	0.2581	1.0921	8.0847	0	0
-0.4124	-0.22374	7.0179	-0.62795	-0.78214	8.0021	-0.89135	-0.40644	8.3197	0	0
-0.4124	-0.22374	7.0179	-0.4438	0.46864	8.0486	-0.89135	-0.40644	8.3197	0	0
-0.4124	-0.22374	7.0179	0.2581	1.0921	8.0847	0.18565	0.81736	8.7878	0	0
-0.4124	-0.22374	7.0179	0.18565	0.81736	8.7878	-0.4245	-0.22426	8.8192	0	0
-0.62795	-0.78214	6.9758	-1.0538	-0.90764	8.1021	-0.89135	-0.40644	8.3197	0	0
-0.4438	0.46864	7.0223	-0.4791	1.2056	8.0208	-0.46324	0.48506	8.815	0	0
-0.4438	0.46864	7.0223	-0.89135	-0.40644	8.3197	-0.46324	0.48506	8.815	0	0
-1.0538	-0.90764	7.0758	-0.89135	-0.40644	8.3197	-0.54655	-0.74849	8.802	0	0
-1.0538	-0.90764	7.0758	-0.54655	-0.74849	8.802	-0.85995	-1.0273	9.7054	0	0
0.026352	1.5502	6.4394	-0.28695	1.5502	7.7489	-0.034448	1.5586	8.1141	0	0
0.026352	1.5502	6.4394	0.2581	1.0921	8.0847	-0.034448	1.5586	8.1141	0	0
-0.28695	1.5502	6.7226	-0.31265	1.5695	7.8874	-0.4791	1.2056	8.0208	0	0
-0.28695	1.5502	6.7226	-0.31265	1.5695	7.8874	-0.034448	1.5586	8.1141	0	0
0.2581	1.0921	7.0584	-0.034448	1.5586	8.1141	0.038052	1.586	8.4944	0	0
0.2581	1.0921	7.0584	0.038052	1.586	8.4944	0.15865	1.3202	8.8175	0	0
0.2581	1.0921	7.0584	0.18565	0.81736	8.7878	0.15865	1.3202	8.8175	0	0
-0.31265	1.5695	6.8611	-0.4791	1.2056	8.0208	-0.16725	1.5609	8.5345	0	0
-0.31265	1.5695	6.8611	-0.034448	1.5586	8.1141	-0.16725	1.5609	8.5345	0	0
-0.4791	1.2056	6.9945	-0.16725	1.5609	8.5345	-0.43757	1.192	8.8144	0	0
-0.4791	1.2056	6.9945	-0.46324	0.48506	8.815	-0.43757	1.192	8.8144	0	0
-0.89135	-0.40644	7.2934	-0.54655	-0.74849	8.802	-0.4245	-0.22426	8.8192	0	0
-0.89135	-0.40644	7.2934	-0.4245	-0.22426	8.8192	-0.46324	0.48506	8.815	0	0
-0.034448	1.5586	7.0878	0.038052	1.586	8.4944	-0.16725	1.5609	8.5345	0	0
0.038052	1.586	7.4681	-0.16725	1.5609	8.5345	-0.2822	1.5457	9.3801	0	0
0.038052	1.586	7.4681	0.15865	1.3202	8.8175	-0.2822	1.5457	9.3801	0	0
-0.16725	1.5609	7.5082	-0.43757	1.192	8.8144	-0.2822	1.5457	9.3801	0	0
0.18565	0.81736	7.7615	-0.4245	-0.22426	8.8192	0.099852	0.53146	9.6678	0	0
0.18565	0.81736	7.7615	0.15865	1.3202	8.8175	0.1686	1.0787	9.5365	0	0
0.18565	0.81736	7.7615	0.1686	1.0787	9.5365	0.099852	0.53146	9.6678	0	0
-0.54655	-0.74849	7.7756	-0.4245	-0.22426	8.8192	-0.54215	-0.73694	9.5497	0	0
-0.54655	-0.74849	7.7756	-0.54215	-0.73694	9.5497	-0.85995	-1.0273	9.7054	0	0
-0.4245	-0.22426	7.7929	-0.54215	-0.73694	9.5497	-0.40325	-0.23239	9.5557	0	0
-0.4245	-0.22426	7.7929	-0.40325	-0.23239	9.5557	0.099852	0.53146	9.6678	0	0
-0.46324	0.48506	7.7886	-0.43757	1.192	8.8144	-0.50717	0.49754	9.5691	0	0
-0.46324	0.48506	7.7886	-0.40325	-0.23239	9.5557	-0.50717	0.49754	9.5691	0	0
-0.43757	1.192	7.7881	-0.2822	1.5457	9.3801	-0.4315	1.1788	9.5592	0	0
-0.43757	1.192	7.7881	-0.50717	0.49754	9.5691	-0.4315	1.1788	9.5592	0	0
0.15865	1.3202	7.7912	-0.2822	1.5457	9.3801	0.1686	1.0787	9.5365	0	0
-0.54215	-0.73694	8.5234	-0.40325	-0.23239	9.5557	-0.39457	-0.35364	10.274	0	0
-0.54215	-0.73694	8.5234	-0.85995	-1.0273	9.7054	-0.65628	-0.8273	10.225	0	0
-0.54215	-0.73694	8.5234	-0.65628	-0.8273	10.225	-0.39457	-0.35364	10.274	0	0
-0.40325	-0.23239	8.5294	-0.50717	0.49754	9.5691	-0.50472	0.53016	10.263	0	0
-0.40325	-0.23239	8.5294	-0.39457	-0.35364	10.274	-0.50472	0.53016	10.263	0	0
-0.2822	1.5457	8.3537	0.1686	1.0787	9.5365	-0.016698	1.5936	10.331	0	0
-0.2822	1.5457	8.3537	-0.4315	1.1788	9.5592	-0.25145	1.5798	10.313	0	0
-0.2822	1.5457	8.3537	-0.25145	1.5798	10.313	-0.016698	1.5936	10.331	0	0
0.1686	1.0787	8.5102	0.099852	0.53146	9.6678	0.23665	0.83626	10.139	0	0
0.1686	1.0787	8.5102	0.23665	0.83626	10.139	0.10795	1.333	10.31	0	0
0.1686	1.0787	8.5102	-0.016698	1.5936	10.331	0.10795	1.333	10.31	0	0
-0.50717	0.49754	8.5427	-0.4315	1.1788	9.5592	-0.50472	0.53016	10.263	0	0
0.099852	0.53146	8.6415	-0.39457	-0.35364	10.274	0.23665	0.83626	10.139	0	0
-0.65628	-0.8273	9.1986	-0.39457	-0.35364	10.274	-0.42485	-0.68119	11.11	0	0
-0.39457	-0.35364	9.2478	0.23665	0.83626	10.139	0.17135	0.54336	11.136	0	0
-0.39457	-0.35364	9.2478	-0.50472	0.53016	10.263	-0.35848	-0.20897	10.899	0	0
-0.39457	-0.35364	9.2478	-0.35848	-0.20897	10.899	-0.42485	-0.68119	11.11	0	0
-0.4315	1.1788	8.5329	-0.50472	0.53016	10.263	-0.4806	1.1799	10.32	0	0
-0.4315	1.1788	8.5329	-0.4806	1.1799	10.32	-0.25145	1.5798	10.313	0	0
0.23665	0.83626	9.1124	0.10795	1.333	10.31	0.21739	1.0475	10.913	0	0
0.23665	0.83626	9.1124	0.21739	1.0475	10.913	0.17135	0.54336	11.136	0	0
-0.50472	0.53016	9.2364	-0.4806	1.1799	10.32	-0.40839	0.43862	10.972	0	0
-0.50472	0.53016	9.2364	-0.35848	-0.20897	10.899	-0.40839	0.43862	10.972	0	0
-0.4806	1.1799	9.2938	-0.25145	1.5798	10.313	-0.36515	1.6128	11.053	0	0
-0.4806	1.1799	9.2938	-0.36515	1.6128	11.053	-0.52258	1.2767	11.081	0	0
-0.4806	1.1799	9.2938	-0.52258	1.2767	11.081	-0.40839	0.43862	10.972	0	0
-0.35848	-0.20897	9.8729	-0.40839	0.43862	10.972	-0.3805	-0.25454	11.548	0	0
-0.35848	-0.20897	9.8729	-0.42485	-0.68119	11.11	-0.3805	-0.25454	11.548	0	0
-0.25145	1.5798	9.2866	-0.016698	1.5936	10.331	-0.36515	1.6128	11.053	0	0
-0.016698	1.5936	9.3044	0.10795	1.333	10.31	-0.012848	1.6031	11.064	0	0
-0.016698	1.5936	9.3044	-0.012848	1.6031	11.064	-0.36515	1.6128	11.053	0	0
0.10795	1.333	9.284	0.21739	1.0475	10.913	-0.012848	1.6031	11.064	0	0
0.21739	1.0475	9.8871	-0.012848	1.6031	11.064	0.2639	1.1164	11.541	0	0
0.21739	1.0475	9.8871	0.17135	0.54336	11.136	0.2639	1.1164	11.541	0	0
-0.36515	1.6128	10.026	-0.52258	1.2767	11.081	-0.51385	1.2237	11.577	0	0
-0.52258	1.2767	10.054	-0.40839	0.43862	10.972	-0.47425	0.49099	11.542	0	0
-0.52258	1.2767	10.054	-0.47425	0.49099	11.542	-0.51385	1.2237	11.577	0	0
-0.40839	0.43862	9.946	-0.3805	-0.25454	11.548	-0.47425	0.49099	11.542	0	0
0.17135	0.54336	10.11	0.14235	0.54886	11.383	0.2639	1.1164	11.541	0	0
-0.42485	-0.68119	10.083	-0.3805	-0.25454	11.548	-0.73568	-0.83094	11.678	0	0
-0.3805	-0.25454	10.522	-0.73568	-0.83094	11.678	-0.96105	-0.55514	11.959	0	0
-0.3805	-0.25454	10.522	-0.47425	0.49099	11.542	-0.45897	0.4671	12.308	0	0
-0.3805	-0.25454	10.522	-0.96105	-0.55514	11.959	-0.37735	-0.30974	12.377	0	0
-0.3805	-0.25454	10.522	-0.37735	-0.30974	12.377	-0.45897	0.4671	12.308	0	0
-0.73568	-0.83094	10.652	-0.96105	-0.55514	11.959	-0.86515	-0.80664	12.027	0	0
-0.47425	0.49099	10.516	-0.51385	1.2237	11.577	-0.46937	1.2148	12.265	0	0
-0.47425	0.49099	10.516	-0.45897	0.4671	12.308	-0.46937	1.2148	12.265	0	0
-0.96105	-0.55514	10.932	-0.86515	-0.80664	12.027	-0.37735	-0.30974	12.377	0	0
-0.86515	-0.80664	11.001	-0.68505	-0.91876	12.451	-0.37735	-0.30974	12.377	0	0
-0.68505	-0.91876	11.424	-0.37735	-0.30974	12.377	-0.6718	-0.79579	12.916	0	0
-0.37735	-0.30974	11.351	-0.45897	0.4671	12.308	-0.45517	0.47934	13.071	0	0
-0.37735	-0.30974	11.351	-0.6718	-0.79579	12.916	-0.38811	-0.35657	12.961	0	0
-0.37735	-0.30974	11.351	-0.38811	-0.35657	12.961	-0.45517	0.47934	13.071	0	0
-0.45897	0.4671	11.282	-0.46937	1.2148	12.265	-0.3675	1.1734	13.003	0	0
-0.45897	0.4671	11.282	-0.45517	0.47934	13.071	-0.3675	1.1734	13.003	0	0
-0.6718	-0.79579	11.89	-0.38811	-0.35657	12.961	-0.42152	-0.31249	13.655	0	0
-0.6718	-0.79579	11.89	-0.42152	-0.31249	13.655	-0.48425	-0.71459	13.816	0	0
-0.38811	-0.35657	11.934	-0.45517	0.47934	13.071	-0.42152	-0.31249	13.655	0	0
-0.46937	1.2148	11.239	0.3201	1.1734	12.319	0.44915	1.7967	12.608	0	0
-0.46937	1.2148	11.239	-0.3675	1.1734	13.003	0.27305	1.7982	12.942	0	0
-0.46937	1.2148	11.239	0.44915	1.7967	12.608	0.27305	1.7982	12.942	0	0
-0.45517	0.47934	12.045	-0.3675	1.1734	13.003	-0.41085	1.0843	13.778	0	0
-0.45517	0.47934	12.045	-0.42152	-0.31249	13.655	-0.4279	0.48226	13.809	0	0
-0.45517	0.47934	12.045	-0.4279	0.48226	13.809	-0.41085	1.0843	13.778	0	0
-0.3675	1.1734	11.976	0.27305	1.7982	12.942	0.2212	1.1343	13.055	0	0
-0.42152	-0.31249	12.628	-0.48425	-0.71459	13.816	-0.34132	-0.30249	14.365	0	0
-0.42152	-0.31249	12.628	-0.4279	0.48226	13.809	-0.34132	-0.30249	14.365	0	0
-0.48425	-0.71459	12.79	-0.34132	-0.30249	14.365	-0.3805	-0.66844	14.533	0	0
-0.4279	0.48226	12.782	-0.34132	-0.30249	14.365	-0.45917	0.47431	14.571	0	0
-0.4279	0.48226	12.782	-0.41085	1.0843	13.778	-0.43095	1.0746	14.544	0	0
-0.4279	0.48226	12.782	-0.45917	0.47431	14.571	-0.43095	1.0746	14.544	0	0
-0.34132	-0.30249	13.339	-0.3805	-0.66844	14.533	-0.88565	-0.52164	15.158	0	0
-0.34132	-0.30249	13.339	-0.45917	0.47431	14.571	-0.88565	-0.52164	15.158	0	0
-0.3805	-0.66844	13.506	-0.45015	-0.71134	15.077	-0.88565	-0.52164	15.158	0	0
-0.45917	0.47431	13.544	-0.88565	-0.52164	15.158	-0.42075	0.48256	15.058	0	0
-0.45917	0.47431	13.544	-0.43095	1.0746	14.544	-0.42075	0.48256	15.058	0	0
-0.45015	-0.71134	14.05	-0.88565	-0.52164	15.158	-0.96415	-0.59844	15.237	0	0
-0.45015	-0.71134	14.05	-0.96415	-0.59844	15.237	-0.41911	-0.86022	15.823	0	0
-0.88565	-0.52164	14.132	-0.96415	-0.59844	15.237	-0.9813	-0.23194	15.939	0	0
-0.88565	-0.52164	14.132	-0.42075	0.48256	15.058	-0.9813	-0.23194	15.939	0	0
-0.36742	-0.36009	14.155	-0.42075	0.48256	15.058	0.16885	0.67156	15.048	0	0
-0.96415	-0.59844	14.211	-0.41911	-0.86022	15.823	-0.88385	-0.74594	16.35	0	0
-0.96415	-0.59844	14.211	-0.88385	-0.74594	16.35	-0.9813	-0.23194	15.939	0	0
-0.43095	1.0746	13.518	-0.42075	0.48256	15.058	-0.24235	1.0866	15.056	0	0
-0.42075	0.48256	14.032	0.16885	0.67156	15.048	-0.24235	1.0866	15.056	0	0
-0.42075	0.48256	14.032	-0.2845	1.1115	15.833	-0.41087	0.47619	15.805	0	0
-0.42075	0.48256	14.032	-0.41087	0.47619	15.805	-0.9813	-0.23194	15.939	0	0
0.16885	0.67156	14.021	-0.24235	1.0866	15.056	0.038752	1.0985	14.99	0	0
-0.2845	1.1115	14.806	0.086652	1.0978	15.893	-0.40285	1.0613	16.442	0	0
-0.2845	1.1115	14.806	-0.41087	0.47619	15.805	-0.40285	1.0613	16.442	0	0
0.15923	0.66041	14.794	0.086652	1.0978	15.893	0.19095	0.60506	16.561	0	0
0.086652	1.0978	14.867	-0.40285	1.0613	16.442	0.098052	1.2044	16.563	0	0
0.086652	1.0978	14.867	0.098052	1.2044	16.563	0.19095	0.60506	16.561	0	0
-0.41087	0.47619	14.779	-0.33885	0.3976	16.548	-0.40285	1.0613	16.442	0	0
-0.41087	0.47619	14.779	-0.33885	0.3976	16.548	-0.9813	-0.23194	15.939	0	0
-0.41911	-0.86022	14.797	-0.88385	-0.74594	16.35	-0.40575	-0.89959	16.375	0	0
0.0025521	-0.12704	15.073	-0.3584	-0.28179	16.533	-0.13335	-0.68374	16.621	0	0
0.0025521	-0.12704	15.073	-0.3584	-0.28179	16.533	-0.33885	0.3976	16.548	0	0
0.0025521	-0.12704	15.073	-0.13335	-0.68374	16.621	0.14772	-0.31664	17.336	0	0
0.0025521	-0.12704	15.073	-0.33885	0.3976	16.548	0.19095	0.60506	16.561	0	0
0.0025521	-0.12704	15.073	0.19095	0.60506	16.561	0.14772	-0.31664	17.336	0	0
-0.88385	-0.74594	15.324	-0.40575	-0.89959	16.375	-0.62545	-0.83467	17.168	0	0
-0.88385	-0.74594	15.324	-0.3584	-0.28179	16.533	-0.97425	-0.35344	16.392	0	0
-0.88385	-0.74594	15.324	-0.62545	-0.83467	17.168	-0.8889	-0.31899	17.315	0	0
-0.88385	-0.74594	15.324	-0.9813	-0.23194	15.939	-0.97425	-0.35344	16.392	0	0
-0.40575	-0.89959	15.348	-0.13335	-0.68374	16.621	-0.62545	-0.83467	17.168	0	0
-0.3584	-0.28179	15.506	-0.13335	-0.68374	16.621	-0.62545	-0.83467	17.168	0	0
-0.3584	-0.28179	15.506	-0.33885	0.3976	16.548	-0.97425	-0.35344	16.392	0	0
-0.3584	-0.28179	15.506	-0.62545	-0.83467	17.168	-0.42971	-0.24287	17.25	0	0
-0.13335	-0.68374	15.594	0.14772	-0.31664	17.336	0.13693	-0.69866	17.265	0	0
-0.33885	0.3976	15.521	-0.40285	1.0613	16.442	-0.38725	0.43935	17.265	0	0
-0.33885	0.3976	15.521	-0.42971	-0.24287	17.25	-0.38725	0.43935	17.265	0	0
-0.33885	0.3976	15.521	-0.9813	-0.23194	15.939	-0.97425	-0.35344	16.392	0	0
-0.40285	1.0613	15.416	0.098052	1.2044	16.563	-0.15665	1.2386	17.304	0	0
-0.40285	1.0613	15.416	-0.38725	0.43935	17.265	-0.15665	1.2386	17.304	0	0
0.098052	1.2044	15.537	0.19095	0.60506	16.561	0.2491	0.60551	17.313	0	0
0.098052	1.2044	15.537	0.2491	0.60551	17.313	0.062652	1.2484	17.309	0	0
0.098052	1.2044	15.537	-0.15665	1.2386	17.304	0.062652	1.2484	17.309	0	0
-0.62545	-0.83467	16.142	-0.8889	-0.31899	17.315	-0.29075	-0.65094	18.07	0	0
-0.62545	-0.83467	16.142	-0.29075	-0.65094	18.07	0.13693	-0.69866	17.265	0	0
-0.42971	-0.24287	16.224	-0.38725	0.43935	17.265	-0.62165	0.4732	17.91	0	0
-0.42971	-0.24287	16.224	-0.55715	-0.25834	18.062	-0.62165	0.4732	17.91	0	0
-0.42971	-0.24287	16.224	-0.55715	-0.25834	18.062	-0.29075	-0.65094	18.07	0	0
-0.38725	0.43935	16.239	0.2491	0.60551	17.313	-0.15665	1.2386	17.304	0	0
-0.38725	0.43935	16.239	-0.62165	0.4732	17.91	-0.38205	1.0578	18.07	0	0
0.19095	0.60506	15.535	0.2491	0.60551	17.313	0.14772	-0.31664	17.336	0	0
-0.8889	-0.31899	16.288	-0.9936	0.070962	17.954	-0.34635	-0.56554	18.285	0	0
-0.8889	-0.31899	16.288	-0.29075	-0.65094	18.07	-0.34635	-0.56554	18.285	0	0
0.2491	0.60551	16.286	0.062652	1.2484	17.309	0.10355	1.2579	18.077	0	0
0.2491	0.60551	16.286	0.10355	1.2579	18.077	0.21259	0.4143	18.048	0	0
0.2491	0.60551	16.286	0.21259	0.4143	18.048	0.14772	-0.31664	17.336	0	0
-0.15665	1.2386	16.278	0.062652	1.2484	17.309	-0.073448	1.5697	17.597	0	0
0.062652	1.2484	16.282	-0.073448	1.5697	17.597	0.10355	1.2579	18.077	0	0
-0.9936	0.070962	16.928	-0.55715	-0.25834	18.062	-0.62165	0.4732	17.91	0	0
-0.9936	0.070962	16.928	-0.62165	0.4732	17.91	-0.57545	0.52846	18.614	0	0
-0.073448	1.5697	16.57	0.10355	1.2579	18.077	-0.23995	1.5602	18.699	0	0
-0.62165	0.4732	16.884	-0.38205	1.0578	18.07	-0.57545	0.52846	18.614	0	0
-0.38205	1.0578	17.044	-0.57545	0.52846	18.614	-0.45155	1.1916	18.521	0	0
0.10355	1.2579	17.05	0.21259	0.4143	18.048	0.16085	1.0296	18.564	0	0
0.10355	1.2579	17.05	-0.23995	1.5602	18.699	0.16085	1.0296	18.564	0	0
0.022952	-0.076438	17.013	0.21259	0.4143	18.048	0.14772	-0.31664	17.336	0	0
0.022952	-0.076438	17.013	0.21259	0.4143	18.048	0.083602	0.26871	18.527	0	0
0.022952	-0.076438	17.013	-0.29075	-0.65094	18.07	-0.34635	-0.56554	18.285	0	0
0.022952	-0.076438	17.013	-0.29075	-0.65094	18.07	0.14772	-0.31664	17.336	0	0
0.022952	-0.076438	17.013	-0.34635	-0.56554	18.285	-0.33482	-0.38494	18.527	0	0
0.022952	-0.076438	17.013	-0.33482	-0.38494	18.527	0.083602	0.26871	18.527	0	0
0.21259	0.4143	17.022	0.083602	0.26871	18.527	0.16085	1.0296	18.564	0	0
-0.29075	-0.65094	17.044	0.14772	-0.31664	17.336	0.13693	-0.69866	17.265	0	0
-0.34635	-0.56554	17.259	-0.33482	-0.38494	18.527	-0.30967	-0.65984	19.43	0	0
-0.33482	-0.38494	17.501	0.083602	0.26871	18.527	-0.3333	-0.25534	19.303	0	0
-0.33482	-0.38494	17.501	-0.3333	-0.25534	19.303	-0.30967	-0.65984	19.43	0	0
0.083602	0.26871	17.501	0.16085	1.0296	18.564	0.012912	0.41294	19.344	0	0
0.083602	0.26871	17.501	-0.3333	-0.25534	19.303	0.012912	0.41294	19.344	0	0
-0.57545	0.52846	17.588	-0.45155	1.1916	18.521	-0.46765	1.1308	19.26	0	0
-0.57545	0.52846	17.588	-0.3333	-0.25534	19.303	-0.70147	0.45576	19.303	0	0
-0.57545	0.52846	17.588	-0.70147	0.45576	19.303	-0.46765	1.1308	19.26	0	0
-0.45155	1.1916	17.494	-0.23995	1.5602	18.699	-0.46765	1.1308	19.26	0	0
-0.23995	1.5602	17.673	0.16085	1.0296	18.564	0.26243	1.0638	19.343	0	0
-0.23995	1.5602	17.673	-0.46765	1.1308	19.26	-0.2114	1.6082	19.361	0	0
-0.23995	1.5602	17.673	0.26243	1.0638	19.343	-0.015798	1.6102	19.449	0	0
-0.23995	1.5602	17.673	-0.2114	1.6082	19.361	-0.015798	1.6102	19.449	0	0
0.16085	1.0296	17.538	0.012912	0.41294	19.344	0.26243	1.0638	19.343	0	0
-0.3333	-0.25534	18.277	-0.30967	-0.65984	19.43	-0.35305	-0.28614	20.053	0	0
-0.3333	-0.25534	18.277	-0.70147	0.45576	19.303	-0.70195	0.43951	20.061	0	0
-0.3333	-0.25534	18.277	0.012912	0.41294	19.344	-0.35305	-0.28614	20.053	0	0
-0.3333	-0.25534	18.277	-0.70195	0.43951	20.061	-0.10255	0.48991	20.051	0	0
-0.30967	-0.65984	18.403	-0.35305	-0.28614	20.053	-0.2813	-0.69894	20.021	0	0
-0.70147	0.45576	18.277	-0.46765	1.1308	19.26	-0.501	1.2706	20.018	0	0
-0.70147	0.45576	18.277	-0.70195	0.43951	20.061	-0.501	1.2706	20.018	0	0
-0.46765	1.1308	18.234	-0.2114	1.6082	19.361	-0.501	1.2706	20.018	0	0
0.012912	0.41294	18.317	0.26243	1.0638	19.343	0.28835	1.1383	19.911	0	0
0.012912	0.41294	18.317	-0.35305	-0.28614	20.053	-0.10255	0.48991	20.051	0	0
0.012912	0.41294	18.317	-0.10255	0.48991	20.051	0.28835	1.1383	19.911	0	0
0.26243	1.0638	18.316	-0.015798	1.6102	19.449	0.28835	1.1383	19.911	0	0
-0.2114	1.6082	18.335	-0.015798	1.6102	19.449	-0.26135	1.6477	20.091	0	0
-0.2114	1.6082	18.335	-0.501	1.2706	20.018	-0.26135	1.6477	20.091	0	0
-0.015798	1.6102	18.423	0.045752	1.7212	20.087	-0.26135	1.6477	20.091	0	0
-0.015798	1.6102	18.423	0.045752	1.7212	20.087	0.28835	1.1383	19.911	0	0
-0.70195	0.43951	19.035	-0.501	1.2706	20.018	-0.44551	1.2559	20.727	0	0
-0.70195	0.43951	19.035	-0.48658	0.37955	20.803	-0.44551	1.2559	20.727	0	0
-0.70195	0.43951	19.035	-0.48658	0.37955	20.803	-1.3729	0.25606	21.372	0	0
-0.35305	-0.28614	19.026	-0.2813	-0.69894	20.021	-0.30075	-0.65276	20.777	0	0
-0.35305	-0.28614	19.026	-0.10255	0.48991	20.051	-0.38382	-0.26259	20.793	0	0
-0.35305	-0.28614	19.026	-0.30075	-0.65276	20.777	-0.38382	-0.26259	20.793	0	0
-0.10255	0.48991	19.024	0.28835	1.1383	19.911	0.051352	0.73821	20.576	0	0
-0.10255	0.48991	19.024	-0.38382	-0.26259	20.793	0.051352	0.73821	20.576	0	0
-0.501	1.2706	18.992	-0.26135	1.6477	20.091	-0.44551	1.2559	20.727	0	0
0.045752	1.7212	19.061	-0.26135	1.6477	20.091	-0.44551	1.2559	20.727	0	0
0.045752	1.7212	19.061	0.28835	1.1383	19.911	0.58715	1.316	20.14	0	0
0.045752	1.7212	19.061	-0.44551	1.2559	20.727	0.34502	1.172	20.878	0	0
0.045752	1.7212	19.061	0.58715	1.316	20.14	0.34502	1.172	20.878	0	0
0.28835	1.1383	18.885	0.58715	1.316	20.14	0.051352	0.73821	20.576	0	0
-0.30075	-0.65276	19.751	-0.38382	-0.26259	20.793	-0.423	-0.26574	21.556	0	0
-0.30075	-0.65276	19.751	-0.3939	-0.77024	21.538	-0.423	-0.26574	21.556	0	0
-0.38382	-0.26259	19.767	0.051352	0.73821	20.576	0.2381	0.44926	21.314	0	0
-0.38382	-0.26259	19.767	-0.423	-0.26574	21.556	0.2381	0.44926	21.314	0	0
-0.48658	0.37955	19.777	-0.44551	1.2559	20.727	-0.54335	1.2539	21.341	0	0
-0.48658	0.37955	19.777	-0.39635	0.5562	21.475	0.2381	0.44926	21.314	0	0
-0.48658	0.37955	19.777	-0.39635	0.5562	21.475	-1.3729	0.25606	21.372	0	0
-0.44551	1.2559	19.701	0.34502	1.172	20.878	-0.54335	1.2539	21.341	0	0
0.58715	1.316	19.114	0.051352	0.73821	20.576	0.656	1.2231	20.593	0	0
0.051352	0.73821	19.55	0.34502	1.172	20.878	0.656	1.2231	20.593	0	0
0.051352	0.73821	19.55	0.34502	1.172	20.878	0.2381	0.44926	21.314	0	0
-0.3939	-0.77024	20.511	-0.423	-0.26574	21.556	-0.59085	-0.65714	22.028	0	0
0.34502	1.172	19.851	-0.54335	1.2539	21.341	0.95315	1.598	21.969	0	0
0.34502	1.172	19.851	0.656	1.2231	20.593	0.85285	1.191	21.302	0	0
0.34502	1.172	19.851	0.3645	0.98856	21.495	0.85285	1.191	21.302	0	0
0.34502	1.172	19.851	0.3645	0.98856	21.495	0.2381	0.44926	21.314	0	0
-0.54335	1.2539	20.315	-0.25505	1.1246	22.068	0.95315	1.598	21.969	0	0
0.3645	0.98856	20.468	0.19025	1.0859	22.049	0.21475	0.67251	22.012	0	0
0.3645	0.98856	20.468	0.19025	1.0859	22.049	0.95315	1.598	21.969	0	0
0.3645	0.98856	20.468	0.85285	1.191	21.302	0.95315	1.598	21.969	0	0
0.3645	0.98856	20.468	0.21475	0.67251	22.012	0.2381	0.44926	21.314	0	0
-0.39635	0.5562	20.449	-0.423	-0.26574	21.556	-0.415	0.47006	22.041	0	0
-0.39635	0.5562	20.449	-0.423	-0.26574	21.556	-1.105	-0.074787	21.691	0	0
-0.39635	0.5562	20.449	-0.415	0.47006	22.041	0.2381	0.44926	21.314	0	0
-0.39635	0.5562	20.449	-1.105	-0.074787	21.691	-1.3729	0.25606	21.372	0	0
-0.423	-0.26574	20.53	-0.415	0.47006	22.041	-0.35988	-0.3019	22.122	0	0
-0.423	-0.26574	20.53	-0.59085	-0.65714	22.028	-1.105	-0.074787	21.691	0	0
-0.423	-0.26574	20.53	-0.35988	-0.3019	22.122	0.3372	-0.36624	22.18	0	0
-0.423	-0.26574	20.53	0.2381	0.44926	21.314	0.3372	-0.36624	22.18	0	0
-0.415	0.47006	21.015	-0.35988	-0.3019	22.122	-0.47126	0.4628	22.806	0	0
-0.415	0.47006	21.015	-0.25505	1.1246	22.068	0.21475	0.67251	22.012	0	0
-0.415	0.47006	21.015	-0.25505	1.1246	22.068	-0.26585	1.0335	22.716	0	0
-0.415	0.47006	21.015	0.21475	0.67251	22.012	0.2381	0.44926	21.314	0	0
-0.415	0.47006	21.015	-0.47126	0.4628	22.806	-0.26585	1.0335	22.716	0	0
-0.59085	-0.65714	21.002	-0.35988	-0.3019	22.122	-0.6199	-0.31859	22.825	0	0
-0.59085	-0.65714	21.002	-1.105	-0.074787	21.691	-1.1567	-0.12344	22.002	0	0
-0.59085	-0.65714	21.002	-1.1567	-0.12344	22.002	-1.1862	-0.4681	22.686	0	0
-0.59085	-0.65714	21.002	-0.6199	-0.31859	22.825	-1.1862	-0.4681	22.686	0	0
-0.35988	-0.3019	21.095	-0.56622	-0.76911	22.772	0.154	-0.21294	22.793	0	0
-0.35988	-0.3019	21.095	-0.47126	0.4628	22.806	-0.6199	-0.31859	22.825	0	0
-0.35988	-0.3019	21.095	0.154	-0.21294	22.793	0.3372	-0.36624	22.18	0	0
-0.25505	1.1246	21.041	0.19025	1.0859	22.049	0.21475	0.67251	22.012	0	0
-0.25505	1.1246	21.041	0.19025	1.0859	22.049	0.011352	1.0912	22.825	0	0
-0.25505	1.1246	21.041	-0.26585	1.0335	22.716	0.011352	1.0912	22.825	0	0
0.19025	1.0859	21.022	0.95315	1.598	21.969	0.011352	1.0912	22.825	0	0
0.85285	1.191	20.275	0.2381	0.44926	21.314	0.65595	-0.22354	22.245	0	0
-0.56622	-0.76911	21.746	-0.61585	-0.67474	23.591	-0.6199	-0.31859	22.825	0	0
-0.56622	-0.76911	21.746	-0.61585	-0.67474	23.591	-1.0935	-0.92016	22.872	0	0
-0.56622	-0.76911	21.746	-0.6199	-0.31859	22.825	-1.1862	-0.4681	22.686	0	0
-0.56622	-0.76911	21.746	-1.1862	-0.4681	22.686	-1.0935	-0.92016	22.872	0	0
-0.56622	-0.76911	21.746	0.154	-0.21294	22.793	0.3931	-0.63109	22.812	0	0
-0.47126	0.4628	21.78	-0.26585	1.0335	22.716	-0.45125	0.44716	23.551	0	0
-0.47126	0.4628	21.78	-0.6199	-0.31859	22.825	-0.45125	0.44716	23.551	0	0
-0.26585	1.0335	21.69	0.011352	1.0912	22.825	-0.19085	1.1827	23.58	0	0
-0.26585	1.0335	21.69	-0.45125	0.44716	23.551	-0.19085	1.1827	23.58	0	0
-0.61585	-0.67474	22.565	0.059185	-0.32804	23.606	-0.69795	-0.32734	23.565	0	0
-0.61585	-0.67474	22.565	0.059185	-0.32804	23.606	0.34065	-0.69554	23.591	0	0
-0.61585	-0.67474	22.565	-0.6199	-0.31859	22.825	-0.69795	-0.32734	23.565	0	0
-0.61585	-0.67474	22.565	-1.0935	-0.92016	22.872	-1.2522	-1.1001	23.588	0	0
-0.61585	-0.67474	22.565	-1.2522	-1.1001	23.588	-0.88495	-0.79124	24.23	0	0
-0.61585	-0.67474	22.565	-0.65755	-0.88027	24.238	-0.88495	-0.79124	24.23	0	0
-0.61585	-0.67474	22.565	-0.65755	-0.88027	24.238	0.20085	-0.77226	24.295	0	0
-0.61585	-0.67474	22.565	0.20085	-0.77226	24.295	0.34065	-0.69554	23.591	0	0
0.059185	-0.32804	22.58	0.2188	0.55101	23.55	-0.45125	0.44716	23.551	0	0
0.059185	-0.32804	22.58	0.2188	0.55101	23.55	0.25115	-0.20677	24.211	0	0
0.059185	-0.32804	22.58	-0.45125	0.44716	23.551	-0.56201	-0.20524	24.273	0	0
0.059185	-0.32804	22.58	-0.56201	-0.20524	24.273	0.20085	-0.77226	24.295	0	0
0.059185	-0.32804	22.58	0.20085	-0.77226	24.295	0.25115	-0.20677	24.211	0	0
0.059185	-0.32804	22.58	0.34065	-0.69554	23.591	0.3931	-0.63109	22.812	0	0
0.011352	1.0912	21.799	0.036752	1.1831	23.557	-0.19085	1.1827	23.58	0	0
0.2381	0.44926	20.288	0.3372	-0.36624	22.18	0.65595	-0.22354	22.245	0	0
-1.105	-0.074787	20.664	-1.1567	-0.12344	22.002	-1.5789	-0.13094	22.108	0	0
-1.105	-0.074787	20.664	-1.3729	0.25606	21.372	-1.5789	-0.13094	22.108	0	0
-1.1567	-0.12344	20.976	-1.1862	-0.4681	22.686	-1.5789	-0.13094	22.108	0	0
0.2188	0.55101	22.524	0.036752	1.1831	23.557	0.35425	0.57406	24.307	0	0
0.2188	0.55101	22.524	0.35425	0.57406	24.307	0.25115	-0.20677	24.211	0	0
0.2188	0.55101	22.524	0.84775	-0.62624	23.106	0.88052	-0.3274	22.704	0	0
-0.6199	-0.31859	21.799	-0.69795	-0.32734	23.565	-0.45125	0.44716	23.551	0	0
-1.1862	-0.4681	21.66	-1.0935	-0.92016	22.872	-1.7044	-0.7402	22.887	0	0
-1.1862	-0.4681	21.66	-1.5789	-0.13094	22.108	-1.7044	-0.7402	22.887	0	0
-1.0935	-0.92016	21.846	-1.2522	-1.1001	23.588	-1.7044	-0.7402	22.887	0	0
-0.69795	-0.32734	22.539	-0.45125	0.44716	23.551	-0.9193	-0.076787	24.143	0	0
-0.69795	-0.32734	22.539	-0.88495	-0.79124	24.23	-0.9193	-0.076787	24.143	0	0
-0.45125	0.44716	22.525	-0.19085	1.1827	23.58	-0.48988	0.57153	24.206	0	0
-0.45125	0.44716	22.525	-0.48988	0.57153	24.206	-0.9193	-0.076787	24.143	0	0
0.036752	1.1831	22.53	-0.19085	1.1827	23.58	-0.070648	1.5571	24.502	0	0
0.036752	1.1831	22.53	0.35425	0.57406	24.307	0.092302	1.2865	24.319	0	0
0.036752	1.1831	22.53	0.092302	1.2865	24.319	-0.070648	1.5571	24.502	0	0
-1.2522	-1.1001	22.562	-0.88495	-0.79124	24.23	-1.895	-1.1264	23.905	0	0
-1.2522	-1.1001	22.562	-1.7044	-0.7402	22.887	-1.8615	-0.94627	23.51	0	0
-1.2522	-1.1001	22.562	-1.8615	-0.94627	23.51	-1.895	-1.1264	23.905	0	0
-0.65755	-0.88027	23.212	-0.88495	-0.79124	24.23	-0.56235	-0.98259	24.845	0	0
-0.65755	-0.88027	23.212	-0.56235	-0.98259	24.845	0.20085	-0.77226	24.295	0	0
-0.88495	-0.79124	23.204	-0.56235	-0.98259	24.845	-0.90285	-0.61954	24.875	0	0
-0.88495	-0.79124	23.204	-0.90285	-0.61954	24.875	-1.895	-1.1264	23.905	0	0
-0.88495	-0.79124	23.204	-0.9193	-0.076787	24.143	-0.9921	-0.30204	24.834	0	0
-0.19085	1.1827	22.553	-0.48988	0.57153	24.206	-0.22925	1.1973	24.317	0	0
-0.19085	1.1827	22.553	-0.22925	1.1973	24.317	-0.070648	1.5571	24.502	0	0
0.35425	0.57406	23.28	0.092302	1.2865	24.319	0.19245	1.2739	25.036	0	0
0.35425	0.57406	23.28	0.19245	1.2739	25.036	0.66172	0.44816	24.975	0	0
0.35425	0.57406	23.28	0.25115	-0.20677	24.211	0.6572	-0.24529	24.815	0	0
0.35425	0.57406	23.28	0.66172	0.44816	24.975	0.6572	-0.24529	24.815	0	0
-0.56201	-0.20524	23.247	-0.48988	0.57153	24.206	0.17749	-0.20924	24.888	0	0
-0.56201	-0.20524	23.247	-0.60445	-0.36564	25.114	-0.89945	0.26706	24.422	0	0
-0.56201	-0.20524	23.247	0.20085	-0.77226	24.295	0.17749	-0.20924	24.888	0	0
-0.48988	0.57153	23.179	-0.22925	1.1973	24.317	-0.44528	1.1017	24.921	0	0
-0.48988	0.57153	23.179	-0.4588	0.81476	25.072	-0.44528	1.1017	24.921	0	0
-0.48988	0.57153	23.179	-0.4588	0.81476	25.072	-0.89945	0.26706	24.422	0	0
-0.48988	0.57153	23.179	-0.9193	-0.076787	24.143	-0.89945	0.26706	24.422	0	0
-0.48988	0.57153	23.179	0.23865	0.44446	25.084	0.17749	-0.20924	24.888	0	0
-0.56235	-0.98259	23.818	-0.90285	-0.61954	24.875	-0.60445	-0.36564	25.114	0	0
-0.56235	-0.98259	23.818	-0.60445	-0.36564	25.114	0.10852	-0.74714	24.903	0	0
-0.56235	-0.98259	23.818	0.20085	-0.77226	24.295	0.10852	-0.74714	24.903	0	0
-0.90285	-0.61954	23.848	-0.60445	-0.36564	25.114	-0.9921	-0.30204	24.834	0	0
0.092302	1.2865	23.292	-0.070648	1.5571	24.502	0.19245	1.2739	25.036	0	0
-0.22925	1.1973	23.291	-0.070648	1.5571	24.502	-0.44528	1.1017	24.921	0	0
-0.070648	1.5571	23.476	0.19245	1.2739	25.036	-0.018081	1.6022	25.037	0	0
-0.070648	1.5571	23.476	-0.018081	1.6022	25.037	-0.44528	1.1017	24.921	0	0
-0.60445	-0.36564	24.087	-0.42345	-0.73714	25.519	-0.62845	-0.29764	25.565	0	0
-0.60445	-0.36564	24.087	-0.62845	-0.29764	25.565	-0.89475	-0.064838	25.368	0	0
-0.60445	-0.36564	24.087	0.10852	-0.74714	24.903	0.17749	-0.20924	24.888	0	0
-0.60445	-0.36564	24.087	-0.4588	0.81476	25.072	-0.89945	0.26706	24.422	0	0
-0.60445	-0.36564	24.087	-0.9921	-0.30204	24.834	-0.89475	-0.064838	25.368	0	0
-0.60445	-0.36564	24.087	0.10345	0.32781	25.549	0.17749	-0.20924	24.888	0	0
-0.42345	-0.73714	24.492	-0.62845	-0.29764	25.565	-0.1227	-0.41594	26.058	0	0
-0.42345	-0.73714	24.492	0.10852	-0.74714	24.903	0.15392	-0.8914	25.526	0	0
-0.42345	-0.73714	24.492	-0.1227	-0.41594	26.058	0.15392	-0.8914	25.526	0	0
-0.62845	-0.29764	24.539	-0.89475	-0.064838	25.368	-0.53875	-0.15177	26.196	0	0
-0.62845	-0.29764	24.539	-0.4519	0.44011	25.569	-0.1227	-0.41594	26.058	0	0
-0.62845	-0.29764	24.539	-0.53875	-0.15177	26.196	-0.39071	-0.69007	26.436	0	0
0.20085	-0.77226	23.269	0.10852	-0.74714	24.903	0.6572	-0.24529	24.815	0	0
0.20085	-0.77226	23.269	0.25115	-0.20677	24.211	0.6572	-0.24529	24.815	0	0
0.20085	-0.77226	23.269	0.34065	-0.69554	23.591	0.77965	-0.91354	23.662	0	0
0.10852	-0.74714	23.876	0.17749	-0.20924	24.888	0.6572	-0.24529	24.815	0	0
-0.4588	0.81476	24.045	0.23865	0.44446	25.084	0.19245	1.2739	25.036	0	0
-0.4588	0.81476	24.045	0.23865	0.44446	25.084	-0.4519	0.44011	25.569	0	0
-0.4588	0.81476	24.045	0.19245	1.2739	25.036	-0.44528	1.1017	24.921	0	0
-0.4588	0.81476	24.045	-0.4519	0.44011	25.569	-0.5612	1.2395	25.561	0	0
-0.9193	-0.076787	23.116	-0.9921	-0.30204	24.834	-0.89945	0.26706	24.422	0	0
0.23865	0.44446	24.058	0.19245	1.2739	25.036	0.3303	1.0826	25.548	0	0
0.23865	0.44446	24.058	0.10345	0.32781	25.549	-0.4519	0.44011	25.569	0	0
0.23865	0.44446	24.058	0.10345	0.32781	25.549	0.81262	0.58566	25.648	0	0
0.23865	0.44446	24.058	0.17749	-0.20924	24.888	0.66172	0.44816	24.975	0	0
0.23865	0.44446	24.058	0.66172	0.44816	24.975	0.81262	0.58566	25.648	0	0
0.19245	1.2739	24.009	-0.018081	1.6022	25.037	0.075752	1.721	25.588	0	0
0.19245	1.2739	24.009	0.075752	1.721	25.588	0.3303	1.0826	25.548	0	0
0.19245	1.2739	24.009	0.66172	0.44816	24.975	0.81262	0.58566	25.648	0	0
-0.9921	-0.30204	23.807	-0.89475	-0.064838	25.368	-1.0342	0.36408	24.889	0	0
-0.9921	-0.30204	23.807	-0.89945	0.26706	24.422	-1.0342	0.36408	24.889	0	0
-0.89475	-0.064838	24.341	-0.53875	-0.15177	26.196	-1.1659	0.45924	25.541	0	0
-0.89475	-0.064838	24.341	-1.0342	0.36408	24.889	-1.1659	0.45924	25.541	0	0
-0.018081	1.6022	24.011	0.075752	1.721	25.588	-0.20965	1.5844	25.621	0	0
-0.018081	1.6022	24.011	-0.20965	1.5844	25.621	-0.5612	1.2395	25.561	0	0
-0.018081	1.6022	24.011	-0.44528	1.1017	24.921	-0.5612	1.2395	25.561	0	0
0.075752	1.721	24.562	-0.20965	1.5844	25.621	-0.44435	1.6571	26.418	0	0
0.075752	1.721	24.562	0.3303	1.0826	25.548	0.1939	1.1617	26.29	0	0
0.075752	1.721	24.562	-0.44435	1.6571	26.418	0.37085	2.2796	26.511	0	0
-0.20965	1.5844	24.595	-0.5612	1.2395	25.561	-0.44435	1.6571	26.418	0	0
0.10345	0.32781	24.523	-0.4519	0.44011	25.569	0.11317	0.45303	26.287	0	0
0.10345	0.32781	24.523	0.17749	-0.20924	24.888	0.26805	-0.25924	25.715	0	0
0.10345	0.32781	24.523	0.26805	-0.25924	25.715	0.11317	0.45303	26.287	0	0
-0.4519	0.44011	24.542	-0.53875	-0.15177	26.196	-1.1918	0.54756	26.238	0	0
-0.4519	0.44011	24.542	-0.5612	1.2395	25.561	-0.5522	1.2715	26.074	0	0
-0.4519	0.44011	24.542	-0.5522	1.2715	26.074	0.11317	0.45303	26.287	0	0
-0.53875	-0.15177	25.169	-0.39071	-0.69007	26.436	-0.1227	-0.41594	26.058	0	0
-0.53875	-0.15177	25.169	-0.1227	-0.41594	26.058	0.11317	0.45303	26.287	0	0
-0.53875	-0.15177	25.169	0.11317	0.45303	26.287	-1.171	0.66716	27.045	0	0
-0.53875	-0.15177	25.169	-1.1918	0.54756	26.238	-1.171	0.66716	27.045	0	0
-0.44528	1.1017	23.895	-0.5612	1.2395	25.561	-1.0336	0.96496	25.703	0	0
-0.44528	1.1017	23.895	-0.89945	0.26706	24.422	-1.0342	0.36408	24.889	0	0
-0.44528	1.1017	23.895	-1.0342	0.36408	24.889	-1.0336	0.96496	25.703	0	0
-0.5612	1.2395	24.535	-0.5522	1.2715	26.074	-1.0336	0.96496	25.703	0	0
0.3303	1.0826	24.521	0.1939	1.1617	26.29	0.81262	0.58566	25.648	0	0
-0.5522	1.2715	25.047	-0.44435	1.6571	26.418	0.1939	1.1617	26.29	0	0
-0.5522	1.2715	25.047	-0.44435	1.6571	26.418	-1.0762	1.135	26.383	0	0
-0.5522	1.2715	25.047	0.11317	0.45303	26.287	0.1939	1.1617	26.29	0	0
-0.5522	1.2715	25.047	-1.0336	0.96496	25.703	-1.0762	1.135	26.383	0	0
-0.44435	1.6571	25.392	0.1939	1.1617	26.29	0.2694	1.8699	26.383	0	0
-0.44435	1.6571	25.392	0.2694	1.8699	26.383	-0.44275	1.8337	27.102	0	0
-0.44435	1.6571	25.392	-0.44275	1.8337	27.102	-1.1561	1.2942	27.092	0	0
-0.44435	1.6571	25.392	-1.1561	1.2942	27.092	-1.0762	1.135	26.383	0	0
-0.1227	-0.41594	25.032	0.15392	-0.8914	25.526	0.26805	-0.25924	25.715	0	0
-0.1227	-0.41594	25.032	0.26805	-0.25924	25.715	0.11317	0.45303	26.287	0	0
0.34065	-0.69554	22.564	0.77965	-0.91354	23.662	0.84775	-0.62624	23.106	0	0
0.34065	-0.69554	22.564	0.3931	-0.63109	22.812	0.84775	-0.62624	23.106	0	0
0.17749	-0.20924	23.862	0.15392	-0.8914	25.526	0.26805	-0.25924	25.715	0	0
0.17749	-0.20924	23.862	0.66172	0.44816	24.975	0.6572	-0.24529	24.815	0	0
0.154	-0.21294	21.767	0.3931	-0.63109	22.812	0.3372	-0.36624	22.18	0	0
0.11317	0.45303	25.26	0.1939	1.1617	26.29	0.72342	1.0219	26.401	0	0
0.11317	0.45303	25.26	-1.171	0.66716	27.045	-0.29025	1.3411	27.202	0	0
0.11317	0.45303	25.26	-0.29025	1.3411	27.202	0.8639	0.62481	26.575	0	0
0.11317	0.45303	25.26	0.72342	1.0219	26.401	0.8639	0.62481	26.575	0	0
0.1939	1.1617	25.264	0.2694	1.8699	26.383	0.72342	1.0219	26.401	0	0
0.2694	1.8699	25.357	0.37085	2.2796	26.511	0.30568	1.9962	27.098	0	0
0.2694	1.8699	25.357	0.37085	2.2796	26.511	0.72342	1.0219	26.401	0	0
0.2694	1.8699	25.357	-0.44275	1.8337	27.102	0.30568	1.9962	27.098	0	0
0.37085	2.2796	25.485	0.30568	1.9962	27.098	0.44235	2.2929	27.586	0	0
0.37085	2.2796	25.485	0.72342	1.0219	26.401	1.1543	1.0309	27.023	0	0
-1.1918	0.54756	25.212	-1.5835	0.40701	26.386	-1.1659	0.45924	25.541	0	0
-1.1918	0.54756	25.212	-1.5835	0.40701	26.386	-1.6032	0.93386	26.667	0	0
-1.1918	0.54756	25.212	-1.1659	0.45924	25.541	-1.0336	0.96496	25.703	0	0
-1.1918	0.54756	25.212	-1.6032	0.93386	26.667	-1.0762	1.135	26.383	0	0
-1.1918	0.54756	25.212	-1.0336	0.96496	25.703	-1.0762	1.135	26.383	0	0
-1.171	0.66716	26.019	-0.29025	1.3411	27.202	-1.1561	1.2942	27.092	0	0
-0.44275	1.8337	26.075	-0.40083	1.9232	27.751	0.10825	2.1963	27.576	0	0
-0.44275	1.8337	26.075	-0.40083	1.9232	27.751	-1.4209	1.5539	27.532	0	0
-0.44275	1.8337	26.075	0.30568	1.9962	27.098	0.10825	2.1963	27.576	0	0
-0.44275	1.8337	26.075	-1.1561	1.2942	27.092	-1.4209	1.5539	27.532	0	0
-0.29025	1.3411	26.176	-0.40083	1.9232	27.751	-1.3147	1.1609	27.813	0	0
-0.29025	1.3411	26.176	0.30568	1.9962	27.098	1.1543	1.0309	27.023	0	0
-0.29025	1.3411	26.176	-1.3147	1.1609	27.813	-1.1561	1.2942	27.092	0	0
-0.29025	1.3411	26.176	0.8639	0.62481	26.575	1.1543	1.0309	27.023	0	0
-0.40083	1.9232	26.724	-1.3147	1.1609	27.813	-0.71142	1.9394	28.343	0	0
-0.40083	1.9232	26.724	-0.71142	1.9394	28.343	0.11445	2.2429	28.089	0	0
-0.40083	1.9232	26.724	-1.2985	1.9022	28.368	-1.7246	2.1012	28.149	0	0
-0.40083	1.9232	26.724	0.10825	2.1963	27.576	0.11445	2.2429	28.089	0	0
-0.40083	1.9232	26.724	-1.4209	1.5539	27.532	-1.6492	1.7615	27.739	0	0
-0.40083	1.9232	26.724	-1.7246	2.1012	28.149	-1.6492	1.7615	27.739	0	0
0.30568	1.9962	26.072	0.10825	2.1963	27.576	0.44235	2.2929	27.586	0	0
-1.3147	1.1609	26.787	-0.71142	1.9394	28.343	-1.2985	1.9022	28.368	0	0
-1.3147	1.1609	26.787	-1.2985	1.9022	28.368	-1.7044	1.4623	28.538	0	0
-0.71142	1.9394	27.317	-1.2985	1.9022	28.368	-1.1185	2.4661	28.989	0	0
-0.71142	1.9394	27.317	0.11445	2.2429	28.089	-0.72875	2.4381	29.56	0	0
-0.71142	1.9394	27.317	-1.1185	2.4661	28.989	-0.72875	2.4381	29.56	0	0
-1.2985	1.9022	27.342	-1.7246	2.1012	28.149	-1.7316	2.4308	28.501	0	0
-1.2985	1.9022	27.342	-1.7316	2.4308	28.501	-1.1185	2.4661	28.989	0	0
0.3931	-0.63109	21.785	0.3372	-0.36624	22.18	0.65595	-0.22354	22.245	0	0
0.3931	-0.63109	21.785	0.84775	-0.62624	23.106	0.88052	-0.3274	22.704	0	0
0.3931	-0.63109	21.785	0.65595	-0.22354	22.245	0.88052	-0.3274	22.704	0	0
0.72342	1.0219	25.375	0.8639	0.62481	26.575	1.1543	1.0309	27.023	0	0
-1.0342	0.36408	23.863	-1.1659	0.45924	25.541	-1.0336	0.96496	25.703	0	0
-1.1561	1.2942	26.066	-1.4209	1.5539	27.532	-1.7671	1.1124	26.986	0	0
-1.1561	1.2942	26.066	-1.6032	0.93386	26.667	-1.7671	1.1124	26.986	0	0
-1.1561	1.2942	26.066	-1.6032	0.93386	26.667	-1.0762	1.135	26.383	0	0
0.10825	2.1963	26.55	0.44235	2.2929	27.586	0.11445	2.2429	28.089	0	0
-1.4209	1.5539	26.505	-1.7671	1.1124	26.986	-1.6492	1.7615	27.739	0	0
-1.7316	2.4308	27.475	-1.1185	2.4661	28.989	-1.7713	2.7764	28.897	0	0
-1.1185	2.4661	27.962	-1.7713	2.7764	28.897	-1.6864	2.9906	29.15	0	0
-1.1185	2.4661	27.962	-0.72875	2.4381	29.56	-1.1639	2.6667	29.562	0	0
-1.1185	2.4661	27.962	-1.1639	2.6667	29.562	-1.6864	2.9906	29.15	0	0
-1.1639	2.6667	28.535	-1.6947	2.9989	29.58	-1.6864	2.9906	29.15	0	0
-0.41205	2.6872	12.111	-2.1725	9.463	17.171	0.184	2.3724	11.732	1	1
-2.1725	9.463	17.171	-2.41872090065954	12.6229047055993	19.3672042436008	0.0734300937238754	8.34495968488818	18.5071677529843	1	1
-2.41872090065954	12.6229047055993	19.3672042436008	-2.99811337114323	17.3248020701111	21.7489267922497	-0.576053691964917	11.3753292279929	20.0912384713869	1	1
-2.99811337114323	17.3248020701111	21.7489267922497	-3.08238284904909	20.6268461720527	22.9583717244093	-2.2075397403569	16.5608930784264	23.69306027448	1	1
-3.08238284904909	20.6268461720527	22.9583717244093	-2.86154269993638	26.8146124784168	24.3303027599812	-2.88216379181578	21.0416979234338	23.6131290561717	1	1
0.0734300937238754	8.34495968488818	18.5071677529843	0.184	2.3724	11.732	-2.1725	9.463	17.171	1	1
-0.576053691964917	11.3753292279929	20.0912384713869	0.0734300937238754	8.34495968488818	18.5071677529843	-2.41872090065954	12.6229047055993	19.3672042436008	1	1
-2.2075397403569	16.5608930784264	23.69306027448	-0.576053691964917	11.3753292279929	20.0912384713869	-2.99811337114323	17.3248020701111	21.7489267922497	1	1
-2.88216379181578	21.0416979234338	23.6131290561717	-2.2075397403569	16.5608930784264	23.69306027448	-3.08238284904909	20.6268461720527	22.9583717244093	1	1
-2.1725	9.463	17.171	-0.41205	2.6872	12.111	-1.7716	1.882	12.511	1	1
-2.41872090065954	12.6229047055993	19.3672042436008	-2.1725	9.463	17.171	-3.31220381663975	9.39870004636576	17.468319317064	1	1
-2.99811337114323	17.3248020701111	21.7489267922497	-2.41872090065954	12.6229047055993	19.3672042436008	-4.38328757868197	11.8878198194534	19.7985328164588	1	1
-3.08238284904909	20.6268461720527	22.9583717244093	-2.99811337114323	17.3248020701111	21.7489267922497	-4.96444801090915	17.1764756985339	22.680504342404	1	1
-2.86154269993638	26.8146124784168	24.3303027599812	-3.08238284904909	20.6268461720527	22.9583717244093	-5.23491293847418	20.4922064909464	23.2917025816537	1	1
-1.7716	1.882	12.511	-3.31220381663975	9.39870004636576	17.468319317064	-2.1725	9.463	17.171	1	1
-3.31220381663975	9.39870004636576	17.468319317064	-4.38328757868197	11.8878198194534	19.7985328164588	-2.41872090065954	12.6229047055993	19.3672042436008	1	1
-4.38328757868197	11.8878198194534	19.7985328164588	-4.96444801090915	17.1764756985339	22.680504342404	-2.99811337114323	17.3248020701111	21.7489267922497	1	1
-4.96444801090915	17.1764756985339	22.680504342404	-5.23491293847418	20.4922064909464	23.2917025816537	-3.08238284904909	20.6268461720527	22.9583717244093	1	1
0.12035	-1.5779	16.987	-0.69681	-5.8877	22.062	0.7205	-1.7004	16.289	2	1
-0.69681	-5.8877	22.062	-1.1614	-9.309	25.507	0.63269	-5.2137	22.291	2	1
-1.1614	-9.309	25.507	-0.922453300065961	-12.682328294473	27.706873136069	1.09520758601089	-9.60000031983667	25.6238427430911	2	1
-0.922453300065961	-12.682328294473	27.706873136069	-1.91750556460391	-16.8862353420957	31.0944623449735	0.340952816371956	-12.6728410913784	28.686971507624	2	1
-1.91750556460391	-16.8862353420957	31.0944623449735	-2.60149941070724	-21.6060589650375	33.1942562579119	0.313343660799511	-16.9690700954992	30.6729925837266	2	1
-2.60149941070724	-21.6060589650375	33.1942562579119	-2.11600925654861	-25.0636959172243	34.6412627461793	0.282487991134442	-21.2298644790227	35.0676929354408	2	1
-2.11600925654861	-25.0636959172243	34.6412627461793	-1.85647261554185	-28.5605066740312	35.1324378529938	0.526738009836712	-25.1833052745708	35.9928180160991	2	1
-1.85647261554185	-28.5605066740312	35.1324378529938	-1.38208598336401	-34.1717997669126	34.441873852345	0.0917904424933773	-28.1686401551057	35.1791014420161	2	1
0.63269	-5.2137	22.291	0.7205	-1.7004	16.289	-0.69681	-5.8877	22.062	2	1
1.09520758601089	-9.60000031983667	25.6238427430911	0.63269	-5.2137	22.291	-1.1614	-9.309	25.507	2	1
0.340952816371956	-12.6728410913784	28.686971507624	1.09520758601089	-9.60000031983667	25.6238427430911	-0.922453300065961	-12.682328294473	27.706873136069	2	1
0.313343660799511	-16.9690700954992	30.6729925837266	0.340952816371956	-12.6728410913784	28.686971507624	-1.91750556460391	-16.8862353420957	31.0944623449735	2	1
0.282487991134442	-21.2298644790227	35.0676929354408	0.313343660799511	-16.9690700954992	30.6729925837266	-2.60149941070724	-21.6060589650375	33.1942562579119	2	1
0.526738009836712	-25.1833052745708	35.9928180160991	0.282487991134442	-21.2298644790227	35.0676929354408	-2.11600925654861	-25.0636959172243	34.6412627461793	2	1
0.0917904424933773	-28.1686401551057	35.1791014420161	0.526738009836712	-25.1833052745708	35.9928180160991	-1.85647261554185	-28.5605066740312	35.1324378529938	2	1
-0.69681	-5.8877	22.062	0.12035	-1.5779	16.987	-1.3152	-1.6336	16.293	2	1
-1.1614	-9.309	25.507	-0.69681	-5.8877	22.062	-1.9231	-5.2824	22.816	2	1
-0.922453300065961	-12.682328294473	27.706873136069	-1.1614	-9.309	25.507	-1.74291197770161	-9.33102541340974	26.0982213806635	2	1
-1.91750556460391	-16.8862353420957	31.0944623449735	-0.922453300065961	-12.682328294473	27.706873136069	-2.80499712246605	-10.6160305094233	29.8254042174416	2	1
-2.60149941070724	-21.6060589650375	33.1942562579119	-1.91750556460391	-16.8862353420957	31.0944623449735	-2.74628083335257	-17.4440769051175	30.6775299949742	2	1
-2.11600925654861	-25.0636959172243	34.6412627461793	-2.60149941070724	-21.6060589650375	33.1942562579119	-3.51667281079687	-21.3169248405167	33.0145602206546	2	1
-1.85647261554185	-28.5605066740312	35.1324378529938	-2.11600925654861	-25.0636959172243	34.6412627461793	-2.28895509994195	-25.2891377181557	36.3322198655782	2	1
-1.3152	-1.6336	16.293	-1.9231	-5.2824	22.816	-0.69681	-5.8877	22.062	2	1
-1.9231	-5.2824	22.816	-1.74291197770161	-9.33102541340974	26.0982213806635	-1.1614	-9.309	25.507	2	1
-1.74291197770161	-9.33102541340974	26.0982213806635	-2.80499712246605	-10.6160305094233	29.8254042174416	-0.922453300065961	-12.682328294473	27.706873136069	2	1
-2.80499712246605	-10.6160305094233	29.8254042174416	-2.74628083335257	-17.4440769051175	30.6775299949742	-1.91750556460391	-16.8862353420957	31.0944623449735	2	1
-2.74628083335257	-17.4440769051175	30.6775299949742	-3.51667281079687	-21.3169248405167	33.0145602206546	-2.60149941070724	-21.6060589650375	33.1942562579119	2	1
-3.51667281079687	-21.3169248405167	33.0145602206546	-2.28895509994195	-25.2891377181557	36.3322198655782	-2.11600925654861	-25.0636959172243	34.6412627461793	2	1
0.0037021	2.3981	21.682	0.412	5.4894	26.775	1.0784	1.877	21.494	3	2
0.412	5.4894	26.775	0.67495	8.3882	31.514	1.1945	5.6152	27.008	3	2
0.67495	8.3882	31.514	1.03	11.425	34.562	2.4761	7.3981	31.791	3	2
1.03	11.425	34.562	1.62624420677482	15.1778812866041	37.4524845708885	2.5035586379138	11.2774891379016	34.5545806878629	3	2
1.62624420677482	15.1778812866041	37.4524845708885	1.99461891911892	18.4239916899684	39.3157037556532	3.68733757446745	14.2255192084421	38.4160704216213	3	2
1.99461891911892	18.4239916899684	39.3157037556532	2.8432253170065	21.9260596051191	41.0008223446955	3.87341613632235	17.7608341307111	39.4946373417362	3	2
2.8432253170065	21.9260596051191	41.0008223446955	4.08403750234452	27.087336249598	42.6448942439364	4.83662040948228	21.5933012332399	40.9804910575314	3	2
4.08403750234452	27.087336249598	42.6448942439364	4.85426502392037	30.4507356167198	43.2146764411418	6.17877796124919	27.3241745176983	42.3368443541602	3	2
4.85426502392037	30.4507356167198	43.2146764411418	6.11253367785028	33.9733777188067	43.5602841741892	7.66733214782304	30.6905417226449	43.8227214049225	3	2
6.11253367785028	33.9733777188067	43.5602841741892	6.84919540151864	37.3731366030661	43.7230141154454	7.27789348279674	33.6706346399561	43.9986860368942	3	2
6.84919540151864	37.3731366030661	43.7230141154454	8.65084220249652	43.6623300982183	43.2402939635347	8.94241676379661	36.8124470446664	43.8447311545349	3	2
1.1945	5.6152	27.008	1.0784	1.877	21.494	0.412	5.4894	26.775	3	2
2.4761	7.3981	31.791	1.1945	5.6152	27.008	0.67495	8.3882	31.514	3	2
2.5035586379138	11.2774891379016	34.5545806878629	2.4761	7.3981	31.791	1.03	11.425	34.562	3	2
3.68733757446745	14.2255192084421	38.4160704216213	2.5035586379138	11.2774891379016	34.5545806878629	1.62624420677482	15.1778812866041	37.4524845708885	3	2
3.87341613632235	17.7608341307111	39.4946373417362	3.68733757446745	14.2255192084421	38.4160704216213	1.99461891911892	18.4239916899684	39.3157037556532	3	2
4.83662040948228	21.5933012332399	40.9804910575314	3.87341613632235	17.7608341307111	39.4946373417362	2.8432253170065	21.9260596051191	41.0008223446955	3	2
6.17877796124919	27.3241745176983	42.3368443541602	4.83662040948228	21.5933012332399	40.9804910575314	4.08403750234452	27.087336249598	42.6448942439364	3	2
7.66733214782304	30.6905417226449	43.8227214049225	6.17877796124919	27.3241745176983	42.3368443541602	4.85426502392037	30.4507356167198	43.2146764411418	3	2
7.27789348279674	33.6706346399561	43.9986860368942	7.66733214782304	30.6905417226449	43.8227214049225	6.11253367785028	33.9733777188067	43.5602841741892	3	2
8.94241676379661	36.8124470446664	43.8447311545349	7.27789348279674	33.6706346399561	43.9986860368942	6.84919540151864	37.3731366030661	43.7230141154454	3	2
0.412	5.4894	26.775	0.0037021	2.3981	21.682	-1.4666	1.9101	21.811	3	2
0.67495	8.3882	31.514	0.412	5.4894	26.775	-1.2307	5.5104	26.669	3	2
1.03	11.425	34.562	0.67495	8.3882	31.514	-2.0045	7.9057	31.505	3	2
1.62624420677482	15.1778812866041	37.4524845708885	1.03	11.425	34.562	-1.0061183576094	11.5828229388412	33.8605533778102	3	2
1.99461891911892	18.4239916899684	39.3157037556532	1.62624420677482	15.1778812866041	37.4524845708885	-1.3596283991716	13.6677299946125	39.0199369166888	3	2
2.8432253170065	21.9260596051191	41.0008223446955	1.99461891911892	18.4239916899684	39.3157037556532	-0.965169347337313	19.2256020468233	38.3241855190428	3	2
4.08403750234452	27.087336249598	42.6448942439364	2.8432253170065	21.9260596051191	41.0008223446955	0.334093420400881	22.1932029727453	40.6459266571059	3	2
4.85426502392037	30.4507356167198	43.2146764411418	4.08403750234452	27.087336249598	42.6448942439364	2.83381568046508	27.0570120999836	41.973242934069	3	2
6.11253367785028	33.9733777188067	43.5602841741892	4.85426502392037	30.4507356167198	43.2146764411418	3.86585014417783	30.9375400296299	44.1263731994308	3	2
6.84919540151864	37.3731366030661	43.7230141154454	6.11253367785028	33.9733777188067	43.5602841741892	4.71185608959652	34.5061168882489	44.2264457995517	3	2
8.65084220249652	43.6623300982183	43.2402939635347	6.84919540151864	37.3731366030661	43.7230141154454	6.30329106527907	37.765190038355	45.433443710475	3	2
-1.4666	1.9101	21.811	-1.2307	5.5104	26.669	0.412	5.4894	26.775	3	2
-1.2307	5.5104	26.669	-2.0045	7.9057	31.505	0.67495	8.3882	31.514	3	2
-2.0045	7.9057	31.505	-1.0061183576094	11.5828229388412	33.8605533778102	1.03	11.425	34.562	3	2
-1.0061183576094	11.5828229388412	33.8605533778102	-1.3596283991716	13.6677299946125	39.0199369166888	1.62624420677482	15.1778812866041	37.4524845708885	3	2
-1.3596283991716	13.6677299946125	39.0199369166888	-0.965169347337313	19.2256020468233	38.3241855190428	1.99461891911892	18.4239916899684	39.3157037556532	3	2
-0.965169347337313	19.2256020468233	38.3241855190428	0.334093420400881	22.1932029727453	40.6459266571059	2.8432253170065	21.9260596051191	41.0008223446955	3	2
0.334093420400881	22.1932029727453	40.6459266571059	2.83381568046508	27.0570120999836	41.973242934069	4.08403750234452	27.087336249598	42.6448942439364	3	2
2.83381568046508	27.0570120999836	41.973242934069	3.86585014417783	30.9375400296299	44.1263731994308	4.85426502392037	30.4507356167198	43.2146764411418	3	2
3.86585014417783	30.9375400296299	44.1263731994308	4.71185608959652	34.5061168882489	44.2264457995517	6.11253367785028	33.9733777188067	43.5602841741892	3	2
4.71185608959652	34.5061168882489	44.2264457995517	6.30329106527907	37.765190038355	45.433443710475	6.84919540151864	37.3731366030661	43.7230141154454	3	2
0.23953	-1.8413	25.174	0.80155	-3.8441	29.16	1.0008	-2.5974	25.299	4	2
0.80155	-3.8441	29.16	1.455	-5.9092	33.558	1.3809	-3.2059	29.58	4	2
1.455	-5.9092	33.558	2.383	-8.185	37.648	2.0671	-3.8303	34.049	4	2
2.383	-8.185	37.648	3.23361322346751	-10.3946907358201	41.150062427498	3.65325503390415	-8.01116147898807	38.228372404111	4	2
3.23361322346751	-10.3946907358201	41.150062427498	3.99601745218231	-13.1363858058534	45.4539494723671	3.45411522185706	-10.1881366144001	41.5194333435575	4	2
3.99601745218231	-13.1363858058534	45.4539494723671	4.81751989059146	-15.5098625713437	48.9297646684565	5.83362116412027	-11.836562163855	46.8874278773575	4	2
4.81751989059146	-15.5098625713437	48.9297646684565	5.76379263191836	-17.6015567746307	52.1852500499253	5.38881115979273	-15.0025684669305	49.3419853221871	4	2
5.76379263191836	-17.6015567746307	52.1852500499253	6.85118753019517	-19.974517013593	55.4895065365658	7.92453926039954	-16.6836835375482	53.4063644131833	4	2
6.85118753019517	-19.974517013593	55.4895065365658	8.0713183233348	-22.5618168075298	58.73399909842	9.63648588120434	-19.7607305662071	56.7890252208408	4	2
8.0713183233348	-22.5618168075298	58.73399909842	9.22343503338369	-25.1586388440671	62.3185081857261	10.1638179044796	-23.3409407449284	59.2912112600617	4	2
9.22343503338369	-25.1586388440671	62.3185081857261	10.4142339057715	-28.5368247116398	66.6339275500118	10.1474578137149	-23.8116674342566	63.2949767835734	4	2
1.3809	-3.2059	29.58	1.0008	-2.5974	25.299	0.80155	-3.8441	29.16	4	2
2.0671	-3.8303	34.049	1.3809	-3.2059	29.58	1.455	-5.9092	33.558	4	2
3.65325503390415	-8.01116147898807	38.228372404111	2.0671	-3.8303	34.049	2.383	-8.185	37.648	4	2
3.45411522185706	-10.1881366144001	41.5194333435575	3.65325503390415	-8.01116147898807	38.228372404111	3.23361322346751	-10.3946907358201	41.150062427498	4	2
5.83362116412027	-11.836562163855	46.8874278773575	3.45411522185706	-10.1881366144001	41.5194333435575	3.99601745218231	-13.1363858058534	45.4539494723671	4	2
5.38881115979273	-15.0025684669305	49.3419853221871	5.83362116412027	-11.836562163855	46.8874278773575	4.81751989059146	-15.5098625713437	48.9297646684565	4	2
7.92453926039954	-16.6836835375482	53.4063644131833	5.38881115979273	-15.0025684669305	49.3419853221871	5.76379263191836	-17.6015567746307	52.1852500499253	4	2
9.63648588120434	-19.7607305662071	56.7890252208408	7.92453926039954	-16.6836835375482	53.4063644131833	6.85118753019517	-19.974517013593	55.4895065365658	4	2
10.1638179044796	-23.3409407449284	59.2912112600617	9.63648588120434	-19.7607305662071	56.7890252208408	8.0713183233348	-22.5618168075298	58.73399909842	4	2
10.1474578137149	-23.8116674342566	63.2949767835734	10.1638179044796	-23.3409407449284	59.2912112600617	9.22343503338369	-25.1586388440671	62.3185081857261	4	2
0.80155	-3.8441	29.16	0.23953	-1.8413	25.174	-1.7013	-2.0621	24.932	4	2
1.455	-5.9092	33.558	0.80155	-3.8441	29.16	-1.3186	-3.3216	29.218	4	2
2.383	-8.185	37.648	1.455	-5.9092	33.558	-1.8644	-5.4447	33.492	4	2
3.23361322346751	-10.3946907358201	41.150062427498	2.383	-8.185	37.648	-0.65927247893846	-9.17540042241093	36.7677214135957	4	2
3.99601745218231	-13.1363858058534	45.4539494723671	3.23361322346751	-10.3946907358201	41.150062427498	-1.06916265239267	-9.16466073340359	41.6492875823839	4	2
4.81751989059146	-15.5098625713437	48.9297646684565	3.99601745218231	-13.1363858058534	45.4539494723671	1.47639856560628	-13.1322631477148	44.481089508087	4	2
5.76379263191836	-17.6015567746307	52.1852500499253	4.81751989059146	-15.5098625713437	48.9297646684565	3.71518080080695	-15.0458273099313	48.5774479823643	4	2
6.85118753019517	-19.974517013593	55.4895065365658	5.76379263191836	-17.6015567746307	52.1852500499253	5.21708534218813	-17.9371935279396	51.455747260908	4	2
8.0713183233348	-22.5618168075298	58.73399909842	6.85118753019517	-19.974517013593	55.4895065365658	5.27681169119822	-19.9104653823241	54.5836759419653	4	2
9.22343503338369	-25.1586388440671	62.3185081857261	8.0713183233348	-22.5618168075298	58.73399909842	6.90326412069237	-22.4767227278017	58.1452728315654	4	2
10.4142339057715	-28.5368247116398	66.6339275500118	9.22343503338369	-25.1586388440671	62.3185081857261	8.60307937997518	-25.2305868815517	61.6795994730087	4	2
-1.7013	-2.0621	24.932	-1.3186	-3.3216	29.218	0.80155	-3.8441	29.16	4	2
-1.3186	-3.3216	29.218	-1.8644	-5.4447	33.492	1.455	-5.9092	33.558	4	2
-1.8644	-5.4447	33.492	-0.65927247893846	-9.17540042241093	36.7677214135957	2.383	-8.185	37.648	4	2
-0.65927247893846	-9.17540042241093	36.7677214135957	-1.06916265239267	-9.16466073340359	41.6492875823839	3.23361322346751	-10.3946907358201	41.150062427498	4	2
-1.06916265239267	-9.16466073340359	41.6492875823839	1.47639856560628	-13.1322631477148	44.481089508087	3.99601745218231	-13.1363858058534	45.4539494723671	4	2
1.47639856560628	-13.1322631477148	44.481089508087	3.71518080080695	-15.0458273099313	48.5774479823643	4.81751989059146	-15.5098625713437	48.9297646684565	4	2
3.71518080080695	-15.0458273099313	48.5774479823643	5.21708534218813	-17.9371935279396	51.455747260908	5.76379263191836	-17.6015567746307	52.1852500499253	4	2
5.21708534218813	-17.9371935279396	51.455747260908	5.27681169119822	-19.9104653823241	54.5836759419653	6.85118753019517	-19.974517013593	55.4895065365658	4	2
5.27681169119822	-19.9104653823241	54.5836759419653	6.90326412069237	-22.4767227278017	58.1452728315654	8.0713183233348	-22.5618168075298	58.73399909842	4	2
6.90326412069237	-22.4767227278017	58.1452728315654	8.60307937997518	-25.2305868815517	61.6795994730087	9.22343503338369	-25.1586388440671	62.3185081857261	4	2
-0.096448	-0.21984	26.534	-0.6632	1.1753	29.951	0.777	1.1601	26.013	5	2
-0.6632	1.1753	29.951	-1.37454458715941	2.9263750510445	34.2397620234665	2.23429509788963	2.9300341271513	29.4430016626837	5	2
-1.37454458715941	2.9263750510445	34.2397620234665	-2.11244956316355	4.74283224611821	38.6886590772151	0.31534988830511	2.79682042086642	33.9317294243898	5	2
-2.11244956316355	4.74283224611821	38.6886590772151	-2.68633006652018	6.15552006275225	42.1486374804138	-1.03613432716677	4.71234604877255	39.0795456092581	5	2
-2.68633006652018	6.15552006275225	42.1486374804138	-3.32674513566402	7.73199209913737	46.0097589078891	0.457580616234642	6.98007218391129	42.07672215206	5	2
-3.32674513566402	7.73199209913737	46.0097589078891	-4.2928477118	10.11018987889	51.8344803074724	-0.19030076167553	7.91534291943268	45.1491520126849	5	2
-4.2928477118	10.11018987889	51.8344803074724	-4.82665630969922	11.424235047276	55.05286150246	-2.38071479269593	9.1863004636253	51.1000195950851	5	2
2.23429509788963	2.9300341271513	29.4430016626837	0.777	1.1601	26.013	-0.6632	1.1753	29.951	5	2
0.31534988830511	2.79682042086642	33.9317294243898	2.23429509788963	2.9300341271513	29.4430016626837	-1.37454458715941	2.9263750510445	34.2397620234665	5	2
-1.03613432716677	4.71234604877255	39.0795456092581	0.31534988830511	2.79682042086642	33.9317294243898	-2.11244956316355	4.74283224611821	38.6886590772151	5	2
0.457580616234642	6.98007218391129	42.07672215206	-1.03613432716677	4.71234604877255	39.0795456092581	-2.68633006652018	6.15552006275225	42.1486374804138	5	2
-0.19030076167553	7.91534291943268	45.1491520126849	0.457580616234642	6.98007218391129	42.07672215206	-3.32674513566402	7.73199209913737	46.0097589078891	5	2
-2.38071479269593	9.1863004636253	51.1000195950851	-0.19030076167553	7.91534291943268	45.1491520126849	-4.2928477118	10.11018987889	51.8344803074724	5	2
-0.6632	1.1753	29.951	-0.096448	-0.21984	26.534	-1.2218	0.40471	26.546	5	2
-1.37454458715941	2.9263750510445	34.2397620234665	-0.6632	1.1753	29.951	-2.60108875520679	-1.03266940579911	30.3005150799296	5	2
-2.11244956316355	4.74283224611821	38.6886590772151	-1.37454458715941	2.9263750510445	34.2397620234665	-3.82717023253935	1.37655308845081	34.8699727325844	5	2
-2.68633006652018	6.15552006275225	42.1486374804138	-2.11244956316355	4.74283224611821	38.6886590772151	-4.59713548821627	3.29062445409199	39.064488762875	5	2
-3.32674513566402	7.73199209913737	46.0097589078891	-2.68633006652018	6.15552006275225	42.1486374804138	-4.26711182389209	3.66655551580192	42.9221191218148	5	2
-4.2928477118	10.11018987889	51.8344803074724	-3.32674513566402	7.73199209913737	46.0097589078891	-4.13192635264636	5.9185995451763	46.7433175374869	5	2
-4.82665630969922	11.424235047276	55.05286150246	-4.2928477118	10.11018987889	51.8344803074724	-4.96280720649447	9.9697004785856	51.8692741843884	5	2
-1.2218	0.40471	26.546	-2.60108875520679	-1.03266940579911	30.3005150799296	-0.6632	1.1753	29.951	5	2
-2.60108875520679	-1.03266940579911	30.3005150799296	-3.82717023253935	1.37655308845081	34.8699727325844	-1.37454458715941	2.9263750510445	34.2397620234665	5	2
-3.82717023253935	1.37655308845081	34.8699727325844	-4.59713548821627	3.29062445409199	39.064488762875	-2.11244956316355	4.74283224611821	38.6886590772151	5	2
-4.59713548821627	3.29062445409199	39.064488762875	-4.26711182389209	3.66655551580192	42.9221191218148	-2.68633006652018	6.15552006275225	42.1486374804138	5	2
-4.26711182389209	3.66655551580192	42.9221191218148	-4.13192635264636	5.9185995451763	46.7433175374869	-3.32674513566402	7.73199209913737	46.0097589078891	5	2
-4.13192635264636	5.9185995451763	46.7433175374869	-4.96280720649447	9.9697004785856	51.8692741843884	-4.2928477118	10.11018987889	51.8344803074724	5	2
0.66812	-1.503	30.237	0.6249	-2.4527	34.605	2.0123	-0.9005	30.568	6	2
0.6249	-2.4527	34.605	0.41847	-3.7092	38.806	2.0373	-3.5506	34.219	6	2
0.41847	-3.7092	38.806	0.36604766393562	-5.26109300487308	42.6214743866271	2.27924088255944	-3.93521192416435	39.1823778602076	6	2
0.36604766393562	-5.26109300487308	42.6214743866271	0.531793158066631	-7.4399675786161	46.8470185353814	1.90585420370878	-2.68071655076052	43.6931242478847	6	2
0.531793158066631	-7.4399675786161	46.8470185353814	0.936220099121309	-9.87517334471742	50.7086764301328	1.70338613455822	-4.822399478485	48.7934726444247	6	2
0.936220099121309	-9.87517334471742	50.7086764301328	1.86146979533561	-12.5573018500696	54.7712355116026	2.92915057399712	-8.51039233166611	52.1250612326233	6	2
1.86146979533561	-12.5573018500696	54.7712355116026	2.66053496895012	-14.9490883865772	57.6987889102783	3.0602500257166	-11.484532515845	56.0513760955991	6	2
2.66053496895012	-14.9490883865772	57.6987889102783	5.14207492703385	-20.0203951401661	63.6368493122477	3.95213683126985	-13.5289420892386	60.3709660158249	6	2
5.14207492703385	-20.0203951401661	63.6368493122477	5.77258377874089	-21.4277306179453	64.9677472951536	4.91765790713419	-19.656521088534	65.218441445425	6	2
2.0373	-3.5506	34.219	2.0123	-0.9005	30.568	0.6249	-2.4527	34.605	6	2
2.27924088255944	-3.93521192416435	39.1823778602076	2.0373	-3.5506	34.219	0.41847	-3.7092	38.806	6	2
1.90585420370878	-2.68071655076052	43.6931242478847	2.27924088255944	-3.93521192416435	39.1823778602076	0.36604766393562	-5.26109300487308	42.6214743866271	6	2
1.70338613455822	-4.822399478485	48.7934726444247	1.90585420370878	-2.68071655076052	43.6931242478847	0.531793158066631	-7.4399675786161	46.8470185353814	6	2
2.92915057399712	-8.51039233166611	52.1250612326233	1.70338613455822	-4.822399478485	48.7934726444247	0.936220099121309	-9.87517334471742	50.7086764301328	6	2
3.0602500257166	-11.484532515845	56.0513760955991	2.92915057399712	-8.51039233166611	52.1250612326233	1.86146979533561	-12.5573018500696	54.7712355116026	6	2
3.95213683126985	-13.5289420892386	60.3709660158249	3.0602500257166	-11.484532515845	56.0513760955991	2.66053496895012	-14.9490883865772	57.6987889102783	6	2
4.91765790713419	-19.656521088534	65.218441445425	3.95213683126985	-13.5289420892386	60.3709660158249	5.14207492703385	-20.0203951401661	63.6368493122477	6	2
0.6249	-2.4527	34.605	0.66812	-1.503	30.237	-2.9383	-1.1322	30.626	6	2
0.41847	-3.7092	38.806	0.6249	-2.4527	34.605	-1.4113	-1.7533	34.836	6	2
0.36604766393562	-5.26109300487308	42.6214743866271	0.41847	-3.7092	38.806	-2.87602545367702	-3.53104130962442	38.8504200815526	6	2
0.531793158066631	-7.4399675786161	46.8470185353814	0.36604766393562	-5.26109300487308	42.6214743866271	-3.52599966135638	-5.4902791378789	41.731480080957	6	2
0.936220099121309	-9.87517334471742	50.7086764301328	0.531793158066631	-7.4399675786161	46.8470185353814	-2.73485972430279	-7.60807903767113	45.8178753901183	6	2
1.86146979533561	-12.5573018500696	54.7712355116026	0.936220099121309	-9.87517334471742	50.7086764301328	-1.88428674496086	-8.7160831971152	50.2399158358877	6	2
2.66053496895012	-14.9490883865772	57.6987889102783	1.86146979533561	-12.5573018500696	54.7712355116026	0.0431299871559452	-12.2037307820999	54.0026724355419	6	2
5.14207492703385	-20.0203951401661	63.6368493122477	2.66053496895012	-14.9490883865772	57.6987889102783	2.04973944066036	-14.5300451199989	56.975629229878	6	2
5.77258377874089	-21.4277306179453	64.9677472951536	5.14207492703385	-20.0203951401661	63.6368493122477	3.93071640035089	-18.854811589884	63.9380887471567	6	2
-2.9383	-1.1322	30.626	-1.4113	-1.7533	34.836	0.6249	-2.4527	34.605	6	2
-1.4113	-1.7533	34.836	-2.87602545367702	-3.53104130962442	38.8504200815526	0.41847	-3.7092	38.806	6	2
-2.87602545367702	-3.53104130962442	38.8504200815526	-3.52599966135638	-5.4902791378789	41.731480080957	0.36604766393562	-5.26109300487308	42.6214743866271	6	2
-3.52599966135638	-5.4902791378789	41.731480080957	-2.73485972430279	-7.60807903767113	45.8178753901183	0.531793158066631	-7.4399675786161	46.8470185353814	6	2
-2.73485972430279	-7.60807903767113	45.8178753901183	-1.88428674496086	-8.7160831971152	50.2399158358877	0.936220099121309	-9.87517334471742	50.7086764301328	6	2
-1.88428674496086	-8.7160831971152	50.2399158358877	0.0431299871559452	-12.2037307820999	54.0026724355419	1.86146979533561	-12.5573018500696	54.7712355116026	6	2
0.0431299871559452	-12.2037307820999	54.0026724355419	2.04973944066036	-14.5300451199989	56.975629229878	2.66053496895012	-14.9490883865772	57.6987889102783	6	2
2.04973944066036	-14.5300451199989	56.975629229878	3.93071640035089	-18.854811589884	63.9380887471567	5.14207492703385	-20.0203951401661	63.6368493122477	6	2
0.48025	-0.065238	32.487	0.48025	-0.0652379999999998	36.5079518069164	0.89608979090416	-0.034704529059744	32.5882347008546	7	2
0.48025	-0.0652379999999998	36.5079518069164	0.48025	-0.065238	41.1136476283965	2.29652576765665	0.904610640369078	35.568272464695	7	2
2.29652576765665	0.904610640369078	35.568272464695	0.89608979090416	-0.034704529059744	32.5882347008546	0.48025	-0.0652379999999998	36.5079518069164	7	2
0.48025	-0.0652379999999998	36.5079518069164	0.48025	-0.065238	32.487	-3.54086856736165	-1.454845237716	33.2821715025393	7	2
0.48025	-0.065238	41.1136476283965	0.48025	-0.0652379999999998	36.5079518069164	-1.38131788472932	0.253580969065893	37.5368504975114	7	2
-3.54086856736165	-1.454845237716	33.2821715025393	-1.38131788472932	0.253580969065893	37.5368504975114	0.48025	-0.0652379999999998	36.5079518069164	7	2
1.6541	2.9057	32.832	1.8467	5.2361	37.452	3.0061	2.7372	32.871	8	2
1.8467	5.2361	37.452	3.0828	7.2517	41.746	3.3828	2.8223	37.853	8	2
3.0828	7.2517	41.746	4.26884558981077	9.09410845041339	44.6921880474158	5.78046774834371	5.87171439529478	42.5091600555274	8	2
4.26884558981077	9.09410845041339	44.6921880474158	6.80524046725582	12.5817609412131	49.1297138613226	7.00781978951978	7.92216830308305	46.0283422430099	8	2
6.80524046725582	12.5817609412131	49.1297138613226	8.78377415814549	15.1503340036962	51.6699597680609	9.02998176234698	11.6585273797699	50.6591397016107	8	2
8.78377415814549	15.1503340036962	51.6699597680609	11.3366105059971	18.3509972233364	54.061357590576	11.7874528467992	15.1026036534914	53.1703467044867	8	2
11.3366105059971	18.3509972233364	54.061357590576	14.1999888251894	22.3855511226564	56.1618612051079	13.6252056619275	18.2316474730698	54.8912382141377	8	2
14.1999888251894	22.3855511226564	56.1618612051079	16.3708341285223	25.8292926413219	57.3103654591778	15.7911015524146	22.0728738126057	57.7347376112637	8	2
16.3708341285223	25.8292926413219	57.3103654591778	18.0070791678501	28.8769569950301	57.8561760109368	17.3504726116029	25.2227631846023	57.7882906213098	8	2
3.3828	2.8223	37.853	3.0061	2.7372	32.871	1.8467	5.2361	37.452	8	2
5.78046774834371	5.87171439529478	42.5091600555274	3.3828	2.8223	37.853	3.0828	7.2517	41.746	8	2
7.00781978951978	7.92216830308305	46.0283422430099	5.78046774834371	5.87171439529478	42.5091600555274	4.26884558981077	9.09410845041339	44.6921880474158	8	2
9.02998176234698	11.6585273797699	50.6591397016107	7.00781978951978	7.92216830308305	46.0283422430099	6.80524046725582	12.5817609412131	49.1297138613226	8	2
11.7874528467992	15.1026036534914	53.1703467044867	9.02998176234698	11.6585273797699	50.6591397016107	8.78377415814549	15.1503340036962	51.6699597680609	8	2
13.6252056619275	18.2316474730698	54.8912382141377	11.7874528467992	15.1026036534914	53.1703467044867	11.3366105059971	18.3509972233364	54.061357590576	8	2
15.7911015524146	22.0728738126057	57.7347376112637	13.6252056619275	18.2316474730698	54.8912382141377	14.1999888251894	22.3855511226564	56.1618612051079	8	2
17.3504726116029	25.2227631846023	57.7882906213098	15.7911015524146	22.0728738126057	57.7347376112637	16.3708341285223	25.8292926413219	57.3103654591778	8	2
1.8467	5.2361	37.452	1.6541	2.9057	32.832	0.40135	0.65306	33.978	8	2
3.0828	7.2517	41.746	1.8467	5.2361	37.452	-0.586069999999999	5.112	37.433	8	2
4.26884558981077	9.09410845041339	44.6921880474158	3.0828	7.2517	41.746	0.520681049691603	7.87726296168604	41.2789125184324	8	2
6.80524046725582	12.5817609412131	49.1297138613226	4.26884558981077	9.09410845041339	44.6921880474158	0.509461693349488	9.35401817358761	44.259596765341	8	2
8.78377415814549	15.1503340036962	51.6699597680609	6.80524046725582	12.5817609412131	49.1297138613226	3.395164455324	12.4707132956196	48.4337764695586	8	2
11.3366105059971	18.3509972233364	54.061357590576	8.78377415814549	15.1503340036962	51.6699597680609	6.45241655341426	15.3868239544093	50.1270168293644	8	2
14.1999888251894	22.3855511226564	56.1618612051079	11.3366105059971	18.3509972233364	54.061357590576	8.56780843335235	18.0210757737351	53.4794107204829	8	2
16.3708341285223	25.8292926413219	57.3103654591778	14.1999888251894	22.3855511226564	56.1618612051079	13.1706457939938	22.4442032256351	56.9319922685934	8	2
18.0070791678501	28.8769569950301	57.8561760109368	16.3708341285223	25.8292926413219	57.3103654591778	16.1436884321309	26.3044056117341	57.7724601442338	8	2
0.40135	0.65306	33.978	-0.586069999999999	5.112	37.433	1.8467	5.2361	37.452	8	2
-0.586069999999999	5.112	37.433	0.520681049691603	7.87726296168604	41.2789125184324	3.0828	7.2517	41.746	8	2
0.520681049691603	7.87726296168604	41.2789125184324	0.509461693349488	9.35401817358761	44.259596765341	4.26884558981077	9.09410845041339	44.6921880474158	8	2
0.509461693349488	9.35401817358761	44.259596765341	3.395164455324	12.4707132956196	48.4337764695586	6.80524046725582	12.5817609412131	49.1297138613226	8	2
3.395164455324	12.4707132956196	48.4337764695586	6.45241655341426	15.3868239544093	50.1270168293644	8.78377415814549	15.1503340036962	51.6699597680609	8	2
6.45241655341426	15.3868239544093	50.1270168293644	8.56780843335235	18.0210757737351	53.4794107204829	11.3366105059971	18.3509972233364	54.061357590576	8	2
8.56780843335235	18.0210757737351	53.4794107204829	13.1706457939938	22.4442032256351	56.9319922685934	14.1999888251894	22.3855511226564	56.1618612051079	8	2
13.1706457939938	22.4442032256351	56.9319922685934	16.1436884321309	26.3044056117341	57.7724601442338	16.3708341285223	25.8292926413219	57.3103654591778	8	2
