-0.3475	-0.70784	0.031499	-0.41155	-0.34074	1.0263	-0.22515	-0.60134	1.8261	0	0
-0.41155	-0.34074	0	-0.087748	-0.21784	1.0423	-0.37868	0.45443	1.0936	0	0
-0.41155	-0.34074	0	-0.087748	-0.21784	1.0423	-0.1292	-0.21974	1.7978	0	0
-0.41155	-0.34074	0	-0.37868	0.45443	1.0936	-0.36431	0.45368	1.7658	0	0
-0.41155	-0.34074	0	-0.22515	-0.60134	1.8261	-0.1292	-0.21974	1.7978	0	0
-0.087748	-0.21784	0.015999	-0.37868	0.45443	1.0936	0.077885	0.65153	1.042	0	0
-0.087748	-0.21784	0.015999	0.077885	0.65153	1.042	0.58995	0.54246	1.7331	0	0
-0.087748	-0.21784	0.015999	-0.1292	-0.21974	1.7978	0.58995	0.54246	1.7331	0	0
-0.37868	0.45443	0.0673	0.077885	0.65153	1.042	0.090202	1.1281	1.0615	0	0
-0.37868	0.45443	0.0673	-0.36431	0.45368	1.7658	-0.23335	1.161	2.1406	0	0
-0.37868	0.45443	0.0673	0.090202	1.1281	1.0615	-0.23335	1.161	2.1406	0	0
-0.22515	-0.60134	0.79975	-0.1292	-0.21974	1.7978	0.21832	-0.029304	2.3827	0	0
-0.22515	-0.60134	0.79975	-0.15305	-0.60444	2.5182	0.21832	-0.029304	2.3827	0	0
0.077885	0.65153	0.015633	0.090202	1.1281	1.0615	0.65045	1.0875	1.0299	0	0
0.077885	0.65153	0.015633	0.65045	1.0875	1.0299	0.58995	0.54246	1.7331	0	0
-0.1292	-0.21974	0.77145	-0.36431	0.45368	1.7658	-0.53225	-0.15794	2.129	0	0
-0.1292	-0.21974	0.77145	-0.36431	0.45368	1.7658	0.17911	0.61674	1.8577	0	0
-0.1292	-0.21974	0.77145	-0.53225	-0.15794	2.129	-0.15305	-0.60444	2.5182	0	0
-0.1292	-0.21974	0.77145	0.58995	0.54246	1.7331	0.21832	-0.029304	2.3827	0	0
-0.36431	0.45368	0.7395	-0.53225	-0.15794	2.129	-0.33152	0.41281	2.5918	0	0
-0.36431	0.45368	0.7395	-0.33152	0.41281	2.5918	-0.23335	1.161	2.1406	0	0
0.090202	1.1281	0.03515	0.65045	1.0875	1.0299	0.2262	1.2084	1.817	0	0
0.090202	1.1281	0.03515	0.2262	1.2084	1.817	-0.23335	1.161	2.1406	0	0
-0.53225	-0.15794	1.1027	-0.33152	0.41281	2.5918	-0.13415	-0.24834	3.0499	0	0
0.65045	1.0875	0.003549	0.58995	0.54246	1.7331	0.65255	1.1118	1.7913	0	0
0.65045	1.0875	0.003549	0.2262	1.2084	1.817	0.65255	1.1118	1.7913	0	0
0.58995	0.54246	0.7068	0.17911	0.61674	1.8577	0.21832	-0.029304	2.3827	0	0
0.58995	0.54246	0.7068	0.17911	0.61674	1.8577	0.65255	1.1118	1.7913	0	0
0.17911	0.61674	0.83138	0.21832	-0.029304	2.3827	0.1928	0.65786	2.5434	0	0
0.17911	0.61674	0.83138	0.2262	1.2084	1.817	0.65255	1.1118	1.7913	0	0
0.17911	0.61674	0.83138	0.2262	1.2084	1.817	-0.23335	1.161	2.1406	0	0
0.17911	0.61674	0.83138	0.1928	0.65786	2.5434	-0.23335	1.161	2.1406	0	0
-0.15305	-0.60444	1.4919	0.21832	-0.029304	2.3827	-0.13415	-0.24834	3.0499	0	0
-0.15305	-0.60444	1.4919	-0.13415	-0.24834	3.0499	-0.20925	-0.38654	3.2845	0	0
0.21832	-0.029304	1.3563	0.1928	0.65786	2.5434	0.019302	0.37346	3.2258	0	0
0.21832	-0.029304	1.3563	-0.13415	-0.24834	3.0499	0.019302	0.37346	3.2258	0	0
-0.33152	0.41281	1.5654	0.019302	0.37346	3.2258	-0.19325	0.5944	3.2322	0	0
-0.33152	0.41281	1.5654	-0.19325	0.5944	3.2322	-0.24735	1.2865	3.1824	0	0
-0.33152	0.41281	1.5654	-0.23335	1.161	2.1406	-0.24735	1.2865	3.1824	0	0
0.1928	0.65786	1.5171	0.19635	1.1336	2.5602	0.59565	1.1524	2.462	0	0
0.1928	0.65786	1.5171	0.19635	1.1336	2.5602	-0.23335	1.161	2.1406	0	0
0.1928	0.65786	1.5171	0.59565	1.1524	2.462	0.58445	0.89706	3.0215	0	0
0.1928	0.65786	1.5171	0.019302	0.37346	3.2258	0.58445	0.89706	3.0215	0	0
-0.13415	-0.24834	2.0236	-0.20925	-0.38654	3.2845	0.019302	0.37346	3.2258	0	0
0.19635	1.1336	1.5339	0.58445	0.89706	3.0215	0.088202	1.1438	3.2618	0	0
0.19635	1.1336	1.5339	0.088202	1.1438	3.2618	-0.24735	1.2865	3.1824	0	0
0.19635	1.1336	1.5339	-0.23335	1.161	2.1406	-0.24735	1.2865	3.1824	0	0
-0.20925	-0.38654	2.2582	0.019302	0.37346	3.2258	-0.16545	-0.28084	4.0561	0	0
-0.20925	-0.38654	2.2582	-0.35048	-0.63784	3.8856	-0.16545	-0.28084	4.0561	0	0
0.019302	0.37346	2.1995	-0.19325	0.5944	3.2322	0.19198	0.45409	3.8968	0	0
0.019302	0.37346	2.1995	0.58445	0.89706	3.0215	0.5727	0.89226	3.8548	0	0
0.019302	0.37346	2.1995	-0.16545	-0.28084	4.0561	0.19198	0.45409	3.8968	0	0
-0.19325	0.5944	2.2059	0.19198	0.45409	3.8968	-0.17965	0.74516	4.0608	0	0
-0.19325	0.5944	2.2059	-0.24735	1.2865	3.1824	-0.17965	0.74516	4.0608	0	0
0.58445	0.89706	1.9952	0.088202	1.1438	3.2618	0.5727	0.89226	3.8548	0	0
0.088202	1.1438	2.2354	-0.24735	1.2865	3.1824	0.11245	1.1443	4.0705	0	0
0.088202	1.1438	2.2354	0.5727	0.89226	3.8548	0.11245	1.1443	4.0705	0	0
-0.35048	-0.63784	2.8592	-0.16545	-0.28084	4.0561	-0.2666	-0.57164	4.7374	0	0
-0.16545	-0.28084	3.0298	0.19198	0.45409	3.8968	0.12835	-0.030738	4.352	0	0
-0.16545	-0.28084	3.0298	0.12835	-0.030738	4.352	-0.15805	-0.24374	4.5619	0	0
-0.16545	-0.28084	3.0298	-0.15805	-0.24374	4.5619	-0.2666	-0.57164	4.7374	0	0
0.19198	0.45409	2.8704	0.5727	0.89226	3.8548	0.2311	0.63296	4.6118	0	0
0.19198	0.45409	2.8704	-0.17965	0.74516	4.0608	-0.1763	0.49556	4.57	0	0
0.19198	0.45409	2.8704	0.12835	-0.030738	4.352	0.2311	0.63296	4.6118	0	0
-0.24735	1.2865	2.1561	-0.17965	0.74516	4.0608	-0.41335	1.134	4.6148	0	0
-0.24735	1.2865	2.1561	0.11245	1.1443	4.0705	-0.41335	1.134	4.6148	0	0
0.5727	0.89226	2.8285	0.11245	1.1443	4.0705	0.23795	1.2918	4.5479	0	0
0.5727	0.89226	2.8285	0.2311	0.63296	4.6118	0.60185	0.89616	4.6843	0	0
0.5727	0.89226	2.8285	0.23795	1.2918	4.5479	0.60185	0.89616	4.6843	0	0
-0.17965	0.74516	3.0345	-0.1763	0.49556	4.57	-0.41335	1.134	4.6148	0	0
0.12835	-0.030738	3.3257	-0.1763	0.49556	4.57	-0.15805	-0.24374	4.5619	0	0
0.12835	-0.030738	3.3257	0.2311	0.63296	4.6118	-0.13315	-0.26594	5.0635	0	0
0.11245	1.1443	3.0442	-0.41335	1.134	4.6148	0.23795	1.2918	4.5479	0	0
-0.1763	0.49556	3.5437	-0.15805	-0.24374	4.5619	-0.13315	-0.26594	5.0635	0	0
-0.1763	0.49556	3.5437	-0.13315	-0.26594	5.0635	-0.39075	0.5507	5.3515	0	0
-0.1763	0.49556	3.5437	-0.41335	1.134	4.6148	-0.39075	0.5507	5.3515	0	0
-0.15805	-0.24374	3.5356	-0.2666	-0.57164	4.7374	-0.13315	-0.26594	5.0635	0	0
-0.2666	-0.57164	3.7111	-0.13315	-0.26594	5.0635	-0.40125	-0.59064	5.3859	0	0
0.2311	0.63296	3.5854	-0.13315	-0.26594	5.0635	0.035852	0.38686	5.6041	0	0
0.2311	0.63296	3.5854	0.035852	0.38686	5.6041	0.60185	0.89616	4.6843	0	0
-0.13315	-0.26594	4.0372	-0.36955	-0.2854	5.3799	-0.40125	-0.59064	5.3859	0	0
-0.13315	-0.26594	4.0372	-0.36955	-0.2854	5.3799	0.035852	0.38686	5.6041	0	0
-0.41335	1.134	3.5884	0.23795	1.2918	4.5479	-0.40672	1.1238	5.295	0	0
-0.41335	1.134	3.5884	-0.39075	0.5507	5.3515	-0.40672	1.1238	5.295	0	0
0.23795	1.2918	3.5216	0.2735	1.0969	5.3112	0.60185	0.89616	4.6843	0	0
0.23795	1.2918	3.5216	0.2735	1.0969	5.3112	-0.40672	1.1238	5.295	0	0
-0.36955	-0.2854	4.3535	-0.40125	-0.59064	5.3859	-0.32761	-0.32944	6.058	0	0
-0.36955	-0.2854	4.3535	0.035852	0.38686	5.6041	-0.32761	-0.32944	6.058	0	0
-0.40125	-0.59064	4.3596	-0.32761	-0.32944	6.058	-0.45215	-0.71554	6.0998	0	0
-0.39075	0.5507	4.3252	0.035852	0.38686	5.6041	0.2735	1.0969	5.3112	0	0
-0.39075	0.5507	4.3252	0.2735	1.0969	5.3112	-0.40672	1.1238	5.295	0	0
0.035852	0.38686	4.5778	0.2735	1.0969	5.3112	0.32645	1.112	6.0266	0	0
0.035852	0.38686	4.5778	-0.32761	-0.32944	6.058	-0.1037	0.50781	6.0765	0	0
0.035852	0.38686	4.5778	0.32645	1.112	6.0266	-0.1037	0.50781	6.0765	0	0
0.2735	1.0969	4.2849	0.60185	0.89616	4.6843	0.32645	1.112	6.0266	0	0
-0.32761	-0.32944	5.0317	-0.45215	-0.71554	6.0998	-0.3167	-0.29826	6.6523	0	0
-0.32761	-0.32944	5.0317	-0.1037	0.50781	6.0765	-0.3167	-0.29826	6.6523	0	0
0.32645	1.112	5.0003	-0.1037	0.50781	6.0765	0.30095	1.1021	6.8031	0	0
-0.45215	-0.71554	5.0735	-0.3167	-0.29826	6.6523	-0.59195	-0.91369	6.7385	0	0
-0.1037	0.50781	5.0502	-0.3167	-0.29826	6.6523	-0.13598	0.39563	6.7364	0	0
-0.1037	0.50781	5.0502	-0.13598	0.39563	6.7364	0.30095	1.1021	6.8031	0	0
-0.3167	-0.29826	5.6259	-0.13598	0.39563	6.7364	-0.42788	-0.25034	7.4039	0	0
-0.3167	-0.29826	5.6259	-0.59195	-0.91369	6.7385	-0.42788	-0.25034	7.4039	0	0
-0.13598	0.39563	5.7101	0.30095	1.1021	6.8031	-0.11615	0.77816	7.5529	0	0
-0.13598	0.39563	5.7101	-0.42788	-0.25034	7.4039	-0.11615	0.77816	7.5529	0	0
-0.59195	-0.91369	5.7121	-0.42788	-0.25034	7.4039	-0.56585	-0.73734	7.548	0	0
-0.59195	-0.91369	5.7121	-0.94701	-1.0701	7.415	-0.56585	-0.73734	7.548	0	0
0.30095	1.1021	5.7767	-0.11615	0.77816	7.5529	0.2734	1.0952	7.5373	0	0
-0.42788	-0.25034	6.3776	-0.56585	-0.73734	7.548	-0.4124	-0.22374	8.0443	0	0
-0.42788	-0.25034	6.3776	-0.54988	0.3956	7.5862	-0.11615	0.77816	7.5529	0	0
-0.42788	-0.25034	6.3776	-0.54988	0.3956	7.5862	-0.4124	-0.22374	8.0443	0	0
-0.94701	-1.0701	6.3887	-0.56585	-0.73734	7.548	-0.62795	-0.78214	8.0021	0	0
-0.94701	-1.0701	6.3887	-0.62795	-0.78214	8.0021	-1.0538	-0.90764	8.1021	0	0
-0.56585	-0.73734	6.5217	-0.4124	-0.22374	8.0443	-0.62795	-0.78214	8.0021	0	0
-0.54988	0.3956	6.5599	-0.11615	0.77816	7.5529	-0.51378	1.1669	7.4114	0	0
-0.54988	0.3956	6.5599	-0.51378	1.1669	7.4114	-0.4791	1.2056	8.0208	0	0
-0.54988	0.3956	6.5599	-0.4124	-0.22374	8.0443	-0.4438	0.46864	8.0486	0	0
-0.54988	0.3956	6.5599	-0.4438	0.46864	8.0486	-0.4791	1.2056	8.0208	0	0
-0.11615	0.77816	6.5266	-0.51378	1.1669	7.4114	0.2734	1.0952	7.5373	0	0
-0.51378	1.1669	6.385	0.2734	1.0952	7.5373	0.026352	1.5502	7.4657	0	0
-0.51378	1.1669	6.385	0.026352	1.5502	7.4657	-0.28695	1.5502	7.7489	0	0
-0.51378	1.1669	6.385	-0.28695	1.5502	7.7489	-0.4791	1.2056	8.0208	0	0
0.2734	1.0952	6.511	-0.4124	-0.22374	8.0443	0.2581	1.0921	8.0847	0	0
0.2734	1.0952	6.511	0.026352	1.5502	7.4657	0.2581	1.0921	8.0847	0	0
-0.4124	-0.22374	7.0179	-0.62795	-0.78214	8.0021	-0.89135	-0.40644	8.3197	0	0
-0.4124	-0.22374	7.0179	-0.4438	0.46864	8.0486	-0.89135	-0.40644	8.3197	0	0
-0.4124	-0.22374	7.0179	0.2581	1.0921	8.0847	0.18565	0.81736	8.7878	0	0
-0.4124	-0.22374	7.0179	0.18565	0.81736	8.7878	-0.4245	-0.22426	8.8192	0	0
-0.62795	-0.78214	6.9758	-1.0538	-0.90764	8.1021	-0.89135	-0.40644	8.3197	0	0
-0.4438	0.46864	7.0223	-0.4791	1.2056	8.0208	-0.46324	0.48506	8.815	0	0
-0.4438	0.46864	7.0223	-0.89135	-0.40644	8.3197	-0.46324	0.48506	8.815	0	0
-1.0538	-0.90764	7.0758	-0.89135	-0.40644	8.3197	-0.54655	-0.74849	8.802	0	0
-1.0538	-0.90764	7.0758	-0.54655	-0.74849	8.802	-0.85995	-1.0273	9.7054	0	0
0.026352	1.5502	6.4394	-0.28695	1.5502	7.7489	-0.034448	1.5586	8.1141	0	0
0.026352	1.5502	6.4394	0.2581	1.0921	8.0847	-0.034448	1.5586	8.1141	0	0
-0.28695	1.5502	6.7226	-0.31265	1.5695	7.8874	-0.4791	1.2056	8.0208	0	0
-0.28695	1.5502	6.7226	-0.31265	1.5695	7.8874	-0.034448	1.5586	8.1141	0	0
0.2581	1.0921	7.0584	-0.034448	1.5586	8.1141	0.038052	1.586	8.4944	0	0
0.2581	1.0921	7.0584	0.038052	1.586	8.4944	0.15865	1.3202	8.8175	0	0
0.2581	1.0921	7.0584	0.18565	0.81736	8.7878	0.15865	1.3202	8.8175	0	0
-0.31265	1.5695	6.8611	-0.4791	1.2056	8.0208	-0.16725	1.5609	8.5345	0	0
-0.31265	1.5695	6.8611	-0.034448	1.5586	8.1141	-0.16725	1.5609	8.5345	0	0
-0.4791	1.2056	6.9945	-0.16725	1.5609	8.5345	-0.43757	1.192	8.8144	0	0
-0.4791	1.2056	6.9945	-0.46324	0.48506	8.815	-0.43757	1.192	8.8144	0	0
-0.89135	-0.40644	7.2934	-0.54655	-0.74849	8.802	-0.4245	-0.22426	8.8192	0	0
-0.89135	-0.40644	7.2934	-0.4245	-0.22426	8.8192	-0.46324	0.48506	8.815	0	0
-0.034448	1.5586	7.0878	0.038052	1.586	8.4944	-0.16725	1.5609	8.5345	0	0
0.038052	1.586	7.4681	-0.16725	1.5609	8.5345	-0.2822	1.5457	9.3801	0	0
0.038052	1.586	7.4681	0.15865	1.3202	8.8175	-0.2822	1.5457	9.3801	0	0
-0.16725	1.5609	7.5082	-0.43757	1.192	8.8144	-0.2822	1.5457	9.3801	0	0
0.18565	0.81736	7.7615	-0.4245	-0.22426	8.8192	0.099852	0.53146	9.6678	0	0
0.18565	0.81736	7.7615	0.15865	1.3202	8.8175	0.1686	1.0787	9.5365	0	0
0.18565	0.81736	7.7615	0.1686	1.0787	9.5365	0.099852	0.53146	9.6678	0	0
-0.54655	-0.74849	7.7756	-0.4245	-0.22426	8.8192	-0.54215	-0.73694	9.5497	0	0
-0.54655	-0.74849	7.7756	-0.54215	-0.73694	9.5497	-0.85995	-1.0273	9.7054	0	0
-0.4245	-0.22426	7.7929	-0.54215	-0.73694	9.5497	-0.40325	-0.23239	9.5557	0	0
-0.4245	-0.22426	7.7929	-0.40325	-0.23239	9.5557	0.099852	0.53146	9.6678	0	0
-0.46324	0.48506	7.7886	-0.43757	1.192	8.8144	-0.50717	0.49754	9.5691	0	0
-0.46324	0.48506	7.7886	-0.40325	-0.23239	9.5557	-0.50717	0.49754	9.5691	0	0
-0.43757	1.192	7.7881	-0.2822	1.5457	9.3801	-0.4315	1.1788	9.5592	0	0
-0.43757	1.192	7.7881	-0.50717	0.49754	9.5691	-0.4315	1.1788	9.5592	0	0
0.15865	1.3202	7.7912	-0.2822	1.5457	9.3801	0.1686	1.0787	9.5365	0	0
-0.54215	-0.73694	8.5234	-0.40325	-0.23239	9.5557	-0.39457	-0.35364	10.274	0	0
-0.54215	-0.73694	8.5234	-0.85995	-1.0273	9.7054	-0.65628	-0.8273	10.225	0	0
-0.54215	-0.73694	8.5234	-0.65628	-0.8273	10.225	-0.39457	-0.35364	10.274	0	0
-0.40325	-0.23239	8.5294	-0.50717	0.49754	9.5691	-0.50472	0.53016	10.263	0	0
-0.40325	-0.23239	8.5294	-0.39457	-0.35364	10.274	-0.50472	0.53016	10.263	0	0
-0.2822	1.5457	8.3537	0.1686	1.0787	9.5365	-0.016698	1.5936	10.331	0	0
-0.2822	1.5457	8.3537	-0.4315	1.1788	9.5592	-0.25145	1.5798	10.313	0	0
-0.2822	1.5457	8.3537	-0.25145	1.5798	10.313	-0.016698	1.5936	10.331	0	0
0.1686	1.0787	8.5102	0.099852	0.53146	9.6678	0.23665	0.83626	10.139	0	0
0.1686	1.0787	8.5102	0.23665	0.83626	10.139	0.10795	1.333	10.31	0	0
0.1686	1.0787	8.5102	-0.016698	1.5936	10.331	0.10795	1.333	10.31	0	0
-0.50717	0.49754	8.5427	-0.4315	1.1788	9.5592	-0.50472	0.53016	10.263	0	0
0.099852	0.53146	8.6415	-0.39457	-0.35364	10.274	0.23665	0.83626	10.139	0	0
-0.65628	-0.8273	9.1986	-0.39457	-0.35364	10.274	-0.42485	-0.68119	11.11	0	0
-0.39457	-0.35364	9.2478	0.23665	0.83626	10.139	0.17135	0.54336	11.136	0	0
-0.39457	-0.35364	9.2478	-0.50472	0.53016	10.263	-0.35848	-0.20897	10.899	0	0
-0.39457	-0.35364	9.2478	-0.35848	-0.20897	10.899	-0.42485	-0.68119	11.11	0	0
-0.4315	1.1788	8.5329	-0.50472	0.53016	10.263	-0.4806	1.1799	10.32	0	0
-0.4315	1.1788	8.5329	-0.4806	1.1799	10.32	-0.25145	1.5798	10.313	0	0
0.23665	0.83626	9.1124	0.10795	1.333	10.31	0.21739	1.0475	10.913	0	0
0.23665	0.83626	9.1124	0.21739	1.0475	10.913	0.17135	0.54336	11.136	0	0
-0.50472	0.53016	9.2364	-0.4806	1.1799	10.32	-0.40839	0.43862	10.972	0	0
-0.50472	0.53016	9.2364	-0.35848	-0.20897	10.899	-0.40839	0.43862	10.972	0	0
-0.4806	1.1799	9.2938	-0.25145	1.5798	10.313	-0.36515	1.6128	11.053	0	0
-0.4806	1.1799	9.2938	-0.36515	1.6128	11.053	-0.52258	1.2767	11.081	0	0
-0.4806	1.1799	9.2938	-0.52258	1.2767	11.081	-0.40839	0.43862	10.972	0	0
-0.35848	-0.20897	9.8729	-0.40839	0.43862	10.972	-0.3805	-0.25454	11.548	0	0
-0.35848	-0.20897	9.8729	-0.42485	-0.68119	11.11	-0.3805	-0.25454	11.548	0	0
-0.25145	1.5798	9.2866	-0.016698	1.5936	10.331	-0.36515	1.6128	11.053	0	0
-0.016698	1.5936	9.3044	0.10795	1.333	10.31	-0.012848	1.6031	11.064	0	0
-0.016698	1.5936	9.3044	-0.012848	1.6031	11.064	-0.36515	1.6128	11.053	0	0
0.10795	1.333	9.284	0.21739	1.0475	10.913	-0.012848	1.6031	11.064	0	0
0.21739	1.0475	9.8871	-0.012848	1.6031	11.064	0.2639	1.1164	11.541	0	0
0.21739	1.0475	9.8871	0.17135	0.54336	11.136	0.2639	1.1164	11.541	0	0
-0.36515	1.6128	10.026	-0.52258	1.2767	11.081	-0.51385	1.2237	11.577	0	0
-0.52258	1.2767	10.054	-0.40839	0.43862	10.972	-0.47425	0.49099	11.542	0	0
-0.52258	1.2767	10.054	-0.47425	0.49099	11.542	-0.51385	1.2237	11.577	0	0
-0.40839	0.43862	9.946	-0.3805	-0.25454	11.548	-0.47425	0.49099	11.542	0	0
0.17135	0.54336	10.11	0.14235	0.54886	11.383	0.2639	1.1164	11.541	0	0
-0.42485	-0.68119	10.083	-0.3805	-0.25454	11.548	-0.73568	-0.83094	11.678	0	0
-0.3805	-0.25454	10.522	-0.73568	-0.83094	11.678	-0.96105	-0.55514	11.959	0	0
-0.3805	-0.25454	10.522	-0.47425	0.49099	11.542	-0.45897	0.4671	12.308	0	0
-0.3805	-0.25454	10.522	-0.96105	-0.55514	11.959	-0.37735	-0.30974	12.377	0	0
-0.3805	-0.25454	10.522	-0.37735	-0.30974	12.377	-0.45897	0.4671	12.308	0	0
-0.73568	-0.83094	10.652	-0.96105	-0.55514	11.959	-0.86515	-0.80664	12.027	0	0
-0.47425	0.49099	10.516	-0.51385	1.2237	11.577	-0.46937	1.2148	12.265	0	0
-0.47425	0.49099	10.516	-0.45897	0.4671	12.308	-0.46937	1.2148	12.265	0	0
-0.96105	-0.55514	10.932	-0.86515	-0.80664	12.027	-0.37735	-0.30974	12.377	0	0
-0.86515	-0.80664	11.001	-0.68505	-0.91876	12.451	-0.37735	-0.30974	12.377	0	0
-0.68505	-0.91876	11.424	-0.37735	-0.30974	12.377	-0.6718	-0.79579	12.916	0	0
-0.37735	-0.30974	11.351	-0.45897	0.4671	12.308	-0.45517	0.47934	13.071	0	0
-0.37735	-0.30974	11.351	-0.6718	-0.79579	12.916	-0.38811	-0.35657	12.961	0	0
-0.37735	-0.30974	11.351	-0.38811	-0.35657	12.961	-0.45517	0.47934	13.071	0	0
-0.45897	0.4671	11.282	-0.46937	1.2148	12.265	-0.3675	1.1734	13.003	0	0
-0.45897	0.4671	11.282	-0.45517	0.47934	13.071	-0.3675	1.1734	13.003	0	0
-0.6718	-0.79579	11.89	-0.38811	-0.35657	12.961	-0.42152	-0.31249	13.655	0	0
-0.6718	-0.79579	11.89	-0.42152	-0.31249	13.655	-0.48425	-0.71459	13.816	0	0
-0.38811	-0.35657	11.934	-0.45517	0.47934	13.071	-0.42152	-0.31249	13.655	0	0
-0.46937	1.2148	11.239	0.3201	1.1734	12.319	0.44915	1.7967	12.608	0	0
-0.46937	1.2148	11.239	-0.3675	1.1734	13.003	0.27305	1.7982	12.942	0	0
-0.46937	1.2148	11.239	0.44915	1.7967	12.608	0.27305	1.7982	12.942	0	0
-0.45517	0.47934	12.045	-0.3675	1.1734	13.003	-0.41085	1.0843	13.778	0	0
-0.45517	0.47934	12.045	-0.42152	-0.31249	13.655	-0.4279	0.48226	13.809	0	0
-0.45517	0.47934	12.045	-0.4279	0.48226	13.809	-0.41085	1.0843	13.778	0	0
-0.3675	1.1734	11.976	0.27305	1.7982	12.942	0.2212	1.1343	13.055	0	0
-0.42152	-0.31249	12.628	-0.48425	-0.71459	13.816	-0.34132	-0.30249	14.365	0	0
-0.42152	-0.31249	12.628	-0.4279	0.48226	13.809	-0.34132	-0.30249	14.365	0	0
-0.48425	-0.71459	12.79	-0.34132	-0.30249	14.365	-0.3805	-0.66844	14.533	0	0
-0.4279	0.48226	12.782	-0.34132	-0.30249	14.365	-0.45917	0.47431	14.571	0	0
-0.4279	0.48226	12.782	-0.41085	1.0843	13.778	-0.43095	1.0746	14.544	0	0
-0.4279	0.48226	12.782	-0.45917	0.47431	14.571	-0.43095	1.0746	14.544	0	0
-0.34132	-0.30249	13.339	-0.3805	-0.66844	14.533	-0.88565	-0.52164	15.158	0	0
-0.34132	-0.30249	13.339	-0.45917	0.47431	14.571	-0.88565	-0.52164	15.158	0	0
-0.3805	-0.66844	13.506	-0.45015	-0.71134	15.077	-0.88565	-0.52164	15.158	0	0
-0.45917	0.47431	13.544	-0.88565	-0.52164	15.158	-0.42075	0.48256	15.058	0	0
-0.45917	0.47431	13.544	-0.43095	1.0746	14.544	-0.42075	0.48256	15.058	0	0
-0.45015	-0.71134	14.05	-0.88565	-0.52164	15.158	-0.96415	-0.59844	15.237	0	0
-0.45015	-0.71134	14.05	-0.96415	-0.59844	15.237	-0.41911	-0.86022	15.823	0	0
-0.88565	-0.52164	14.132	-0.96415	-0.59844	15.237	-0.9813	-0.23194	15.939	0	0
-0.88565	-0.52164	14.132	-0.42075	0.48256	15.058	-0.9813	-0.23194	15.939	0	0
-0.36742	-0.36009	14.155	-0.42075	0.48256	15.058	0.16885	0.67156	15.048	0	0
-0.96415	-0.59844	14.211	-0.41911	-0.86022	15.823	-0.88385	-0.74594	16.35	0	0
-0.96415	-0.59844	14.211	-0.88385	-0.74594	16.35	-0.9813	-0.23194	15.939	0	0
-0.43095	1.0746	13.518	-0.42075	0.48256	15.058	-0.24235	1.0866	15.056	0	0
-0.42075	0.48256	14.032	0.16885	0.67156	15.048	-0.24235	1.0866	15.056	0	0
-0.42075	0.48256	14.032	-0.2845	1.1115	15.833	-0.41087	0.47619	15.805	0	0
-0.42075	0.48256	14.032	-0.41087	0.47619	15.805	-0.9813	-0.23194	15.939	0	0
0.16885	0.67156	14.021	-0.24235	1.0866	15.056	0.038752	1.0985	14.99	0	0
-0.2845	1.1115	14.806	0.086652	1.0978	15.893	-0.40285	1.0613	16.442	0	0
-0.2845	1.1115	14.806	-0.41087	0.47619	15.805	-0.40285	1.0613	16.442	0	0
0.15923	0.66041	14.794	0.086652	1.0978	15.893	0.19095	0.60506	16.561	0	0
0.086652	1.0978	14.867	-0.40285	1.0613	16.442	0.098052	1.2044	16.563	0	0
0.086652	1.0978	14.867	0.098052	1.2044	16.563	0.19095	0.60506	16.561	0	0
-0.41087	0.47619	14.779	-0.33885	0.3976	16.548	-0.40285	1.0613	16.442	0	0
-0.41087	0.47619	14.779	-0.33885	0.3976	16.548	-0.9813	-0.23194	15.939	0	0
-0.41911	-0.86022	14.797	-0.88385	-0.74594	16.35	-0.40575	-0.89959	16.375	0	0
0.0025521	-0.12704	15.073	-0.3584	-0.28179	16.533	-0.13335	-0.68374	16.621	0	0
0.0025521	-0.12704	15.073	-0.3584	-0.28179	16.533	-0.33885	0.3976	16.548	0	0
0.0025521	-0.12704	15.073	-0.13335	-0.68374	16.621	0.14772	-0.31664	17.336	0	0
0.0025521	-0.12704	15.073	-0.33885	0.3976	16.548	0.19095	0.60506	16.561	0	0
0.0025521	-0.12704	15.073	0.19095	0.60506	16.561	0.14772	-0.31664	17.336	0	0
-0.88385	-0.74594	15.324	-0.40575	-0.89959	16.375	-0.62545	-0.83467	17.168	0	0
-0.88385	-0.74594	15.324	-0.3584	-0.28179	16.533	-0.97425	-0.35344	16.392	0	0
-0.88385	-0.74594	15.324	-0.62545	-0.83467	17.168	-0.8889	-0.31899	17.315	0	0
-0.88385	-0.74594	15.324	-0.9813	-0.23194	15.939	-0.97425	-0.35344	16.392	0	0
-0.40575	-0.89959	15.348	-0.13335	-0.68374	16.621	-0.62545	-0.83467	17.168	0	0
-0.3584	-0.28179	15.506	-0.13335	-0.68374	16.621	-0.62545	-0.83467	17.168	0	0
-0.3584	-0.28179	15.506	-0.33885	0.3976	16.548	-0.97425	-0.35344	16.392	0	0
-0.3584	-0.28179	15.506	-0.62545	-0.83467	17.168	-0.42971	-0.24287	17.25	0	0
-0.13335	-0.68374	15.594	0.14772	-0.31664	17.336	0.13693	-0.69866	17.265	0	0
-0.33885	0.3976	15.521	-0.40285	1.0613	16.442	-0.38725	0.43935	17.265	0	0
-0.33885	0.3976	15.521	-0.42971	-0.24287	17.25	-0.38725	0.43935	17.265	0	0
-0.33885	0.3976	15.521	-0.9813	-0.23194	15.939	-0.97425	-0.35344	16.392	0	0
-0.40285	1.0613	15.416	0.098052	1.2044	16.563	-0.15665	1.2386	17.304	0	0
-0.40285	1.0613	15.416	-0.38725	0.43935	17.265	-0.15665	1.2386	17.304	0	0
0.098052	1.2044	15.537	0.19095	0.60506	16.561	0.2491	0.60551	17.313	0	0
0.098052	1.2044	15.537	0.2491	0.60551	17.313	0.062652	1.2484	17.309	0	0
0.098052	1.2044	15.537	-0.15665	1.2386	17.304	0.062652	1.2484	17.309	0	0
-0.62545	-0.83467	16.142	-0.8889	-0.31899	17.315	-0.29075	-0.65094	18.07	0	0
-0.62545	-0.83467	16.142	-0.29075	-0.65094	18.07	0.13693	-0.69866	17.265	0	0
-0.42971	-0.24287	16.224	-0.38725	0.43935	17.265	-0.62165	0.4732	17.91	0	0
-0.42971	-0.24287	16.224	-0.55715	-0.25834	18.062	-0.62165	0.4732	17.91	0	0
-0.42971	-0.24287	16.224	-0.55715	-0.25834	18.062	-0.29075	-0.65094	18.07	0	0
-0.38725	0.43935	16.239	0.2491	0.60551	17.313	-0.15665	1.2386	17.304	0	0
-0.38725	0.43935	16.239	-0.62165	0.4732	17.91	-0.38205	1.0578	18.07	0	0
0.19095	0.60506	15.535	0.2491	0.60551	17.313	0.14772	-0.31664	17.336	0	0
-0.8889	-0.31899	16.288	-0.9936	0.070962	17.954	-0.34635	-0.56554	18.285	0	0
-0.8889	-0.31899	16.288	-0.29075	-0.65094	18.07	-0.34635	-0.56554	18.285	0	0
0.2491	0.60551	16.286	0.062652	1.2484	17.309	0.10355	1.2579	18.077	0	0
0.2491	0.60551	16.286	0.10355	1.2579	18.077	0.21259	0.4143	18.048	0	0
0.2491	0.60551	16.286	0.21259	0.4143	18.048	0.14772	-0.31664	17.336	0	0
-0.15665	1.2386	16.278	0.062652	1.2484	17.309	-0.073448	1.5697	17.597	0	0
0.062652	1.2484	16.282	-0.073448	1.5697	17.597	0.10355	1.2579	18.077	0	0
-0.9936	0.070962	16.928	-0.55715	-0.25834	18.062	-0.62165	0.4732	17.91	0	0
-0.9936	0.070962	16.928	-0.62165	0.4732	17.91	-0.57545	0.52846	18.614	0	0
-0.073448	1.5697	16.57	0.10355	1.2579	18.077	-0.23995	1.5602	18.699	0	0
-0.62165	0.4732	16.884	-0.38205	1.0578	18.07	-0.57545	0.52846	18.614	0	0
-0.38205	1.0578	17.044	-0.57545	0.52846	18.614	-0.45155	1.1916	18.521	0	0
0.10355	1.2579	17.05	0.21259	0.4143	18.048	0.16085	1.0296	18.564	0	0
0.10355	1.2579	17.05	-0.23995	1.5602	18.699	0.16085	1.0296	18.564	0	0
0.022952	-0.076438	17.013	0.21259	0.4143	18.048	0.14772	-0.31664	17.336	0	0
0.022952	-0.076438	17.013	0.21259	0.4143	18.048	0.083602	0.26871	18.527	0	0
0.022952	-0.076438	17.013	-0.29075	-0.65094	18.07	-0.34635	-0.56554	18.285	0	0
0.022952	-0.076438	17.013	-0.29075	-0.65094	18.07	0.14772	-0.31664	17.336	0	0
0.022952	-0.076438	17.013	-0.34635	-0.56554	18.285	-0.33482	-0.38494	18.527	0	0
0.022952	-0.076438	17.013	-0.33482	-0.38494	18.527	0.083602	0.26871	18.527	0	0
0.21259	0.4143	17.022	0.083602	0.26871	18.527	0.16085	1.0296	18.564	0	0
-0.29075	-0.65094	17.044	0.14772	-0.31664	17.336	0.13693	-0.69866	17.265	0	0
-0.34635	-0.56554	17.259	-0.33482	-0.38494	18.527	-0.30967	-0.65984	19.43	0	0
-0.33482	-0.38494	17.501	0.083602	0.26871	18.527	-0.3333	-0.25534	19.303	0	0
-0.33482	-0.38494	17.501	-0.3333	-0.25534	19.303	-0.30967	-0.65984	19.43	0	0
0.083602	0.26871	17.501	0.16085	1.0296	18.564	0.012912	0.41294	19.344	0	0
0.083602	0.26871	17.501	-0.3333	-0.25534	19.303	0.012912	0.41294	19.344	0	0
-0.57545	0.52846	17.588	-0.45155	1.1916	18.521	-0.46765	1.1308	19.26	0	0
-0.57545	0.52846	17.588	-0.3333	-0.25534	19.303	-0.70147	0.45576	19.303	0	0
-0.57545	0.52846	17.588	-0.70147	0.45576	19.303	-0.46765	1.1308	19.26	0	0
-0.45155	1.1916	17.494	-0.23995	1.5602	18.699	-0.46765	1.1308	19.26	0	0
-0.23995	1.5602	17.673	0.16085	1.0296	18.564	0.26243	1.0638	19.343	0	0
-0.23995	1.5602	17.673	-0.46765	1.1308	19.26	-0.2114	1.6082	19.361	0	0
-0.23995	1.5602	17.673	0.26243	1.0638	19.343	-0.015798	1.6102	19.449	0	0
-0.23995	1.5602	17.673	-0.2114	1.6082	19.361	-0.015798	1.6102	19.449	0	0
0.16085	1.0296	17.538	0.012912	0.41294	19.344	0.26243	1.0638	19.343	0	0
-0.3333	-0.25534	18.277	-0.30967	-0.65984	19.43	-0.35305	-0.28614	20.053	0	0
-0.3333	-0.25534	18.277	-0.70147	0.45576	19.303	-0.70195	0.43951	20.061	0	0
-0.3333	-0.25534	18.277	0.012912	0.41294	19.344	-0.35305	-0.28614	20.053	0	0
-0.3333	-0.25534	18.277	-0.70195	0.43951	20.061	-0.10255	0.48991	20.051	0	0
-0.30967	-0.65984	18.403	-0.35305	-0.28614	20.053	-0.2813	-0.69894	20.021	0	0
-0.70147	0.45576	18.277	-0.46765	1.1308	19.26	-0.501	1.2706	20.018	0	0
-0.70147	0.45576	18.277	-0.70195	0.43951	20.061	-0.501	1.2706	20.018	0	0
-0.46765	1.1308	18.234	-0.2114	1.6082	19.361	-0.501	1.2706	20.018	0	0
0.012912	0.41294	18.317	0.26243	1.0638	19.343	0.28835	1.1383	19.911	0	0
0.012912	0.41294	18.317	-0.35305	-0.28614	20.053	-0.10255	0.48991	20.051	0	0
0.012912	0.41294	18.317	-0.10255	0.48991	20.051	0.28835	1.1383	19.911	0	0
0.26243	1.0638	18.316	-0.015798	1.6102	19.449	0.28835	1.1383	19.911	0	0
-0.2114	1.6082	18.335	-0.015798	1.6102	19.449	-0.26135	1.6477	20.091	0	0
-0.2114	1.6082	18.335	-0.501	1.2706	20.018	-0.26135	1.6477	20.091	0	0
-0.015798	1.6102	18.423	0.045752	1.7212	20.087	-0.26135	1.6477	20.091	0	0
-0.015798	1.6102	18.423	0.045752	1.7212	20.087	0.28835	1.1383	19.911	0	0
-0.70195	0.43951	19.035	-0.501	1.2706	20.018	-0.44551	1.2559	20.727	0	0
-0.70195	0.43951	19.035	-0.48658	0.37955	20.803	-0.44551	1.2559	20.727	0	0
-0.70195	0.43951	19.035	-0.48658	0.37955	20.803	-1.3729	0.25606	21.372	0	0
-0.35305	-0.28614	19.026	-0.2813	-0.69894	20.021	-0.30075	-0.65276	20.777	0	0
-0.35305	-0.28614	19.026	-0.10255	0.48991	20.051	-0.38382	-0.26259	20.793	0	0
-0.35305	-0.28614	19.026	-0.30075	-0.65276	20.777	-0.38382	-0.26259	20.793	0	0
-0.10255	0.48991	19.024	0.28835	1.1383	19.911	0.051352	0.73821	20.576	0	0
-0.10255	0.48991	19.024	-0.38382	-0.26259	20.793	0.051352	0.73821	20.576	0	0
-0.501	1.2706	18.992	-0.26135	1.6477	20.091	-0.44551	1.2559	20.727	0	0
0.045752	1.7212	19.061	-0.26135	1.6477	20.091	-0.44551	1.2559	20.727	0	0
0.045752	1.7212	19.061	0.28835	1.1383	19.911	0.58715	1.316	20.14	0	0
0.045752	1.7212	19.061	-0.44551	1.2559	20.727	0.34502	1.172	20.878	0	0
0.045752	1.7212	19.061	0.58715	1.316	20.14	0.34502	1.172	20.878	0	0
0.28835	1.1383	18.885	0.58715	1.316	20.14	0.051352	0.73821	20.576	0	0
-0.30075	-0.65276	19.751	-0.38382	-0.26259	20.793	-0.423	-0.26574	21.556	0	0
-0.30075	-0.65276	19.751	-0.3939	-0.77024	21.538	-0.423	-0.26574	21.556	0	0
-0.38382	-0.26259	19.767	0.051352	0.73821	20.576	0.2381	0.44926	21.314	0	0
-0.38382	-0.26259	19.767	-0.423	-0.26574	21.556	0.2381	0.44926	21.314	0	0
-0.48658	0.37955	19.777	-0.44551	1.2559	20.727	-0.54335	1.2539	21.341	0	0
-0.48658	0.37955	19.777	-0.39635	0.5562	21.475	0.2381	0.44926	21.314	0	0
-0.48658	0.37955	19.777	-0.39635	0.5562	21.475	-1.3729	0.25606	21.372	0	0
-0.44551	1.2559	19.701	0.34502	1.172	20.878	-0.54335	1.2539	21.341	0	0
0.58715	1.316	19.114	0.051352	0.73821	20.576	0.656	1.2231	20.593	0	0
0.051352	0.73821	19.55	0.34502	1.172	20.878	0.656	1.2231	20.593	0	0
0.051352	0.73821	19.55	0.34502	1.172	20.878	0.2381	0.44926	21.314	0	0
-0.3939	-0.77024	20.511	-0.423	-0.26574	21.556	-0.59085	-0.65714	22.028	0	0
0.34502	1.172	19.851	-0.54335	1.2539	21.341	0.95315	1.598	21.969	0	0
0.34502	1.172	19.851	0.656	1.2231	20.593	0.85285	1.191	21.302	0	0
0.34502	1.172	19.851	0.3645	0.98856	21.495	0.85285	1.191	21.302	0	0
0.34502	1.172	19.851	0.3645	0.98856	21.495	0.2381	0.44926	21.314	0	0
-0.54335	1.2539	20.315	-0.25505	1.1246	22.068	0.95315	1.598	21.969	0	0
0.3645	0.98856	20.468	0.19025	1.0859	22.049	0.21475	0.67251	22.012	0	0
0.3645	0.98856	20.468	0.19025	1.0859	22.049	0.95315	1.598	21.969	0	0
0.3645	0.98856	20.468	0.85285	1.191	21.302	0.95315	1.598	21.969	0	0
0.3645	0.98856	20.468	0.21475	0.67251	22.012	0.2381	0.44926	21.314	0	0
-0.39635	0.5562	20.449	-0.423	-0.26574	21.556	-0.415	0.47006	22.041	0	0
-0.39635	0.5562	20.449	-0.423	-0.26574	21.556	-1.105	-0.074787	21.691	0	0
-0.39635	0.5562	20.449	-0.415	0.47006	22.041	0.2381	0.44926	21.314	0	0
-0.39635	0.5562	20.449	-1.105	-0.074787	21.691	-1.3729	0.25606	21.372	0	0
-0.423	-0.26574	20.53	-0.415	0.47006	22.041	-0.35988	-0.3019	22.122	0	0
-0.423	-0.26574	20.53	-0.59085	-0.65714	22.028	-1.105	-0.074787	21.691	0	0
-0.423	-0.26574	20.53	-0.35988	-0.3019	22.122	0.3372	-0.36624	22.18	0	0
-0.423	-0.26574	20.53	0.2381	0.44926	21.314	0.3372	-0.36624	22.18	0	0
-0.415	0.47006	21.015	-0.35988	-0.3019	22.122	-0.47126	0.4628	22.806	0	0
-0.415	0.47006	21.015	-0.25505	1.1246	22.068	0.21475	0.67251	22.012	0	0
-0.415	0.47006	21.015	-0.25505	1.1246	22.068	-0.26585	1.0335	22.716	0	0
-0.415	0.47006	21.015	0.21475	0.67251	22.012	0.2381	0.44926	21.314	0	0
-0.415	0.47006	21.015	-0.47126	0.4628	22.806	-0.26585	1.0335	22.716	0	0
-0.59085	-0.65714	21.002	-0.35988	-0.3019	22.122	-0.6199	-0.31859	22.825	0	0
-0.59085	-0.65714	21.002	-1.105	-0.074787	21.691	-1.1567	-0.12344	22.002	0	0
-0.59085	-0.65714	21.002	-1.1567	-0.12344	22.002	-1.1862	-0.4681	22.686	0	0
-0.59085	-0.65714	21.002	-0.6199	-0.31859	22.825	-1.1862	-0.4681	22.686	0	0
-0.35988	-0.3019	21.095	-0.56622	-0.76911	22.772	0.154	-0.21294	22.793	0	0
-0.35988	-0.3019	21.095	-0.47126	0.4628	22.806	-0.6199	-0.31859	22.825	0	0
-0.35988	-0.3019	21.095	0.154	-0.21294	22.793	0.3372	-0.36624	22.18	0	0
-0.25505	1.1246	21.041	0.19025	1.0859	22.049	0.21475	0.67251	22.012	0	0
-0.25505	1.1246	21.041	0.19025	1.0859	22.049	0.011352	1.0912	22.825	0	0
-0.25505	1.1246	21.041	-0.26585	1.0335	22.716	0.011352	1.0912	22.825	0	0
0.19025	1.0859	21.022	0.95315	1.598	21.969	0.011352	1.0912	22.825	0	0
0.85285	1.191	20.275	0.2381	0.44926	21.314	0.65595	-0.22354	22.245	0	0
-0.56622	-0.76911	21.746	-0.61585	-0.67474	23.591	-0.6199	-0.31859	22.825	0	0
-0.56622	-0.76911	21.746	-0.61585	-0.67474	23.591	-1.0935	-0.92016	22.872	0	0
-0.56622	-0.76911	21.746	-0.6199	-0.31859	22.825	-1.1862	-0.4681	22.686	0	0
-0.56622	-0.76911	21.746	-1.1862	-0.4681	22.686	-1.0935	-0.92016	22.872	0	0
-0.56622	-0.76911	21.746	0.154	-0.21294	22.793	0.3931	-0.63109	22.812	0	0
-0.47126	0.4628	21.78	-0.26585	1.0335	22.716	-0.45125	0.44716	23.551	0	0
-0.47126	0.4628	21.78	-0.6199	-0.31859	22.825	-0.45125	0.44716	23.551	0	0
-0.26585	1.0335	21.69	0.011352	1.0912	22.825	-0.19085	1.1827	23.58	0	0
-0.26585	1.0335	21.69	-0.45125	0.44716	23.551	-0.19085	1.1827	23.58	0	0
-0.61585	-0.67474	22.565	0.059185	-0.32804	23.606	-0.69795	-0.32734	23.565	0	0
-0.61585	-0.67474	22.565	0.059185	-0.32804	23.606	0.34065	-0.69554	23.591	0	0
-0.61585	-0.67474	22.565	-0.6199	-0.31859	22.825	-0.69795	-0.32734	23.565	0	0
-0.61585	-0.67474	22.565	-1.0935	-0.92016	22.872	-1.2522	-1.1001	23.588	0	0
-0.61585	-0.67474	22.565	-1.2522	-1.1001	23.588	-0.88495	-0.79124	24.23	0	0
-0.61585	-0.67474	22.565	-0.65755	-0.88027	24.238	-0.88495	-0.79124	24.23	0	0
-0.61585	-0.67474	22.565	-0.65755	-0.88027	24.238	0.20085	-0.77226	24.295	0	0
-0.61585	-0.67474	22.565	0.20085	-0.77226	24.295	0.34065	-0.69554	23.591	0	0
0.059185	-0.32804	22.58	0.2188	0.55101	23.55	-0.45125	0.44716	23.551	0	0
0.059185	-0.32804	22.58	0.2188	0.55101	23.55	0.25115	-0.20677	24.211	0	0
0.059185	-0.32804	22.58	-0.45125	0.44716	23.551	-0.56201	-0.20524	24.273	0	0
0.059185	-0.32804	22.58	-0.56201	-0.20524	24.273	0.20085	-0.77226	24.295	0	0
0.059185	-0.32804	22.58	0.20085	-0.77226	24.295	0.25115	-0.20677	24.211	0	0
0.059185	-0.32804	22.58	0.34065	-0.69554	23.591	0.3931	-0.63109	22.812	0	0
0.011352	1.0912	21.799	0.036752	1.1831	23.557	-0.19085	1.1827	23.58	0	0
0.2381	0.44926	20.288	0.3372	-0.36624	22.18	0.65595	-0.22354	22.245	0	0
-1.105	-0.074787	20.664	-1.1567	-0.12344	22.002	-1.5789	-0.13094	22.108	0	0
-1.105	-0.074787	20.664	-1.3729	0.25606	21.372	-1.5789	-0.13094	22.108	0	0
-1.1567	-0.12344	20.976	-1.1862	-0.4681	22.686	-1.5789	-0.13094	22.108	0	0
0.2188	0.55101	22.524	0.036752	1.1831	23.557	0.35425	0.57406	24.307	0	0
0.2188	0.55101	22.524	0.35425	0.57406	24.307	0.25115	-0.20677	24.211	0	0
0.2188	0.55101	22.524	0.84775	-0.62624	23.106	0.88052	-0.3274	22.704	0	0
-0.6199	-0.31859	21.799	-0.69795	-0.32734	23.565	-0.45125	0.44716	23.551	0	0
-1.1862	-0.4681	21.66	-1.0935	-0.92016	22.872	-1.7044	-0.7402	22.887	0	0
-1.1862	-0.4681	21.66	-1.5789	-0.13094	22.108	-1.7044	-0.7402	22.887	0	0
-1.0935	-0.92016	21.846	-1.2522	-1.1001	23.588	-1.7044	-0.7402	22.887	0	0
-0.69795	-0.32734	22.539	-0.45125	0.44716	23.551	-0.9193	-0.076787	24.143	0	0
-0.69795	-0.32734	22.539	-0.88495	-0.79124	24.23	-0.9193	-0.076787	24.143	0	0
-0.45125	0.44716	22.525	-0.19085	1.1827	23.58	-0.48988	0.57153	24.206	0	0
-0.45125	0.44716	22.525	-0.48988	0.57153	24.206	-0.9193	-0.076787	24.143	0	0
0.036752	1.1831	22.53	-0.19085	1.1827	23.58	-0.070648	1.5571	24.502	0	0
0.036752	1.1831	22.53	0.35425	0.57406	24.307	0.092302	1.2865	24.319	0	0
0.036752	1.1831	22.53	0.092302	1.2865	24.319	-0.070648	1.5571	24.502	0	0
-1.2522	-1.1001	22.562	-0.88495	-0.79124	24.23	-1.895	-1.1264	23.905	0	0
-1.2522	-1.1001	22.562	-1.7044	-0.7402	22.887	-1.8615	-0.94627	23.51	0	0
-1.2522	-1.1001	22.562	-1.8615	-0.94627	23.51	-1.895	-1.1264	23.905	0	0
-0.65755	-0.88027	23.212	-0.88495	-0.79124	24.23	-0.56235	-0.98259	24.845	0	0
-0.65755	-0.88027	23.212	-0.56235	-0.98259	24.845	0.20085	-0.77226	24.295	0	0
-0.88495	-0.79124	23.204	-0.56235	-0.98259	24.845	-0.90285	-0.61954	24.875	0	0
-0.88495	-0.79124	23.204	-0.90285	-0.61954	24.875	-1.895	-1.1264	23.905	0	0
-0.88495	-0.79124	23.204	-0.9193	-0.076787	24.143	-0.9921	-0.30204	24.834	0	0
-0.19085	1.1827	22.553	-0.48988	0.57153	24.206	-0.22925	1.1973	24.317	0	0
-0.19085	1.1827	22.553	-0.22925	1.1973	24.317	-0.070648	1.5571	24.502	0	0
0.35425	0.57406	23.28	0.092302	1.2865	24.319	0.19245	1.2739	25.036	0	0
0.35425	0.57406	23.28	0.19245	1.2739	25.036	0.66172	0.44816	24.975	0	0
0.35425	0.57406	23.28	0.25115	-0.20677	24.211	0.6572	-0.24529	24.815	0	0
0.35425	0.57406	23.28	0.66172	0.44816	24.975	0.6572	-0.24529	24.815	0	0
-0.56201	-0.20524	23.247	-0.48988	0.57153	24.206	0.17749	-0.20924	24.888	0	0
-0.56201	-0.20524	23.247	-0.60445	-0.36564	25.114	-0.89945	0.26706	24.422	0	0
-0.56201	-0.20524	23.247	0.20085	-0.77226	24.295	0.17749	-0.20924	24.888	0	0
-0.48988	0.57153	23.179	-0.22925	1.1973	24.317	-0.44528	1.1017	24.921	0	0
-0.48988	0.57153	23.179	-0.4588	0.81476	25.072	-0.44528	1.1017	24.921	0	0
-0.48988	0.57153	23.179	-0.4588	0.81476	25.072	-0.89945	0.26706	24.422	0	0
-0.48988	0.57153	23.179	-0.9193	-0.076787	24.143	-0.89945	0.26706	24.422	0	0
-0.48988	0.57153	23.179	0.23865	0.44446	25.084	0.17749	-0.20924	24.888	0	0
-0.56235	-0.98259	23.818	-0.90285	-0.61954	24.875	-0.60445	-0.36564	25.114	0	0
-0.56235	-0.98259	23.818	-0.60445	-0.36564	25.114	0.10852	-0.74714	24.903	0	0
-0.56235	-0.98259	23.818	0.20085	-0.77226	24.295	0.10852	-0.74714	24.903	0	0
-0.90285	-0.61954	23.848	-0.60445	-0.36564	25.114	-0.9921	-0.30204	24.834	0	0
0.092302	1.2865	23.292	-0.070648	1.5571	24.502	0.19245	1.2739	25.036	0	0
-0.22925	1.1973	23.291	-0.070648	1.5571	24.502	-0.44528	1.1017	24.921	0	0
-0.070648	1.5571	23.476	0.19245	1.2739	25.036	-0.018081	1.6022	25.037	0	0
-0.070648	1.5571	23.476	-0.018081	1.6022	25.037	-0.44528	1.1017	24.921	0	0
-0.60445	-0.36564	24.087	-0.42345	-0.73714	25.519	-0.62845	-0.29764	25.565	0	0
-0.60445	-0.36564	24.087	-0.62845	-0.29764	25.565	-0.89475	-0.064838	25.368	0	0
-0.60445	-0.36564	24.087	0.10852	-0.74714	24.903	0.17749	-0.20924	24.888	0	0
-0.60445	-0.36564	24.087	-0.4588	0.81476	25.072	-0.89945	0.26706	24.422	0	0
-0.60445	-0.36564	24.087	-0.9921	-0.30204	24.834	-0.89475	-0.064838	25.368	0	0
-0.60445	-0.36564	24.087	0.10345	0.32781	25.549	0.17749	-0.20924	24.888	0	0
-0.42345	-0.73714	24.492	-0.62845	-0.29764	25.565	-0.1227	-0.41594	26.058	0	0
-0.42345	-0.73714	24.492	0.10852	-0.74714	24.903	0.15392	-0.8914	25.526	0	0
-0.42345	-0.73714	24.492	-0.1227	-0.41594	26.058	0.15392	-0.8914	25.526	0	0
-0.62845	-0.29764	24.539	-0.89475	-0.064838	25.368	-0.53875	-0.15177	26.196	0	0
-0.62845	-0.29764	24.539	-0.4519	0.44011	25.569	-0.1227	-0.41594	26.058	0	0
-0.62845	-0.29764	24.539	-0.53875	-0.15177	26.196	-0.39071	-0.69007	26.436	0	0
0.20085	-0.77226	23.269	0.10852	-0.74714	24.903	0.6572	-0.24529	24.815	0	0
0.20085	-0.77226	23.269	0.25115	-0.20677	24.211	0.6572	-0.24529	24.815	0	0
0.20085	-0.77226	23.269	0.34065	-0.69554	23.591	0.77965	-0.91354	23.662	0	0
0.10852	-0.74714	23.876	0.17749	-0.20924	24.888	0.6572	-0.24529	24.815	0	0
-0.4588	0.81476	24.045	0.23865	0.44446	25.084	0.19245	1.2739	25.036	0	0
-0.4588	0.81476	24.045	0.23865	0.44446	25.084	-0.4519	0.44011	25.569	0	0
-0.4588	0.81476	24.045	0.19245	1.2739	25.036	-0.44528	1.1017	24.921	0	0
-0.4588	0.81476	24.045	-0.4519	0.44011	25.569	-0.5612	1.2395	25.561	0	0
-0.9193	-0.076787	23.116	-0.9921	-0.30204	24.834	-0.89945	0.26706	24.422	0	0
0.23865	0.44446	24.058	0.19245	1.2739	25.036	0.3303	1.0826	25.548	0	0
0.23865	0.44446	24.058	0.10345	0.32781	25.549	-0.4519	0.44011	25.569	0	0
0.23865	0.44446	24.058	0.10345	0.32781	25.549	0.81262	0.58566	25.648	0	0
0.23865	0.44446	24.058	0.17749	-0.20924	24.888	0.66172	0.44816	24.975	0	0
0.23865	0.44446	24.058	0.66172	0.44816	24.975	0.81262	0.58566	25.648	0	0
0.19245	1.2739	24.009	-0.018081	1.6022	25.037	0.075752	1.721	25.588	0	0
0.19245	1.2739	24.009	0.075752	1.721	25.588	0.3303	1.0826	25.548	0	0
0.19245	1.2739	24.009	0.66172	0.44816	24.975	0.81262	0.58566	25.648	0	0
-0.9921	-0.30204	23.807	-0.89475	-0.064838	25.368	-1.0342	0.36408	24.889	0	0
-0.9921	-0.30204	23.807	-0.89945	0.26706	24.422	-1.0342	0.36408	24.889	0	0
-0.89475	-0.064838	24.341	-0.53875	-0.15177	26.196	-1.1659	0.45924	25.541	0	0
-0.89475	-0.064838	24.341	-1.0342	0.36408	24.889	-1.1659	0.45924	25.541	0	0
-0.018081	1.6022	24.011	0.075752	1.721	25.588	-0.20965	1.5844	25.621	0	0
-0.018081	1.6022	24.011	-0.20965	1.5844	25.621	-0.5612	1.2395	25.561	0	0
-0.018081	1.6022	24.011	-0.44528	1.1017	24.921	-0.5612	1.2395	25.561	0	0
0.075752	1.721	24.562	-0.20965	1.5844	25.621	-0.44435	1.6571	26.418	0	0
0.075752	1.721	24.562	0.3303	1.0826	25.548	0.1939	1.1617	26.29	0	0
0.075752	1.721	24.562	-0.44435	1.6571	26.418	0.37085	2.2796	26.511	0	0
-0.20965	1.5844	24.595	-0.5612	1.2395	25.561	-0.44435	1.6571	26.418	0	0
0.10345	0.32781	24.523	-0.4519	0.44011	25.569	0.11317	0.45303	26.287	0	0
0.10345	0.32781	24.523	0.17749	-0.20924	24.888	0.26805	-0.25924	25.715	0	0
0.10345	0.32781	24.523	0.26805	-0.25924	25.715	0.11317	0.45303	26.287	0	0
-0.4519	0.44011	24.542	-0.53875	-0.15177	26.196	-1.1918	0.54756	26.238	0	0
-0.4519	0.44011	24.542	-0.5612	1.2395	25.561	-0.5522	1.2715	26.074	0	0
-0.4519	0.44011	24.542	-0.5522	1.2715	26.074	0.11317	0.45303	26.287	0	0
-0.53875	-0.15177	25.169	-0.39071	-0.69007	26.436	-0.1227	-0.41594	26.058	0	0
-0.53875	-0.15177	25.169	-0.1227	-0.41594	26.058	0.11317	0.45303	26.287	0	0
-0.53875	-0.15177	25.169	0.11317	0.45303	26.287	-1.171	0.66716	27.045	0	0
-0.53875	-0.15177	25.169	-1.1918	0.54756	26.238	-1.171	0.66716	27.045	0	0
-0.44528	1.1017	23.895	-0.5612	1.2395	25.561	-1.0336	0.96496	25.703	0	0
-0.44528	1.1017	23.895	-0.89945	0.26706	24.422	-1.0342	0.36408	24.889	0	0
-0.44528	1.1017	23.895	-1.0342	0.36408	24.889	-1.0336	0.96496	25.703	0	0
-0.5612	1.2395	24.535	-0.5522	1.2715	26.074	-1.0336	0.96496	25.703	0	0
0.3303	1.0826	24.521	0.1939	1.1617	26.29	0.81262	0.58566	25.648	0	0
-0.5522	1.2715	25.047	-0.44435	1.6571	26.418	0.1939	1.1617	26.29	0	0
-0.5522	1.2715	25.047	-0.44435	1.6571	26.418	-1.0762	1.135	26.383	0	0
-0.5522	1.2715	25.047	0.11317	0.45303	26.287	0.1939	1.1617	26.29	0	0
-0.5522	1.2715	25.047	-1.0336	0.96496	25.703	-1.0762	1.135	26.383	0	0
-0.44435	1.6571	25.392	0.1939	1.1617	26.29	0.2694	1.8699	26.383	0	0
-0.44435	1.6571	25.392	0.2694	1.8699	26.383	-0.44275	1.8337	27.102	0	0
-0.44435	1.6571	25.392	-0.44275	1.8337	27.102	-1.1561	1.2942	27.092	0	0
-0.44435	1.6571	25.392	-1.1561	1.2942	27.092	-1.0762	1.135	26.383	0	0
-0.1227	-0.41594	25.032	0.15392	-0.8914	25.526	0.26805	-0.25924	25.715	0	0
-0.1227	-0.41594	25.032	0.26805	-0.25924	25.715	0.11317	0.45303	26.287	0	0
0.34065	-0.69554	22.564	0.77965	-0.91354	23.662	0.84775	-0.62624	23.106	0	0
0.34065	-0.69554	22.564	0.3931	-0.63109	22.812	0.84775	-0.62624	23.106	0	0
0.17749	-0.20924	23.862	0.15392	-0.8914	25.526	0.26805	-0.25924	25.715	0	0
0.17749	-0.20924	23.862	0.66172	0.44816	24.975	0.6572	-0.24529	24.815	0	0
0.154	-0.21294	21.767	0.3931	-0.63109	22.812	0.3372	-0.36624	22.18	0	0
0.11317	0.45303	25.26	0.1939	1.1617	26.29	0.72342	1.0219	26.401	0	0
0.11317	0.45303	25.26	-1.171	0.66716	27.045	-0.29025	1.3411	27.202	0	0
0.11317	0.45303	25.26	-0.29025	1.3411	27.202	0.8639	0.62481	26.575	0	0
0.11317	0.45303	25.26	0.72342	1.0219	26.401	0.8639	0.62481	26.575	0	0
0.1939	1.1617	25.264	0.2694	1.8699	26.383	0.72342	1.0219	26.401	0	0
0.2694	1.8699	25.357	0.37085	2.2796	26.511	0.30568	1.9962	27.098	0	0
0.2694	1.8699	25.357	0.37085	2.2796	26.511	0.72342	1.0219	26.401	0	0
0.2694	1.8699	25.357	-0.44275	1.8337	27.102	0.30568	1.9962	27.098	0	0
0.37085	2.2796	25.485	0.30568	1.9962	27.098	0.44235	2.2929	27.586	0	0
0.37085	2.2796	25.485	0.72342	1.0219	26.401	1.1543	1.0309	27.023	0	0
-1.1918	0.54756	25.212	-1.5835	0.40701	26.386	-1.1659	0.45924	25.541	0	0
-1.1918	0.54756	25.212	-1.5835	0.40701	26.386	-1.6032	0.93386	26.667	0	0
-1.1918	0.54756	25.212	-1.1659	0.45924	25.541	-1.0336	0.96496	25.703	0	0
-1.1918	0.54756	25.212	-1.6032	0.93386	26.667	-1.0762	1.135	26.383	0	0
-1.1918	0.54756	25.212	-1.0336	0.96496	25.703	-1.0762	1.135	26.383	0	0
-1.171	0.66716	26.019	-0.29025	1.3411	27.202	-1.1561	1.2942	27.092	0	0
-0.44275	1.8337	26.075	-0.40083	1.9232	27.751	0.10825	2.1963	27.576	0	0
-0.44275	1.8337	26.075	-0.40083	1.9232	27.751	-1.4209	1.5539	27.532	0	0
-0.44275	1.8337	26.075	0.30568	1.9962	27.098	0.10825	2.1963	27.576	0	0
-0.44275	1.8337	26.075	-1.1561	1.2942	27.092	-1.4209	1.5539	27.532	0	0
-0.29025	1.3411	26.176	-0.40083	1.9232	27.751	-1.3147	1.1609	27.813	0	0
-0.29025	1.3411	26.176	0.30568	1.9962	27.098	1.1543	1.0309	27.023	0	0
-0.29025	1.3411	26.176	-1.3147	1.1609	27.813	-1.1561	1.2942	27.092	0	0
-0.29025	1.3411	26.176	0.8639	0.62481	26.575	1.1543	1.0309	27.023	0	0
-0.40083	1.9232	26.724	-1.3147	1.1609	27.813	-0.71142	1.9394	28.343	0	0
-0.40083	1.9232	26.724	-0.71142	1.9394	28.343	0.11445	2.2429	28.089	0	0
-0.40083	1.9232	26.724	-1.2985	1.9022	28.368	-1.7246	2.1012	28.149	0	0
-0.40083	1.9232	26.724	0.10825	2.1963	27.576	0.11445	2.2429	28.089	0	0
-0.40083	1.9232	26.724	-1.4209	1.5539	27.532	-1.6492	1.7615	27.739	0	0
-0.40083	1.9232	26.724	-1.7246	2.1012	28.149	-1.6492	1.7615	27.739	0	0
0.30568	1.9962	26.072	0.10825	2.1963	27.576	0.44235	2.2929	27.586	0	0
-1.3147	1.1609	26.787	-0.71142	1.9394	28.343	-1.2985	1.9022	28.368	0	0
-1.3147	1.1609	26.787	-1.2985	1.9022	28.368	-1.7044	1.4623	28.538	0	0
-0.71142	1.9394	27.317	-1.2985	1.9022	28.368	-1.1185	2.4661	28.989	0	0
-0.71142	1.9394	27.317	0.11445	2.2429	28.089	-0.72875	2.4381	29.56	0	0
-0.71142	1.9394	27.317	-1.1185	2.4661	28.989	-0.72875	2.4381	29.56	0	0
-1.2985	1.9022	27.342	-1.7246	2.1012	28.149	-1.7316	2.4308	28.501	0	0
-1.2985	1.9022	27.342	-1.7316	2.4308	28.501	-1.1185	2.4661	28.989	0	0
0.3931	-0.63109	21.785	0.3372	-0.36624	22.18	0.65595	-0.22354	22.245	0	0
0.3931	-0.63109	21.785	0.84775	-0.62624	23.106	0.88052	-0.3274	22.704	0	0
0.3931	-0.63109	21.785	0.65595	-0.22354	22.245	0.88052	-0.3274	22.704	0	0
0.72342	1.0219	25.375	0.8639	0.62481	26.575	1.1543	1.0309	27.023	0	0
-1.0342	0.36408	23.863	-1.1659	0.45924	25.541	-1.0336	0.96496	25.703	0	0
-1.1561	1.2942	26.066	-1.4209	1.5539	27.532	-1.7671	1.1124	26.986	0	0
-1.1561	1.2942	26.066	-1.6032	0.93386	26.667	-1.7671	1.1124	26.986	0	0
-1.1561	1.2942	26.066	-1.6032	0.93386	26.667	-1.0762	1.135	26.383	0	0
0.10825	2.1963	26.55	0.44235	2.2929	27.586	0.11445	2.2429	28.089	0	0
-1.4209	1.5539	26.505	-1.7671	1.1124	26.986	-1.6492	1.7615	27.739	0	0
-1.7316	2.4308	27.475	-1.1185	2.4661	28.989	-1.7713	2.7764	28.897	0	0
-1.1185	2.4661	27.962	-1.7713	2.7764	28.897	-1.6864	2.9906	29.15	0	0
-1.1185	2.4661	27.962	-0.72875	2.4381	29.56	-1.1639	2.6667	29.562	0	0
-1.1185	2.4661	27.962	-1.1639	2.6667	29.562	-1.6864	2.9906	29.15	0	0
-1.1639	2.6667	28.535	-1.6947	2.9989	29.58	-1.6864	2.9906	29.15	0	0
-0.41205	2.6872	12.111	-2.1725	9.463	17.171	0.184	2.3724	11.732	1	1
-2.1725	9.463	17.171	-1.8809	12.691	19.26	0.0302849999999999	8.1288	18.374	1	1
-1.8809	12.691	19.26	-2.1835	17.892	20.247	-0.0629729999999999	11.606	20.257	1	1
-2.1835	17.892	20.247	-1.8493	21.392	20.139	-1.3466	17.808	22.316	1	1
-1.8493	21.392	20.139	-0.1393	26.666	17.06	-1.4634	22.059	20.356	1	1
0.0302849999999999	8.1288	18.374	0.184	2.3724	11.732	-2.1725	9.463	17.171	1	1
-0.0629729999999999	11.606	20.257	0.0302849999999999	8.1288	18.374	-1.8809	12.691	19.26	1	1
-1.3466	17.808	22.316	-0.0629729999999999	11.606	20.257	-2.1835	17.892	20.247	1	1
-1.4634	22.059	20.356	-1.3466	17.808	22.316	-1.8493	21.392	20.139	1	1
-2.1725	9.463	17.171	-0.41205	2.6872	12.111	-1.7716	1.882	12.511	1	1
-1.8809	12.691	19.26	-2.1725	9.463	17.171	-3.2848	9.5406	17.556	1	1
-2.1835	17.892	20.247	-1.8809	12.691	19.26	-3.8553	12.201	19.929	1	1
-1.8493	21.392	20.139	-2.1835	17.892	20.247	-4.0879	18.333	21.214	1	1
-0.1393	26.666	17.06	-1.8493	21.392	20.139	-3.899	22.075	20.447	1	1
-1.7716	1.882	12.511	-3.2848	9.5406	17.556	-2.1725	9.463	17.171	1	1
-3.2848	9.5406	17.556	-3.8553	12.201	19.929	-1.8809	12.691	19.26	1	1
-3.8553	12.201	19.929	-4.0879	18.333	21.214	-2.1835	17.892	20.247	1	1
-4.0879	18.333	21.214	-3.899	22.075	20.447	-1.8493	21.392	20.139	1	1
0.12035	-1.5779	16.987	-0.69681	-5.8877	22.062	0.7205	-1.7004	16.289	2	1
-0.69681	-5.8877	22.062	-1.1614	-9.309	25.507	0.63269	-5.2137	22.291	2	1
-1.1614	-9.309	25.507	-0.96105	-12.655	27.752	1.0922	-9.6155	25.641	2	1
-0.96105	-12.655	27.752	-1.5907	-16.967	31.091	0.33675	-12.592	28.684	2	1
-1.5907	-16.967	31.091	-1.751	-22.032	32.305	0.61715	-16.756	30.599	2	1
-1.751	-22.032	32.305	-1.1134	-25.67	33.107	1.1571	-21.883	34.173	2	1
-1.1134	-25.67	33.107	-0.80175	-29.166	32.641	1.5662	-26.098	34.316	2	1
-0.80175	-29.166	32.641	-0.39745	-31.839	27.653	1.1438	-28.84	32.886	2	1
0.63269	-5.2137	22.291	0.7205	-1.7004	16.289	-0.69681	-5.8877	22.062	2	1
1.0922	-9.6155	25.641	0.63269	-5.2137	22.291	-1.1614	-9.309	25.507	2	1
0.33675	-12.592	28.684	1.0922	-9.6155	25.641	-0.96105	-12.655	27.752	2	1
0.61715	-16.756	30.599	0.33675	-12.592	28.684	-1.5907	-16.967	31.091	2	1
1.1571	-21.883	34.173	0.61715	-16.756	30.599	-1.751	-22.032	32.305	2	1
1.5662	-26.098	34.316	1.1571	-21.883	34.173	-1.1134	-25.67	33.107	2	1
1.1438	-28.84	32.886	1.5662	-26.098	34.316	-0.80175	-29.166	32.641	2	1
-0.69681	-5.8877	22.062	0.12035	-1.5779	16.987	-1.3152	-1.6336	16.293	2	1
-1.1614	-9.309	25.507	-0.69681	-5.8877	22.062	-1.9231	-5.2824	22.816	2	1
-1.5907	-16.967	31.091	-0.96105	-12.655	27.752	-2.8719	-10.735	29.98	2	1
-1.751	-22.032	32.305	-1.5907	-16.967	31.091	-2.3839	-17.518	30.602	2	1
-1.1134	-25.67	33.107	-1.751	-22.032	32.305	-2.6794	-21.751	32.193	2	1
-0.80175	-29.166	32.641	-1.1134	-25.67	33.107	-1.2379	-26.341	34.68	2	1
-1.3152	-1.6336	16.293	-1.9231	-5.2824	22.816	-0.69681	-5.8877	22.062	2	1
-1.7465	-9.3189	26.095	-2.8719	-10.735	29.98	-0.96105	-12.655	27.752	2	1
-2.8719	-10.735	29.98	-2.3839	-17.518	30.602	-1.5907	-16.967	31.091	2	1
-2.3839	-17.518	30.602	-2.6794	-21.751	32.193	-1.751	-22.032	32.305	2	1
-2.6794	-21.751	32.193	-1.2379	-26.341	34.68	-1.1134	-25.67	33.107	2	1
0.0037021	2.3981	21.682	0.489551663774748	6.17151297492499	26.2849117509672	1.07585429904872	1.85460904712255	21.5517232465872	3	2
0.489551663774748	6.17151297492499	26.2849117509672	0.824652775946967	9.70492488874398	30.566618494125	1.2755198332683	6.32781758689135	26.4855203121529	3	2
0.824652775946967	9.70492488874398	30.566618494125	1.22477201945147	13.138135671803	33.1534093732965	2.6310911580901	8.76133935278786	30.950799493596	3	2
1.22477201945147	13.138135671803	33.1534093732965	1.87074157810847	17.2700055277589	35.4566464394126	2.69800803333522	12.9876933164471	33.14190697742	3	2
1.87074157810847	17.2700055277589	35.4566464394126	2.18824194253758	20.8744388576577	36.4822059447084	3.96783992601755	16.6170343381467	36.5788782491264	3	2
2.18824194253758	20.8744388576577	36.4822059447084	2.95570082467544	24.6954818648296	37.2789959807716	4.08718034093511	20.319597650046	36.7786150427932	3	2
2.95570082467544	24.6954818648296	37.2789959807716	4.08690596801026	30.072078383705	36.4459601550654	4.95625944829553	24.4082383755428	37.2743203715511	3	2
4.08690596801026	30.072078383705	36.4459601550654	4.68436067410491	33.1279360402838	34.8537480627567	6.12881015090042	30.0874365879176	35.8382463050841	3	2
4.68436067410491	33.1279360402838	34.8537480627567	5.96035836392732	36.028482163352	32.8362361858344	7.54398416804823	33.5203725504598	34.9492433420553	3	2
5.96035836392732	36.028482163352	32.8362361858344	5.66492500111057	38.6424158666066	30.5542235383839	7.19903538558219	36.2960646353382	33.0259514901985	3	2
5.66492500111057	38.6424158666066	30.5542235383839	5.53251198888136	42.8756318408458	25.5447071875134	7.83283351865607	38.6311769514061	30.4502531755933	3	2
1.2755198332683	6.32781758689135	26.4855203121529	1.07585429904872	1.85460904712255	21.5517232465872	0.489551663774748	6.17151297492499	26.2849117509672	3	2
2.6310911580901	8.76133935278786	30.950799493596	1.2755198332683	6.32781758689135	26.4855203121529	0.824652775946967	9.70492488874398	30.566618494125	3	2
2.69800803333522	12.9876933164471	33.14190697742	2.6310911580901	8.76133935278786	30.950799493596	1.22477201945147	13.138135671803	33.1534093732965	3	2
3.96783992601755	16.6170343381467	36.5788782491264	2.69800803333522	12.9876933164471	33.14190697742	1.87074157810847	17.2700055277589	35.4566464394126	3	2
4.08718034093511	20.319597650046	36.7786150427932	3.96783992601755	16.6170343381467	36.5788782491264	2.18824194253758	20.8744388576577	36.4822059447084	3	2
4.95625944829553	24.4082383755428	37.2743203715511	4.08718034093511	20.319597650046	36.7786150427932	2.95570082467544	24.6954818648296	37.2789959807716	3	2
6.12881015090042	30.0874365879176	35.8382463050841	4.95625944829553	24.4082383755428	37.2743203715511	4.08690596801026	30.072078383705	36.4459601550654	3	2
7.54398416804823	33.5203725504598	34.9492433420553	6.12881015090042	30.0874365879176	35.8382463050841	4.68436067410491	33.1279360402838	34.8537480627567	3	2
7.19903538558219	36.2960646353382	33.0259514901985	7.54398416804823	33.5203725504598	34.9492433420553	5.96035836392732	36.028482163352	32.8362361858344	3	2
7.83283351865607	38.6311769514061	30.4502531755933	7.19903538558219	36.2960646353382	33.0259514901985	5.66492500111057	38.6424158666066	30.5542235383839	3	2
0.489551663774748	6.17151297492499	26.2849117509672	0.0037021	2.3981	21.682	-1.46381307780351	1.93461263709638	21.9014354862126	3	2
0.824652775946967	9.70492488874398	30.566618494125	0.489551663774748	6.17151297492499	26.2849117509672	-1.15464991893214	6.17930566256781	26.2031760828445	3	2
1.22477201945147	13.138135671803	33.1534093732965	0.824652775946967	9.70492488874398	30.566618494125	-1.85405906714804	9.22891741743931	30.6679067038273	3	2
1.87074157810847	17.2700055277589	35.4566464394126	1.22477201945147	13.138135671803	33.1534093732965	-0.823369290788845	13.1970207859513	32.4719674266724	3	2
2.18824194253758	20.8744388576577	36.4822059447084	1.87074157810847	17.2700055277589	35.4566464394126	-1.05500908272396	16.1202708497787	37.3985507215255	3	2
2.95570082467544	24.6954818648296	37.2789959807716	2.18824194253758	20.8744388576577	36.4822059447084	-0.804508044624779	21.34483540878	35.3830204467	3	2
4.08690596801026	30.072078383705	36.4459601550654	2.95570082467544	24.6954818648296	37.2789959807716	0.42268565087163	24.7553284479615	37.0082342436906	3	2
4.68436067410491	33.1279360402838	34.8537480627567	4.08690596801026	30.072078383705	36.4459601550654	2.78925946281271	29.6488593013432	36.0559745195947	3	2
5.96035836392732	36.028482163352	32.8362361858344	4.68436067410491	33.1279360402838	34.8537480627567	3.79247850924844	34.13249414116	35.3441996056996	3	2
5.66492500111057	38.6424158666066	30.5542235383839	5.96035836392732	36.028482163352	32.8362361858344	4.53424558601141	36.6548914447417	33.3493578057782	3	2
5.53251198888136	42.8756318408458	25.5447071875134	5.66492500111057	38.6424158666066	30.5542235383839	5.19136488343646	40.0553647100833	31.6296784284962	3	2
-1.46381307780351	1.93461263709638	21.9014354862126	-1.15464991893214	6.17930566256781	26.2031760828445	0.489551663774748	6.17151297492499	26.2849117509672	3	2
-1.15464991893214	6.17930566256781	26.2031760828445	-1.85405906714804	9.22891741743931	30.6679067038273	0.824652775946967	9.70492488874398	30.566618494125	3	2
-1.85405906714804	9.22891741743931	30.6679067038273	-0.823369290788845	13.1970207859513	32.4719674266724	1.22477201945147	13.138135671803	33.1534093732965	3	2
-0.823369290788845	13.1970207859513	32.4719674266724	-1.05500908272396	16.1202708497787	37.3985507215255	1.87074157810847	17.2700055277589	35.4566464394126	3	2
-1.05500908272396	16.1202708497787	37.3985507215255	-0.804508044624779	21.34483540878	35.3830204467	2.18824194253758	20.8744388576577	36.4822059447084	3	2
-0.804508044624779	21.34483540878	35.3830204467	0.42268565087163	24.7553284479615	37.0082342436906	2.95570082467544	24.6954818648296	37.2789959807716	3	2
0.42268565087163	24.7553284479615	37.0082342436906	2.78925946281271	29.6488593013432	36.0559745195947	4.08690596801026	30.072078383705	36.4459601550654	3	2
2.78925946281271	29.6488593013432	36.0559745195947	3.79247850924844	34.13249414116	35.3441996056996	4.68436067410491	33.1279360402838	34.8537480627567	3	2
3.79247850924844	34.13249414116	35.3441996056996	4.53424558601141	36.6548914447417	33.3493578057782	5.96035836392732	36.028482163352	32.8362361858344	3	2
4.53424558601141	36.6548914447417	33.3493578057782	5.19136488343646	40.0553647100833	31.6296784284962	5.66492500111057	38.6424158666066	30.5542235383839	3	2
0.23953	-1.8413	25.174	0.974700107188246	-4.35654586346908	28.8275371190394	1.00337218627339	-2.60501250591913	25.1624871518806	4	2
0.974700107188246	-4.35654586346908	28.8275371190394	1.81960106062559	-6.98825393977547	32.8765238926019	1.57433234563953	-3.77837209946186	29.3024075642385	4	2
1.81960106062559	-6.98825393977547	32.8765238926019	2.92424188084428	-9.7868307321828	36.580074383051	2.45951101055823	-4.99165879096895	33.6125236804684	4	2
2.92424188084428	-9.7868307321828	36.580074383051	3.97846073681195	-12.9718611299034	39.1520232976522	4.24201641317601	-9.80889662102322	37.0736158590057	4	2
3.97846073681195	-12.9718611299034	39.1520232976522	4.48382989729855	-16.9693782695782	42.3747635120714	4.21509414470276	-12.9097116198271	39.5617337791721	4	2
4.48382989729855	-16.9693782695782	42.3747635120714	5.95575962177067	-20.5835202837579	44.1526695493964	6.56497374502193	-16.3096046393444	43.9092759043092	4	2
5.95575962177067	-20.5835202837579	44.1526695493964	7.56006733614209	-23.80516706102	45.8602967365087	6.59429210396641	-20.2601345388234	44.6439381308812	4	2
7.56006733614209	-23.80516706102	45.8602967365087	9.51381514036247	-27.4858742347303	46.4658899241368	10.025939639984	-23.4898658363152	46.7672126525919	4	2
9.51381514036247	-27.4858742347303	46.4658899241368	11.6890470107094	-31.1871892687264	45.9384387990629	12.5931762925624	-27.585005541075	46.4728353128424	4	2
11.6890470107094	-31.1871892687264	45.9384387990629	13.9526937018957	-35.1422649940125	45.5474878242157	13.7476233426312	-31.5395535270609	44.9719105195492	4	2
13.9526937018957	-35.1422649940125	45.5474878242157	16.6049238083938	-40.0542291766658	45.0077940865132	15.2916557518807	-34.7158063995322	46.8308251516141	4	2
1.57433234563953	-3.77837209946186	29.3024075642385	1.00337218627339	-2.60501250591913	25.1624871518806	0.974700107188246	-4.35654586346908	28.8275371190394	4	2
2.45951101055823	-4.99165879096895	33.6125236804684	1.57433234563953	-3.77837209946186	29.3024075642385	1.81960106062559	-6.98825393977547	32.8765238926019	4	2
4.24201641317601	-9.80889662102322	37.0736158590057	2.45951101055823	-4.99165879096895	33.6125236804684	2.92424188084428	-9.7868307321828	36.580074383051	4	2
4.21509414470276	-12.9097116198271	39.5617337791721	4.24201641317601	-9.80889662102322	37.0736158590057	3.97846073681195	-12.9718611299034	39.1520232976522	4	2
6.56497374502193	-16.3096046393444	43.9092759043092	4.21509414470276	-12.9097116198271	39.5617337791721	4.48382989729855	-16.9693782695782	42.3747635120714	4	2
6.59429210396641	-20.2601345388234	44.6439381308812	6.56497374502193	-16.3096046393444	43.9092759043092	5.95575962177067	-20.5835202837579	44.1526695493964	4	2
10.025939639984	-23.4898658363152	46.7672126525919	6.59429210396641	-20.2601345388234	44.6439381308812	7.56006733614209	-23.80516706102	45.8602967365087	4	2
12.5931762925624	-27.585005541075	46.4728353128424	10.025939639984	-23.4898658363152	46.7672126525919	9.51381514036247	-27.4858742347303	46.4658899241368	4	2
13.7476233426312	-31.5395535270609	44.9719105195492	12.5931762925624	-27.585005541075	46.4728353128424	11.6890470107094	-31.1871892687264	45.9384387990629	4	2
15.2916557518807	-34.7158063995322	46.8308251516141	13.7476233426312	-31.5395535270609	44.9719105195492	13.9526937018957	-35.1422649940125	45.5474878242157	4	2
0.974700107188246	-4.35654586346908	28.8275371190394	0.23953	-1.8413	25.174	-1.7108990964532	-2.03369102382111	24.9924793054172	4	2
1.81960106062559	-6.98825393977547	32.8765238926019	0.974700107188246	-4.35654586346908	28.8275371190394	-1.13908566587131	-3.85288109160016	29.0503324863369	4	2
2.92424188084428	-9.7868307321828	36.580074383051	1.81960106062559	-6.98825393977547	32.8765238926019	-1.49797710359652	-6.52914574820955	33.0229049115686	4	2
3.97846073681195	-12.9718611299034	39.1520232976522	2.92424188084428	-9.7868307321828	36.580074383051	-0.210171849793698	-10.436884514112	35.7059543293469	4	2
4.48382989729855	-16.9693782695782	42.3747635120714	3.97846073681195	-12.9718611299034	39.1520232976522	-0.20125060413398	-11.5993157527538	40.1123420437118	4	2
5.95575962177067	-20.5835202837579	44.1526695493964	4.48382989729855	-16.9693782695782	42.3747635120714	1.82404257555006	-16.744305759594	41.9626632714559	4	2
7.56006733614209	-23.80516706102	45.8602967365087	5.95575962177067	-20.5835202837579	44.1526695493964	4.80091759057121	-20.1243149842576	44.2530568787059	4	2
9.51381514036247	-27.4858742347303	46.4658899241368	7.56006733614209	-23.80516706102	45.8602967365087	6.80300418879186	-23.7058169055032	45.2597135636484	4	2
11.6890470107094	-31.1871892687264	45.9384387990629	9.51381514036247	-27.4858742347303	46.4658899241368	7.72148858057698	-27.1871320375868	46.5060092802312	4	2
13.9526937018957	-35.1422649940125	45.5474878242157	11.6890470107094	-31.1871892687264	45.9384387990629	10.395675026012	-31.0093346407984	46.0556858908159	4	2
16.6049238083938	-40.0542291766658	45.0077940865132	13.9526937018957	-35.1422649940125	45.5474878242157	13.1183817861296	-34.9067868487408	45.331396014306	4	2
-1.7108990964532	-2.03369102382111	24.9924793054172	-1.13908566587131	-3.85288109160016	29.0503324863369	0.974700107188246	-4.35654586346908	28.8275371190394	4	2
-1.13908566587131	-3.85288109160016	29.0503324863369	-1.49797710359652	-6.52914574820955	33.0229049115686	1.81960106062559	-6.98825393977547	32.8765238926019	4	2
-1.49797710359652	-6.52914574820955	33.0229049115686	-0.210171849793698	-10.436884514112	35.7059543293469	2.92424188084428	-9.7868307321828	36.580074383051	4	2
-0.210171849793698	-10.436884514112	35.7059543293469	-0.20125060413398	-11.5993157527538	40.1123420437118	3.97846073681195	-12.9718611299034	39.1520232976522	4	2
-0.20125060413398	-11.5993157527538	40.1123420437118	1.82404257555006	-16.744305759594	41.9626632714559	4.48382989729855	-16.9693782695782	42.3747635120714	4	2
1.82404257555006	-16.744305759594	41.9626632714559	4.80091759057121	-20.1243149842576	44.2530568787059	5.95575962177067	-20.5835202837579	44.1526695493964	4	2
4.80091759057121	-20.1243149842576	44.2530568787059	6.80300418879186	-23.7058169055032	45.2597135636484	7.56006733614209	-23.80516706102	45.8602967365087	4	2
6.80300418879186	-23.7058169055032	45.2597135636484	7.72148858057698	-27.1871320375868	46.5060092802312	9.51381514036247	-27.4858742347303	46.4658899241368	4	2
7.72148858057698	-27.1871320375868	46.5060092802312	10.395675026012	-31.0093346407984	46.0556858908159	11.6890470107094	-31.1871892687264	45.9384387990629	4	2
10.395675026012	-31.0093346407984	46.0556858908159	13.1183817861296	-34.9067868487408	45.331396014306	13.9526937018957	-35.1422649940125	45.5474878242157	4	2
-0.096448	-0.21984	26.534	-0.782167924094263	1.62643674963827	29.7064695110512	0.798546458941382	1.07839394749019	25.8615713061207	5	2
-0.782167924094263	1.62643674963827	29.7064695110512	-1.32475287430365	4.41312240102475	33.435509508445	2.1789820964572	3.06002502257528	28.753029827859	5	2
-1.32475287430365	4.41312240102475	33.435509508445	-2.12479250683738	7.47181936892546	37.1288839729328	0.367885419853697	4.16079642268903	33.238737995494	5	2
-2.12479250683738	7.47181936892546	37.1288839729328	-2.91066934903622	10.087853157338	39.7433133670414	-1.08197346269658	7.59097559855787	37.5876937488934	5	2
-2.91066934903622	10.087853157338	39.7433133670414	-3.74564113029348	13.199986607985	42.4674832827898	0.265682760140838	10.7618859016158	39.5830026242079	5	2
-3.74564113029348	13.199986607985	42.4674832827898	-5.65106876506841	18.6780497043807	45.0898349927142	-0.497321740090254	13.0214907325455	42.2998365584531	5	2
-5.65106876506841	18.6780497043807	45.0898349927142	-7.22784820617895	21.7001383988843	45.9560857396949	-3.650815304686	17.9842362809787	45.8427397129381	5	2
2.1789820964572	3.06002502257528	28.753029827859	0.798546458941382	1.07839394749019	25.8615713061207	-0.782167924094263	1.62643674963827	29.7064695110512	5	2
0.367885419853697	4.16079642268903	33.238737995494	2.1789820964572	3.06002502257528	28.753029827859	-1.32475287430365	4.41312240102475	33.435509508445	5	2
-1.08197346269658	7.59097559855787	37.5876937488934	0.367885419853697	4.16079642268903	33.238737995494	-2.12479250683738	7.47181936892546	37.1288839729328	5	2
0.265682760140838	10.7618859016158	39.5830026242079	-1.08197346269658	7.59097559855787	37.5876937488934	-2.91066934903622	10.087853157338	39.7433133670414	5	2
-0.497321740090254	13.0214907325455	42.2998365584531	0.265682760140838	10.7618859016158	39.5830026242079	-3.74564113029348	13.199986607985	42.4674832827898	5	2
-3.650815304686	17.9842362809787	45.8427397129381	-0.497321740090254	13.0214907325455	42.2998365584531	-5.65106876506841	18.6780497043807	45.0898349927142	5	2
-0.782167924094263	1.62643674963827	29.7064695110512	-0.096448	-0.21984	26.534	-1.21996491717645	0.397751205798671	26.4203572890923	5	2
-1.32475287430365	4.41312240102475	33.435509508445	-0.782167924094263	1.62643674963827	29.7064695110512	-2.80830748011568	-0.331161928582158	30.6093916727877	5	2
-2.12479250683738	7.47181936892546	37.1288839729328	-1.32475287430365	4.41312240102475	33.435509508445	-3.84175851031655	3.17229948785463	34.4048016916546	5	2
-2.91066934903622	10.087853157338	39.7433133670414	-2.12479250683738	7.47181936892546	37.1288839729328	-4.67402602246243	6.27033972250212	37.8229118628943	5	2
-3.74564113029348	13.199986607985	42.4674832827898	-2.91066934903622	10.087853157338	39.7433133670414	-4.65650709322977	8.2052571296984	41.3864725491247	5	2
-5.65106876506841	18.6780497043807	45.0898349927142	-3.74564113029348	13.199986607985	42.4674832827898	-4.79299031061899	12.2247042337141	44.0252706864196	5	2
-7.22784820617895	21.7001383988843	45.9560857396949	-5.65106876506841	18.6780497043807	45.0898349927142	-6.29574757326912	18.4526267512504	45.0318062372655	5	2
-1.21996491717645	0.397751205798671	26.4203572890923	-2.80830748011568	-0.331161928582158	30.6093916727877	-0.782167924094263	1.62643674963827	29.7064695110512	5	2
-2.80830748011568	-0.331161928582158	30.6093916727877	-3.84175851031655	3.17229948785463	34.4048016916546	-1.32475287430365	4.41312240102475	33.435509508445	5	2
-3.84175851031655	3.17229948785463	34.4048016916546	-4.67402602246243	6.27033972250212	37.8229118628943	-2.12479250683738	7.47181936892546	37.1288839729328	5	2
-4.67402602246243	6.27033972250212	37.8229118628943	-4.65650709322977	8.2052571296984	41.3864725491247	-2.91066934903622	10.087853157338	39.7433133670414	5	2
-4.65650709322977	8.2052571296984	41.3864725491247	-4.79299031061899	12.2247042337141	44.0252706864196	-3.74564113029348	13.199986607985	42.4674832827898	5	2
-4.79299031061899	12.2247042337141	44.0252706864196	-6.29574757326912	18.4526267512504	45.0318062372655	-5.65106876506841	18.6780497043807	45.0898349927142	5	2
0.66812	-1.503	30.237	0.601243037956444	-3.05821048256955	34.427473706546	2.01022433924603	-0.953627461694795	30.6569200866035	6	2
0.601243037956444	-3.05821048256955	34.427473706546	0.372196579854221	-4.89358880322107	38.4085201437298	2.01617212360532	-4.09137740869077	33.8985162835392	6	2
0.372196579854221	-4.89358880322107	38.4085201437298	0.441789890679428	-7.29601997705348	41.7540314680248	2.24516007065829	-5.16548430396332	38.6792424362938	6	2
0.441789890679428	-7.29601997705348	41.7540314680248	1.0164542008592	-10.752446938312	44.9716490528367	1.98437421527586	-5.14222066089907	43.5314909914014	6	2
1.0164542008592	-10.752446938312	44.9716490528367	1.89814316681348	-14.3957969430027	47.6088474300232	2.28495324713246	-8.95190758630657	47.6478300391461	6	2
1.89814316681348	-14.3957969430027	47.6088474300232	3.75975722937139	-18.2400473216459	50.1209021106359	3.99801935573438	-13.3877295066916	49.1628310319482	6	2
3.75975722937139	-18.2400473216459	50.1209021106359	5.34302089413586	-21.7440018528704	50.5020788425435	5.27834493916655	-18.0157681915789	51.4884759621977	6	2
5.34302089413586	-21.7440018528704	50.5020788425435	10.7978065241795	-27.8428101137564	50.0701001194345	7.55904454881072	-21.8803753705657	52.9302927510765	6	2
10.7978065241795	-27.8428101137564	50.0701001194345	12.1071182915899	-29.3652348425006	49.7275367807238	11.3001979536311	-28.6625548665234	51.3966830953258	6	2
2.01617212360532	-4.09137740869077	33.8985162835392	2.01022433924603	-0.953627461694795	30.6569200866035	0.601243037956444	-3.05821048256955	34.427473706546	6	2
2.24516007065829	-5.16548430396332	38.6792424362938	2.01617212360532	-4.09137740869077	33.8985162835392	0.372196579854221	-4.89358880322107	38.4085201437298	6	2
1.98437421527586	-5.14222066089907	43.5314909914014	2.24516007065829	-5.16548430396332	38.6792424362938	0.441789890679428	-7.29601997705348	41.7540314680248	6	2
2.28495324713246	-8.95190758630657	47.6478300391461	1.98437421527586	-5.14222066089907	43.5314909914014	1.0164542008592	-10.752446938312	44.9716490528367	6	2
3.99801935573438	-13.3877295066916	49.1628310319482	2.28495324713246	-8.95190758630657	47.6478300391461	1.89814316681348	-14.3957969430027	47.6088474300232	6	2
5.27834493916655	-18.0157681915789	51.4884759621977	3.99801935573438	-13.3877295066916	49.1628310319482	3.75975722937139	-18.2400473216459	50.1209021106359	6	2
7.55904454881072	-21.8803753705657	52.9302927510765	5.27834493916655	-18.0157681915789	51.4884759621977	5.34302089413586	-21.7440018528704	50.5020788425435	6	2
11.3001979536311	-28.6625548665234	51.3966830953258	7.55904454881072	-21.8803753705657	52.9302927510765	10.7978065241795	-27.8428101137564	50.0701001194345	6	2
0.601243037956444	-3.05821048256955	34.427473706546	0.66812	-1.503	30.237	-2.94052925801603	-1.18925885204413	30.6544875819707	6	2
0.372196579854221	-4.89358880322107	38.4085201437298	0.601243037956444	-3.05821048256955	34.427473706546	-1.43646886191766	-2.39750823339143	34.7434397664994	6	2
0.441789890679428	-7.29601997705348	41.7540314680248	0.372196579854221	-4.89358880322107	38.4085201437298	-2.92206194369536	-4.79433095930568	38.5679648593593	6	2
1.0164542008592	-10.752446938312	44.9716490528367	0.441789890679428	-7.29601997705348	41.7540314680248	-3.50091821168462	-7.43134330143734	41.0987537044538	6	2
1.89814316681348	-14.3957969430027	47.6088474300232	1.0164542008592	-10.752446938312	44.9716490528367	-2.32967845546408	-10.763641464924	44.2221898752554	6	2
3.75975722937139	-18.2400473216459	50.1209021106359	1.89814316681348	-14.3957969430027	47.6088474300232	-1.04500392692335	-13.5679134468927	48.0223440128351	6	2
5.34302089413586	-21.7440018528704	50.5020788425435	3.75975722937139	-18.2400473216459	50.1209021106359	1.80009982741028	-17.8196356395118	50.1920234468454	6	2
10.7978065241795	-27.8428101137564	50.0701001194345	5.34302089413586	-21.7440018528704	50.5020788425435	4.42766723473186	-21.260696655572	50.4889592205944	6	2
12.1071182915899	-29.3652348425006	49.7275367807238	10.7978065241795	-27.8428101137564	50.0701001194345	9.75910836129137	-27.7241693887237	51.4205630751563	6	2
-2.94052925801603	-1.18925885204413	30.6544875819707	-1.43646886191766	-2.39750823339143	34.7434397664994	0.601243037956444	-3.05821048256955	34.427473706546	6	2
-1.43646886191766	-2.39750823339143	34.7434397664994	-2.92206194369536	-4.79433095930568	38.5679648593593	0.372196579854221	-4.89358880322107	38.4085201437298	6	2
-2.92206194369536	-4.79433095930568	38.5679648593593	-3.50091821168462	-7.43134330143734	41.0987537044538	0.441789890679428	-7.29601997705348	41.7540314680248	6	2
-3.50091821168462	-7.43134330143734	41.0987537044538	-2.32967845546408	-10.763641464924	44.2221898752554	1.0164542008592	-10.752446938312	44.9716490528367	6	2
-2.32967845546408	-10.763641464924	44.2221898752554	-1.04500392692335	-13.5679134468927	48.0223440128351	1.89814316681348	-14.3957969430027	47.6088474300232	6	2
-1.04500392692335	-13.5679134468927	48.0223440128351	1.80009982741028	-17.8196356395118	50.1920234468454	3.75975722937139	-18.2400473216459	50.1209021106359	6	2
1.80009982741028	-17.8196356395118	50.1920234468454	4.42766723473186	-21.260696655572	50.4889592205944	5.34302089413586	-21.7440018528704	50.5020788425435	6	2
4.42766723473186	-21.260696655572	50.4889592205944	9.75910836129137	-27.7241693887237	51.4205630751563	10.7978065241795	-27.8428101137564	50.0701001194345	6	2
0.48025	-0.065238	32.487	-1.2776	-1.5731	35.774	0.80535	-0.11254	32.763	7	2
-1.2776	-1.5731	35.774	-3.7106	-3.0051	39.413	0.6961	-0.59294	36.29	7	2
0.6961	-0.59294	36.29	0.80535	-0.11254	32.763	-1.2776	-1.5731	35.774	7	2
-1.2776	-1.5731	35.774	0.48025	-0.065238	32.487	-3.3403	-1.2828	30.858	7	2
-3.7106	-3.0051	39.413	-1.2776	-1.5731	35.774	-3.4174	-1.3611	35.729	7	2
-3.3403	-1.2828	30.858	-3.4174	-1.3611	35.729	-1.2776	-1.5731	35.774	7	2
1.6541	2.9057	32.832	2.09320713399291	5.81459105639327	37.0931966238267	3.00678764060427	2.73881372181461	32.817774420578	8	2
2.09320713399291	5.81459105639327	37.0931966238267	3.55734037485134	8.36532847112128	41.0148130079367	3.65778590742991	3.46762366875423	37.7182342171513	8	2
3.55734037485134	8.36532847112128	41.0148130079367	4.94236406964934	10.6224395707347	43.5581092743692	6.30743388957572	7.0972461770614	41.7849673923056	8	2
4.94236406964934	10.6224395707347	43.5581092743692	7.84222282259856	14.7580185608515	47.1325266883612	7.7865852361753	9.65081264549527	44.8336791407566	8	2
7.84222282259856	14.7580185608515	47.1325266883612	10.2504289477115	17.8059446210395	48.5020895385419	10.3073084955824	14.1634098957164	48.4404909845849	8	2
10.2504289477115	17.8059446210395	48.5020895385419	13.3193732957012	21.4078382554093	48.798644500781	13.5494833481719	18.029483528376	49.0867220981122	8	2
13.3193732957012	21.4078382554093	48.798644500781	16.0443081628016	25.7390660280181	47.1542990529379	15.73975836873	21.6133146637407	48.5983209028745	8	2
16.0443081628016	25.7390660280181	47.1542990529379	17.2362739844745	28.8485613363029	44.5463796892078	18.1379132370535	26.5331145263395	47.4537181160923	8	2
17.2362739844745	28.8485613363029	44.5463796892078	17.7001145986983	31.2127628137834	42.0049493324057	18.4732438999395	28.7382647496364	44.6635210192508	8	2
3.65778590742991	3.46762366875423	37.7182342171513	3.00678764060427	2.73881372181461	32.817774420578	2.09320713399291	5.81459105639327	37.0931966238267	8	2
6.30743388957572	7.0972461770614	41.7849673923056	3.65778590742991	3.46762366875423	37.7182342171513	3.55734037485134	8.36532847112128	41.0148130079367	8	2
7.7865852361753	9.65081264549527	44.8336791407566	6.30743388957572	7.0972461770614	41.7849673923056	4.94236406964934	10.6224395707347	43.5581092743692	8	2
10.3073084955824	14.1634098957164	48.4404909845849	7.7865852361753	9.65081264549527	44.8336791407566	7.84222282259856	14.7580185608515	47.1325266883612	8	2
13.5494833481719	18.029483528376	49.0867220981122	10.3073084955824	14.1634098957164	48.4404909845849	10.2504289477115	17.8059446210395	48.5020895385419	8	2
15.73975836873	21.6133146637407	48.5983209028745	13.5494833481719	18.029483528376	49.0867220981122	13.3193732957012	21.4078382554093	48.798644500781	8	2
18.1379132370535	26.5331145263395	47.4537181160923	15.73975836873	21.6133146637407	48.5983209028745	16.0443081628016	25.7390660280181	47.1542990529379	8	2
18.4732438999395	28.7382647496364	44.6635210192508	18.1379132370535	26.5331145263395	47.4537181160923	17.2362739844745	28.8485613363029	44.5463796892078	8	2
2.09320713399291	5.81459105639327	37.0931966238267	1.6541	2.9057	32.832	0.474674823097432	0.825135159393575	34.3277579109671	8	2
3.55734037485134	8.36532847112128	41.0148130079367	2.09320713399291	5.81459105639327	37.0931966238267	-0.33643613200793	5.69782872498297	37.2248470732767	8	2
4.94236406964934	10.6224395707347	43.5581092743692	3.55734037485134	8.36532847112128	41.0148130079367	0.966247609987808	8.93130885987901	40.6408374293042	8	2
7.84222282259856	14.7580185608515	47.1325266883612	4.94236406964934	10.6224395707347	43.5581092743692	1.15946955496922	10.8555233071065	43.4063310640028	8	2
10.2504289477115	17.8059446210395	48.5020895385419	7.84222282259856	14.7580185608515	47.1325266883612	4.3624121785739	14.6351582684115	47.0993292445707	8	2
13.3193732957012	21.4078382554093	48.798644500781	10.2504289477115	17.8059446210395	48.5020895385419	7.58439969883966	17.6821408629097	47.6367633782805	8	2
16.0443081628016	25.7390660280181	47.1542990529379	13.3193732957012	21.4078382554093	48.798644500781	10.6203329158773	20.9937361639068	49.609493269599	8	2
17.2362739844745	28.8485613363029	44.5463796892078	16.0443081628016	25.7390660280181	47.1542990529379	15.4517167244812	26.3864026654047	48.0955108596671	8	2
17.7001145986983	31.2127628137834	42.0049493324057	17.2362739844745	28.8485613363029	44.5463796892078	17.0553092827838	29.5217246833755	44.6168203372746	8	2
0.474674823097432	0.825135159393575	34.3277579109671	-0.33643613200793	5.69782872498297	37.2248470732767	2.09320713399291	5.81459105639327	37.0931966238267	8	2
-0.33643613200793	5.69782872498297	37.2248470732767	0.966247609987808	8.93130885987901	40.6408374293042	3.55734037485134	8.36532847112128	41.0148130079367	8	2
0.966247609987808	8.93130885987901	40.6408374293042	1.15946955496922	10.8555233071065	43.4063310640028	4.94236406964934	10.6224395707347	43.5581092743692	8	2
1.15946955496922	10.8555233071065	43.4063310640028	4.3624121785739	14.6351582684115	47.0993292445707	7.84222282259856	14.7580185608515	47.1325266883612	8	2
4.3624121785739	14.6351582684115	47.0993292445707	7.58439969883966	17.6821408629097	47.6367633782805	10.2504289477115	17.8059446210395	48.5020895385419	8	2
7.58439969883966	17.6821408629097	47.6367633782805	10.6203329158773	20.9937361639068	49.609493269599	13.3193732957012	21.4078382554093	48.798644500781	8	2
10.6203329158773	20.9937361639068	49.609493269599	15.4517167244812	26.3864026654047	48.0955108596671	16.0443081628016	25.7390660280181	47.1542990529379	8	2
15.4517167244812	26.3864026654047	48.0955108596671	17.0553092827838	29.5217246833755	44.6168203372746	17.2362739844745	28.8485613363029	44.5463796892078	8	2
