-0.41205	2.6872	11.0166	-2.1725	9.463	16.0766	0.184	2.3724	10.6376	1	1
-2.1725	9.463	16.0766	-1.8809	12.691	18.1656	0.0302849999999999	8.1288	17.2796	1	1
-1.8809	12.691	18.1656	-2.1835	17.892	19.1526	-0.0629729999999999	11.606	19.1626	1	1
-2.1835	17.892	19.1526	-1.8493	21.392	19.0446	-1.3466	17.808	21.2216	1	1
-1.8493	21.392	19.0446	-0.1393	26.666	15.9656	-1.4634	22.059	19.2616	1	1
0.0302849999999999	8.1288	17.2796	0.184	2.3724	10.6376	-2.1725	9.463	16.0766	1	1
-0.0629729999999999	11.606	19.1626	0.0302849999999999	8.1288	17.2796	-1.8809	12.691	18.1656	1	1
-1.3466	17.808	21.2216	-0.0629729999999999	11.606	19.1626	-2.1835	17.892	19.1526	1	1
-1.4634	22.059	19.2616	-1.3466	17.808	21.2216	-1.8493	21.392	19.0446	1	1
-2.1725	9.463	16.0766	-0.41205	2.6872	11.0166	-1.7716	1.882	11.4166	1	1
-1.8809	12.691	18.1656	-2.1725	9.463	16.0766	-3.2848	9.5406	16.4616	1	1
-2.1835	17.892	19.1526	-1.8809	12.691	18.1656	-3.8553	12.201	18.8346	1	1
-1.8493	21.392	19.0446	-2.1835	17.892	19.1526	-4.0879	18.333	20.1196	1	1
-0.1393	26.666	15.9656	-1.8493	21.392	19.0446	-3.899	22.075	19.3526	1	1
-1.7716	1.882	11.4166	-3.2848	9.5406	16.4616	-2.1725	9.463	16.0766	1	1
-3.2848	9.5406	16.4616	-3.8553	12.201	18.8346	-1.8809	12.691	18.1656	1	1
-3.8553	12.201	18.8346	-4.0879	18.333	20.1196	-2.1835	17.892	19.1526	1	1
-4.0879	18.333	20.1196	-3.899	22.075	19.3526	-1.8493	21.392	19.0446	1	1
-3.13115	1.0768	13.2054	-1.3707	-5.699	18.2654	-3.7272	1.3916	12.8264	2	1
-1.3707	-5.699	18.2654	-1.6623	-8.927	20.3544	-3.573485	-4.3648	19.4684	2	1
-1.6623	-8.927	20.3544	-1.3597	-14.128	21.3414	-3.48022700000001	-7.842	21.3514	2	1
-1.3597	-14.128	21.3414	-1.6939	-17.628	21.2334	-2.1966	-14.044	23.4104	2	1
-1.6939	-17.628	21.2334	-3.4039	-22.902	18.1544	-2.0798	-18.295	21.4504	2	1
-3.573485	-4.3648	19.4684	-3.7272	1.3916	12.8264	-1.3707	-5.699	18.2654	2	1
-3.48022700000001	-7.842	21.3514	-3.573485	-4.3648	19.4684	-1.6623	-8.927	20.3544	2	1
-2.1966	-14.044	23.4104	-3.48022700000001	-7.842	21.3514	-1.3597	-14.128	21.3414	2	1
-2.0798	-18.295	21.4504	-2.1966	-14.044	23.4104	-1.6939	-17.628	21.2334	2	1
-1.3707	-5.699	18.2654	-3.13115	1.0768	13.2054	-1.7716	1.882	13.6054	2	1
-1.6623	-8.927	20.3544	-1.3707	-5.699	18.2654	-0.258399999999998	-5.7766	18.6504	2	1
-1.3597	-14.128	21.3414	-1.6623	-8.927	20.3544	0.312099999999999	-8.437	21.0234	2	1
-1.6939	-17.628	21.2334	-1.3597	-14.128	21.3414	0.544700000000008	-14.569	22.3084	2	1
-3.4039	-22.902	18.1544	-1.6939	-17.628	21.2334	0.35579999999999	-18.311	21.5414	2	1
-1.7716	1.882	13.6054	-0.258399999999998	-5.7766	18.6504	-1.3707	-5.699	18.2654	2	1
-0.258399999999998	-5.7766	18.6504	0.312099999999999	-8.437	21.0234	-1.6623	-8.927	20.3544	2	1
0.312099999999999	-8.437	21.0234	0.544700000000008	-14.569	22.3084	-1.3597	-14.128	21.3414	2	1
0.544700000000008	-14.569	22.3084	0.35579999999999	-18.311	21.5414	-1.6939	-17.628	21.2334	2	1
0.12035	-1.5779	15.8926	0.937510000000001	2.7319	20.9676	-0.4798	-1.4554	15.1946	3	1
0.937510000000001	2.7319	20.9676	1.4021	6.1532	24.4126	-0.391989999999999	2.0579	21.1966	3	1
1.4021	6.1532	24.4126	1.20175	9.4992	26.6576	-0.851499999999998	6.4597	24.5466	3	1
1.20175	9.4992	26.6576	1.8314	13.8112	29.9966	-0.0960499999999999	9.4362	27.5896	3	1
1.8314	13.8112	29.9966	1.99170000000001	18.8762	31.2106	-0.376449999999997	13.6002	29.5046	3	1
1.99170000000001	18.8762	31.2106	1.35410000000001	22.5142	32.0126	-0.916399999999999	18.7272	33.0786	3	1
1.35410000000001	22.5142	32.0126	1.04245000000001	26.0102	31.5466	-1.3255	22.9422	33.2216	3	1
1.04245000000001	26.0102	31.5466	0.638150000000005	28.6832	26.5586	-0.903099999999996	25.6842	31.7916	3	1
-0.391989999999999	2.0579	21.1966	-0.4798	-1.4554	15.1946	0.937510000000001	2.7319	20.9676	3	1
-0.851499999999998	6.4597	24.5466	-0.391989999999999	2.0579	21.1966	1.4021	6.1532	24.4126	3	1
-0.0960499999999999	9.4362	27.5896	-0.851499999999998	6.4597	24.5466	1.20175	9.4992	26.6576	3	1
-0.376449999999997	13.6002	29.5046	-0.0960499999999999	9.4362	27.5896	1.8314	13.8112	29.9966	3	1
-0.916399999999999	18.7272	33.0786	-0.376449999999997	13.6002	29.5046	1.99170000000001	18.8762	31.2106	3	1
-1.3255	22.9422	33.2216	-0.916399999999999	18.7272	33.0786	1.35410000000001	22.5142	32.0126	3	1
-0.903099999999996	25.6842	31.7916	-1.3255	22.9422	33.2216	1.04245000000001	26.0102	31.5466	3	1
0.937510000000001	2.7319	20.9676	0.12035	-1.5779	15.8926	1.5559	-1.5222	15.1986	3	1
1.4021	6.1532	24.4126	0.937510000000001	2.7319	20.9676	2.1638	2.1266	21.7216	3	1
1.8314	13.8112	29.9966	1.20175	9.4992	26.6576	3.1126	7.5792	28.8856	3	1
1.99170000000001	18.8762	31.2106	1.8314	13.8112	29.9966	2.6246	14.3622	29.5076	3	1
1.35410000000001	22.5142	32.0126	1.99170000000001	18.8762	31.2106	2.92010000000001	18.5952	31.0986	3	1
1.04245000000001	26.0102	31.5466	1.35410000000001	22.5142	32.0126	1.4786	23.1852	33.5856	3	1
1.5559	-1.5222	15.1986	2.1638	2.1266	21.7216	0.937510000000001	2.7319	20.9676	3	1
1.9872	6.1631	25.0006	3.1126	7.5792	28.8856	1.20175	9.4992	26.6576	3	1
3.1126	7.5792	28.8856	2.6246	14.3622	29.5076	1.8314	13.8112	29.9966	3	1
2.6246	14.3622	29.5076	2.92010000000001	18.5952	31.0986	1.99170000000001	18.8762	31.2106	3	1
2.92010000000001	18.5952	31.0986	1.4786	23.1852	33.5856	1.35410000000001	22.5142	32.0126	3	1
0.12035	-1.5779	18.0814	-0.69681	-5.8877	23.1564	0.7205	-1.7004	17.3834	4	1
-0.69681	-5.8877	23.1564	-1.1614	-9.309	26.6014	0.63269	-5.2137	23.3854	4	1
-1.1614	-9.309	26.6014	-0.96105	-12.655	28.8464	1.0922	-9.6155	26.7354	4	1
-0.96105	-12.655	28.8464	-1.5907	-16.967	32.1854	0.33675	-12.592	29.7784	4	1
-1.5907	-16.967	32.1854	-1.751	-22.032	33.3994	0.61715	-16.756	31.6934	4	1
-1.751	-22.032	33.3994	-1.1134	-25.67	34.2014	1.1571	-21.883	35.2674	4	1
-1.1134	-25.67	34.2014	-0.80175	-29.166	33.7354	1.5662	-26.098	35.4104	4	1
-0.80175	-29.166	33.7354	-0.39745	-31.839	28.7474	1.1438	-28.84	33.9804	4	1
0.63269	-5.2137	23.3854	0.7205	-1.7004	17.3834	-0.69681	-5.8877	23.1564	4	1
1.0922	-9.6155	26.7354	0.63269	-5.2137	23.3854	-1.1614	-9.309	26.6014	4	1
0.33675	-12.592	29.7784	1.0922	-9.6155	26.7354	-0.96105	-12.655	28.8464	4	1
0.61715	-16.756	31.6934	0.33675	-12.592	29.7784	-1.5907	-16.967	32.1854	4	1
1.1571	-21.883	35.2674	0.61715	-16.756	31.6934	-1.751	-22.032	33.3994	4	1
1.5662	-26.098	35.4104	1.1571	-21.883	35.2674	-1.1134	-25.67	34.2014	4	1
1.1438	-28.84	33.9804	1.5662	-26.098	35.4104	-0.80175	-29.166	33.7354	4	1
-0.69681	-5.8877	23.1564	0.12035	-1.5779	18.0814	-1.3152	-1.6336	17.3874	4	1
-1.1614	-9.309	26.6014	-0.69681	-5.8877	23.1564	-1.9231	-5.2824	23.9104	4	1
-1.5907	-16.967	32.1854	-0.96105	-12.655	28.8464	-2.8719	-10.735	31.0744	4	1
-1.751	-22.032	33.3994	-1.5907	-16.967	32.1854	-2.3839	-17.518	31.6964	4	1
-1.1134	-25.67	34.2014	-1.751	-22.032	33.3994	-2.6794	-21.751	33.2874	4	1
-0.80175	-29.166	33.7354	-1.1134	-25.67	34.2014	-1.2379	-26.341	35.7744	4	1
-1.3152	-1.6336	17.3874	-1.9231	-5.2824	23.9104	-0.69681	-5.8877	23.1564	4	1
-1.7465	-9.3189	27.1894	-2.8719	-10.735	31.0744	-0.96105	-12.655	28.8464	4	1
-2.8719	-10.735	31.0744	-2.3839	-17.518	31.6964	-1.5907	-16.967	32.1854	4	1
-2.3839	-17.518	31.6964	-2.6794	-21.751	33.2874	-1.751	-22.032	33.3994	4	1
-2.6794	-21.751	33.2874	-1.2379	-26.341	35.7744	-1.1134	-25.67	34.2014	4	1
0.0037021	2.3981	20.5876	0.412	5.4894	25.6806	1.0784	1.877	20.3996	5	2
0.412	5.4894	25.6806	0.67495	8.3882	30.4196	1.1945	5.6152	25.9136	5	2
0.67495	8.3882	30.4196	1.03	11.425	33.4676	2.4761	7.3981	30.6966	5	2
1.03	11.425	33.4676	1.6346	15.193	36.3366	2.5034	11.276	33.4586	5	2
1.6346	15.193	36.3366	1.9317	18.618	37.8616	3.7143	14.387	37.3896	5	2
1.9317	18.618	37.8616	2.6821	22.289	39.1976	3.8263	18.025	38.1076	5	2
2.6821	22.289	39.1976	3.8204	27.728	39.1436	4.6828	22.003	39.1846	5	2
3.8204	27.728	39.1436	4.4397	30.976	38.0046	5.8717	27.826	38.5766	5	2
4.4397	30.976	38.0046	5.7444	34.129	36.4336	7.297	31.348	38.1996	5	2
5.7444	34.129	36.4336	5.4824	37.037	34.5356	6.9796	34.366	36.6786	5	2
5.4824	37.037	34.5356	5.425	41.93	30.1666	7.6517	37.038	34.4656	5	2
1.1945	5.6152	25.9136	1.0784	1.877	20.3996	0.412	5.4894	25.6806	5	2
2.4761	7.3981	30.6966	1.1945	5.6152	25.9136	0.67495	8.3882	30.4196	5	2
2.5034	11.276	33.4586	2.4761	7.3981	30.6966	1.03	11.425	33.4676	5	2
3.7143	14.387	37.3896	2.5034	11.276	33.4586	1.6346	15.193	36.3366	5	2
3.8263	18.025	38.1076	3.7143	14.387	37.3896	1.9317	18.618	37.8616	5	2
4.6828	22.003	39.1846	3.8263	18.025	38.1076	2.6821	22.289	39.1976	5	2
5.8717	27.826	38.5766	4.6828	22.003	39.1846	3.8204	27.728	39.1436	5	2
7.297	31.348	38.1996	5.8717	27.826	38.5766	4.4397	30.976	38.0046	5	2
6.9796	34.366	36.6786	7.297	31.348	38.1996	5.7444	34.129	36.4336	5	2
7.6517	37.038	34.4656	6.9796	34.366	36.6786	5.4824	37.037	34.5356	5	2
0.412	5.4894	25.6806	0.0037021	2.3981	20.5876	-1.4666	1.9101	20.7166	5	2
0.67495	8.3882	30.4196	0.412	5.4894	25.6806	-1.2307	5.5104	25.5746	5	2
1.03	11.425	33.4676	0.67495	8.3882	30.4196	-2.0045	7.9057	30.4106	5	2
1.6346	15.193	36.3366	1.03	11.425	33.4676	-1.0071	11.581	32.7686	5	2
1.9317	18.618	37.8616	1.6346	15.193	36.3366	-1.3204	13.786	38.0516	5	2
2.6821	22.289	39.1976	1.9317	18.618	37.8616	-1.0437	19.241	36.7916	5	2
3.8204	27.728	39.1436	2.6821	22.289	39.1976	0.15365	22.389	38.8976	5	2
4.4397	30.976	38.0046	3.8204	27.728	39.1436	2.5296	27.365	38.6776	5	2
5.7444	34.129	36.4336	4.4397	30.976	38.0046	3.539	31.903	38.6166	5	2
5.4824	37.037	34.5356	5.7444	34.129	36.4336	4.3096	34.679	37.0066	5	2
5.425	41.93	30.1666	5.4824	37.037	34.5356	4.9902	38.286	35.7906	5	2
-1.4666	1.9101	20.7166	-1.2307	5.5104	25.5746	0.412	5.4894	25.6806	5	2
-1.2307	5.5104	25.5746	-2.0045	7.9057	30.4106	0.67495	8.3882	30.4196	5	2
-2.0045	7.9057	30.4106	-1.0071	11.581	32.7686	1.03	11.425	33.4676	5	2
-1.0071	11.581	32.7686	-1.3204	13.786	38.0516	1.6346	15.193	36.3366	5	2
-1.3204	13.786	38.0516	-1.0437	19.241	36.7916	1.9317	18.618	37.8616	5	2
-1.0437	19.241	36.7916	0.15365	22.389	38.8976	2.6821	22.289	39.1976	5	2
0.15365	22.389	38.8976	2.5296	27.365	38.6776	3.8204	27.728	39.1436	5	2
2.5296	27.365	38.6776	3.539	31.903	38.6166	4.4397	30.976	38.0046	5	2
3.539	31.903	38.6166	4.3096	34.679	37.0066	5.7444	34.129	36.4336	5	2
4.3096	34.679	37.0066	4.9902	38.286	35.7906	5.4824	37.037	34.5356	5	2
2.1530979	1.3559	22.7764	1.7448	-1.7354	27.8694	1.0784	1.877	22.5884	6	2
1.7448	-1.7354	27.8694	1.48185	-4.6342	32.6084	0.9623	-1.8612	28.1024	6	2
1.48185	-4.6342	32.6084	1.1268	-7.671	35.6564	-0.319299999999998	-3.6441	32.8854	6	2
1.1268	-7.671	35.6564	0.522199999999995	-11.439	38.5254	-0.346599999999998	-7.522	35.6474	6	2
0.522199999999995	-11.439	38.5254	0.225099999999996	-14.864	40.0504	-1.5575	-10.633	39.5784	6	2
0.225099999999996	-14.864	40.0504	-0.525299999999996	-18.535	41.3864	-1.66949999999999	-14.271	40.2964	6	2
-0.525299999999996	-18.535	41.3864	-1.66360000000001	-23.974	41.3324	-2.52600000000001	-18.249	41.3734	6	2
-1.66360000000001	-23.974	41.3324	-2.28290000000001	-27.222	40.1934	-3.71490000000001	-24.072	40.7654	6	2
-2.28290000000001	-27.222	40.1934	-3.5876	-30.375	38.6224	-5.14020000000001	-27.594	40.3884	6	2
-3.5876	-30.375	38.6224	-3.32560000000001	-33.283	36.7244	-4.82279999999999	-30.612	38.8674	6	2
-3.32560000000001	-33.283	36.7244	-3.26820000000002	-38.176	32.3554	-5.4949	-33.284	36.6544	6	2
0.9623	-1.8612	28.1024	1.0784	1.877	22.5884	1.7448	-1.7354	27.8694	6	2
-0.319299999999998	-3.6441	32.8854	0.9623	-1.8612	28.1024	1.48185	-4.6342	32.6084	6	2
-0.346599999999998	-7.522	35.6474	-0.319299999999998	-3.6441	32.8854	1.1268	-7.671	35.6564	6	2
-1.5575	-10.633	39.5784	-0.346599999999998	-7.522	35.6474	0.522199999999995	-11.439	38.5254	6	2
-1.66949999999999	-14.271	40.2964	-1.5575	-10.633	39.5784	0.225099999999996	-14.864	40.0504	6	2
-2.52600000000001	-18.249	41.3734	-1.66949999999999	-14.271	40.2964	-0.525299999999996	-18.535	41.3864	6	2
-3.71490000000001	-24.072	40.7654	-2.52600000000001	-18.249	41.3734	-1.66360000000001	-23.974	41.3324	6	2
-5.14020000000001	-27.594	40.3884	-3.71490000000001	-24.072	40.7654	-2.28290000000001	-27.222	40.1934	6	2
-4.82279999999999	-30.612	38.8674	-5.14020000000001	-27.594	40.3884	-3.5876	-30.375	38.6224	6	2
-5.4949	-33.284	36.6544	-4.82279999999999	-30.612	38.8674	-3.32560000000001	-33.283	36.7244	6	2
1.7448	-1.7354	27.8694	2.1530979	1.3559	22.7764	3.6234	1.8439	22.9054	6	2
1.48185	-4.6342	32.6084	1.7448	-1.7354	27.8694	3.3875	-1.7564	27.7634	6	2
1.1268	-7.671	35.6564	1.48185	-4.6342	32.6084	4.1613	-4.1517	32.5994	6	2
0.522199999999995	-11.439	38.5254	1.1268	-7.671	35.6564	3.1639	-7.827	34.9574	6	2
0.225099999999996	-14.864	40.0504	0.522199999999995	-11.439	38.5254	3.4772	-10.032	40.2404	6	2
-0.525299999999996	-18.535	41.3864	0.225099999999996	-14.864	40.0504	3.2005	-15.487	38.9804	6	2
-1.66360000000001	-23.974	41.3324	-0.525299999999996	-18.535	41.3864	2.00315	-18.635	41.0864	6	2
-2.28290000000001	-27.222	40.1934	-1.66360000000001	-23.974	41.3324	-0.3728	-23.611	40.8664	6	2
-3.5876	-30.375	38.6224	-2.28290000000001	-27.222	40.1934	-1.38220000000001	-28.149	40.8054	6	2
-3.32560000000001	-33.283	36.7244	-3.5876	-30.375	38.6224	-2.15280000000001	-30.925	39.1954	6	2
-3.26820000000002	-38.176	32.3554	-3.32560000000001	-33.283	36.7244	-2.8334	-34.532	37.9794	6	2
3.6234	1.8439	22.9054	3.3875	-1.7564	27.7634	1.7448	-1.7354	27.8694	6	2
3.3875	-1.7564	27.7634	4.1613	-4.1517	32.5994	1.48185	-4.6342	32.6084	6	2
4.1613	-4.1517	32.5994	3.1639	-7.827	34.9574	1.1268	-7.671	35.6564	6	2
3.1639	-7.827	34.9574	3.4772	-10.032	40.2404	0.522199999999995	-11.439	38.5254	6	2
3.4772	-10.032	40.2404	3.2005	-15.487	38.9804	0.225099999999996	-14.864	40.0504	6	2
3.2005	-15.487	38.9804	2.00315	-18.635	41.0864	-0.525299999999996	-18.535	41.3864	6	2
2.00315	-18.635	41.0864	-0.3728	-23.611	40.8664	-1.66360000000001	-23.974	41.3324	6	2
-0.3728	-23.611	40.8664	-1.38220000000001	-28.149	40.8054	-2.28290000000001	-27.222	40.1934	6	2
-1.38220000000001	-28.149	40.8054	-2.15280000000001	-30.925	39.1954	-3.5876	-30.375	38.6224	6	2
-2.15280000000001	-30.925	39.1954	-2.8334	-34.532	37.9794	-3.32560000000001	-33.283	36.7244	6	2
0.23953	-1.8413	25.174	-0.32249	0.1615	29.16	-0.52174	-1.0852	25.299	7	2
-0.32249	0.1615	29.16	-0.975939999999999	2.2266	33.558	-0.90184	-0.4767	29.58	7	2
-0.975939999999999	2.2266	33.558	-1.90394	4.5024	37.648	-1.58804	0.1477	34.049	7	2
-1.90394	4.5024	37.648	-2.83144	7.3124	40.667	-3.19804	4.4544	38.199	7	2
-2.83144	7.3124	40.667	-3.17884	10.8424	44.414	-3.04954	7.1954	41.075	7	2
-3.17884	10.8424	44.414	-4.55814	14.1824	46.723	-5.19063999999999	9.9774	45.939	7	2
-4.55814	14.1824	46.723	-6.07404	17.1424	48.916	-5.17484	13.7944	47.195	7	2
-6.07404	17.1424	48.916	-7.98734	20.7034	50.095	-8.49744	16.7014	49.883	7	2
-7.98734	20.7034	50.095	-10.17294	24.4354	50.165	-11.06294	20.7914	50.254	7	2
-10.17294	24.4354	50.165	-12.43994	28.4004	50.408	-12.27194	24.9074	49.348	7	2
-12.43994	28.4004	50.408	-15.09894	33.3324	50.649	-13.72094	27.8024	51.682	7	2
-0.90184	-0.4767	29.58	-0.52174	-1.0852	25.299	-0.32249	0.1615	29.16	7	2
-1.58804	0.1477	34.049	-0.90184	-0.4767	29.58	-0.975939999999999	2.2266	33.558	7	2
-3.19804	4.4544	38.199	-1.58804	0.1477	34.049	-1.90394	4.5024	37.648	7	2
-3.04954	7.1954	41.075	-3.19804	4.4544	38.199	-2.83144	7.3124	40.667	7	2
-5.19063999999999	9.9774	45.939	-3.04954	7.1954	41.075	-3.17884	10.8424	44.414	7	2
-5.17484	13.7944	47.195	-5.19063999999999	9.9774	45.939	-4.55814	14.1824	46.723	7	2
-8.49744	16.7014	49.883	-5.17484	13.7944	47.195	-6.07404	17.1424	48.916	7	2
-11.06294	20.7914	50.254	-8.49744	16.7014	49.883	-7.98734	20.7034	50.095	7	2
-12.27194	24.9074	49.348	-11.06294	20.7914	50.254	-10.17294	24.4354	50.165	7	2
-13.72094	27.8024	51.682	-12.27194	24.9074	49.348	-12.43994	28.4004	50.408	7	2
-0.32249	0.1615	29.16	0.23953	-1.8413	25.174	2.18036	-1.6205	24.932	7	2
-0.975939999999999	2.2266	33.558	-0.32249	0.1615	29.16	1.79766	-0.361	29.218	7	2
-1.90394	4.5024	37.648	-0.975939999999999	2.2266	33.558	2.34346	1.7621	33.492	7	2
-2.83144	7.3124	40.667	-1.90394	4.5024	37.648	1.18981	5.2728	36.728	7	2
-3.17884	10.8424	44.414	-2.83144	7.3124	40.667	1.38316	5.8366	41.246	7	2
-4.55814	14.1824	46.723	-3.17884	10.8424	44.414	-0.541039999999999	10.6824	43.856	7	2
-6.07404	17.1424	48.916	-4.55814	14.1824	46.723	-3.40134	13.7174	46.709	7	2
-7.98734	20.7034	50.095	-6.07404	17.1424	48.916	-5.34514	17.1264	48.274	7	2
-10.17294	24.4354	50.165	-7.98734	20.7034	50.095	-6.19594	20.4074	50.014	7	2
-12.43994	28.4004	50.408	-10.17294	24.4354	50.165	-8.87614	24.2474	50.199	7	2
-15.09894	33.3324	50.649	-12.43994	28.4004	50.408	-11.61694	28.1984	50.125	7	2
2.18036	-1.6205	24.932	1.79766	-0.361	29.218	-0.32249	0.1615	29.16	7	2
1.79766	-0.361	29.218	2.34346	1.7621	33.492	-0.975939999999999	2.2266	33.558	7	2
2.34346	1.7621	33.492	1.18981	5.2728	36.728	-1.90394	4.5024	37.648	7	2
1.18981	5.2728	36.728	1.38316	5.8366	41.246	-2.83144	7.3124	40.667	7	2
1.38316	5.8366	41.246	-0.541039999999999	10.6824	43.856	-3.17884	10.8424	44.414	7	2
-0.541039999999999	10.6824	43.856	-3.40134	13.7174	46.709	-4.55814	14.1824	46.723	7	2
-3.40134	13.7174	46.709	-5.34514	17.1264	48.274	-6.07404	17.1424	48.916	7	2
-5.34514	17.1264	48.274	-6.19594	20.4074	50.014	-7.98734	20.7034	50.095	7	2
-6.19594	20.4074	50.014	-8.87614	24.2474	50.199	-10.17294	24.4354	50.165	7	2
-8.87614	24.2474	50.199	-11.61694	28.1984	50.125	-12.43994	28.4004	50.408	7	2
-5.224352	-1.56424	25.4396	-4.6576	-2.95938	28.8566	-6.0978	-2.94418	24.9186	8	2
-4.6576	-2.95938	28.8566	-4.2562	-5.21068	32.9476	-7.5861	-4.51678	28.0016	8	2
-4.2562	-5.21068	32.9476	-3.5969	-7.73568	37.0496	-5.94005	-4.99168	32.6576	8	2
-3.5969	-7.73568	37.0496	-2.9119	-9.96918	40.0226	-4.65582	-7.79378	37.4826	8	2
-2.9119	-9.96918	40.0226	-2.183	-12.67908	43.1736	-6.08209	-10.66658	39.8416	8	2
-2.183	-12.67908	43.1736	-0.386500000000005	-17.74408	46.5846	-5.42275	-12.53308	42.8666	8	2
-0.386500000000005	-17.74408	46.5846	1.15069999999999	-20.61608	47.9106	-2.41080000000001	-16.95908	47.1636	8	2
-7.5861	-4.51678	28.0016	-6.0978	-2.94418	24.9186	-4.6576	-2.95938	28.8566	8	2
-5.94005	-4.99168	32.6576	-7.5861	-4.51678	28.0016	-4.2562	-5.21068	32.9476	8	2
-4.65582	-7.79378	37.4826	-5.94005	-4.99168	32.6576	-3.5969	-7.73568	37.0496	8	2
-6.08209	-10.66658	39.8416	-4.65582	-7.79378	37.4826	-2.9119	-9.96918	40.0226	8	2
-5.42275	-12.53308	42.8666	-6.08209	-10.66658	39.8416	-2.183	-12.67908	43.1736	8	2
-2.41080000000001	-16.95908	47.1636	-5.42275	-12.53308	42.8666	-0.386500000000005	-17.74408	46.5846	8	2
-4.6576	-2.95938	28.8566	-5.224352	-1.56424	25.4396	-4.099	-2.18879	25.4516	8	2
-4.2562	-5.21068	32.9476	-4.6576	-2.95938	28.8566	-2.6604	-0.89204	29.5566	8	2
-3.5969	-7.73568	37.0496	-4.2562	-5.21068	32.9476	-1.7726	-3.84318	33.8286	8	2
-2.9119	-9.96918	40.0226	-3.5969	-7.73568	37.0496	-1.0713	-6.44458	37.6646	8	2
-2.183	-12.67908	43.1736	-2.9119	-9.96918	40.0226	-1.2216	-7.87598	41.4556	8	2
-0.386500000000005	-17.74408	46.5846	-2.183	-12.67908	43.1736	-1.1899	-11.49808	44.6206	8	2
1.15069999999999	-20.61608	47.9106	-0.386500000000005	-17.74408	46.5846	0.260400000000007	-17.52708	46.5196	8	2
-4.099	-2.18879	25.4516	-2.6604	-0.89204	29.5566	-4.6576	-2.95938	28.8566	8	2
-2.6604	-0.89204	29.5566	-1.7726	-3.84318	33.8286	-4.2562	-5.21068	32.9476	8	2
-1.7726	-3.84318	33.8286	-1.0713	-6.44458	37.6646	-3.5969	-7.73568	37.0496	8	2
-1.0713	-6.44458	37.6646	-1.2216	-7.87598	41.4556	-2.9119	-9.96918	40.0226	8	2
-1.2216	-7.87598	41.4556	-1.1899	-11.49808	44.6206	-2.183	-12.67908	43.1736	8	2
-1.1899	-11.49808	44.6206	0.260400000000007	-17.52708	46.5196	-0.386500000000005	-17.74408	46.5846	8	2
-0.096448	-0.21984	27.6284	-0.6632	1.1753	31.0454	0.777	1.1601	27.1074	9	2
-0.6632	1.1753	31.0454	-1.0646	3.4266	35.1364	2.2653	2.7327	30.1904	9	2
-1.0646	3.4266	35.1364	-1.7239	5.9516	39.2384	0.61925	3.2076	34.8464	9	2
-1.7239	5.9516	39.2384	-2.4089	8.1851	42.2114	-0.66498	6.0097	39.6714	9	2
-2.4089	8.1851	42.2114	-3.1378	10.895	45.3624	0.76129	8.8825	42.0304	9	2
-3.1378	10.895	45.3624	-4.9343	15.96	48.7734	0.10195	10.749	45.0554	9	2
-4.9343	15.96	48.7734	-6.4715	18.832	50.0994	-2.91	15.175	49.3524	9	2
2.2653	2.7327	30.1904	0.777	1.1601	27.1074	-0.6632	1.1753	31.0454	9	2
0.61925	3.2076	34.8464	2.2653	2.7327	30.1904	-1.0646	3.4266	35.1364	9	2
-0.66498	6.0097	39.6714	0.61925	3.2076	34.8464	-1.7239	5.9516	39.2384	9	2
0.76129	8.8825	42.0304	-0.66498	6.0097	39.6714	-2.4089	8.1851	42.2114	9	2
0.10195	10.749	45.0554	0.76129	8.8825	42.0304	-3.1378	10.895	45.3624	9	2
-2.91	15.175	49.3524	0.10195	10.749	45.0554	-4.9343	15.96	48.7734	9	2
-0.6632	1.1753	31.0454	-0.096448	-0.21984	27.6284	-1.2218	0.40471	27.6404	9	2
-1.0646	3.4266	35.1364	-0.6632	1.1753	31.0454	-2.6604	-0.89204	31.7454	9	2
-1.7239	5.9516	39.2384	-1.0646	3.4266	35.1364	-3.5482	2.0591	36.0174	9	2
-2.4089	8.1851	42.2114	-1.7239	5.9516	39.2384	-4.2495	4.6605	39.8534	9	2
-3.1378	10.895	45.3624	-2.4089	8.1851	42.2114	-4.0992	6.0919	43.6444	9	2
-4.9343	15.96	48.7734	-3.1378	10.895	45.3624	-4.1309	9.714	46.8094	9	2
-6.4715	18.832	50.0994	-4.9343	15.96	48.7734	-5.5812	15.743	48.7084	9	2
-1.2218	0.40471	27.6404	-2.6604	-0.89204	31.7454	-0.6632	1.1753	31.0454	9	2
-2.6604	-0.89204	31.7454	-3.5482	2.0591	36.0174	-1.0646	3.4266	35.1364	9	2
-3.5482	2.0591	36.0174	-4.2495	4.6605	39.8534	-1.7239	5.9516	39.2384	9	2
-4.2495	4.6605	39.8534	-4.0992	6.0919	43.6444	-2.4089	8.1851	42.2114	9	2
-4.0992	6.0919	43.6444	-4.1309	9.714	46.8094	-3.1378	10.895	45.3624	9	2
-4.1309	9.714	46.8094	-5.5812	15.743	48.7084	-4.9343	15.96	48.7734	9	2
0.66812	-1.503	29.1426	0.6249	-2.4527	33.5106	2.0123	-0.9005	29.4736	10	2
0.6249	-2.4527	33.5106	0.41847	-3.7092	37.7116	2.0373	-3.5506	33.1246	10	2
0.41847	-3.7092	37.7116	0.5074	-5.6167	41.3616	2.293	-3.941	38.0076	10	2
0.5074	-5.6167	41.3616	1.1011	-8.5859	45.0306	2.0589	-3.2347	42.8096	10	2
1.1011	-8.5859	45.0306	1.9987	-11.822	48.1496	2.3836	-6.427	47.4196	10	2
1.9987	-11.822	48.1496	3.8756	-15.275	51.1676	4.1067	-10.606	49.5346	10	2
3.8756	-15.275	51.1676	5.4623	-18.691	52.0296	5.4016	-14.861	52.4816	10	2
5.4623	-18.691	52.0296	10.917	-24.792	52.4306	7.6917	-18.485	54.4406	10	2
10.917	-24.792	52.4306	12.225	-26.348	52.2986	11.427	-25.417	53.8566	10	2
2.0373	-3.5506	33.1246	2.0123	-0.9005	29.4736	0.6249	-2.4527	33.5106	10	2
2.293	-3.941	38.0076	2.0373	-3.5506	33.1246	0.41847	-3.7092	37.7116	10	2
2.0589	-3.2347	42.8096	2.293	-3.941	38.0076	0.5074	-5.6167	41.3616	10	2
2.3836	-6.427	47.4196	2.0589	-3.2347	42.8096	1.1011	-8.5859	45.0306	10	2
4.1067	-10.606	49.5346	2.3836	-6.427	47.4196	1.9987	-11.822	48.1496	10	2
5.4016	-14.861	52.4816	4.1067	-10.606	49.5346	3.8756	-15.275	51.1676	10	2
7.6917	-18.485	54.4406	5.4016	-14.861	52.4816	5.4623	-18.691	52.0296	10	2
11.427	-25.417	53.8566	7.6917	-18.485	54.4406	10.917	-24.792	52.4306	10	2
0.6249	-2.4527	33.5106	0.66812	-1.503	29.1426	-2.9383	-1.1322	29.5316	10	2
0.41847	-3.7092	37.7116	0.6249	-2.4527	33.5106	-1.4113	-1.7533	33.7416	10	2
0.5074	-5.6167	41.3616	0.41847	-3.7092	37.7116	-2.8749	-3.5872	37.8736	10	2
1.1011	-8.5859	45.0306	0.5074	-5.6167	41.3616	-3.4388	-5.8414	40.7536	10	2
1.9987	-11.822	48.1496	1.1011	-8.5859	45.0306	-2.2491	-8.7012	44.3086	10	2
3.8756	-15.275	51.1676	1.9987	-11.822	48.1496	-0.94245	-10.943	48.4586	10	2
5.4623	-18.691	52.0296	3.8756	-15.275	51.1676	1.9162	-14.848	51.1896	10	2
10.917	-24.792	52.4306	5.4623	-18.691	52.0296	4.5467	-18.214	51.9536	10	2
12.225	-26.348	52.2986	10.917	-24.792	52.4306	9.8857	-24.484	53.7566	10	2
-2.9383	-1.1322	29.5316	-1.4113	-1.7533	33.7416	0.6249	-2.4527	33.5106	10	2
-1.4113	-1.7533	33.7416	-2.8749	-3.5872	37.8736	0.41847	-3.7092	37.7116	10	2
-2.8749	-3.5872	37.8736	-3.4388	-5.8414	40.7536	0.5074	-5.6167	41.3616	10	2
-3.4388	-5.8414	40.7536	-2.2491	-8.7012	44.3086	1.1011	-8.5859	45.0306	10	2
-2.2491	-8.7012	44.3086	-0.94245	-10.943	48.4586	1.9987	-11.822	48.1496	10	2
-0.94245	-10.943	48.4586	1.9162	-14.848	51.1896	3.8756	-15.275	51.1676	10	2
1.9162	-14.848	51.1896	4.5467	-18.214	51.9536	5.4623	-18.691	52.0296	10	2
4.5467	-18.214	51.9536	9.8857	-24.484	53.7566	10.917	-24.792	52.4306	10	2
3.35648	-0.298	31.3314	3.3997	0.6517	35.6994	2.0123	-0.9005	31.6624	11	2
3.3997	0.6517	35.6994	3.60613	1.9082	39.9004	1.9873	1.7496	35.3134	11	2
3.60613	1.9082	39.9004	3.5172	3.8157	43.5504	1.7316	2.14	40.1964	11	2
3.5172	3.8157	43.5504	2.9235	6.7849	47.2194	1.9657	1.4337	44.9984	11	2
2.9235	6.7849	47.2194	2.0259	10.021	50.3384	1.641	4.626	49.6084	11	2
2.0259	10.021	50.3384	0.149000000000001	13.474	53.3564	-0.0820999999999983	8.805	51.7234	11	2
0.149000000000001	13.474	53.3564	-1.4377	16.89	54.2184	-1.377	13.06	54.6704	11	2
-1.4377	16.89	54.2184	-6.8924	22.991	54.6194	-3.6671	16.684	56.6294	11	2
-6.8924	22.991	54.6194	-8.20039999999999	24.547	54.4874	-7.4024	23.616	56.0454	11	2
1.9873	1.7496	35.3134	2.0123	-0.9005	31.6624	3.3997	0.6517	35.6994	11	2
1.7316	2.14	40.1964	1.9873	1.7496	35.3134	3.60613	1.9082	39.9004	11	2
1.9657	1.4337	44.9984	1.7316	2.14	40.1964	3.5172	3.8157	43.5504	11	2
1.641	4.626	49.6084	1.9657	1.4337	44.9984	2.9235	6.7849	47.2194	11	2
-0.0820999999999983	8.805	51.7234	1.641	4.626	49.6084	2.0259	10.021	50.3384	11	2
-1.377	13.06	54.6704	-0.0820999999999983	8.805	51.7234	0.149000000000001	13.474	53.3564	11	2
-3.6671	16.684	56.6294	-1.377	13.06	54.6704	-1.4377	16.89	54.2184	11	2
-7.4024	23.616	56.0454	-3.6671	16.684	56.6294	-6.8924	22.991	54.6194	11	2
3.3997	0.6517	35.6994	3.35648	-0.298	31.3314	6.9629	-0.6688	31.7204	11	2
3.60613	1.9082	39.9004	3.3997	0.6517	35.6994	5.4359	-0.0477000000000003	35.9304	11	2
3.5172	3.8157	43.5504	3.60613	1.9082	39.9004	6.8995	1.7862	40.0624	11	2
2.9235	6.7849	47.2194	3.5172	3.8157	43.5504	7.4634	4.0404	42.9424	11	2
2.0259	10.021	50.3384	2.9235	6.7849	47.2194	6.2737	6.9002	46.4974	11	2
0.149000000000001	13.474	53.3564	2.0259	10.021	50.3384	4.96705	9.142	50.6474	11	2
-1.4377	16.89	54.2184	0.149000000000001	13.474	53.3564	2.1084	13.047	53.3784	11	2
-6.8924	22.991	54.6194	-1.4377	16.89	54.2184	-0.522099999999996	16.413	54.1424	11	2
-8.20039999999999	24.547	54.4874	-6.8924	22.991	54.6194	-5.8611	22.683	55.9454	11	2
6.9629	-0.6688	31.7204	5.4359	-0.0477000000000003	35.9304	3.3997	0.6517	35.6994	11	2
5.4359	-0.0477000000000003	35.9304	6.8995	1.7862	40.0624	3.60613	1.9082	39.9004	11	2
6.8995	1.7862	40.0624	7.4634	4.0404	42.9424	3.5172	3.8157	43.5504	11	2
7.4634	4.0404	42.9424	6.2737	6.9002	46.4974	2.9235	6.7849	47.2194	11	2
6.2737	6.9002	46.4974	4.96705	9.142	50.6474	2.0259	10.021	50.3384	11	2
4.96705	9.142	50.6474	2.1084	13.047	53.3784	0.149000000000001	13.474	53.3564	11	2
2.1084	13.047	53.3784	-0.522099999999996	16.413	54.1424	-1.4377	16.89	54.2184	11	2
-0.522099999999996	16.413	54.1424	-5.8611	22.683	55.9454	-6.8924	22.991	54.6194	11	2
0.48025	-0.065238	31.3926	-1.2776	-1.5731	34.6796	0.80535	-0.11254	31.6686	12	2
-1.2776	-1.5731	34.6796	-3.7106	-3.0051	38.3186	0.6961	-0.59294	35.1956	12	2
0.6961	-0.59294	35.1956	0.80535	-0.11254	31.6686	-1.2776	-1.5731	34.6796	12	2
-1.2776	-1.5731	34.6796	0.48025	-0.065238	31.3926	-3.3403	-1.2828	29.7636	12	2
-3.7106	-3.0051	38.3186	-1.2776	-1.5731	34.6796	-3.4174	-1.3611	34.6346	12	2
-3.3403	-1.2828	29.7636	-3.4174	-1.3611	34.6346	-1.2776	-1.5731	34.6796	12	2
0.48025	-0.065238	33.5814	2.2381	1.442624	36.8684	0.15515	-0.017936	33.8574	13	2
2.2381	1.442624	36.8684	4.6711	2.874624	40.5074	0.2644	0.462464	37.3844	13	2
0.2644	0.462464	37.3844	0.15515	-0.017936	33.8574	2.2381	1.442624	36.8684	13	2
2.2381	1.442624	36.8684	0.48025	-0.065238	33.5814	4.3008	1.152324	31.9524	13	2
4.6711	2.874624	40.5074	2.2381	1.442624	36.8684	4.3779	1.230624	36.8234	13	2
4.3008	1.152324	31.9524	4.3779	1.230624	36.8234	2.2381	1.442624	36.8684	13	2
-0.851400000000001	-1.59958	31.7376	-1.044	-3.92998	36.3576	-2.2034	-1.43108	31.7766	14	2
-1.044	-3.92998	36.3576	-2.2801	-5.94558	40.6516	-2.5801	-1.51618	36.7586	14	2
-2.2801	-5.94558	40.6516	-3.5144	-7.84898	43.5386	-4.988	-4.57848	41.4016	14	2
-3.5144	-7.84898	43.5386	-6.1975	-11.47588	47.7736	-6.2873	-6.70998	44.8326	14	2
-6.1975	-11.47588	47.7736	-8.5154	-14.31188	49.6576	-8.5887	-10.70788	49.1276	14	2
-8.5154	-14.31188	49.6576	-11.5503	-17.83388	50.5876	-11.7763	-14.44588	50.4476	14	2
-11.5503	-17.83388	50.5876	-14.3463	-22.33188	49.6716	-13.9773	-18.05488	50.5496	14	2
-14.3463	-22.33188	49.6716	-15.6693	-25.74888	47.5586	-16.4173	-23.07288	50.1866	14	2
-15.6693	-25.74888	47.5586	-16.2643	-28.42088	45.3746	-16.8983	-25.61988	47.7286	14	2
-2.5801	-1.51618	36.7586	-2.2034	-1.43108	31.7766	-1.044	-3.92998	36.3576	14	2
-4.988	-4.57848	41.4016	-2.5801	-1.51618	36.7586	-2.2801	-5.94558	40.6516	14	2
-6.2873	-6.70998	44.8326	-4.988	-4.57848	41.4016	-3.5144	-7.84898	43.5386	14	2
-8.5887	-10.70788	49.1276	-6.2873	-6.70998	44.8326	-6.1975	-11.47588	47.7736	14	2
-11.7763	-14.44588	50.4476	-8.5887	-10.70788	49.1276	-8.5154	-14.31188	49.6576	14	2
-13.9773	-18.05488	50.5496	-11.7763	-14.44588	50.4476	-11.5503	-17.83388	50.5876	14	2
-16.4173	-23.07288	50.1866	-13.9773	-18.05488	50.5496	-14.3463	-22.33188	49.6716	14	2
-16.8983	-25.61988	47.7286	-16.4173	-23.07288	50.1866	-15.6693	-25.74888	47.5586	14	2
-1.044	-3.92998	36.3576	-0.851400000000001	-1.59958	31.7376	0.40135	0.65306	32.8836	14	2
-2.2801	-5.94558	40.6516	-1.044	-3.92998	36.3576	1.38877	-3.80588	36.3386	14	2
-3.5144	-7.84898	43.5386	-2.2801	-5.94558	40.6516	0.288400000000001	-6.56458	40.2116	14	2
-6.1975	-11.47588	47.7736	-3.5144	-7.84898	43.5386	0.255149999999994	-8.11338	43.2096	14	2
-8.5154	-14.31188	49.6576	-6.1975	-11.47588	47.7736	-2.7253	-11.37088	47.5326	14	2
-11.5503	-17.83388	50.5876	-8.5154	-14.31188	49.6576	-5.90169999999999	-14.31088	48.6376	14	2
-14.3463	-22.33188	49.6716	-11.5503	-17.83388	50.5876	-8.8121	-17.32788	51.1876	14	2
-15.6693	-25.74888	47.5586	-14.3463	-22.33188	49.6716	-13.7003	-22.85388	50.6546	14	2
-16.2643	-28.42088	45.3746	-15.6693	-25.74888	47.5586	-15.4823	-26.40788	47.7056	14	2
0.40135	0.65306	32.8836	1.38877	-3.80588	36.3386	-1.044	-3.92998	36.3576	14	2
1.38877	-3.80588	36.3386	0.288400000000001	-6.56458	40.2116	-2.2801	-5.94558	40.6516	14	2
0.288400000000001	-6.56458	40.2116	0.255149999999994	-8.11338	43.2096	-3.5144	-7.84898	43.5386	14	2
0.255149999999994	-8.11338	43.2096	-2.7253	-11.37088	47.5326	-6.1975	-11.47588	47.7736	14	2
-2.7253	-11.37088	47.5326	-5.90169999999999	-14.31088	48.6376	-8.5154	-14.31188	49.6576	14	2
-5.90169999999999	-14.31088	48.6376	-8.8121	-17.32788	51.1876	-11.5503	-17.83388	50.5876	14	2
-8.8121	-17.32788	51.1876	-13.7003	-22.85388	50.6546	-14.3463	-22.33188	49.6716	14	2
-13.7003	-22.85388	50.6546	-15.4823	-26.40788	47.7056	-15.6693	-25.74888	47.5586	14	2
1.6541	2.9057	33.9264	1.8467	5.2361	38.5464	3.0061	2.7372	33.9654	15	2
1.8467	5.2361	38.5464	3.0828	7.2517	42.8404	3.3828	2.8223	38.9474	15	2
3.0828	7.2517	42.8404	4.3171	9.1551	45.7274	5.7907	5.8846	43.5904	15	2
4.3171	9.1551	45.7274	7.0002	12.782	49.9624	7.09	8.0161	47.0214	15	2
7.0002	12.782	49.9624	9.3181	15.618	51.8464	9.3914	12.014	51.3164	15	2
9.3181	15.618	51.8464	12.353	19.14	52.7764	12.579	15.752	52.6364	15	2
12.353	19.14	52.7764	15.149	23.638	51.8604	14.78	19.361	52.7384	15	2
15.149	23.638	51.8604	16.472	27.055	49.7474	17.22	24.379	52.3754	15	2
16.472	27.055	49.7474	17.067	29.727	47.5634	17.701	26.926	49.9174	15	2
3.3828	2.8223	38.9474	3.0061	2.7372	33.9654	1.8467	5.2361	38.5464	15	2
5.7907	5.8846	43.5904	3.3828	2.8223	38.9474	3.0828	7.2517	42.8404	15	2
7.09	8.0161	47.0214	5.7907	5.8846	43.5904	4.3171	9.1551	45.7274	15	2
9.3914	12.014	51.3164	7.09	8.0161	47.0214	7.0002	12.782	49.9624	15	2
12.579	15.752	52.6364	9.3914	12.014	51.3164	9.3181	15.618	51.8464	15	2
14.78	19.361	52.7384	12.579	15.752	52.6364	12.353	19.14	52.7764	15	2
17.22	24.379	52.3754	14.78	19.361	52.7384	15.149	23.638	51.8604	15	2
17.701	26.926	49.9174	17.22	24.379	52.3754	16.472	27.055	49.7474	15	2
1.8467	5.2361	38.5464	1.6541	2.9057	33.9264	0.40135	0.65306	35.0724	15	2
3.0828	7.2517	42.8404	1.8467	5.2361	38.5464	-0.58607	5.112	38.5274	15	2
4.3171	9.1551	45.7274	3.0828	7.2517	42.8404	0.5143	7.8707	42.4004	15	2
7.0002	12.782	49.9624	4.3171	9.1551	45.7274	0.54755	9.4195	45.3984	15	2
9.3181	15.618	51.8464	7.0002	12.782	49.9624	3.528	12.677	49.7214	15	2
12.353	19.14	52.7764	9.3181	15.618	51.8464	6.7044	15.617	50.8264	15	2
15.149	23.638	51.8604	12.353	19.14	52.7764	9.6148	18.634	53.3764	15	2
16.472	27.055	49.7474	15.149	23.638	51.8604	14.503	24.16	52.8434	15	2
17.067	29.727	47.5634	16.472	27.055	49.7474	16.285	27.714	49.8944	15	2
0.40135	0.65306	35.0724	-0.58607	5.112	38.5274	1.8467	5.2361	38.5464	15	2
-0.58607	5.112	38.5274	0.5143	7.8707	42.4004	3.0828	7.2517	42.8404	15	2
0.5143	7.8707	42.4004	0.54755	9.4195	45.3984	4.3171	9.1551	45.7274	15	2
0.54755	9.4195	45.3984	3.528	12.677	49.7214	7.0002	12.782	49.9624	15	2
3.528	12.677	49.7214	6.7044	15.617	50.8264	9.3181	15.618	51.8464	15	2
6.7044	15.617	50.8264	9.6148	18.634	53.3764	12.353	19.14	52.7764	15	2
9.6148	18.634	53.3764	14.503	24.16	52.8434	15.149	23.638	51.8604	15	2
14.503	24.16	52.8434	16.285	27.714	49.8944	16.472	27.055	49.7474	15	2
-0.3475	-0.70784	0.031499	-0.41155	-0.34074	1.0263	-0.22515	-0.60134	1.8261	0	0
-0.41155	-0.34074	0	-0.087748	-0.21784	1.0423	-0.37868	0.45443	1.0936	0	0
-0.41155	-0.34074	0	-0.087748	-0.21784	1.0423	-0.1292	-0.21974	1.7978	0	0
-0.41155	-0.34074	0	-0.37868	0.45443	1.0936	-0.36431	0.45368	1.7658	0	0
-0.41155	-0.34074	0	-0.22515	-0.60134	1.8261	-0.1292	-0.21974	1.7978	0	0
-0.087748	-0.21784	0.015999	-0.37868	0.45443	1.0936	0.077885	0.65153	1.042	0	0
-0.087748	-0.21784	0.015999	0.077885	0.65153	1.042	0.58995	0.54246	1.7331	0	0
-0.087748	-0.21784	0.015999	-0.1292	-0.21974	1.7978	0.58995	0.54246	1.7331	0	0
-0.37868	0.45443	0.0673	0.077885	0.65153	1.042	0.090202	1.1281	1.0615	0	0
-0.37868	0.45443	0.0673	-0.36431	0.45368	1.7658	-0.23335	1.161	2.1406	0	0
-0.37868	0.45443	0.0673	0.090202	1.1281	1.0615	-0.23335	1.161	2.1406	0	0
-0.22515	-0.60134	0.79975	-0.1292	-0.21974	1.7978	0.21832	-0.029304	2.3827	0	0
-0.22515	-0.60134	0.79975	-0.15305	-0.60444	2.5182	0.21832	-0.029304	2.3827	0	0
0.077885	0.65153	0.015633	0.090202	1.1281	1.0615	0.65045	1.0875	1.0299	0	0
0.077885	0.65153	0.015633	0.65045	1.0875	1.0299	0.58995	0.54246	1.7331	0	0
-0.1292	-0.21974	0.77145	-0.36431	0.45368	1.7658	-0.53225	-0.15794	2.129	0	0
-0.1292	-0.21974	0.77145	-0.36431	0.45368	1.7658	0.17911	0.61674	1.8577	0	0
-0.1292	-0.21974	0.77145	-0.53225	-0.15794	2.129	-0.15305	-0.60444	2.5182	0	0
-0.1292	-0.21974	0.77145	0.58995	0.54246	1.7331	0.21832	-0.029304	2.3827	0	0
-0.36431	0.45368	0.7395	-0.53225	-0.15794	2.129	-0.33152	0.41281	2.5918	0	0
-0.36431	0.45368	0.7395	-0.33152	0.41281	2.5918	-0.23335	1.161	2.1406	0	0
0.090202	1.1281	0.03515	0.65045	1.0875	1.0299	0.2262	1.2084	1.817	0	0
0.090202	1.1281	0.03515	0.2262	1.2084	1.817	-0.23335	1.161	2.1406	0	0
-0.53225	-0.15794	1.1027	-0.33152	0.41281	2.5918	-0.13415	-0.24834	3.0499	0	0
0.65045	1.0875	0.003549	0.58995	0.54246	1.7331	0.65255	1.1118	1.7913	0	0
0.65045	1.0875	0.003549	0.2262	1.2084	1.817	0.65255	1.1118	1.7913	0	0
0.58995	0.54246	0.7068	0.17911	0.61674	1.8577	0.21832	-0.029304	2.3827	0	0
0.58995	0.54246	0.7068	0.17911	0.61674	1.8577	0.65255	1.1118	1.7913	0	0
0.17911	0.61674	0.83138	0.21832	-0.029304	2.3827	0.1928	0.65786	2.5434	0	0
0.17911	0.61674	0.83138	0.2262	1.2084	1.817	0.65255	1.1118	1.7913	0	0
0.17911	0.61674	0.83138	0.2262	1.2084	1.817	-0.23335	1.161	2.1406	0	0
0.17911	0.61674	0.83138	0.1928	0.65786	2.5434	-0.23335	1.161	2.1406	0	0
-0.15305	-0.60444	1.4919	0.21832	-0.029304	2.3827	-0.13415	-0.24834	3.0499	0	0
-0.15305	-0.60444	1.4919	-0.13415	-0.24834	3.0499	-0.20925	-0.38654	3.2845	0	0
0.21832	-0.029304	1.3563	0.1928	0.65786	2.5434	0.019302	0.37346	3.2258	0	0
0.21832	-0.029304	1.3563	-0.13415	-0.24834	3.0499	0.019302	0.37346	3.2258	0	0
-0.33152	0.41281	1.5654	0.019302	0.37346	3.2258	-0.19325	0.5944	3.2322	0	0
-0.33152	0.41281	1.5654	-0.19325	0.5944	3.2322	-0.24735	1.2865	3.1824	0	0
-0.33152	0.41281	1.5654	-0.23335	1.161	2.1406	-0.24735	1.2865	3.1824	0	0
0.1928	0.65786	1.5171	0.19635	1.1336	2.5602	0.59565	1.1524	2.462	0	0
0.1928	0.65786	1.5171	0.19635	1.1336	2.5602	-0.23335	1.161	2.1406	0	0
0.1928	0.65786	1.5171	0.59565	1.1524	2.462	0.58445	0.89706	3.0215	0	0
0.1928	0.65786	1.5171	0.019302	0.37346	3.2258	0.58445	0.89706	3.0215	0	0
-0.13415	-0.24834	2.0236	-0.20925	-0.38654	3.2845	0.019302	0.37346	3.2258	0	0
0.19635	1.1336	1.5339	0.58445	0.89706	3.0215	0.088202	1.1438	3.2618	0	0
0.19635	1.1336	1.5339	0.088202	1.1438	3.2618	-0.24735	1.2865	3.1824	0	0
0.19635	1.1336	1.5339	-0.23335	1.161	2.1406	-0.24735	1.2865	3.1824	0	0
-0.20925	-0.38654	2.2582	0.019302	0.37346	3.2258	-0.16545	-0.28084	4.0561	0	0
-0.20925	-0.38654	2.2582	-0.35048	-0.63784	3.8856	-0.16545	-0.28084	4.0561	0	0
0.019302	0.37346	2.1995	-0.19325	0.5944	3.2322	0.19198	0.45409	3.8968	0	0
0.019302	0.37346	2.1995	0.58445	0.89706	3.0215	0.5727	0.89226	3.8548	0	0
0.019302	0.37346	2.1995	-0.16545	-0.28084	4.0561	0.19198	0.45409	3.8968	0	0
-0.19325	0.5944	2.2059	0.19198	0.45409	3.8968	-0.17965	0.74516	4.0608	0	0
-0.19325	0.5944	2.2059	-0.24735	1.2865	3.1824	-0.17965	0.74516	4.0608	0	0
0.58445	0.89706	1.9952	0.088202	1.1438	3.2618	0.5727	0.89226	3.8548	0	0
0.088202	1.1438	2.2354	-0.24735	1.2865	3.1824	0.11245	1.1443	4.0705	0	0
0.088202	1.1438	2.2354	0.5727	0.89226	3.8548	0.11245	1.1443	4.0705	0	0
-0.35048	-0.63784	2.8592	-0.16545	-0.28084	4.0561	-0.2666	-0.57164	4.7374	0	0
-0.16545	-0.28084	3.0298	0.19198	0.45409	3.8968	0.12835	-0.030738	4.352	0	0
-0.16545	-0.28084	3.0298	0.12835	-0.030738	4.352	-0.15805	-0.24374	4.5619	0	0
-0.16545	-0.28084	3.0298	-0.15805	-0.24374	4.5619	-0.2666	-0.57164	4.7374	0	0
0.19198	0.45409	2.8704	0.5727	0.89226	3.8548	0.2311	0.63296	4.6118	0	0
0.19198	0.45409	2.8704	-0.17965	0.74516	4.0608	-0.1763	0.49556	4.57	0	0
0.19198	0.45409	2.8704	0.12835	-0.030738	4.352	0.2311	0.63296	4.6118	0	0
-0.24735	1.2865	2.1561	-0.17965	0.74516	4.0608	-0.41335	1.134	4.6148	0	0
-0.24735	1.2865	2.1561	0.11245	1.1443	4.0705	-0.41335	1.134	4.6148	0	0
0.5727	0.89226	2.8285	0.11245	1.1443	4.0705	0.23795	1.2918	4.5479	0	0
0.5727	0.89226	2.8285	0.2311	0.63296	4.6118	0.60185	0.89616	4.6843	0	0
0.5727	0.89226	2.8285	0.23795	1.2918	4.5479	0.60185	0.89616	4.6843	0	0
-0.17965	0.74516	3.0345	-0.1763	0.49556	4.57	-0.41335	1.134	4.6148	0	0
0.12835	-0.030738	3.3257	-0.1763	0.49556	4.57	-0.15805	-0.24374	4.5619	0	0
0.12835	-0.030738	3.3257	0.2311	0.63296	4.6118	-0.13315	-0.26594	5.0635	0	0
0.11245	1.1443	3.0442	-0.41335	1.134	4.6148	0.23795	1.2918	4.5479	0	0
-0.1763	0.49556	3.5437	-0.15805	-0.24374	4.5619	-0.13315	-0.26594	5.0635	0	0
-0.1763	0.49556	3.5437	-0.13315	-0.26594	5.0635	-0.39075	0.5507	5.3515	0	0
-0.1763	0.49556	3.5437	-0.41335	1.134	4.6148	-0.39075	0.5507	5.3515	0	0
-0.15805	-0.24374	3.5356	-0.2666	-0.57164	4.7374	-0.13315	-0.26594	5.0635	0	0
-0.2666	-0.57164	3.7111	-0.13315	-0.26594	5.0635	-0.40125	-0.59064	5.3859	0	0
0.2311	0.63296	3.5854	-0.13315	-0.26594	5.0635	0.035852	0.38686	5.6041	0	0
0.2311	0.63296	3.5854	0.035852	0.38686	5.6041	0.60185	0.89616	4.6843	0	0
-0.13315	-0.26594	4.0372	-0.36955	-0.2854	5.3799	-0.40125	-0.59064	5.3859	0	0
-0.13315	-0.26594	4.0372	-0.36955	-0.2854	5.3799	0.035852	0.38686	5.6041	0	0
-0.41335	1.134	3.5884	0.23795	1.2918	4.5479	-0.40672	1.1238	5.295	0	0
-0.41335	1.134	3.5884	-0.39075	0.5507	5.3515	-0.40672	1.1238	5.295	0	0
0.23795	1.2918	3.5216	0.2735	1.0969	5.3112	0.60185	0.89616	4.6843	0	0
0.23795	1.2918	3.5216	0.2735	1.0969	5.3112	-0.40672	1.1238	5.295	0	0
-0.36955	-0.2854	4.3535	-0.40125	-0.59064	5.3859	-0.32761	-0.32944	6.058	0	0
-0.36955	-0.2854	4.3535	0.035852	0.38686	5.6041	-0.32761	-0.32944	6.058	0	0
-0.40125	-0.59064	4.3596	-0.32761	-0.32944	6.058	-0.45215	-0.71554	6.0998	0	0
-0.39075	0.5507	4.3252	0.035852	0.38686	5.6041	0.2735	1.0969	5.3112	0	0
-0.39075	0.5507	4.3252	0.2735	1.0969	5.3112	-0.40672	1.1238	5.295	0	0
0.035852	0.38686	4.5778	0.2735	1.0969	5.3112	0.32645	1.112	6.0266	0	0
0.035852	0.38686	4.5778	-0.32761	-0.32944	6.058	-0.1037	0.50781	6.0765	0	0
0.035852	0.38686	4.5778	0.32645	1.112	6.0266	-0.1037	0.50781	6.0765	0	0
0.2735	1.0969	4.2849	0.60185	0.89616	4.6843	0.32645	1.112	6.0266	0	0
-0.32761	-0.32944	5.0317	-0.45215	-0.71554	6.0998	-0.3167	-0.29826	6.6523	0	0
-0.32761	-0.32944	5.0317	-0.1037	0.50781	6.0765	-0.3167	-0.29826	6.6523	0	0
0.32645	1.112	5.0003	-0.1037	0.50781	6.0765	0.30095	1.1021	6.8031	0	0
-0.45215	-0.71554	5.0735	-0.3167	-0.29826	6.6523	-0.59195	-0.91369	6.7385	0	0
-0.1037	0.50781	5.0502	-0.3167	-0.29826	6.6523	-0.13598	0.39563	6.7364	0	0
-0.1037	0.50781	5.0502	-0.13598	0.39563	6.7364	0.30095	1.1021	6.8031	0	0
-0.3167	-0.29826	5.6259	-0.13598	0.39563	6.7364	-0.42788	-0.25034	7.4039	0	0
-0.3167	-0.29826	5.6259	-0.59195	-0.91369	6.7385	-0.42788	-0.25034	7.4039	0	0
-0.13598	0.39563	5.7101	0.30095	1.1021	6.8031	-0.11615	0.77816	7.5529	0	0
-0.13598	0.39563	5.7101	-0.42788	-0.25034	7.4039	-0.11615	0.77816	7.5529	0	0
-0.59195	-0.91369	5.7121	-0.42788	-0.25034	7.4039	-0.56585	-0.73734	7.548	0	0
-0.59195	-0.91369	5.7121	-0.94701	-1.0701	7.415	-0.56585	-0.73734	7.548	0	0
0.30095	1.1021	5.7767	-0.11615	0.77816	7.5529	0.2734	1.0952	7.5373	0	0
-0.42788	-0.25034	6.3776	-0.56585	-0.73734	7.548	-0.4124	-0.22374	8.0443	0	0
-0.42788	-0.25034	6.3776	-0.54988	0.3956	7.5862	-0.11615	0.77816	7.5529	0	0
-0.42788	-0.25034	6.3776	-0.54988	0.3956	7.5862	-0.4124	-0.22374	8.0443	0	0
-0.94701	-1.0701	6.3887	-0.56585	-0.73734	7.548	-0.62795	-0.78214	8.0021	0	0
-0.94701	-1.0701	6.3887	-0.62795	-0.78214	8.0021	-1.0538	-0.90764	8.1021	0	0
-0.56585	-0.73734	6.5217	-0.4124	-0.22374	8.0443	-0.62795	-0.78214	8.0021	0	0
-0.54988	0.3956	6.5599	-0.11615	0.77816	7.5529	-0.51378	1.1669	7.4114	0	0
-0.54988	0.3956	6.5599	-0.51378	1.1669	7.4114	-0.4791	1.2056	8.0208	0	0
-0.54988	0.3956	6.5599	-0.4124	-0.22374	8.0443	-0.4438	0.46864	8.0486	0	0
-0.54988	0.3956	6.5599	-0.4438	0.46864	8.0486	-0.4791	1.2056	8.0208	0	0
-0.11615	0.77816	6.5266	-0.51378	1.1669	7.4114	0.2734	1.0952	7.5373	0	0
-0.51378	1.1669	6.385	0.2734	1.0952	7.5373	0.026352	1.5502	7.4657	0	0
-0.51378	1.1669	6.385	0.026352	1.5502	7.4657	-0.28695	1.5502	7.7489	0	0
-0.51378	1.1669	6.385	-0.28695	1.5502	7.7489	-0.4791	1.2056	8.0208	0	0
0.2734	1.0952	6.511	-0.4124	-0.22374	8.0443	0.2581	1.0921	8.0847	0	0
0.2734	1.0952	6.511	0.026352	1.5502	7.4657	0.2581	1.0921	8.0847	0	0
-0.4124	-0.22374	7.0179	-0.62795	-0.78214	8.0021	-0.89135	-0.40644	8.3197	0	0
-0.4124	-0.22374	7.0179	-0.4438	0.46864	8.0486	-0.89135	-0.40644	8.3197	0	0
-0.4124	-0.22374	7.0179	0.2581	1.0921	8.0847	0.18565	0.81736	8.7878	0	0
-0.4124	-0.22374	7.0179	0.18565	0.81736	8.7878	-0.4245	-0.22426	8.8192	0	0
-0.62795	-0.78214	6.9758	-1.0538	-0.90764	8.1021	-0.89135	-0.40644	8.3197	0	0
-0.4438	0.46864	7.0223	-0.4791	1.2056	8.0208	-0.46324	0.48506	8.815	0	0
-0.4438	0.46864	7.0223	-0.89135	-0.40644	8.3197	-0.46324	0.48506	8.815	0	0
-1.0538	-0.90764	7.0758	-0.89135	-0.40644	8.3197	-0.54655	-0.74849	8.802	0	0
-1.0538	-0.90764	7.0758	-0.54655	-0.74849	8.802	-0.85995	-1.0273	9.7054	0	0
0.026352	1.5502	6.4394	-0.28695	1.5502	7.7489	-0.034448	1.5586	8.1141	0	0
0.026352	1.5502	6.4394	0.2581	1.0921	8.0847	-0.034448	1.5586	8.1141	0	0
-0.28695	1.5502	6.7226	-0.31265	1.5695	7.8874	-0.4791	1.2056	8.0208	0	0
-0.28695	1.5502	6.7226	-0.31265	1.5695	7.8874	-0.034448	1.5586	8.1141	0	0
0.2581	1.0921	7.0584	-0.034448	1.5586	8.1141	0.038052	1.586	8.4944	0	0
0.2581	1.0921	7.0584	0.038052	1.586	8.4944	0.15865	1.3202	8.8175	0	0
0.2581	1.0921	7.0584	0.18565	0.81736	8.7878	0.15865	1.3202	8.8175	0	0
-0.31265	1.5695	6.8611	-0.4791	1.2056	8.0208	-0.16725	1.5609	8.5345	0	0
-0.31265	1.5695	6.8611	-0.034448	1.5586	8.1141	-0.16725	1.5609	8.5345	0	0
-0.4791	1.2056	6.9945	-0.16725	1.5609	8.5345	-0.43757	1.192	8.8144	0	0
-0.4791	1.2056	6.9945	-0.46324	0.48506	8.815	-0.43757	1.192	8.8144	0	0
-0.89135	-0.40644	7.2934	-0.54655	-0.74849	8.802	-0.4245	-0.22426	8.8192	0	0
-0.89135	-0.40644	7.2934	-0.4245	-0.22426	8.8192	-0.46324	0.48506	8.815	0	0
-0.034448	1.5586	7.0878	0.038052	1.586	8.4944	-0.16725	1.5609	8.5345	0	0
0.038052	1.586	7.4681	-0.16725	1.5609	8.5345	-0.2822	1.5457	9.3801	0	0
0.038052	1.586	7.4681	0.15865	1.3202	8.8175	-0.2822	1.5457	9.3801	0	0
-0.16725	1.5609	7.5082	-0.43757	1.192	8.8144	-0.2822	1.5457	9.3801	0	0
0.18565	0.81736	7.7615	-0.4245	-0.22426	8.8192	0.099852	0.53146	9.6678	0	0
0.18565	0.81736	7.7615	0.15865	1.3202	8.8175	0.1686	1.0787	9.5365	0	0
0.18565	0.81736	7.7615	0.1686	1.0787	9.5365	0.099852	0.53146	9.6678	0	0
-0.54655	-0.74849	7.7756	-0.4245	-0.22426	8.8192	-0.54215	-0.73694	9.5497	0	0
-0.54655	-0.74849	7.7756	-0.54215	-0.73694	9.5497	-0.85995	-1.0273	9.7054	0	0
-0.4245	-0.22426	7.7929	-0.54215	-0.73694	9.5497	-0.40325	-0.23239	9.5557	0	0
-0.4245	-0.22426	7.7929	-0.40325	-0.23239	9.5557	0.099852	0.53146	9.6678	0	0
-0.46324	0.48506	7.7886	-0.43757	1.192	8.8144	-0.50717	0.49754	9.5691	0	0
-0.46324	0.48506	7.7886	-0.40325	-0.23239	9.5557	-0.50717	0.49754	9.5691	0	0
-0.43757	1.192	7.7881	-0.2822	1.5457	9.3801	-0.4315	1.1788	9.5592	0	0
-0.43757	1.192	7.7881	-0.50717	0.49754	9.5691	-0.4315	1.1788	9.5592	0	0
0.15865	1.3202	7.7912	-0.2822	1.5457	9.3801	0.1686	1.0787	9.5365	0	0
-0.54215	-0.73694	8.5234	-0.40325	-0.23239	9.5557	-0.39457	-0.35364	10.274	0	0
-0.54215	-0.73694	8.5234	-0.85995	-1.0273	9.7054	-0.65628	-0.8273	10.225	0	0
-0.54215	-0.73694	8.5234	-0.65628	-0.8273	10.225	-0.39457	-0.35364	10.274	0	0
-0.40325	-0.23239	8.5294	-0.50717	0.49754	9.5691	-0.50472	0.53016	10.263	0	0
-0.40325	-0.23239	8.5294	-0.39457	-0.35364	10.274	-0.50472	0.53016	10.263	0	0
-0.2822	1.5457	8.3537	0.1686	1.0787	9.5365	-0.016698	1.5936	10.331	0	0
-0.2822	1.5457	8.3537	-0.4315	1.1788	9.5592	-0.25145	1.5798	10.313	0	0
-0.2822	1.5457	8.3537	-0.25145	1.5798	10.313	-0.016698	1.5936	10.331	0	0
0.1686	1.0787	8.5102	0.099852	0.53146	9.6678	0.23665	0.83626	10.139	0	0
0.1686	1.0787	8.5102	0.23665	0.83626	10.139	0.10795	1.333	10.31	0	0
0.1686	1.0787	8.5102	-0.016698	1.5936	10.331	0.10795	1.333	10.31	0	0
-0.50717	0.49754	8.5427	-0.4315	1.1788	9.5592	-0.50472	0.53016	10.263	0	0
0.099852	0.53146	8.6415	-0.39457	-0.35364	10.274	0.23665	0.83626	10.139	0	0
-0.65628	-0.8273	9.1986	-0.39457	-0.35364	10.274	-0.42485	-0.68119	11.11	0	0
-0.39457	-0.35364	9.2478	0.23665	0.83626	10.139	0.17135	0.54336	11.136	0	0
-0.39457	-0.35364	9.2478	-0.50472	0.53016	10.263	-0.35848	-0.20897	10.899	0	0
-0.39457	-0.35364	9.2478	-0.35848	-0.20897	10.899	-0.42485	-0.68119	11.11	0	0
-0.4315	1.1788	8.5329	-0.50472	0.53016	10.263	-0.4806	1.1799	10.32	0	0
-0.4315	1.1788	8.5329	-0.4806	1.1799	10.32	-0.25145	1.5798	10.313	0	0
0.23665	0.83626	9.1124	0.10795	1.333	10.31	0.21739	1.0475	10.913	0	0
0.23665	0.83626	9.1124	0.21739	1.0475	10.913	0.17135	0.54336	11.136	0	0
-0.50472	0.53016	9.2364	-0.4806	1.1799	10.32	-0.40839	0.43862	10.972	0	0
-0.50472	0.53016	9.2364	-0.35848	-0.20897	10.899	-0.40839	0.43862	10.972	0	0
-0.4806	1.1799	9.2938	-0.25145	1.5798	10.313	-0.36515	1.6128	11.053	0	0
-0.4806	1.1799	9.2938	-0.36515	1.6128	11.053	-0.52258	1.2767	11.081	0	0
-0.4806	1.1799	9.2938	-0.52258	1.2767	11.081	-0.40839	0.43862	10.972	0	0
-0.35848	-0.20897	9.8729	-0.40839	0.43862	10.972	-0.3805	-0.25454	11.548	0	0
-0.35848	-0.20897	9.8729	-0.42485	-0.68119	11.11	-0.3805	-0.25454	11.548	0	0
-0.25145	1.5798	9.2866	-0.016698	1.5936	10.331	-0.36515	1.6128	11.053	0	0
-0.016698	1.5936	9.3044	0.10795	1.333	10.31	-0.012848	1.6031	11.064	0	0
-0.016698	1.5936	9.3044	-0.012848	1.6031	11.064	-0.36515	1.6128	11.053	0	0
0.10795	1.333	9.284	0.21739	1.0475	10.913	-0.012848	1.6031	11.064	0	0
0.21739	1.0475	9.8871	-0.012848	1.6031	11.064	0.2639	1.1164	11.541	0	0
0.21739	1.0475	9.8871	0.17135	0.54336	11.136	0.2639	1.1164	11.541	0	0
-0.36515	1.6128	10.026	-0.52258	1.2767	11.081	-0.51385	1.2237	11.577	0	0
-0.52258	1.2767	10.054	-0.40839	0.43862	10.972	-0.47425	0.49099	11.542	0	0
-0.52258	1.2767	10.054	-0.47425	0.49099	11.542	-0.51385	1.2237	11.577	0	0
-0.40839	0.43862	9.946	-0.3805	-0.25454	11.548	-0.47425	0.49099	11.542	0	0
0.17135	0.54336	10.11	0.14235	0.54886	11.383	0.2639	1.1164	11.541	0	0
-0.42485	-0.68119	10.083	-0.3805	-0.25454	11.548	-0.73568	-0.83094	11.678	0	0
-0.3805	-0.25454	10.522	-0.73568	-0.83094	11.678	-0.96105	-0.55514	11.959	0	0
-0.3805	-0.25454	10.522	-0.47425	0.49099	11.542	-0.45897	0.4671	12.308	0	0
-0.3805	-0.25454	10.522	-0.96105	-0.55514	11.959	-0.37735	-0.30974	12.377	0	0
-0.3805	-0.25454	10.522	-0.37735	-0.30974	12.377	-0.45897	0.4671	12.308	0	0
-0.73568	-0.83094	10.652	-0.96105	-0.55514	11.959	-0.86515	-0.80664	12.027	0	0
-0.47425	0.49099	10.516	-0.51385	1.2237	11.577	-0.46937	1.2148	12.265	0	0
-0.47425	0.49099	10.516	-0.45897	0.4671	12.308	-0.46937	1.2148	12.265	0	0
-0.96105	-0.55514	10.932	-0.86515	-0.80664	12.027	-0.37735	-0.30974	12.377	0	0
-0.86515	-0.80664	11.001	-0.68505	-0.91876	12.451	-0.37735	-0.30974	12.377	0	0
-0.68505	-0.91876	11.424	-0.37735	-0.30974	12.377	-0.6718	-0.79579	12.916	0	0
-0.37735	-0.30974	11.351	-0.45897	0.4671	12.308	-0.45517	0.47934	13.071	0	0
-0.37735	-0.30974	11.351	-0.6718	-0.79579	12.916	-0.38811	-0.35657	12.961	0	0
-0.37735	-0.30974	11.351	-0.38811	-0.35657	12.961	-0.45517	0.47934	13.071	0	0
-0.45897	0.4671	11.282	-0.46937	1.2148	12.265	-0.3675	1.1734	13.003	0	0
-0.45897	0.4671	11.282	-0.45517	0.47934	13.071	-0.3675	1.1734	13.003	0	0
-0.6718	-0.79579	11.89	-0.38811	-0.35657	12.961	-0.42152	-0.31249	13.655	0	0
-0.6718	-0.79579	11.89	-0.42152	-0.31249	13.655	-0.48425	-0.71459	13.816	0	0
-0.38811	-0.35657	11.934	-0.45517	0.47934	13.071	-0.42152	-0.31249	13.655	0	0
-0.46937	1.2148	11.239	0.3201	1.1734	12.319	0.44915	1.7967	12.608	0	0
-0.46937	1.2148	11.239	-0.3675	1.1734	13.003	0.27305	1.7982	12.942	0	0
-0.46937	1.2148	11.239	0.44915	1.7967	12.608	0.27305	1.7982	12.942	0	0
-0.45517	0.47934	12.045	-0.3675	1.1734	13.003	-0.41085	1.0843	13.778	0	0
-0.45517	0.47934	12.045	-0.42152	-0.31249	13.655	-0.4279	0.48226	13.809	0	0
-0.45517	0.47934	12.045	-0.4279	0.48226	13.809	-0.41085	1.0843	13.778	0	0
-0.3675	1.1734	11.976	0.27305	1.7982	12.942	0.2212	1.1343	13.055	0	0
-0.42152	-0.31249	12.628	-0.48425	-0.71459	13.816	-0.34132	-0.30249	14.365	0	0
-0.42152	-0.31249	12.628	-0.4279	0.48226	13.809	-0.34132	-0.30249	14.365	0	0
-0.48425	-0.71459	12.79	-0.34132	-0.30249	14.365	-0.3805	-0.66844	14.533	0	0
-0.4279	0.48226	12.782	-0.34132	-0.30249	14.365	-0.45917	0.47431	14.571	0	0
-0.4279	0.48226	12.782	-0.41085	1.0843	13.778	-0.43095	1.0746	14.544	0	0
-0.4279	0.48226	12.782	-0.45917	0.47431	14.571	-0.43095	1.0746	14.544	0	0
-0.34132	-0.30249	13.339	-0.3805	-0.66844	14.533	-0.88565	-0.52164	15.158	0	0
-0.34132	-0.30249	13.339	-0.45917	0.47431	14.571	-0.88565	-0.52164	15.158	0	0
-0.3805	-0.66844	13.506	-0.45015	-0.71134	15.077	-0.88565	-0.52164	15.158	0	0
-0.45917	0.47431	13.544	-0.88565	-0.52164	15.158	-0.42075	0.48256	15.058	0	0
-0.45917	0.47431	13.544	-0.43095	1.0746	14.544	-0.42075	0.48256	15.058	0	0
-0.45015	-0.71134	14.05	-0.88565	-0.52164	15.158	-0.96415	-0.59844	15.237	0	0
-0.45015	-0.71134	14.05	-0.96415	-0.59844	15.237	-0.41911	-0.86022	15.823	0	0
-0.88565	-0.52164	14.132	-0.96415	-0.59844	15.237	-0.9813	-0.23194	15.939	0	0
-0.88565	-0.52164	14.132	-0.42075	0.48256	15.058	-0.9813	-0.23194	15.939	0	0
-0.36742	-0.36009	14.155	-0.42075	0.48256	15.058	0.16885	0.67156	15.048	0	0
-0.96415	-0.59844	14.211	-0.41911	-0.86022	15.823	-0.88385	-0.74594	16.35	0	0
-0.96415	-0.59844	14.211	-0.88385	-0.74594	16.35	-0.9813	-0.23194	15.939	0	0
-0.43095	1.0746	13.518	-0.42075	0.48256	15.058	-0.24235	1.0866	15.056	0	0
-0.42075	0.48256	14.032	0.16885	0.67156	15.048	-0.24235	1.0866	15.056	0	0
-0.42075	0.48256	14.032	-0.2845	1.1115	15.833	-0.41087	0.47619	15.805	0	0
-0.42075	0.48256	14.032	-0.41087	0.47619	15.805	-0.9813	-0.23194	15.939	0	0
0.16885	0.67156	14.021	-0.24235	1.0866	15.056	0.038752	1.0985	14.99	0	0
-0.2845	1.1115	14.806	0.086652	1.0978	15.893	-0.40285	1.0613	16.442	0	0
-0.2845	1.1115	14.806	-0.41087	0.47619	15.805	-0.40285	1.0613	16.442	0	0
0.15923	0.66041	14.794	0.086652	1.0978	15.893	0.19095	0.60506	16.561	0	0
0.086652	1.0978	14.867	-0.40285	1.0613	16.442	0.098052	1.2044	16.563	0	0
0.086652	1.0978	14.867	0.098052	1.2044	16.563	0.19095	0.60506	16.561	0	0
-0.41087	0.47619	14.779	-0.33885	0.3976	16.548	-0.40285	1.0613	16.442	0	0
-0.41087	0.47619	14.779	-0.33885	0.3976	16.548	-0.9813	-0.23194	15.939	0	0
-0.41911	-0.86022	14.797	-0.88385	-0.74594	16.35	-0.40575	-0.89959	16.375	0	0
0.0025521	-0.12704	15.073	-0.3584	-0.28179	16.533	-0.13335	-0.68374	16.621	0	0
0.0025521	-0.12704	15.073	-0.3584	-0.28179	16.533	-0.33885	0.3976	16.548	0	0
0.0025521	-0.12704	15.073	-0.13335	-0.68374	16.621	0.14772	-0.31664	17.336	0	0
0.0025521	-0.12704	15.073	-0.33885	0.3976	16.548	0.19095	0.60506	16.561	0	0
0.0025521	-0.12704	15.073	0.19095	0.60506	16.561	0.14772	-0.31664	17.336	0	0
-0.88385	-0.74594	15.324	-0.40575	-0.89959	16.375	-0.62545	-0.83467	17.168	0	0
-0.88385	-0.74594	15.324	-0.3584	-0.28179	16.533	-0.97425	-0.35344	16.392	0	0
-0.88385	-0.74594	15.324	-0.62545	-0.83467	17.168	-0.8889	-0.31899	17.315	0	0
-0.88385	-0.74594	15.324	-0.9813	-0.23194	15.939	-0.97425	-0.35344	16.392	0	0
-0.40575	-0.89959	15.348	-0.13335	-0.68374	16.621	-0.62545	-0.83467	17.168	0	0
-0.3584	-0.28179	15.506	-0.13335	-0.68374	16.621	-0.62545	-0.83467	17.168	0	0
-0.3584	-0.28179	15.506	-0.33885	0.3976	16.548	-0.97425	-0.35344	16.392	0	0
-0.3584	-0.28179	15.506	-0.62545	-0.83467	17.168	-0.42971	-0.24287	17.25	0	0
-0.13335	-0.68374	15.594	0.14772	-0.31664	17.336	0.13693	-0.69866	17.265	0	0
-0.33885	0.3976	15.521	-0.40285	1.0613	16.442	-0.38725	0.43935	17.265	0	0
-0.33885	0.3976	15.521	-0.42971	-0.24287	17.25	-0.38725	0.43935	17.265	0	0
-0.33885	0.3976	15.521	-0.9813	-0.23194	15.939	-0.97425	-0.35344	16.392	0	0
-0.40285	1.0613	15.416	0.098052	1.2044	16.563	-0.15665	1.2386	17.304	0	0
-0.40285	1.0613	15.416	-0.38725	0.43935	17.265	-0.15665	1.2386	17.304	0	0
0.098052	1.2044	15.537	0.19095	0.60506	16.561	0.2491	0.60551	17.313	0	0
0.098052	1.2044	15.537	0.2491	0.60551	17.313	0.062652	1.2484	17.309	0	0
0.098052	1.2044	15.537	-0.15665	1.2386	17.304	0.062652	1.2484	17.309	0	0
-0.62545	-0.83467	16.142	-0.8889	-0.31899	17.315	-0.29075	-0.65094	18.07	0	0
-0.62545	-0.83467	16.142	-0.29075	-0.65094	18.07	0.13693	-0.69866	17.265	0	0
-0.42971	-0.24287	16.224	-0.38725	0.43935	17.265	-0.62165	0.4732	17.91	0	0
-0.42971	-0.24287	16.224	-0.55715	-0.25834	18.062	-0.62165	0.4732	17.91	0	0
-0.42971	-0.24287	16.224	-0.55715	-0.25834	18.062	-0.29075	-0.65094	18.07	0	0
-0.38725	0.43935	16.239	0.2491	0.60551	17.313	-0.15665	1.2386	17.304	0	0
-0.38725	0.43935	16.239	-0.62165	0.4732	17.91	-0.38205	1.0578	18.07	0	0
0.19095	0.60506	15.535	0.2491	0.60551	17.313	0.14772	-0.31664	17.336	0	0
-0.8889	-0.31899	16.288	-0.9936	0.070962	17.954	-0.34635	-0.56554	18.285	0	0
-0.8889	-0.31899	16.288	-0.29075	-0.65094	18.07	-0.34635	-0.56554	18.285	0	0
0.2491	0.60551	16.286	0.062652	1.2484	17.309	0.10355	1.2579	18.077	0	0
0.2491	0.60551	16.286	0.10355	1.2579	18.077	0.21259	0.4143	18.048	0	0
0.2491	0.60551	16.286	0.21259	0.4143	18.048	0.14772	-0.31664	17.336	0	0
-0.15665	1.2386	16.278	0.062652	1.2484	17.309	-0.073448	1.5697	17.597	0	0
0.062652	1.2484	16.282	-0.073448	1.5697	17.597	0.10355	1.2579	18.077	0	0
-0.9936	0.070962	16.928	-0.55715	-0.25834	18.062	-0.62165	0.4732	17.91	0	0
-0.9936	0.070962	16.928	-0.62165	0.4732	17.91	-0.57545	0.52846	18.614	0	0
-0.073448	1.5697	16.57	0.10355	1.2579	18.077	-0.23995	1.5602	18.699	0	0
-0.62165	0.4732	16.884	-0.38205	1.0578	18.07	-0.57545	0.52846	18.614	0	0
-0.38205	1.0578	17.044	-0.57545	0.52846	18.614	-0.45155	1.1916	18.521	0	0
0.10355	1.2579	17.05	0.21259	0.4143	18.048	0.16085	1.0296	18.564	0	0
0.10355	1.2579	17.05	-0.23995	1.5602	18.699	0.16085	1.0296	18.564	0	0
0.022952	-0.076438	17.013	0.21259	0.4143	18.048	0.14772	-0.31664	17.336	0	0
0.022952	-0.076438	17.013	0.21259	0.4143	18.048	0.083602	0.26871	18.527	0	0
0.022952	-0.076438	17.013	-0.29075	-0.65094	18.07	-0.34635	-0.56554	18.285	0	0
0.022952	-0.076438	17.013	-0.29075	-0.65094	18.07	0.14772	-0.31664	17.336	0	0
0.022952	-0.076438	17.013	-0.34635	-0.56554	18.285	-0.33482	-0.38494	18.527	0	0
0.022952	-0.076438	17.013	-0.33482	-0.38494	18.527	0.083602	0.26871	18.527	0	0
0.21259	0.4143	17.022	0.083602	0.26871	18.527	0.16085	1.0296	18.564	0	0
-0.29075	-0.65094	17.044	0.14772	-0.31664	17.336	0.13693	-0.69866	17.265	0	0
-0.34635	-0.56554	17.259	-0.33482	-0.38494	18.527	-0.30967	-0.65984	19.43	0	0
-0.33482	-0.38494	17.501	0.083602	0.26871	18.527	-0.3333	-0.25534	19.303	0	0
-0.33482	-0.38494	17.501	-0.3333	-0.25534	19.303	-0.30967	-0.65984	19.43	0	0
0.083602	0.26871	17.501	0.16085	1.0296	18.564	0.012912	0.41294	19.344	0	0
0.083602	0.26871	17.501	-0.3333	-0.25534	19.303	0.012912	0.41294	19.344	0	0
-0.57545	0.52846	17.588	-0.45155	1.1916	18.521	-0.46765	1.1308	19.26	0	0
-0.57545	0.52846	17.588	-0.3333	-0.25534	19.303	-0.70147	0.45576	19.303	0	0
-0.57545	0.52846	17.588	-0.70147	0.45576	19.303	-0.46765	1.1308	19.26	0	0
-0.45155	1.1916	17.494	-0.23995	1.5602	18.699	-0.46765	1.1308	19.26	0	0
-0.23995	1.5602	17.673	0.16085	1.0296	18.564	0.26243	1.0638	19.343	0	0
-0.23995	1.5602	17.673	-0.46765	1.1308	19.26	-0.2114	1.6082	19.361	0	0
-0.23995	1.5602	17.673	0.26243	1.0638	19.343	-0.015798	1.6102	19.449	0	0
-0.23995	1.5602	17.673	-0.2114	1.6082	19.361	-0.015798	1.6102	19.449	0	0
0.16085	1.0296	17.538	0.012912	0.41294	19.344	0.26243	1.0638	19.343	0	0
-0.3333	-0.25534	18.277	-0.30967	-0.65984	19.43	-0.35305	-0.28614	20.053	0	0
-0.3333	-0.25534	18.277	-0.70147	0.45576	19.303	-0.70195	0.43951	20.061	0	0
-0.3333	-0.25534	18.277	0.012912	0.41294	19.344	-0.35305	-0.28614	20.053	0	0
-0.3333	-0.25534	18.277	-0.70195	0.43951	20.061	-0.10255	0.48991	20.051	0	0
-0.30967	-0.65984	18.403	-0.35305	-0.28614	20.053	-0.2813	-0.69894	20.021	0	0
-0.70147	0.45576	18.277	-0.46765	1.1308	19.26	-0.501	1.2706	20.018	0	0
-0.70147	0.45576	18.277	-0.70195	0.43951	20.061	-0.501	1.2706	20.018	0	0
-0.46765	1.1308	18.234	-0.2114	1.6082	19.361	-0.501	1.2706	20.018	0	0
0.012912	0.41294	18.317	0.26243	1.0638	19.343	0.28835	1.1383	19.911	0	0
0.012912	0.41294	18.317	-0.35305	-0.28614	20.053	-0.10255	0.48991	20.051	0	0
0.012912	0.41294	18.317	-0.10255	0.48991	20.051	0.28835	1.1383	19.911	0	0
0.26243	1.0638	18.316	-0.015798	1.6102	19.449	0.28835	1.1383	19.911	0	0
-0.2114	1.6082	18.335	-0.015798	1.6102	19.449	-0.26135	1.6477	20.091	0	0
-0.2114	1.6082	18.335	-0.501	1.2706	20.018	-0.26135	1.6477	20.091	0	0
-0.015798	1.6102	18.423	0.045752	1.7212	20.087	-0.26135	1.6477	20.091	0	0
-0.015798	1.6102	18.423	0.045752	1.7212	20.087	0.28835	1.1383	19.911	0	0
-0.70195	0.43951	19.035	-0.501	1.2706	20.018	-0.44551	1.2559	20.727	0	0
-0.70195	0.43951	19.035	-0.48658	0.37955	20.803	-0.44551	1.2559	20.727	0	0
-0.70195	0.43951	19.035	-0.48658	0.37955	20.803	-1.3729	0.25606	21.372	0	0
-0.35305	-0.28614	19.026	-0.2813	-0.69894	20.021	-0.30075	-0.65276	20.777	0	0
-0.35305	-0.28614	19.026	-0.10255	0.48991	20.051	-0.38382	-0.26259	20.793	0	0
-0.35305	-0.28614	19.026	-0.30075	-0.65276	20.777	-0.38382	-0.26259	20.793	0	0
-0.10255	0.48991	19.024	0.28835	1.1383	19.911	0.051352	0.73821	20.576	0	0
-0.10255	0.48991	19.024	-0.38382	-0.26259	20.793	0.051352	0.73821	20.576	0	0
-0.501	1.2706	18.992	-0.26135	1.6477	20.091	-0.44551	1.2559	20.727	0	0
0.045752	1.7212	19.061	-0.26135	1.6477	20.091	-0.44551	1.2559	20.727	0	0
0.045752	1.7212	19.061	0.28835	1.1383	19.911	0.58715	1.316	20.14	0	0
0.045752	1.7212	19.061	-0.44551	1.2559	20.727	0.34502	1.172	20.878	0	0
0.045752	1.7212	19.061	0.58715	1.316	20.14	0.34502	1.172	20.878	0	0
0.28835	1.1383	18.885	0.58715	1.316	20.14	0.051352	0.73821	20.576	0	0
-0.30075	-0.65276	19.751	-0.38382	-0.26259	20.793	-0.423	-0.26574	21.556	0	0
-0.30075	-0.65276	19.751	-0.3939	-0.77024	21.538	-0.423	-0.26574	21.556	0	0
-0.38382	-0.26259	19.767	0.051352	0.73821	20.576	0.2381	0.44926	21.314	0	0
-0.38382	-0.26259	19.767	-0.423	-0.26574	21.556	0.2381	0.44926	21.314	0	0
-0.48658	0.37955	19.777	-0.44551	1.2559	20.727	-0.54335	1.2539	21.341	0	0
-0.48658	0.37955	19.777	-0.39635	0.5562	21.475	0.2381	0.44926	21.314	0	0
-0.48658	0.37955	19.777	-0.39635	0.5562	21.475	-1.3729	0.25606	21.372	0	0
-0.44551	1.2559	19.701	0.34502	1.172	20.878	-0.54335	1.2539	21.341	0	0
0.58715	1.316	19.114	0.051352	0.73821	20.576	0.656	1.2231	20.593	0	0
0.051352	0.73821	19.55	0.34502	1.172	20.878	0.656	1.2231	20.593	0	0
0.051352	0.73821	19.55	0.34502	1.172	20.878	0.2381	0.44926	21.314	0	0
-0.3939	-0.77024	20.511	-0.423	-0.26574	21.556	-0.59085	-0.65714	22.028	0	0
0.34502	1.172	19.851	-0.54335	1.2539	21.341	0.95315	1.598	21.969	0	0
0.34502	1.172	19.851	0.656	1.2231	20.593	0.85285	1.191	21.302	0	0
0.34502	1.172	19.851	0.3645	0.98856	21.495	0.85285	1.191	21.302	0	0
0.34502	1.172	19.851	0.3645	0.98856	21.495	0.2381	0.44926	21.314	0	0
-0.54335	1.2539	20.315	-0.25505	1.1246	22.068	0.95315	1.598	21.969	0	0
0.3645	0.98856	20.468	0.19025	1.0859	22.049	0.21475	0.67251	22.012	0	0
0.3645	0.98856	20.468	0.19025	1.0859	22.049	0.95315	1.598	21.969	0	0
0.3645	0.98856	20.468	0.85285	1.191	21.302	0.95315	1.598	21.969	0	0
0.3645	0.98856	20.468	0.21475	0.67251	22.012	0.2381	0.44926	21.314	0	0
-0.39635	0.5562	20.449	-0.423	-0.26574	21.556	-0.415	0.47006	22.041	0	0
-0.39635	0.5562	20.449	-0.423	-0.26574	21.556	-1.105	-0.074787	21.691	0	0
-0.39635	0.5562	20.449	-0.415	0.47006	22.041	0.2381	0.44926	21.314	0	0
-0.39635	0.5562	20.449	-1.105	-0.074787	21.691	-1.3729	0.25606	21.372	0	0
-0.423	-0.26574	20.53	-0.415	0.47006	22.041	-0.35988	-0.3019	22.122	0	0
-0.423	-0.26574	20.53	-0.59085	-0.65714	22.028	-1.105	-0.074787	21.691	0	0
-0.423	-0.26574	20.53	-0.35988	-0.3019	22.122	0.3372	-0.36624	22.18	0	0
-0.423	-0.26574	20.53	0.2381	0.44926	21.314	0.3372	-0.36624	22.18	0	0
-0.415	0.47006	21.015	-0.35988	-0.3019	22.122	-0.47126	0.4628	22.806	0	0
-0.415	0.47006	21.015	-0.25505	1.1246	22.068	0.21475	0.67251	22.012	0	0
-0.415	0.47006	21.015	-0.25505	1.1246	22.068	-0.26585	1.0335	22.716	0	0
-0.415	0.47006	21.015	0.21475	0.67251	22.012	0.2381	0.44926	21.314	0	0
-0.415	0.47006	21.015	-0.47126	0.4628	22.806	-0.26585	1.0335	22.716	0	0
-0.59085	-0.65714	21.002	-0.35988	-0.3019	22.122	-0.6199	-0.31859	22.825	0	0
-0.59085	-0.65714	21.002	-1.105	-0.074787	21.691	-1.1567	-0.12344	22.002	0	0
-0.59085	-0.65714	21.002	-1.1567	-0.12344	22.002	-1.1862	-0.4681	22.686	0	0
-0.59085	-0.65714	21.002	-0.6199	-0.31859	22.825	-1.1862	-0.4681	22.686	0	0
-0.35988	-0.3019	21.095	-0.56622	-0.76911	22.772	0.154	-0.21294	22.793	0	0
-0.35988	-0.3019	21.095	-0.47126	0.4628	22.806	-0.6199	-0.31859	22.825	0	0
-0.35988	-0.3019	21.095	0.154	-0.21294	22.793	0.3372	-0.36624	22.18	0	0
-0.25505	1.1246	21.041	0.19025	1.0859	22.049	0.21475	0.67251	22.012	0	0
-0.25505	1.1246	21.041	0.19025	1.0859	22.049	0.011352	1.0912	22.825	0	0
-0.25505	1.1246	21.041	-0.26585	1.0335	22.716	0.011352	1.0912	22.825	0	0
0.19025	1.0859	21.022	0.95315	1.598	21.969	0.011352	1.0912	22.825	0	0
0.85285	1.191	20.275	0.2381	0.44926	21.314	0.65595	-0.22354	22.245	0	0
-0.56622	-0.76911	21.746	-0.61585	-0.67474	23.591	-0.6199	-0.31859	22.825	0	0
-0.56622	-0.76911	21.746	-0.61585	-0.67474	23.591	-1.0935	-0.92016	22.872	0	0
-0.56622	-0.76911	21.746	-0.6199	-0.31859	22.825	-1.1862	-0.4681	22.686	0	0
-0.56622	-0.76911	21.746	-1.1862	-0.4681	22.686	-1.0935	-0.92016	22.872	0	0
-0.56622	-0.76911	21.746	0.154	-0.21294	22.793	0.3931	-0.63109	22.812	0	0
-0.47126	0.4628	21.78	-0.26585	1.0335	22.716	-0.45125	0.44716	23.551	0	0
-0.47126	0.4628	21.78	-0.6199	-0.31859	22.825	-0.45125	0.44716	23.551	0	0
-0.26585	1.0335	21.69	0.011352	1.0912	22.825	-0.19085	1.1827	23.58	0	0
-0.26585	1.0335	21.69	-0.45125	0.44716	23.551	-0.19085	1.1827	23.58	0	0
-0.61585	-0.67474	22.565	0.059185	-0.32804	23.606	-0.69795	-0.32734	23.565	0	0
-0.61585	-0.67474	22.565	0.059185	-0.32804	23.606	0.34065	-0.69554	23.591	0	0
-0.61585	-0.67474	22.565	-0.6199	-0.31859	22.825	-0.69795	-0.32734	23.565	0	0
-0.61585	-0.67474	22.565	-1.0935	-0.92016	22.872	-1.2522	-1.1001	23.588	0	0
-0.61585	-0.67474	22.565	-1.2522	-1.1001	23.588	-0.88495	-0.79124	24.23	0	0
-0.61585	-0.67474	22.565	-0.65755	-0.88027	24.238	-0.88495	-0.79124	24.23	0	0
-0.61585	-0.67474	22.565	-0.65755	-0.88027	24.238	0.20085	-0.77226	24.295	0	0
-0.61585	-0.67474	22.565	0.20085	-0.77226	24.295	0.34065	-0.69554	23.591	0	0
0.059185	-0.32804	22.58	0.2188	0.55101	23.55	-0.45125	0.44716	23.551	0	0
0.059185	-0.32804	22.58	0.2188	0.55101	23.55	0.25115	-0.20677	24.211	0	0
0.059185	-0.32804	22.58	-0.45125	0.44716	23.551	-0.56201	-0.20524	24.273	0	0
0.059185	-0.32804	22.58	-0.56201	-0.20524	24.273	0.20085	-0.77226	24.295	0	0
0.059185	-0.32804	22.58	0.20085	-0.77226	24.295	0.25115	-0.20677	24.211	0	0
0.059185	-0.32804	22.58	0.34065	-0.69554	23.591	0.3931	-0.63109	22.812	0	0
0.011352	1.0912	21.799	0.036752	1.1831	23.557	-0.19085	1.1827	23.58	0	0
0.2381	0.44926	20.288	0.3372	-0.36624	22.18	0.65595	-0.22354	22.245	0	0
-1.105	-0.074787	20.664	-1.1567	-0.12344	22.002	-1.5789	-0.13094	22.108	0	0
-1.105	-0.074787	20.664	-1.3729	0.25606	21.372	-1.5789	-0.13094	22.108	0	0
-1.1567	-0.12344	20.976	-1.1862	-0.4681	22.686	-1.5789	-0.13094	22.108	0	0
0.2188	0.55101	22.524	0.036752	1.1831	23.557	0.35425	0.57406	24.307	0	0
0.2188	0.55101	22.524	0.35425	0.57406	24.307	0.25115	-0.20677	24.211	0	0
0.2188	0.55101	22.524	0.84775	-0.62624	23.106	0.88052	-0.3274	22.704	0	0
-0.6199	-0.31859	21.799	-0.69795	-0.32734	23.565	-0.45125	0.44716	23.551	0	0
-1.1862	-0.4681	21.66	-1.0935	-0.92016	22.872	-1.7044	-0.7402	22.887	0	0
-1.1862	-0.4681	21.66	-1.5789	-0.13094	22.108	-1.7044	-0.7402	22.887	0	0
-1.0935	-0.92016	21.846	-1.2522	-1.1001	23.588	-1.7044	-0.7402	22.887	0	0
-0.69795	-0.32734	22.539	-0.45125	0.44716	23.551	-0.9193	-0.076787	24.143	0	0
-0.69795	-0.32734	22.539	-0.88495	-0.79124	24.23	-0.9193	-0.076787	24.143	0	0
-0.45125	0.44716	22.525	-0.19085	1.1827	23.58	-0.48988	0.57153	24.206	0	0
-0.45125	0.44716	22.525	-0.48988	0.57153	24.206	-0.9193	-0.076787	24.143	0	0
0.036752	1.1831	22.53	-0.19085	1.1827	23.58	-0.070648	1.5571	24.502	0	0
0.036752	1.1831	22.53	0.35425	0.57406	24.307	0.092302	1.2865	24.319	0	0
0.036752	1.1831	22.53	0.092302	1.2865	24.319	-0.070648	1.5571	24.502	0	0
-1.2522	-1.1001	22.562	-0.88495	-0.79124	24.23	-1.895	-1.1264	23.905	0	0
-1.2522	-1.1001	22.562	-1.7044	-0.7402	22.887	-1.8615	-0.94627	23.51	0	0
-1.2522	-1.1001	22.562	-1.8615	-0.94627	23.51	-1.895	-1.1264	23.905	0	0
-0.65755	-0.88027	23.212	-0.88495	-0.79124	24.23	-0.56235	-0.98259	24.845	0	0
-0.65755	-0.88027	23.212	-0.56235	-0.98259	24.845	0.20085	-0.77226	24.295	0	0
-0.88495	-0.79124	23.204	-0.56235	-0.98259	24.845	-0.90285	-0.61954	24.875	0	0
-0.88495	-0.79124	23.204	-0.90285	-0.61954	24.875	-1.895	-1.1264	23.905	0	0
-0.88495	-0.79124	23.204	-0.9193	-0.076787	24.143	-0.9921	-0.30204	24.834	0	0
-0.19085	1.1827	22.553	-0.48988	0.57153	24.206	-0.22925	1.1973	24.317	0	0
-0.19085	1.1827	22.553	-0.22925	1.1973	24.317	-0.070648	1.5571	24.502	0	0
0.35425	0.57406	23.28	0.092302	1.2865	24.319	0.19245	1.2739	25.036	0	0
0.35425	0.57406	23.28	0.19245	1.2739	25.036	0.66172	0.44816	24.975	0	0
0.35425	0.57406	23.28	0.25115	-0.20677	24.211	0.6572	-0.24529	24.815	0	0
0.35425	0.57406	23.28	0.66172	0.44816	24.975	0.6572	-0.24529	24.815	0	0
-0.56201	-0.20524	23.247	-0.48988	0.57153	24.206	0.17749	-0.20924	24.888	0	0
-0.56201	-0.20524	23.247	-0.60445	-0.36564	25.114	-0.89945	0.26706	24.422	0	0
-0.56201	-0.20524	23.247	0.20085	-0.77226	24.295	0.17749	-0.20924	24.888	0	0
-0.48988	0.57153	23.179	-0.22925	1.1973	24.317	-0.44528	1.1017	24.921	0	0
-0.48988	0.57153	23.179	-0.4588	0.81476	25.072	-0.44528	1.1017	24.921	0	0
-0.48988	0.57153	23.179	-0.4588	0.81476	25.072	-0.89945	0.26706	24.422	0	0
-0.48988	0.57153	23.179	-0.9193	-0.076787	24.143	-0.89945	0.26706	24.422	0	0
-0.48988	0.57153	23.179	0.23865	0.44446	25.084	0.17749	-0.20924	24.888	0	0
-0.56235	-0.98259	23.818	-0.90285	-0.61954	24.875	-0.60445	-0.36564	25.114	0	0
-0.56235	-0.98259	23.818	-0.60445	-0.36564	25.114	0.10852	-0.74714	24.903	0	0
-0.56235	-0.98259	23.818	0.20085	-0.77226	24.295	0.10852	-0.74714	24.903	0	0
-0.90285	-0.61954	23.848	-0.60445	-0.36564	25.114	-0.9921	-0.30204	24.834	0	0
0.092302	1.2865	23.292	-0.070648	1.5571	24.502	0.19245	1.2739	25.036	0	0
-0.22925	1.1973	23.291	-0.070648	1.5571	24.502	-0.44528	1.1017	24.921	0	0
-0.070648	1.5571	23.476	0.19245	1.2739	25.036	-0.018081	1.6022	25.037	0	0
-0.070648	1.5571	23.476	-0.018081	1.6022	25.037	-0.44528	1.1017	24.921	0	0
-0.60445	-0.36564	24.087	-0.42345	-0.73714	25.519	-0.62845	-0.29764	25.565	0	0
-0.60445	-0.36564	24.087	-0.62845	-0.29764	25.565	-0.89475	-0.064838	25.368	0	0
-0.60445	-0.36564	24.087	0.10852	-0.74714	24.903	0.17749	-0.20924	24.888	0	0
-0.60445	-0.36564	24.087	-0.4588	0.81476	25.072	-0.89945	0.26706	24.422	0	0
-0.60445	-0.36564	24.087	-0.9921	-0.30204	24.834	-0.89475	-0.064838	25.368	0	0
-0.60445	-0.36564	24.087	0.10345	0.32781	25.549	0.17749	-0.20924	24.888	0	0
-0.42345	-0.73714	24.492	-0.62845	-0.29764	25.565	-0.1227	-0.41594	26.058	0	0
-0.42345	-0.73714	24.492	0.10852	-0.74714	24.903	0.15392	-0.8914	25.526	0	0
-0.42345	-0.73714	24.492	-0.1227	-0.41594	26.058	0.15392	-0.8914	25.526	0	0
-0.62845	-0.29764	24.539	-0.89475	-0.064838	25.368	-0.53875	-0.15177	26.196	0	0
-0.62845	-0.29764	24.539	-0.4519	0.44011	25.569	-0.1227	-0.41594	26.058	0	0
-0.62845	-0.29764	24.539	-0.53875	-0.15177	26.196	-0.39071	-0.69007	26.436	0	0
0.20085	-0.77226	23.269	0.10852	-0.74714	24.903	0.6572	-0.24529	24.815	0	0
0.20085	-0.77226	23.269	0.25115	-0.20677	24.211	0.6572	-0.24529	24.815	0	0
0.20085	-0.77226	23.269	0.34065	-0.69554	23.591	0.77965	-0.91354	23.662	0	0
0.10852	-0.74714	23.876	0.17749	-0.20924	24.888	0.6572	-0.24529	24.815	0	0
-0.4588	0.81476	24.045	0.23865	0.44446	25.084	0.19245	1.2739	25.036	0	0
-0.4588	0.81476	24.045	0.23865	0.44446	25.084	-0.4519	0.44011	25.569	0	0
-0.4588	0.81476	24.045	0.19245	1.2739	25.036	-0.44528	1.1017	24.921	0	0
-0.4588	0.81476	24.045	-0.4519	0.44011	25.569	-0.5612	1.2395	25.561	0	0
-0.9193	-0.076787	23.116	-0.9921	-0.30204	24.834	-0.89945	0.26706	24.422	0	0
0.23865	0.44446	24.058	0.19245	1.2739	25.036	0.3303	1.0826	25.548	0	0
0.23865	0.44446	24.058	0.10345	0.32781	25.549	-0.4519	0.44011	25.569	0	0
0.23865	0.44446	24.058	0.10345	0.32781	25.549	0.81262	0.58566	25.648	0	0
0.23865	0.44446	24.058	0.17749	-0.20924	24.888	0.66172	0.44816	24.975	0	0
0.23865	0.44446	24.058	0.66172	0.44816	24.975	0.81262	0.58566	25.648	0	0
0.19245	1.2739	24.009	-0.018081	1.6022	25.037	0.075752	1.721	25.588	0	0
0.19245	1.2739	24.009	0.075752	1.721	25.588	0.3303	1.0826	25.548	0	0
0.19245	1.2739	24.009	0.66172	0.44816	24.975	0.81262	0.58566	25.648	0	0
-0.9921	-0.30204	23.807	-0.89475	-0.064838	25.368	-1.0342	0.36408	24.889	0	0
-0.9921	-0.30204	23.807	-0.89945	0.26706	24.422	-1.0342	0.36408	24.889	0	0
-0.89475	-0.064838	24.341	-0.53875	-0.15177	26.196	-1.1659	0.45924	25.541	0	0
-0.89475	-0.064838	24.341	-1.0342	0.36408	24.889	-1.1659	0.45924	25.541	0	0
-0.018081	1.6022	24.011	0.075752	1.721	25.588	-0.20965	1.5844	25.621	0	0
-0.018081	1.6022	24.011	-0.20965	1.5844	25.621	-0.5612	1.2395	25.561	0	0
-0.018081	1.6022	24.011	-0.44528	1.1017	24.921	-0.5612	1.2395	25.561	0	0
0.075752	1.721	24.562	-0.20965	1.5844	25.621	-0.44435	1.6571	26.418	0	0
0.075752	1.721	24.562	0.3303	1.0826	25.548	0.1939	1.1617	26.29	0	0
0.075752	1.721	24.562	-0.44435	1.6571	26.418	0.37085	2.2796	26.511	0	0
-0.20965	1.5844	24.595	-0.5612	1.2395	25.561	-0.44435	1.6571	26.418	0	0
0.10345	0.32781	24.523	-0.4519	0.44011	25.569	0.11317	0.45303	26.287	0	0
0.10345	0.32781	24.523	0.17749	-0.20924	24.888	0.26805	-0.25924	25.715	0	0
0.10345	0.32781	24.523	0.26805	-0.25924	25.715	0.11317	0.45303	26.287	0	0
-0.4519	0.44011	24.542	-0.53875	-0.15177	26.196	-1.1918	0.54756	26.238	0	0
-0.4519	0.44011	24.542	-0.5612	1.2395	25.561	-0.5522	1.2715	26.074	0	0
-0.4519	0.44011	24.542	-0.5522	1.2715	26.074	0.11317	0.45303	26.287	0	0
-0.53875	-0.15177	25.169	-0.39071	-0.69007	26.436	-0.1227	-0.41594	26.058	0	0
-0.53875	-0.15177	25.169	-0.1227	-0.41594	26.058	0.11317	0.45303	26.287	0	0
-0.53875	-0.15177	25.169	0.11317	0.45303	26.287	-1.171	0.66716	27.045	0	0
-0.53875	-0.15177	25.169	-1.1918	0.54756	26.238	-1.171	0.66716	27.045	0	0
-0.44528	1.1017	23.895	-0.5612	1.2395	25.561	-1.0336	0.96496	25.703	0	0
-0.44528	1.1017	23.895	-0.89945	0.26706	24.422	-1.0342	0.36408	24.889	0	0
-0.44528	1.1017	23.895	-1.0342	0.36408	24.889	-1.0336	0.96496	25.703	0	0
-0.5612	1.2395	24.535	-0.5522	1.2715	26.074	-1.0336	0.96496	25.703	0	0
0.3303	1.0826	24.521	0.1939	1.1617	26.29	0.81262	0.58566	25.648	0	0
-0.5522	1.2715	25.047	-0.44435	1.6571	26.418	0.1939	1.1617	26.29	0	0
-0.5522	1.2715	25.047	-0.44435	1.6571	26.418	-1.0762	1.135	26.383	0	0
-0.5522	1.2715	25.047	0.11317	0.45303	26.287	0.1939	1.1617	26.29	0	0
-0.5522	1.2715	25.047	-1.0336	0.96496	25.703	-1.0762	1.135	26.383	0	0
-0.44435	1.6571	25.392	0.1939	1.1617	26.29	0.2694	1.8699	26.383	0	0
-0.44435	1.6571	25.392	0.2694	1.8699	26.383	-0.44275	1.8337	27.102	0	0
-0.44435	1.6571	25.392	-0.44275	1.8337	27.102	-1.1561	1.2942	27.092	0	0
-0.44435	1.6571	25.392	-1.1561	1.2942	27.092	-1.0762	1.135	26.383	0	0
-0.1227	-0.41594	25.032	0.15392	-0.8914	25.526	0.26805	-0.25924	25.715	0	0
-0.1227	-0.41594	25.032	0.26805	-0.25924	25.715	0.11317	0.45303	26.287	0	0
0.34065	-0.69554	22.564	0.77965	-0.91354	23.662	0.84775	-0.62624	23.106	0	0
0.34065	-0.69554	22.564	0.3931	-0.63109	22.812	0.84775	-0.62624	23.106	0	0
0.17749	-0.20924	23.862	0.15392	-0.8914	25.526	0.26805	-0.25924	25.715	0	0
0.17749	-0.20924	23.862	0.66172	0.44816	24.975	0.6572	-0.24529	24.815	0	0
0.154	-0.21294	21.767	0.3931	-0.63109	22.812	0.3372	-0.36624	22.18	0	0
0.11317	0.45303	25.26	0.1939	1.1617	26.29	0.72342	1.0219	26.401	0	0
0.11317	0.45303	25.26	-1.171	0.66716	27.045	-0.29025	1.3411	27.202	0	0
0.11317	0.45303	25.26	-0.29025	1.3411	27.202	0.8639	0.62481	26.575	0	0
0.11317	0.45303	25.26	0.72342	1.0219	26.401	0.8639	0.62481	26.575	0	0
0.1939	1.1617	25.264	0.2694	1.8699	26.383	0.72342	1.0219	26.401	0	0
0.2694	1.8699	25.357	0.37085	2.2796	26.511	0.30568	1.9962	27.098	0	0
0.2694	1.8699	25.357	0.37085	2.2796	26.511	0.72342	1.0219	26.401	0	0
0.2694	1.8699	25.357	-0.44275	1.8337	27.102	0.30568	1.9962	27.098	0	0
0.37085	2.2796	25.485	0.30568	1.9962	27.098	0.44235	2.2929	27.586	0	0
0.37085	2.2796	25.485	0.72342	1.0219	26.401	1.1543	1.0309	27.023	0	0
-1.1918	0.54756	25.212	-1.5835	0.40701	26.386	-1.1659	0.45924	25.541	0	0
-1.1918	0.54756	25.212	-1.5835	0.40701	26.386	-1.6032	0.93386	26.667	0	0
-1.1918	0.54756	25.212	-1.1659	0.45924	25.541	-1.0336	0.96496	25.703	0	0
-1.1918	0.54756	25.212	-1.6032	0.93386	26.667	-1.0762	1.135	26.383	0	0
-1.1918	0.54756	25.212	-1.0336	0.96496	25.703	-1.0762	1.135	26.383	0	0
-1.171	0.66716	26.019	-0.29025	1.3411	27.202	-1.1561	1.2942	27.092	0	0
-0.44275	1.8337	26.075	-0.40083	1.9232	27.751	0.10825	2.1963	27.576	0	0
-0.44275	1.8337	26.075	-0.40083	1.9232	27.751	-1.4209	1.5539	27.532	0	0
-0.44275	1.8337	26.075	0.30568	1.9962	27.098	0.10825	2.1963	27.576	0	0
-0.44275	1.8337	26.075	-1.1561	1.2942	27.092	-1.4209	1.5539	27.532	0	0
-0.29025	1.3411	26.176	-0.40083	1.9232	27.751	-1.3147	1.1609	27.813	0	0
-0.29025	1.3411	26.176	0.30568	1.9962	27.098	1.1543	1.0309	27.023	0	0
-0.29025	1.3411	26.176	-1.3147	1.1609	27.813	-1.1561	1.2942	27.092	0	0
-0.29025	1.3411	26.176	0.8639	0.62481	26.575	1.1543	1.0309	27.023	0	0
-0.40083	1.9232	26.724	-1.3147	1.1609	27.813	-0.71142	1.9394	28.343	0	0
-0.40083	1.9232	26.724	-0.71142	1.9394	28.343	0.11445	2.2429	28.089	0	0
-0.40083	1.9232	26.724	-1.2985	1.9022	28.368	-1.7246	2.1012	28.149	0	0
-0.40083	1.9232	26.724	0.10825	2.1963	27.576	0.11445	2.2429	28.089	0	0
-0.40083	1.9232	26.724	-1.4209	1.5539	27.532	-1.6492	1.7615	27.739	0	0
-0.40083	1.9232	26.724	-1.7246	2.1012	28.149	-1.6492	1.7615	27.739	0	0
0.30568	1.9962	26.072	0.10825	2.1963	27.576	0.44235	2.2929	27.586	0	0
-1.3147	1.1609	26.787	-0.71142	1.9394	28.343	-1.2985	1.9022	28.368	0	0
-1.3147	1.1609	26.787	-1.2985	1.9022	28.368	-1.7044	1.4623	28.538	0	0
-0.71142	1.9394	27.317	-1.2985	1.9022	28.368	-1.1185	2.4661	28.989	0	0
-0.71142	1.9394	27.317	0.11445	2.2429	28.089	-0.72875	2.4381	29.56	0	0
-0.71142	1.9394	27.317	-1.1185	2.4661	28.989	-0.72875	2.4381	29.56	0	0
-1.2985	1.9022	27.342	-1.7246	2.1012	28.149	-1.7316	2.4308	28.501	0	0
-1.2985	1.9022	27.342	-1.7316	2.4308	28.501	-1.1185	2.4661	28.989	0	0
0.3931	-0.63109	21.785	0.3372	-0.36624	22.18	0.65595	-0.22354	22.245	0	0
0.3931	-0.63109	21.785	0.84775	-0.62624	23.106	0.88052	-0.3274	22.704	0	0
0.3931	-0.63109	21.785	0.65595	-0.22354	22.245	0.88052	-0.3274	22.704	0	0
0.72342	1.0219	25.375	0.8639	0.62481	26.575	1.1543	1.0309	27.023	0	0
-1.0342	0.36408	23.863	-1.1659	0.45924	25.541	-1.0336	0.96496	25.703	0	0
-1.1561	1.2942	26.066	-1.4209	1.5539	27.532	-1.7671	1.1124	26.986	0	0
-1.1561	1.2942	26.066	-1.6032	0.93386	26.667	-1.7671	1.1124	26.986	0	0
-1.1561	1.2942	26.066	-1.6032	0.93386	26.667	-1.0762	1.135	26.383	0	0
0.10825	2.1963	26.55	0.44235	2.2929	27.586	0.11445	2.2429	28.089	0	0
-1.4209	1.5539	26.505	-1.7671	1.1124	26.986	-1.6492	1.7615	27.739	0	0
-1.7316	2.4308	27.475	-1.1185	2.4661	28.989	-1.7713	2.7764	28.897	0	0
-1.1185	2.4661	27.962	-1.7713	2.7764	28.897	-1.6864	2.9906	29.15	0	0
-1.1185	2.4661	27.962	-0.72875	2.4381	29.56	-1.1639	2.6667	29.562	0	0
-1.1185	2.4661	27.962	-1.1639	2.6667	29.562	-1.6864	2.9906	29.15	0	0
-1.1639	2.6667	28.535	-1.6947	2.9989	29.58	-1.6864	2.9906	29.15	0	0
