-0.3475	-0.70784	0.031499	-0.41155	-0.34074	1.0263	-0.22515	-0.60134	1.8261	0	0
-0.41155	-0.34074	0	-0.087748	-0.21784	1.0423	-0.37868	0.45443	1.0936	0	0
-0.41155	-0.34074	0	-0.087748	-0.21784	1.0423	-0.1292	-0.21974	1.7978	0	0
-0.41155	-0.34074	0	-0.37868	0.45443	1.0936	-0.36431	0.45368	1.7658	0	0
-0.41155	-0.34074	0	-0.22515	-0.60134	1.8261	-0.1292	-0.21974	1.7978	0	0
-0.087748	-0.21784	0.015999	-0.37868	0.45443	1.0936	0.077885	0.65153	1.042	0	0
-0.087748	-0.21784	0.015999	0.077885	0.65153	1.042	0.58995	0.54246	1.7331	0	0
-0.087748	-0.21784	0.015999	-0.1292	-0.21974	1.7978	0.58995	0.54246	1.7331	0	0
-0.37868	0.45443	0.0673	0.077885	0.65153	1.042	0.090202	1.1281	1.0615	0	0
-0.37868	0.45443	0.0673	-0.36431	0.45368	1.7658	-0.23335	1.161	2.1406	0	0
-0.37868	0.45443	0.0673	0.090202	1.1281	1.0615	-0.23335	1.161	2.1406	0	0
-0.22515	-0.60134	0.79975	-0.1292	-0.21974	1.7978	0.21832	-0.029304	2.3827	0	0
-0.22515	-0.60134	0.79975	-0.15305	-0.60444	2.5182	0.21832	-0.029304	2.3827	0	0
0.077885	0.65153	0.015633	0.090202	1.1281	1.0615	0.65045	1.0875	1.0299	0	0
0.077885	0.65153	0.015633	0.65045	1.0875	1.0299	0.58995	0.54246	1.7331	0	0
-0.1292	-0.21974	0.77145	-0.36431	0.45368	1.7658	-0.53225	-0.15794	2.129	0	0
-0.1292	-0.21974	0.77145	-0.36431	0.45368	1.7658	0.17911	0.61674	1.8577	0	0
-0.1292	-0.21974	0.77145	-0.53225	-0.15794	2.129	-0.15305	-0.60444	2.5182	0	0
-0.1292	-0.21974	0.77145	0.58995	0.54246	1.7331	0.21832	-0.029304	2.3827	0	0
-0.36431	0.45368	0.7395	-0.53225	-0.15794	2.129	-0.33152	0.41281	2.5918	0	0
-0.36431	0.45368	0.7395	-0.33152	0.41281	2.5918	-0.23335	1.161	2.1406	0	0
0.090202	1.1281	0.03515	0.65045	1.0875	1.0299	0.2262	1.2084	1.817	0	0
0.090202	1.1281	0.03515	0.2262	1.2084	1.817	-0.23335	1.161	2.1406	0	0
-0.53225	-0.15794	1.1027	-0.33152	0.41281	2.5918	-0.13415	-0.24834	3.0499	0	0
0.65045	1.0875	0.003549	0.58995	0.54246	1.7331	0.65255	1.1118	1.7913	0	0
0.65045	1.0875	0.003549	0.2262	1.2084	1.817	0.65255	1.1118	1.7913	0	0
0.58995	0.54246	0.7068	0.17911	0.61674	1.8577	0.21832	-0.029304	2.3827	0	0
0.58995	0.54246	0.7068	0.17911	0.61674	1.8577	0.65255	1.1118	1.7913	0	0
0.17911	0.61674	0.83138	0.21832	-0.029304	2.3827	0.1928	0.65786	2.5434	0	0
0.17911	0.61674	0.83138	0.2262	1.2084	1.817	0.65255	1.1118	1.7913	0	0
0.17911	0.61674	0.83138	0.2262	1.2084	1.817	-0.23335	1.161	2.1406	0	0
0.17911	0.61674	0.83138	0.1928	0.65786	2.5434	-0.23335	1.161	2.1406	0	0
-0.15305	-0.60444	1.4919	0.21832	-0.029304	2.3827	-0.13415	-0.24834	3.0499	0	0
-0.15305	-0.60444	1.4919	-0.13415	-0.24834	3.0499	-0.20925	-0.38654	3.2845	0	0
0.21832	-0.029304	1.3563	0.1928	0.65786	2.5434	0.019302	0.37346	3.2258	0	0
0.21832	-0.029304	1.3563	-0.13415	-0.24834	3.0499	0.019302	0.37346	3.2258	0	0
-0.33152	0.41281	1.5654	0.019302	0.37346	3.2258	-0.19325	0.5944	3.2322	0	0
-0.33152	0.41281	1.5654	-0.19325	0.5944	3.2322	-0.24735	1.2865	3.1824	0	0
-0.33152	0.41281	1.5654	-0.23335	1.161	2.1406	-0.24735	1.2865	3.1824	0	0
0.1928	0.65786	1.5171	0.19635	1.1336	2.5602	0.59565	1.1524	2.462	0	0
0.1928	0.65786	1.5171	0.19635	1.1336	2.5602	-0.23335	1.161	2.1406	0	0
0.1928	0.65786	1.5171	0.59565	1.1524	2.462	0.58445	0.89706	3.0215	0	0
0.1928	0.65786	1.5171	0.019302	0.37346	3.2258	0.58445	0.89706	3.0215	0	0
-0.13415	-0.24834	2.0236	-0.20925	-0.38654	3.2845	0.019302	0.37346	3.2258	0	0
0.19635	1.1336	1.5339	0.58445	0.89706	3.0215	0.088202	1.1438	3.2618	0	0
0.19635	1.1336	1.5339	0.088202	1.1438	3.2618	-0.24735	1.2865	3.1824	0	0
0.19635	1.1336	1.5339	-0.23335	1.161	2.1406	-0.24735	1.2865	3.1824	0	0
-0.20925	-0.38654	2.2582	0.019302	0.37346	3.2258	-0.16545	-0.28084	4.0561	0	0
-0.20925	-0.38654	2.2582	-0.35048	-0.63784	3.8856	-0.16545	-0.28084	4.0561	0	0
0.019302	0.37346	2.1995	-0.19325	0.5944	3.2322	0.19198	0.45409	3.8968	0	0
0.019302	0.37346	2.1995	0.58445	0.89706	3.0215	0.5727	0.89226	3.8548	0	0
0.019302	0.37346	2.1995	-0.16545	-0.28084	4.0561	0.19198	0.45409	3.8968	0	0
-0.19325	0.5944	2.2059	0.19198	0.45409	3.8968	-0.17965	0.74516	4.0608	0	0
-0.19325	0.5944	2.2059	-0.24735	1.2865	3.1824	-0.17965	0.74516	4.0608	0	0
0.58445	0.89706	1.9952	0.088202	1.1438	3.2618	0.5727	0.89226	3.8548	0	0
0.088202	1.1438	2.2354	-0.24735	1.2865	3.1824	0.11245	1.1443	4.0705	0	0
0.088202	1.1438	2.2354	0.5727	0.89226	3.8548	0.11245	1.1443	4.0705	0	0
-0.35048	-0.63784	2.8592	-0.16545	-0.28084	4.0561	-0.2666	-0.57164	4.7374	0	0
-0.16545	-0.28084	3.0298	0.19198	0.45409	3.8968	0.12835	-0.030738	4.352	0	0
-0.16545	-0.28084	3.0298	0.12835	-0.030738	4.352	-0.15805	-0.24374	4.5619	0	0
-0.16545	-0.28084	3.0298	-0.15805	-0.24374	4.5619	-0.2666	-0.57164	4.7374	0	0
0.19198	0.45409	2.8704	0.5727	0.89226	3.8548	0.2311	0.63296	4.6118	0	0
0.19198	0.45409	2.8704	-0.17965	0.74516	4.0608	-0.1763	0.49556	4.57	0	0
0.19198	0.45409	2.8704	0.12835	-0.030738	4.352	0.2311	0.63296	4.6118	0	0
-0.24735	1.2865	2.1561	-0.17965	0.74516	4.0608	-0.41335	1.134	4.6148	0	0
-0.24735	1.2865	2.1561	0.11245	1.1443	4.0705	-0.41335	1.134	4.6148	0	0
0.5727	0.89226	2.8285	0.11245	1.1443	4.0705	0.23795	1.2918	4.5479	0	0
0.5727	0.89226	2.8285	0.2311	0.63296	4.6118	0.60185	0.89616	4.6843	0	0
0.5727	0.89226	2.8285	0.23795	1.2918	4.5479	0.60185	0.89616	4.6843	0	0
-0.17965	0.74516	3.0345	-0.1763	0.49556	4.57	-0.41335	1.134	4.6148	0	0
0.12835	-0.030738	3.3257	-0.1763	0.49556	4.57	-0.15805	-0.24374	4.5619	0	0
0.12835	-0.030738	3.3257	0.2311	0.63296	4.6118	-0.13315	-0.26594	5.0635	0	0
0.11245	1.1443	3.0442	-0.41335	1.134	4.6148	0.23795	1.2918	4.5479	0	0
-0.1763	0.49556	3.5437	-0.15805	-0.24374	4.5619	-0.13315	-0.26594	5.0635	0	0
-0.1763	0.49556	3.5437	-0.13315	-0.26594	5.0635	-0.39075	0.5507	5.3515	0	0
-0.1763	0.49556	3.5437	-0.41335	1.134	4.6148	-0.39075	0.5507	5.3515	0	0
-0.15805	-0.24374	3.5356	-0.2666	-0.57164	4.7374	-0.13315	-0.26594	5.0635	0	0
-0.2666	-0.57164	3.7111	-0.13315	-0.26594	5.0635	-0.40125	-0.59064	5.3859	0	0
0.2311	0.63296	3.5854	-0.13315	-0.26594	5.0635	0.035852	0.38686	5.6041	0	0
0.2311	0.63296	3.5854	0.035852	0.38686	5.6041	0.60185	0.89616	4.6843	0	0
-0.13315	-0.26594	4.0372	-0.36955	-0.2854	5.3799	-0.40125	-0.59064	5.3859	0	0
-0.13315	-0.26594	4.0372	-0.36955	-0.2854	5.3799	0.035852	0.38686	5.6041	0	0
-0.41335	1.134	3.5884	0.23795	1.2918	4.5479	-0.40672	1.1238	5.295	0	0
-0.41335	1.134	3.5884	-0.39075	0.5507	5.3515	-0.40672	1.1238	5.295	0	0
0.23795	1.2918	3.5216	0.2735	1.0969	5.3112	0.60185	0.89616	4.6843	0	0
0.23795	1.2918	3.5216	0.2735	1.0969	5.3112	-0.40672	1.1238	5.295	0	0
-0.36955	-0.2854	4.3535	-0.40125	-0.59064	5.3859	-0.32761	-0.32944	6.058	0	0
-0.36955	-0.2854	4.3535	0.035852	0.38686	5.6041	-0.32761	-0.32944	6.058	0	0
-0.40125	-0.59064	4.3596	-0.32761	-0.32944	6.058	-0.45215	-0.71554	6.0998	0	0
-0.39075	0.5507	4.3252	0.035852	0.38686	5.6041	0.2735	1.0969	5.3112	0	0
-0.39075	0.5507	4.3252	0.2735	1.0969	5.3112	-0.40672	1.1238	5.295	0	0
0.035852	0.38686	4.5778	0.2735	1.0969	5.3112	0.32645	1.112	6.0266	0	0
0.035852	0.38686	4.5778	-0.32761	-0.32944	6.058	-0.1037	0.50781	6.0765	0	0
0.035852	0.38686	4.5778	0.32645	1.112	6.0266	-0.1037	0.50781	6.0765	0	0
0.2735	1.0969	4.2849	0.60185	0.89616	4.6843	0.32645	1.112	6.0266	0	0
-0.32761	-0.32944	5.0317	-0.45215	-0.71554	6.0998	-0.3167	-0.29826	6.6523	0	0
-0.32761	-0.32944	5.0317	-0.1037	0.50781	6.0765	-0.3167	-0.29826	6.6523	0	0
0.32645	1.112	5.0003	-0.1037	0.50781	6.0765	0.30095	1.1021	6.8031	0	0
-0.45215	-0.71554	5.0735	-0.3167	-0.29826	6.6523	-0.59195	-0.91369	6.7385	0	0
-0.1037	0.50781	5.0502	-0.3167	-0.29826	6.6523	-0.13598	0.39563	6.7364	0	0
-0.1037	0.50781	5.0502	-0.13598	0.39563	6.7364	0.30095	1.1021	6.8031	0	0
-0.3167	-0.29826	5.6259	-0.13598	0.39563	6.7364	-0.42788	-0.25034	7.4039	0	0
-0.3167	-0.29826	5.6259	-0.59195	-0.91369	6.7385	-0.42788	-0.25034	7.4039	0	0
-0.13598	0.39563	5.7101	0.30095	1.1021	6.8031	-0.11615	0.77816	7.5529	0	0
-0.13598	0.39563	5.7101	-0.42788	-0.25034	7.4039	-0.11615	0.77816	7.5529	0	0
-0.59195	-0.91369	5.7121	-0.42788	-0.25034	7.4039	-0.56585	-0.73734	7.548	0	0
-0.59195	-0.91369	5.7121	-0.94701	-1.0701	7.415	-0.56585	-0.73734	7.548	0	0
0.30095	1.1021	5.7767	-0.11615	0.77816	7.5529	0.2734	1.0952	7.5373	0	0
-0.42788	-0.25034	6.3776	-0.56585	-0.73734	7.548	-0.4124	-0.22374	8.0443	0	0
-0.42788	-0.25034	6.3776	-0.54988	0.3956	7.5862	-0.11615	0.77816	7.5529	0	0
-0.42788	-0.25034	6.3776	-0.54988	0.3956	7.5862	-0.4124	-0.22374	8.0443	0	0
-0.94701	-1.0701	6.3887	-0.56585	-0.73734	7.548	-0.62795	-0.78214	8.0021	0	0
-0.94701	-1.0701	6.3887	-0.62795	-0.78214	8.0021	-1.0538	-0.90764	8.1021	0	0
-0.56585	-0.73734	6.5217	-0.4124	-0.22374	8.0443	-0.62795	-0.78214	8.0021	0	0
-0.54988	0.3956	6.5599	-0.11615	0.77816	7.5529	-0.51378	1.1669	7.4114	0	0
-0.54988	0.3956	6.5599	-0.51378	1.1669	7.4114	-0.4791	1.2056	8.0208	0	0
-0.54988	0.3956	6.5599	-0.4124	-0.22374	8.0443	-0.4438	0.46864	8.0486	0	0
-0.54988	0.3956	6.5599	-0.4438	0.46864	8.0486	-0.4791	1.2056	8.0208	0	0
-0.11615	0.77816	6.5266	-0.51378	1.1669	7.4114	0.2734	1.0952	7.5373	0	0
-0.51378	1.1669	6.385	0.2734	1.0952	7.5373	0.026352	1.5502	7.4657	0	0
-0.51378	1.1669	6.385	0.026352	1.5502	7.4657	-0.28695	1.5502	7.7489	0	0
-0.51378	1.1669	6.385	-0.28695	1.5502	7.7489	-0.4791	1.2056	8.0208	0	0
0.2734	1.0952	6.511	-0.4124	-0.22374	8.0443	0.2581	1.0921	8.0847	0	0
0.2734	1.0952	6.511	0.026352	1.5502	7.4657	0.2581	1.0921	8.0847	0	0
-0.4124	-0.22374	7.0179	-0.62795	-0.78214	8.0021	-0.89135	-0.40644	8.3197	0	0
-0.4124	-0.22374	7.0179	-0.4438	0.46864	8.0486	-0.89135	-0.40644	8.3197	0	0
-0.4124	-0.22374	7.0179	0.2581	1.0921	8.0847	0.18565	0.81736	8.7878	0	0
-0.4124	-0.22374	7.0179	0.18565	0.81736	8.7878	-0.4245	-0.22426	8.8192	0	0
-0.62795	-0.78214	6.9758	-1.0538	-0.90764	8.1021	-0.89135	-0.40644	8.3197	0	0
-0.4438	0.46864	7.0223	-0.4791	1.2056	8.0208	-0.46324	0.48506	8.815	0	0
-0.4438	0.46864	7.0223	-0.89135	-0.40644	8.3197	-0.46324	0.48506	8.815	0	0
-1.0538	-0.90764	7.0758	-0.89135	-0.40644	8.3197	-0.54655	-0.74849	8.802	0	0
-1.0538	-0.90764	7.0758	-0.54655	-0.74849	8.802	-0.85995	-1.0273	9.7054	0	0
0.026352	1.5502	6.4394	-0.28695	1.5502	7.7489	-0.034448	1.5586	8.1141	0	0
0.026352	1.5502	6.4394	0.2581	1.0921	8.0847	-0.034448	1.5586	8.1141	0	0
-0.28695	1.5502	6.7226	-0.31265	1.5695	7.8874	-0.4791	1.2056	8.0208	0	0
-0.28695	1.5502	6.7226	-0.31265	1.5695	7.8874	-0.034448	1.5586	8.1141	0	0
0.2581	1.0921	7.0584	-0.034448	1.5586	8.1141	0.038052	1.586	8.4944	0	0
0.2581	1.0921	7.0584	0.038052	1.586	8.4944	0.15865	1.3202	8.8175	0	0
0.2581	1.0921	7.0584	0.18565	0.81736	8.7878	0.15865	1.3202	8.8175	0	0
-0.31265	1.5695	6.8611	-0.4791	1.2056	8.0208	-0.16725	1.5609	8.5345	0	0
-0.31265	1.5695	6.8611	-0.034448	1.5586	8.1141	-0.16725	1.5609	8.5345	0	0
-0.4791	1.2056	6.9945	-0.16725	1.5609	8.5345	-0.43757	1.192	8.8144	0	0
-0.4791	1.2056	6.9945	-0.46324	0.48506	8.815	-0.43757	1.192	8.8144	0	0
-0.89135	-0.40644	7.2934	-0.54655	-0.74849	8.802	-0.4245	-0.22426	8.8192	0	0
-0.89135	-0.40644	7.2934	-0.4245	-0.22426	8.8192	-0.46324	0.48506	8.815	0	0
-0.034448	1.5586	7.0878	0.038052	1.586	8.4944	-0.16725	1.5609	8.5345	0	0
0.038052	1.586	7.4681	-0.16725	1.5609	8.5345	-0.2822	1.5457	9.3801	0	0
0.038052	1.586	7.4681	0.15865	1.3202	8.8175	-0.2822	1.5457	9.3801	0	0
-0.16725	1.5609	7.5082	-0.43757	1.192	8.8144	-0.2822	1.5457	9.3801	0	0
0.18565	0.81736	7.7615	-0.4245	-0.22426	8.8192	0.099852	0.53146	9.6678	0	0
0.18565	0.81736	7.7615	0.15865	1.3202	8.8175	0.1686	1.0787	9.5365	0	0
0.18565	0.81736	7.7615	0.1686	1.0787	9.5365	0.099852	0.53146	9.6678	0	0
-0.54655	-0.74849	7.7756	-0.4245	-0.22426	8.8192	-0.54215	-0.73694	9.5497	0	0
-0.54655	-0.74849	7.7756	-0.54215	-0.73694	9.5497	-0.85995	-1.0273	9.7054	0	0
-0.4245	-0.22426	7.7929	-0.54215	-0.73694	9.5497	-0.40325	-0.23239	9.5557	0	0
-0.4245	-0.22426	7.7929	-0.40325	-0.23239	9.5557	0.099852	0.53146	9.6678	0	0
-0.46324	0.48506	7.7886	-0.43757	1.192	8.8144	-0.50717	0.49754	9.5691	0	0
-0.46324	0.48506	7.7886	-0.40325	-0.23239	9.5557	-0.50717	0.49754	9.5691	0	0
-0.43757	1.192	7.7881	-0.2822	1.5457	9.3801	-0.4315	1.1788	9.5592	0	0
-0.43757	1.192	7.7881	-0.50717	0.49754	9.5691	-0.4315	1.1788	9.5592	0	0
0.15865	1.3202	7.7912	-0.2822	1.5457	9.3801	0.1686	1.0787	9.5365	0	0
-0.54215	-0.73694	8.5234	-0.40325	-0.23239	9.5557	-0.39457	-0.35364	10.274	0	0
-0.54215	-0.73694	8.5234	-0.85995	-1.0273	9.7054	-0.65628	-0.8273	10.225	0	0
-0.54215	-0.73694	8.5234	-0.65628	-0.8273	10.225	-0.39457	-0.35364	10.274	0	0
-0.40325	-0.23239	8.5294	-0.50717	0.49754	9.5691	-0.50472	0.53016	10.263	0	0
-0.40325	-0.23239	8.5294	-0.39457	-0.35364	10.274	-0.50472	0.53016	10.263	0	0
-0.2822	1.5457	8.3537	0.1686	1.0787	9.5365	-0.016698	1.5936	10.331	0	0
-0.2822	1.5457	8.3537	-0.4315	1.1788	9.5592	-0.25145	1.5798	10.313	0	0
-0.2822	1.5457	8.3537	-0.25145	1.5798	10.313	-0.016698	1.5936	10.331	0	0
0.1686	1.0787	8.5102	0.099852	0.53146	9.6678	0.23665	0.83626	10.139	0	0
0.1686	1.0787	8.5102	0.23665	0.83626	10.139	0.10795	1.333	10.31	0	0
0.1686	1.0787	8.5102	-0.016698	1.5936	10.331	0.10795	1.333	10.31	0	0
-0.50717	0.49754	8.5427	-0.4315	1.1788	9.5592	-0.50472	0.53016	10.263	0	0
0.099852	0.53146	8.6415	-0.39457	-0.35364	10.274	0.23665	0.83626	10.139	0	0
-0.65628	-0.8273	9.1986	-0.39457	-0.35364	10.274	-0.42485	-0.68119	11.11	0	0
-0.39457	-0.35364	9.2478	0.23665	0.83626	10.139	0.17135	0.54336	11.136	0	0
-0.39457	-0.35364	9.2478	-0.50472	0.53016	10.263	-0.35848	-0.20897	10.899	0	0
-0.39457	-0.35364	9.2478	-0.35848	-0.20897	10.899	-0.42485	-0.68119	11.11	0	0
-0.4315	1.1788	8.5329	-0.50472	0.53016	10.263	-0.4806	1.1799	10.32	0	0
-0.4315	1.1788	8.5329	-0.4806	1.1799	10.32	-0.25145	1.5798	10.313	0	0
0.23665	0.83626	9.1124	0.10795	1.333	10.31	0.21739	1.0475	10.913	0	0
0.23665	0.83626	9.1124	0.21739	1.0475	10.913	0.17135	0.54336	11.136	0	0
-0.50472	0.53016	9.2364	-0.4806	1.1799	10.32	-0.40839	0.43862	10.972	0	0
-0.50472	0.53016	9.2364	-0.35848	-0.20897	10.899	-0.40839	0.43862	10.972	0	0
-0.4806	1.1799	9.2938	-0.25145	1.5798	10.313	-0.36515	1.6128	11.053	0	0
-0.4806	1.1799	9.2938	-0.36515	1.6128	11.053	-0.52258	1.2767	11.081	0	0
-0.4806	1.1799	9.2938	-0.52258	1.2767	11.081	-0.40839	0.43862	10.972	0	0
-0.35848	-0.20897	9.8729	-0.40839	0.43862	10.972	-0.3805	-0.25454	11.548	0	0
-0.35848	-0.20897	9.8729	-0.42485	-0.68119	11.11	-0.3805	-0.25454	11.548	0	0
-0.25145	1.5798	9.2866	-0.016698	1.5936	10.331	-0.36515	1.6128	11.053	0	0
-0.016698	1.5936	9.3044	0.10795	1.333	10.31	-0.012848	1.6031	11.064	0	0
-0.016698	1.5936	9.3044	-0.012848	1.6031	11.064	-0.36515	1.6128	11.053	0	0
0.10795	1.333	9.284	0.21739	1.0475	10.913	-0.012848	1.6031	11.064	0	0
0.21739	1.0475	9.8871	-0.012848	1.6031	11.064	0.2639	1.1164	11.541	0	0
0.21739	1.0475	9.8871	0.17135	0.54336	11.136	0.2639	1.1164	11.541	0	0
-0.36515	1.6128	10.026	-0.52258	1.2767	11.081	-0.51385	1.2237	11.577	0	0
-0.52258	1.2767	10.054	-0.40839	0.43862	10.972	-0.47425	0.49099	11.542	0	0
-0.52258	1.2767	10.054	-0.47425	0.49099	11.542	-0.51385	1.2237	11.577	0	0
-0.40839	0.43862	9.946	-0.3805	-0.25454	11.548	-0.47425	0.49099	11.542	0	0
0.17135	0.54336	10.11	0.14235	0.54886	11.383	0.2639	1.1164	11.541	0	0
-0.42485	-0.68119	10.083	-0.3805	-0.25454	11.548	-0.73568	-0.83094	11.678	0	0
-0.3805	-0.25454	10.522	-0.73568	-0.83094	11.678	-0.96105	-0.55514	11.959	0	0
-0.3805	-0.25454	10.522	-0.47425	0.49099	11.542	-0.45897	0.4671	12.308	0	0
-0.3805	-0.25454	10.522	-0.96105	-0.55514	11.959	-0.37735	-0.30974	12.377	0	0
-0.3805	-0.25454	10.522	-0.37735	-0.30974	12.377	-0.45897	0.4671	12.308	0	0
-0.73568	-0.83094	10.652	-0.96105	-0.55514	11.959	-0.86515	-0.80664	12.027	0	0
-0.47425	0.49099	10.516	-0.51385	1.2237	11.577	-0.46937	1.2148	12.265	0	0
-0.47425	0.49099	10.516	-0.45897	0.4671	12.308	-0.46937	1.2148	12.265	0	0
-0.96105	-0.55514	10.932	-0.86515	-0.80664	12.027	-0.37735	-0.30974	12.377	0	0
-0.86515	-0.80664	11.001	-0.68505	-0.91876	12.451	-0.37735	-0.30974	12.377	0	0
-0.68505	-0.91876	11.424	-0.37735	-0.30974	12.377	-0.6718	-0.79579	12.916	0	0
-0.37735	-0.30974	11.351	-0.45897	0.4671	12.308	-0.45517	0.47934	13.071	0	0
-0.37735	-0.30974	11.351	-0.6718	-0.79579	12.916	-0.38811	-0.35657	12.961	0	0
-0.37735	-0.30974	11.351	-0.38811	-0.35657	12.961	-0.45517	0.47934	13.071	0	0
-0.45897	0.4671	11.282	-0.46937	1.2148	12.265	-0.3675	1.1734	13.003	0	0
-0.45897	0.4671	11.282	-0.45517	0.47934	13.071	-0.3675	1.1734	13.003	0	0
-0.6718	-0.79579	11.89	-0.38811	-0.35657	12.961	-0.42152	-0.31249	13.655	0	0
-0.6718	-0.79579	11.89	-0.42152	-0.31249	13.655	-0.48425	-0.71459	13.816	0	0
-0.38811	-0.35657	11.934	-0.45517	0.47934	13.071	-0.42152	-0.31249	13.655	0	0
-0.46937	1.2148	11.239	0.3201	1.1734	12.319	0.44915	1.7967	12.608	0	0
-0.46937	1.2148	11.239	-0.3675	1.1734	13.003	0.27305	1.7982	12.942	0	0
-0.46937	1.2148	11.239	0.44915	1.7967	12.608	0.27305	1.7982	12.942	0	0
-0.45517	0.47934	12.045	-0.3675	1.1734	13.003	-0.41085	1.0843	13.778	0	0
-0.45517	0.47934	12.045	-0.42152	-0.31249	13.655	-0.4279	0.48226	13.809	0	0
-0.45517	0.47934	12.045	-0.4279	0.48226	13.809	-0.41085	1.0843	13.778	0	0
-0.3675	1.1734	11.976	0.27305	1.7982	12.942	0.2212	1.1343	13.055	0	0
-0.42152	-0.31249	12.628	-0.48425	-0.71459	13.816	-0.34132	-0.30249	14.365	0	0
-0.42152	-0.31249	12.628	-0.4279	0.48226	13.809	-0.34132	-0.30249	14.365	0	0
-0.48425	-0.71459	12.79	-0.34132	-0.30249	14.365	-0.3805	-0.66844	14.533	0	0
-0.4279	0.48226	12.782	-0.34132	-0.30249	14.365	-0.45917	0.47431	14.571	0	0
-0.4279	0.48226	12.782	-0.41085	1.0843	13.778	-0.43095	1.0746	14.544	0	0
-0.4279	0.48226	12.782	-0.45917	0.47431	14.571	-0.43095	1.0746	14.544	0	0
-0.34132	-0.30249	13.339	-0.3805	-0.66844	14.533	-0.88565	-0.52164	15.158	0	0
-0.34132	-0.30249	13.339	-0.45917	0.47431	14.571	-0.88565	-0.52164	15.158	0	0
-0.3805	-0.66844	13.506	-0.45015	-0.71134	15.077	-0.88565	-0.52164	15.158	0	0
-0.45917	0.47431	13.544	-0.88565	-0.52164	15.158	-0.42075	0.48256	15.058	0	0
-0.45917	0.47431	13.544	-0.43095	1.0746	14.544	-0.42075	0.48256	15.058	0	0
-0.45015	-0.71134	14.05	-0.88565	-0.52164	15.158	-0.96415	-0.59844	15.237	0	0
-0.45015	-0.71134	14.05	-0.96415	-0.59844	15.237	-0.41911	-0.86022	15.823	0	0
-0.88565	-0.52164	14.132	-0.96415	-0.59844	15.237	-0.9813	-0.23194	15.939	0	0
-0.88565	-0.52164	14.132	-0.42075	0.48256	15.058	-0.9813	-0.23194	15.939	0	0
-0.36742	-0.36009	14.155	-0.42075	0.48256	15.058	0.16885	0.67156	15.048	0	0
-0.96415	-0.59844	14.211	-0.41911	-0.86022	15.823	-0.88385	-0.74594	16.35	0	0
-0.96415	-0.59844	14.211	-0.88385	-0.74594	16.35	-0.9813	-0.23194	15.939	0	0
-0.43095	1.0746	13.518	-0.42075	0.48256	15.058	-0.24235	1.0866	15.056	0	0
-0.42075	0.48256	14.032	0.16885	0.67156	15.048	-0.24235	1.0866	15.056	0	0
-0.42075	0.48256	14.032	-0.2845	1.1115	15.833	-0.41087	0.47619	15.805	0	0
-0.42075	0.48256	14.032	-0.41087	0.47619	15.805	-0.9813	-0.23194	15.939	0	0
0.16885	0.67156	14.021	-0.24235	1.0866	15.056	0.038752	1.0985	14.99	0	0
-0.2845	1.1115	14.806	0.086652	1.0978	15.893	-0.40285	1.0613	16.442	0	0
-0.2845	1.1115	14.806	-0.41087	0.47619	15.805	-0.40285	1.0613	16.442	0	0
0.15923	0.66041	14.794	0.086652	1.0978	15.893	0.19095	0.60506	16.561	0	0
0.086652	1.0978	14.867	-0.40285	1.0613	16.442	0.098052	1.2044	16.563	0	0
0.086652	1.0978	14.867	0.098052	1.2044	16.563	0.19095	0.60506	16.561	0	0
-0.41087	0.47619	14.779	-0.33885	0.3976	16.548	-0.40285	1.0613	16.442	0	0
-0.41087	0.47619	14.779	-0.33885	0.3976	16.548	-0.9813	-0.23194	15.939	0	0
-0.41911	-0.86022	14.797	-0.88385	-0.74594	16.35	-0.40575	-0.89959	16.375	0	0
0.0025521	-0.12704	15.073	-0.3584	-0.28179	16.533	-0.13335	-0.68374	16.621	0	0
0.0025521	-0.12704	15.073	-0.3584	-0.28179	16.533	-0.33885	0.3976	16.548	0	0
0.0025521	-0.12704	15.073	-0.13335	-0.68374	16.621	0.14772	-0.31664	17.336	0	0
0.0025521	-0.12704	15.073	-0.33885	0.3976	16.548	0.19095	0.60506	16.561	0	0
0.0025521	-0.12704	15.073	0.19095	0.60506	16.561	0.14772	-0.31664	17.336	0	0
-0.88385	-0.74594	15.324	-0.40575	-0.89959	16.375	-0.62545	-0.83467	17.168	0	0
-0.88385	-0.74594	15.324	-0.3584	-0.28179	16.533	-0.97425	-0.35344	16.392	0	0
-0.88385	-0.74594	15.324	-0.62545	-0.83467	17.168	-0.8889	-0.31899	17.315	0	0
-0.88385	-0.74594	15.324	-0.9813	-0.23194	15.939	-0.97425	-0.35344	16.392	0	0
-0.40575	-0.89959	15.348	-0.13335	-0.68374	16.621	-0.62545	-0.83467	17.168	0	0
-0.3584	-0.28179	15.506	-0.13335	-0.68374	16.621	-0.62545	-0.83467	17.168	0	0
-0.3584	-0.28179	15.506	-0.33885	0.3976	16.548	-0.97425	-0.35344	16.392	0	0
-0.3584	-0.28179	15.506	-0.62545	-0.83467	17.168	-0.42971	-0.24287	17.25	0	0
-0.13335	-0.68374	15.594	0.14772	-0.31664	17.336	0.13693	-0.69866	17.265	0	0
-0.33885	0.3976	15.521	-0.40285	1.0613	16.442	-0.38725	0.43935	17.265	0	0
-0.33885	0.3976	15.521	-0.42971	-0.24287	17.25	-0.38725	0.43935	17.265	0	0
-0.33885	0.3976	15.521	-0.9813	-0.23194	15.939	-0.97425	-0.35344	16.392	0	0
-0.40285	1.0613	15.416	0.098052	1.2044	16.563	-0.15665	1.2386	17.304	0	0
-0.40285	1.0613	15.416	-0.38725	0.43935	17.265	-0.15665	1.2386	17.304	0	0
0.098052	1.2044	15.537	0.19095	0.60506	16.561	0.2491	0.60551	17.313	0	0
0.098052	1.2044	15.537	0.2491	0.60551	17.313	0.062652	1.2484	17.309	0	0
0.098052	1.2044	15.537	-0.15665	1.2386	17.304	0.062652	1.2484	17.309	0	0
-0.62545	-0.83467	16.142	-0.8889	-0.31899	17.315	-0.29075	-0.65094	18.07	0	0
-0.62545	-0.83467	16.142	-0.29075	-0.65094	18.07	0.13693	-0.69866	17.265	0	0
-0.42971	-0.24287	16.224	-0.38725	0.43935	17.265	-0.62165	0.4732	17.91	0	0
-0.42971	-0.24287	16.224	-0.55715	-0.25834	18.062	-0.62165	0.4732	17.91	0	0
-0.42971	-0.24287	16.224	-0.55715	-0.25834	18.062	-0.29075	-0.65094	18.07	0	0
-0.38725	0.43935	16.239	0.2491	0.60551	17.313	-0.15665	1.2386	17.304	0	0
-0.38725	0.43935	16.239	-0.62165	0.4732	17.91	-0.38205	1.0578	18.07	0	0
0.19095	0.60506	15.535	0.2491	0.60551	17.313	0.14772	-0.31664	17.336	0	0
-0.8889	-0.31899	16.288	-0.9936	0.070962	17.954	-0.34635	-0.56554	18.285	0	0
-0.8889	-0.31899	16.288	-0.29075	-0.65094	18.07	-0.34635	-0.56554	18.285	0	0
0.2491	0.60551	16.286	0.062652	1.2484	17.309	0.10355	1.2579	18.077	0	0
0.2491	0.60551	16.286	0.10355	1.2579	18.077	0.21259	0.4143	18.048	0	0
0.2491	0.60551	16.286	0.21259	0.4143	18.048	0.14772	-0.31664	17.336	0	0
-0.15665	1.2386	16.278	0.062652	1.2484	17.309	-0.073448	1.5697	17.597	0	0
0.062652	1.2484	16.282	-0.073448	1.5697	17.597	0.10355	1.2579	18.077	0	0
-0.9936	0.070962	16.928	-0.55715	-0.25834	18.062	-0.62165	0.4732	17.91	0	0
-0.9936	0.070962	16.928	-0.62165	0.4732	17.91	-0.57545	0.52846	18.614	0	0
-0.073448	1.5697	16.57	0.10355	1.2579	18.077	-0.23995	1.5602	18.699	0	0
-0.62165	0.4732	16.884	-0.38205	1.0578	18.07	-0.57545	0.52846	18.614	0	0
-0.38205	1.0578	17.044	-0.57545	0.52846	18.614	-0.45155	1.1916	18.521	0	0
0.10355	1.2579	17.05	0.21259	0.4143	18.048	0.16085	1.0296	18.564	0	0
0.10355	1.2579	17.05	-0.23995	1.5602	18.699	0.16085	1.0296	18.564	0	0
0.022952	-0.076438	17.013	0.21259	0.4143	18.048	0.14772	-0.31664	17.336	0	0
0.022952	-0.076438	17.013	0.21259	0.4143	18.048	0.083602	0.26871	18.527	0	0
0.022952	-0.076438	17.013	-0.29075	-0.65094	18.07	-0.34635	-0.56554	18.285	0	0
0.022952	-0.076438	17.013	-0.29075	-0.65094	18.07	0.14772	-0.31664	17.336	0	0
0.022952	-0.076438	17.013	-0.34635	-0.56554	18.285	-0.33482	-0.38494	18.527	0	0
0.022952	-0.076438	17.013	-0.33482	-0.38494	18.527	0.083602	0.26871	18.527	0	0
0.21259	0.4143	17.022	0.083602	0.26871	18.527	0.16085	1.0296	18.564	0	0
-0.29075	-0.65094	17.044	0.14772	-0.31664	17.336	0.13693	-0.69866	17.265	0	0
-0.34635	-0.56554	17.259	-0.33482	-0.38494	18.527	-0.30967	-0.65984	19.43	0	0
-0.33482	-0.38494	17.501	0.083602	0.26871	18.527	-0.3333	-0.25534	19.303	0	0
-0.33482	-0.38494	17.501	-0.3333	-0.25534	19.303	-0.30967	-0.65984	19.43	0	0
0.083602	0.26871	17.501	0.16085	1.0296	18.564	0.012912	0.41294	19.344	0	0
0.083602	0.26871	17.501	-0.3333	-0.25534	19.303	0.012912	0.41294	19.344	0	0
-0.57545	0.52846	17.588	-0.45155	1.1916	18.521	-0.46765	1.1308	19.26	0	0
-0.57545	0.52846	17.588	-0.3333	-0.25534	19.303	-0.70147	0.45576	19.303	0	0
-0.57545	0.52846	17.588	-0.70147	0.45576	19.303	-0.46765	1.1308	19.26	0	0
-0.45155	1.1916	17.494	-0.23995	1.5602	18.699	-0.46765	1.1308	19.26	0	0
-0.23995	1.5602	17.673	0.16085	1.0296	18.564	0.26243	1.0638	19.343	0	0
-0.23995	1.5602	17.673	-0.46765	1.1308	19.26	-0.2114	1.6082	19.361	0	0
-0.23995	1.5602	17.673	0.26243	1.0638	19.343	-0.015798	1.6102	19.449	0	0
-0.23995	1.5602	17.673	-0.2114	1.6082	19.361	-0.015798	1.6102	19.449	0	0
0.16085	1.0296	17.538	0.012912	0.41294	19.344	0.26243	1.0638	19.343	0	0
-0.3333	-0.25534	18.277	-0.30967	-0.65984	19.43	-0.35305	-0.28614	20.053	0	0
-0.3333	-0.25534	18.277	-0.70147	0.45576	19.303	-0.70195	0.43951	20.061	0	0
-0.3333	-0.25534	18.277	0.012912	0.41294	19.344	-0.35305	-0.28614	20.053	0	0
-0.3333	-0.25534	18.277	-0.70195	0.43951	20.061	-0.10255	0.48991	20.051	0	0
-0.30967	-0.65984	18.403	-0.35305	-0.28614	20.053	-0.2813	-0.69894	20.021	0	0
-0.70147	0.45576	18.277	-0.46765	1.1308	19.26	-0.501	1.2706	20.018	0	0
-0.70147	0.45576	18.277	-0.70195	0.43951	20.061	-0.501	1.2706	20.018	0	0
-0.46765	1.1308	18.234	-0.2114	1.6082	19.361	-0.501	1.2706	20.018	0	0
0.012912	0.41294	18.317	0.26243	1.0638	19.343	0.28835	1.1383	19.911	0	0
0.012912	0.41294	18.317	-0.35305	-0.28614	20.053	-0.10255	0.48991	20.051	0	0
0.012912	0.41294	18.317	-0.10255	0.48991	20.051	0.28835	1.1383	19.911	0	0
0.26243	1.0638	18.316	-0.015798	1.6102	19.449	0.28835	1.1383	19.911	0	0
-0.2114	1.6082	18.335	-0.015798	1.6102	19.449	-0.26135	1.6477	20.091	0	0
-0.2114	1.6082	18.335	-0.501	1.2706	20.018	-0.26135	1.6477	20.091	0	0
-0.015798	1.6102	18.423	0.045752	1.7212	20.087	-0.26135	1.6477	20.091	0	0
-0.015798	1.6102	18.423	0.045752	1.7212	20.087	0.28835	1.1383	19.911	0	0
-0.70195	0.43951	19.035	-0.501	1.2706	20.018	-0.44551	1.2559	20.727	0	0
-0.70195	0.43951	19.035	-0.48658	0.37955	20.803	-0.44551	1.2559	20.727	0	0
-0.70195	0.43951	19.035	-0.48658	0.37955	20.803	-1.3729	0.25606	21.372	0	0
-0.35305	-0.28614	19.026	-0.2813	-0.69894	20.021	-0.30075	-0.65276	20.777	0	0
-0.35305	-0.28614	19.026	-0.10255	0.48991	20.051	-0.38382	-0.26259	20.793	0	0
-0.35305	-0.28614	19.026	-0.30075	-0.65276	20.777	-0.38382	-0.26259	20.793	0	0
-0.10255	0.48991	19.024	0.28835	1.1383	19.911	0.051352	0.73821	20.576	0	0
-0.10255	0.48991	19.024	-0.38382	-0.26259	20.793	0.051352	0.73821	20.576	0	0
-0.501	1.2706	18.992	-0.26135	1.6477	20.091	-0.44551	1.2559	20.727	0	0
0.045752	1.7212	19.061	-0.26135	1.6477	20.091	-0.44551	1.2559	20.727	0	0
0.045752	1.7212	19.061	0.28835	1.1383	19.911	0.58715	1.316	20.14	0	0
0.045752	1.7212	19.061	-0.44551	1.2559	20.727	0.34502	1.172	20.878	0	0
0.045752	1.7212	19.061	0.58715	1.316	20.14	0.34502	1.172	20.878	0	0
0.28835	1.1383	18.885	0.58715	1.316	20.14	0.051352	0.73821	20.576	0	0
-0.30075	-0.65276	19.751	-0.38382	-0.26259	20.793	-0.423	-0.26574	21.556	0	0
-0.30075	-0.65276	19.751	-0.3939	-0.77024	21.538	-0.423	-0.26574	21.556	0	0
-0.38382	-0.26259	19.767	0.051352	0.73821	20.576	0.2381	0.44926	21.314	0	0
-0.38382	-0.26259	19.767	-0.423	-0.26574	21.556	0.2381	0.44926	21.314	0	0
-0.48658	0.37955	19.777	-0.44551	1.2559	20.727	-0.54335	1.2539	21.341	0	0
-0.48658	0.37955	19.777	-0.39635	0.5562	21.475	0.2381	0.44926	21.314	0	0
-0.48658	0.37955	19.777	-0.39635	0.5562	21.475	-1.3729	0.25606	21.372	0	0
-0.44551	1.2559	19.701	0.34502	1.172	20.878	-0.54335	1.2539	21.341	0	0
0.58715	1.316	19.114	0.051352	0.73821	20.576	0.656	1.2231	20.593	0	0
0.051352	0.73821	19.55	0.34502	1.172	20.878	0.656	1.2231	20.593	0	0
0.051352	0.73821	19.55	0.34502	1.172	20.878	0.2381	0.44926	21.314	0	0
-0.3939	-0.77024	20.511	-0.423	-0.26574	21.556	-0.59085	-0.65714	22.028	0	0
0.34502	1.172	19.851	-0.54335	1.2539	21.341	0.95315	1.598	21.969	0	0
0.34502	1.172	19.851	0.656	1.2231	20.593	0.85285	1.191	21.302	0	0
0.34502	1.172	19.851	0.3645	0.98856	21.495	0.85285	1.191	21.302	0	0
0.34502	1.172	19.851	0.3645	0.98856	21.495	0.2381	0.44926	21.314	0	0
-0.54335	1.2539	20.315	-0.25505	1.1246	22.068	0.95315	1.598	21.969	0	0
0.3645	0.98856	20.468	0.19025	1.0859	22.049	0.21475	0.67251	22.012	0	0
0.3645	0.98856	20.468	0.19025	1.0859	22.049	0.95315	1.598	21.969	0	0
0.3645	0.98856	20.468	0.85285	1.191	21.302	0.95315	1.598	21.969	0	0
0.3645	0.98856	20.468	0.21475	0.67251	22.012	0.2381	0.44926	21.314	0	0
-0.39635	0.5562	20.449	-0.423	-0.26574	21.556	-0.415	0.47006	22.041	0	0
-0.39635	0.5562	20.449	-0.423	-0.26574	21.556	-1.105	-0.074787	21.691	0	0
-0.39635	0.5562	20.449	-0.415	0.47006	22.041	0.2381	0.44926	21.314	0	0
-0.39635	0.5562	20.449	-1.105	-0.074787	21.691	-1.3729	0.25606	21.372	0	0
-0.423	-0.26574	20.53	-0.415	0.47006	22.041	-0.35988	-0.3019	22.122	0	0
-0.423	-0.26574	20.53	-0.59085	-0.65714	22.028	-1.105	-0.074787	21.691	0	0
-0.423	-0.26574	20.53	-0.35988	-0.3019	22.122	0.3372	-0.36624	22.18	0	0
-0.423	-0.26574	20.53	0.2381	0.44926	21.314	0.3372	-0.36624	22.18	0	0
-0.415	0.47006	21.015	-0.35988	-0.3019	22.122	-0.47126	0.4628	22.806	0	0
-0.415	0.47006	21.015	-0.25505	1.1246	22.068	0.21475	0.67251	22.012	0	0
-0.415	0.47006	21.015	-0.25505	1.1246	22.068	-0.26585	1.0335	22.716	0	0
-0.415	0.47006	21.015	0.21475	0.67251	22.012	0.2381	0.44926	21.314	0	0
-0.415	0.47006	21.015	-0.47126	0.4628	22.806	-0.26585	1.0335	22.716	0	0
-0.59085	-0.65714	21.002	-0.35988	-0.3019	22.122	-0.6199	-0.31859	22.825	0	0
-0.59085	-0.65714	21.002	-1.105	-0.074787	21.691	-1.1567	-0.12344	22.002	0	0
-0.59085	-0.65714	21.002	-1.1567	-0.12344	22.002	-1.1862	-0.4681	22.686	0	0
-0.59085	-0.65714	21.002	-0.6199	-0.31859	22.825	-1.1862	-0.4681	22.686	0	0
-0.35988	-0.3019	21.095	-0.56622	-0.76911	22.772	0.154	-0.21294	22.793	0	0
-0.35988	-0.3019	21.095	-0.47126	0.4628	22.806	-0.6199	-0.31859	22.825	0	0
-0.35988	-0.3019	21.095	0.154	-0.21294	22.793	0.3372	-0.36624	22.18	0	0
-0.25505	1.1246	21.041	0.19025	1.0859	22.049	0.21475	0.67251	22.012	0	0
-0.25505	1.1246	21.041	0.19025	1.0859	22.049	0.011352	1.0912	22.825	0	0
-0.25505	1.1246	21.041	-0.26585	1.0335	22.716	0.011352	1.0912	22.825	0	0
0.19025	1.0859	21.022	0.95315	1.598	21.969	0.011352	1.0912	22.825	0	0
0.85285	1.191	20.275	0.2381	0.44926	21.314	0.65595	-0.22354	22.245	0	0
-0.56622	-0.76911	21.746	-0.61585	-0.67474	23.591	-0.6199	-0.31859	22.825	0	0
-0.56622	-0.76911	21.746	-0.61585	-0.67474	23.591	-1.0935	-0.92016	22.872	0	0
-0.56622	-0.76911	21.746	-0.6199	-0.31859	22.825	-1.1862	-0.4681	22.686	0	0
-0.56622	-0.76911	21.746	-1.1862	-0.4681	22.686	-1.0935	-0.92016	22.872	0	0
-0.56622	-0.76911	21.746	0.154	-0.21294	22.793	0.3931	-0.63109	22.812	0	0
-0.47126	0.4628	21.78	-0.26585	1.0335	22.716	-0.45125	0.44716	23.551	0	0
-0.47126	0.4628	21.78	-0.6199	-0.31859	22.825	-0.45125	0.44716	23.551	0	0
-0.26585	1.0335	21.69	0.011352	1.0912	22.825	-0.19085	1.1827	23.58	0	0
-0.26585	1.0335	21.69	-0.45125	0.44716	23.551	-0.19085	1.1827	23.58	0	0
-0.61585	-0.67474	22.565	0.059185	-0.32804	23.606	-0.69795	-0.32734	23.565	0	0
-0.61585	-0.67474	22.565	0.059185	-0.32804	23.606	0.34065	-0.69554	23.591	0	0
-0.61585	-0.67474	22.565	-0.6199	-0.31859	22.825	-0.69795	-0.32734	23.565	0	0
-0.61585	-0.67474	22.565	-1.0935	-0.92016	22.872	-1.2522	-1.1001	23.588	0	0
-0.61585	-0.67474	22.565	-1.2522	-1.1001	23.588	-0.88495	-0.79124	24.23	0	0
-0.61585	-0.67474	22.565	-0.65755	-0.88027	24.238	-0.88495	-0.79124	24.23	0	0
-0.61585	-0.67474	22.565	-0.65755	-0.88027	24.238	0.20085	-0.77226	24.295	0	0
-0.61585	-0.67474	22.565	0.20085	-0.77226	24.295	0.34065	-0.69554	23.591	0	0
0.059185	-0.32804	22.58	0.2188	0.55101	23.55	-0.45125	0.44716	23.551	0	0
0.059185	-0.32804	22.58	0.2188	0.55101	23.55	0.25115	-0.20677	24.211	0	0
0.059185	-0.32804	22.58	-0.45125	0.44716	23.551	-0.56201	-0.20524	24.273	0	0
0.059185	-0.32804	22.58	-0.56201	-0.20524	24.273	0.20085	-0.77226	24.295	0	0
0.059185	-0.32804	22.58	0.20085	-0.77226	24.295	0.25115	-0.20677	24.211	0	0
0.059185	-0.32804	22.58	0.34065	-0.69554	23.591	0.3931	-0.63109	22.812	0	0
0.011352	1.0912	21.799	0.036752	1.1831	23.557	-0.19085	1.1827	23.58	0	0
0.2381	0.44926	20.288	0.3372	-0.36624	22.18	0.65595	-0.22354	22.245	0	0
-1.105	-0.074787	20.664	-1.1567	-0.12344	22.002	-1.5789	-0.13094	22.108	0	0
-1.105	-0.074787	20.664	-1.3729	0.25606	21.372	-1.5789	-0.13094	22.108	0	0
-1.1567	-0.12344	20.976	-1.1862	-0.4681	22.686	-1.5789	-0.13094	22.108	0	0
0.2188	0.55101	22.524	0.036752	1.1831	23.557	0.35425	0.57406	24.307	0	0
0.2188	0.55101	22.524	0.35425	0.57406	24.307	0.25115	-0.20677	24.211	0	0
0.2188	0.55101	22.524	0.84775	-0.62624	23.106	0.88052	-0.3274	22.704	0	0
-0.6199	-0.31859	21.799	-0.69795	-0.32734	23.565	-0.45125	0.44716	23.551	0	0
-1.1862	-0.4681	21.66	-1.0935	-0.92016	22.872	-1.7044	-0.7402	22.887	0	0
-1.1862	-0.4681	21.66	-1.5789	-0.13094	22.108	-1.7044	-0.7402	22.887	0	0
-1.0935	-0.92016	21.846	-1.2522	-1.1001	23.588	-1.7044	-0.7402	22.887	0	0
-0.69795	-0.32734	22.539	-0.45125	0.44716	23.551	-0.9193	-0.076787	24.143	0	0
-0.69795	-0.32734	22.539	-0.88495	-0.79124	24.23	-0.9193	-0.076787	24.143	0	0
-0.45125	0.44716	22.525	-0.19085	1.1827	23.58	-0.48988	0.57153	24.206	0	0
-0.45125	0.44716	22.525	-0.48988	0.57153	24.206	-0.9193	-0.076787	24.143	0	0
0.036752	1.1831	22.53	-0.19085	1.1827	23.58	-0.070648	1.5571	24.502	0	0
0.036752	1.1831	22.53	0.35425	0.57406	24.307	0.092302	1.2865	24.319	0	0
0.036752	1.1831	22.53	0.092302	1.2865	24.319	-0.070648	1.5571	24.502	0	0
-1.2522	-1.1001	22.562	-0.88495	-0.79124	24.23	-1.895	-1.1264	23.905	0	0
-1.2522	-1.1001	22.562	-1.7044	-0.7402	22.887	-1.8615	-0.94627	23.51	0	0
-1.2522	-1.1001	22.562	-1.8615	-0.94627	23.51	-1.895	-1.1264	23.905	0	0
-0.65755	-0.88027	23.212	-0.88495	-0.79124	24.23	-0.56235	-0.98259	24.845	0	0
-0.65755	-0.88027	23.212	-0.56235	-0.98259	24.845	0.20085	-0.77226	24.295	0	0
-0.88495	-0.79124	23.204	-0.56235	-0.98259	24.845	-0.90285	-0.61954	24.875	0	0
-0.88495	-0.79124	23.204	-0.90285	-0.61954	24.875	-1.895	-1.1264	23.905	0	0
-0.88495	-0.79124	23.204	-0.9193	-0.076787	24.143	-0.9921	-0.30204	24.834	0	0
-0.19085	1.1827	22.553	-0.48988	0.57153	24.206	-0.22925	1.1973	24.317	0	0
-0.19085	1.1827	22.553	-0.22925	1.1973	24.317	-0.070648	1.5571	24.502	0	0
0.35425	0.57406	23.28	0.092302	1.2865	24.319	0.19245	1.2739	25.036	0	0
0.35425	0.57406	23.28	0.19245	1.2739	25.036	0.66172	0.44816	24.975	0	0
0.35425	0.57406	23.28	0.25115	-0.20677	24.211	0.6572	-0.24529	24.815	0	0
0.35425	0.57406	23.28	0.66172	0.44816	24.975	0.6572	-0.24529	24.815	0	0
-0.56201	-0.20524	23.247	-0.48988	0.57153	24.206	0.17749	-0.20924	24.888	0	0
-0.56201	-0.20524	23.247	-0.60445	-0.36564	25.114	-0.89945	0.26706	24.422	0	0
-0.56201	-0.20524	23.247	0.20085	-0.77226	24.295	0.17749	-0.20924	24.888	0	0
-0.48988	0.57153	23.179	-0.22925	1.1973	24.317	-0.44528	1.1017	24.921	0	0
-0.48988	0.57153	23.179	-0.4588	0.81476	25.072	-0.44528	1.1017	24.921	0	0
-0.48988	0.57153	23.179	-0.4588	0.81476	25.072	-0.89945	0.26706	24.422	0	0
-0.48988	0.57153	23.179	-0.9193	-0.076787	24.143	-0.89945	0.26706	24.422	0	0
-0.48988	0.57153	23.179	0.23865	0.44446	25.084	0.17749	-0.20924	24.888	0	0
-0.56235	-0.98259	23.818	-0.90285	-0.61954	24.875	-0.60445	-0.36564	25.114	0	0
-0.56235	-0.98259	23.818	-0.60445	-0.36564	25.114	0.10852	-0.74714	24.903	0	0
-0.56235	-0.98259	23.818	0.20085	-0.77226	24.295	0.10852	-0.74714	24.903	0	0
-0.90285	-0.61954	23.848	-0.60445	-0.36564	25.114	-0.9921	-0.30204	24.834	0	0
0.092302	1.2865	23.292	-0.070648	1.5571	24.502	0.19245	1.2739	25.036	0	0
-0.22925	1.1973	23.291	-0.070648	1.5571	24.502	-0.44528	1.1017	24.921	0	0
-0.070648	1.5571	23.476	0.19245	1.2739	25.036	-0.018081	1.6022	25.037	0	0
-0.070648	1.5571	23.476	-0.018081	1.6022	25.037	-0.44528	1.1017	24.921	0	0
-0.60445	-0.36564	24.087	-0.42345	-0.73714	25.519	-0.62845	-0.29764	25.565	0	0
-0.60445	-0.36564	24.087	-0.62845	-0.29764	25.565	-0.89475	-0.064838	25.368	0	0
-0.60445	-0.36564	24.087	0.10852	-0.74714	24.903	0.17749	-0.20924	24.888	0	0
-0.60445	-0.36564	24.087	-0.4588	0.81476	25.072	-0.89945	0.26706	24.422	0	0
-0.60445	-0.36564	24.087	-0.9921	-0.30204	24.834	-0.89475	-0.064838	25.368	0	0
-0.60445	-0.36564	24.087	0.10345	0.32781	25.549	0.17749	-0.20924	24.888	0	0
-0.42345	-0.73714	24.492	-0.62845	-0.29764	25.565	-0.1227	-0.41594	26.058	0	0
-0.42345	-0.73714	24.492	0.10852	-0.74714	24.903	0.15392	-0.8914	25.526	0	0
-0.42345	-0.73714	24.492	-0.1227	-0.41594	26.058	0.15392	-0.8914	25.526	0	0
-0.62845	-0.29764	24.539	-0.89475	-0.064838	25.368	-0.53875	-0.15177	26.196	0	0
-0.62845	-0.29764	24.539	-0.4519	0.44011	25.569	-0.1227	-0.41594	26.058	0	0
-0.62845	-0.29764	24.539	-0.53875	-0.15177	26.196	-0.39071	-0.69007	26.436	0	0
0.20085	-0.77226	23.269	0.10852	-0.74714	24.903	0.6572	-0.24529	24.815	0	0
0.20085	-0.77226	23.269	0.25115	-0.20677	24.211	0.6572	-0.24529	24.815	0	0
0.20085	-0.77226	23.269	0.34065	-0.69554	23.591	0.77965	-0.91354	23.662	0	0
0.10852	-0.74714	23.876	0.17749	-0.20924	24.888	0.6572	-0.24529	24.815	0	0
-0.4588	0.81476	24.045	0.23865	0.44446	25.084	0.19245	1.2739	25.036	0	0
-0.4588	0.81476	24.045	0.23865	0.44446	25.084	-0.4519	0.44011	25.569	0	0
-0.4588	0.81476	24.045	0.19245	1.2739	25.036	-0.44528	1.1017	24.921	0	0
-0.4588	0.81476	24.045	-0.4519	0.44011	25.569	-0.5612	1.2395	25.561	0	0
-0.9193	-0.076787	23.116	-0.9921	-0.30204	24.834	-0.89945	0.26706	24.422	0	0
0.23865	0.44446	24.058	0.19245	1.2739	25.036	0.3303	1.0826	25.548	0	0
0.23865	0.44446	24.058	0.10345	0.32781	25.549	-0.4519	0.44011	25.569	0	0
0.23865	0.44446	24.058	0.10345	0.32781	25.549	0.81262	0.58566	25.648	0	0
0.23865	0.44446	24.058	0.17749	-0.20924	24.888	0.66172	0.44816	24.975	0	0
0.23865	0.44446	24.058	0.66172	0.44816	24.975	0.81262	0.58566	25.648	0	0
0.19245	1.2739	24.009	-0.018081	1.6022	25.037	0.075752	1.721	25.588	0	0
0.19245	1.2739	24.009	0.075752	1.721	25.588	0.3303	1.0826	25.548	0	0
0.19245	1.2739	24.009	0.66172	0.44816	24.975	0.81262	0.58566	25.648	0	0
-0.9921	-0.30204	23.807	-0.89475	-0.064838	25.368	-1.0342	0.36408	24.889	0	0
-0.9921	-0.30204	23.807	-0.89945	0.26706	24.422	-1.0342	0.36408	24.889	0	0
-0.89475	-0.064838	24.341	-0.53875	-0.15177	26.196	-1.1659	0.45924	25.541	0	0
-0.89475	-0.064838	24.341	-1.0342	0.36408	24.889	-1.1659	0.45924	25.541	0	0
-0.018081	1.6022	24.011	0.075752	1.721	25.588	-0.20965	1.5844	25.621	0	0
-0.018081	1.6022	24.011	-0.20965	1.5844	25.621	-0.5612	1.2395	25.561	0	0
-0.018081	1.6022	24.011	-0.44528	1.1017	24.921	-0.5612	1.2395	25.561	0	0
0.075752	1.721	24.562	-0.20965	1.5844	25.621	-0.44435	1.6571	26.418	0	0
0.075752	1.721	24.562	0.3303	1.0826	25.548	0.1939	1.1617	26.29	0	0
0.075752	1.721	24.562	-0.44435	1.6571	26.418	0.37085	2.2796	26.511	0	0
-0.20965	1.5844	24.595	-0.5612	1.2395	25.561	-0.44435	1.6571	26.418	0	0
0.10345	0.32781	24.523	-0.4519	0.44011	25.569	0.11317	0.45303	26.287	0	0
0.10345	0.32781	24.523	0.17749	-0.20924	24.888	0.26805	-0.25924	25.715	0	0
0.10345	0.32781	24.523	0.26805	-0.25924	25.715	0.11317	0.45303	26.287	0	0
-0.4519	0.44011	24.542	-0.53875	-0.15177	26.196	-1.1918	0.54756	26.238	0	0
-0.4519	0.44011	24.542	-0.5612	1.2395	25.561	-0.5522	1.2715	26.074	0	0
-0.4519	0.44011	24.542	-0.5522	1.2715	26.074	0.11317	0.45303	26.287	0	0
-0.53875	-0.15177	25.169	-0.39071	-0.69007	26.436	-0.1227	-0.41594	26.058	0	0
-0.53875	-0.15177	25.169	-0.1227	-0.41594	26.058	0.11317	0.45303	26.287	0	0
-0.53875	-0.15177	25.169	0.11317	0.45303	26.287	-1.171	0.66716	27.045	0	0
-0.53875	-0.15177	25.169	-1.1918	0.54756	26.238	-1.171	0.66716	27.045	0	0
-0.44528	1.1017	23.895	-0.5612	1.2395	25.561	-1.0336	0.96496	25.703	0	0
-0.44528	1.1017	23.895	-0.89945	0.26706	24.422	-1.0342	0.36408	24.889	0	0
-0.44528	1.1017	23.895	-1.0342	0.36408	24.889	-1.0336	0.96496	25.703	0	0
-0.5612	1.2395	24.535	-0.5522	1.2715	26.074	-1.0336	0.96496	25.703	0	0
0.3303	1.0826	24.521	0.1939	1.1617	26.29	0.81262	0.58566	25.648	0	0
-0.5522	1.2715	25.047	-0.44435	1.6571	26.418	0.1939	1.1617	26.29	0	0
-0.5522	1.2715	25.047	-0.44435	1.6571	26.418	-1.0762	1.135	26.383	0	0
-0.5522	1.2715	25.047	0.11317	0.45303	26.287	0.1939	1.1617	26.29	0	0
-0.5522	1.2715	25.047	-1.0336	0.96496	25.703	-1.0762	1.135	26.383	0	0
-0.44435	1.6571	25.392	0.1939	1.1617	26.29	0.2694	1.8699	26.383	0	0
-0.44435	1.6571	25.392	0.2694	1.8699	26.383	-0.44275	1.8337	27.102	0	0
-0.44435	1.6571	25.392	-0.44275	1.8337	27.102	-1.1561	1.2942	27.092	0	0
-0.44435	1.6571	25.392	-1.1561	1.2942	27.092	-1.0762	1.135	26.383	0	0
-0.1227	-0.41594	25.032	0.15392	-0.8914	25.526	0.26805	-0.25924	25.715	0	0
-0.1227	-0.41594	25.032	0.26805	-0.25924	25.715	0.11317	0.45303	26.287	0	0
0.34065	-0.69554	22.564	0.77965	-0.91354	23.662	0.84775	-0.62624	23.106	0	0
0.34065	-0.69554	22.564	0.3931	-0.63109	22.812	0.84775	-0.62624	23.106	0	0
0.17749	-0.20924	23.862	0.15392	-0.8914	25.526	0.26805	-0.25924	25.715	0	0
0.17749	-0.20924	23.862	0.66172	0.44816	24.975	0.6572	-0.24529	24.815	0	0
0.154	-0.21294	21.767	0.3931	-0.63109	22.812	0.3372	-0.36624	22.18	0	0
0.11317	0.45303	25.26	0.1939	1.1617	26.29	0.72342	1.0219	26.401	0	0
0.11317	0.45303	25.26	-1.171	0.66716	27.045	-0.29025	1.3411	27.202	0	0
0.11317	0.45303	25.26	-0.29025	1.3411	27.202	0.8639	0.62481	26.575	0	0
0.11317	0.45303	25.26	0.72342	1.0219	26.401	0.8639	0.62481	26.575	0	0
0.1939	1.1617	25.264	0.2694	1.8699	26.383	0.72342	1.0219	26.401	0	0
0.2694	1.8699	25.357	0.37085	2.2796	26.511	0.30568	1.9962	27.098	0	0
0.2694	1.8699	25.357	0.37085	2.2796	26.511	0.72342	1.0219	26.401	0	0
0.2694	1.8699	25.357	-0.44275	1.8337	27.102	0.30568	1.9962	27.098	0	0
0.37085	2.2796	25.485	0.30568	1.9962	27.098	0.44235	2.2929	27.586	0	0
0.37085	2.2796	25.485	0.72342	1.0219	26.401	1.1543	1.0309	27.023	0	0
-1.1918	0.54756	25.212	-1.5835	0.40701	26.386	-1.1659	0.45924	25.541	0	0
-1.1918	0.54756	25.212	-1.5835	0.40701	26.386	-1.6032	0.93386	26.667	0	0
-1.1918	0.54756	25.212	-1.1659	0.45924	25.541	-1.0336	0.96496	25.703	0	0
-1.1918	0.54756	25.212	-1.6032	0.93386	26.667	-1.0762	1.135	26.383	0	0
-1.1918	0.54756	25.212	-1.0336	0.96496	25.703	-1.0762	1.135	26.383	0	0
-1.171	0.66716	26.019	-0.29025	1.3411	27.202	-1.1561	1.2942	27.092	0	0
-0.44275	1.8337	26.075	-0.40083	1.9232	27.751	0.10825	2.1963	27.576	0	0
-0.44275	1.8337	26.075	-0.40083	1.9232	27.751	-1.4209	1.5539	27.532	0	0
-0.44275	1.8337	26.075	0.30568	1.9962	27.098	0.10825	2.1963	27.576	0	0
-0.44275	1.8337	26.075	-1.1561	1.2942	27.092	-1.4209	1.5539	27.532	0	0
-0.29025	1.3411	26.176	-0.40083	1.9232	27.751	-1.3147	1.1609	27.813	0	0
-0.29025	1.3411	26.176	0.30568	1.9962	27.098	1.1543	1.0309	27.023	0	0
-0.29025	1.3411	26.176	-1.3147	1.1609	27.813	-1.1561	1.2942	27.092	0	0
-0.29025	1.3411	26.176	0.8639	0.62481	26.575	1.1543	1.0309	27.023	0	0
-0.40083	1.9232	26.724	-1.3147	1.1609	27.813	-0.71142	1.9394	28.343	0	0
-0.40083	1.9232	26.724	-0.71142	1.9394	28.343	0.11445	2.2429	28.089	0	0
-0.40083	1.9232	26.724	-1.2985	1.9022	28.368	-1.7246	2.1012	28.149	0	0
-0.40083	1.9232	26.724	0.10825	2.1963	27.576	0.11445	2.2429	28.089	0	0
-0.40083	1.9232	26.724	-1.4209	1.5539	27.532	-1.6492	1.7615	27.739	0	0
-0.40083	1.9232	26.724	-1.7246	2.1012	28.149	-1.6492	1.7615	27.739	0	0
0.30568	1.9962	26.072	0.10825	2.1963	27.576	0.44235	2.2929	27.586	0	0
-1.3147	1.1609	26.787	-0.71142	1.9394	28.343	-1.2985	1.9022	28.368	0	0
-1.3147	1.1609	26.787	-1.2985	1.9022	28.368	-1.7044	1.4623	28.538	0	0
-0.71142	1.9394	27.317	-1.2985	1.9022	28.368	-1.1185	2.4661	28.989	0	0
-0.71142	1.9394	27.317	0.11445	2.2429	28.089	-0.72875	2.4381	29.56	0	0
-0.71142	1.9394	27.317	-1.1185	2.4661	28.989	-0.72875	2.4381	29.56	0	0
-1.2985	1.9022	27.342	-1.7246	2.1012	28.149	-1.7316	2.4308	28.501	0	0
-1.2985	1.9022	27.342	-1.7316	2.4308	28.501	-1.1185	2.4661	28.989	0	0
0.3931	-0.63109	21.785	0.3372	-0.36624	22.18	0.65595	-0.22354	22.245	0	0
0.3931	-0.63109	21.785	0.84775	-0.62624	23.106	0.88052	-0.3274	22.704	0	0
0.3931	-0.63109	21.785	0.65595	-0.22354	22.245	0.88052	-0.3274	22.704	0	0
0.72342	1.0219	25.375	0.8639	0.62481	26.575	1.1543	1.0309	27.023	0	0
-1.0342	0.36408	23.863	-1.1659	0.45924	25.541	-1.0336	0.96496	25.703	0	0
-1.1561	1.2942	26.066	-1.4209	1.5539	27.532	-1.7671	1.1124	26.986	0	0
-1.1561	1.2942	26.066	-1.6032	0.93386	26.667	-1.7671	1.1124	26.986	0	0
-1.1561	1.2942	26.066	-1.6032	0.93386	26.667	-1.0762	1.135	26.383	0	0
0.10825	2.1963	26.55	0.44235	2.2929	27.586	0.11445	2.2429	28.089	0	0
-1.4209	1.5539	26.505	-1.7671	1.1124	26.986	-1.6492	1.7615	27.739	0	0
-1.7316	2.4308	27.475	-1.1185	2.4661	28.989	-1.7713	2.7764	28.897	0	0
-1.1185	2.4661	27.962	-1.7713	2.7764	28.897	-1.6864	2.9906	29.15	0	0
-1.1185	2.4661	27.962	-0.72875	2.4381	29.56	-1.1639	2.6667	29.562	0	0
-1.1185	2.4661	27.962	-1.1639	2.6667	29.562	-1.6864	2.9906	29.15	0	0
-1.1639	2.6667	28.535	-1.6947	2.9989	29.58	-1.6864	2.9906	29.15	0	0
-0.41205	2.6872	12.111	-1.92383469559112	7.3286432750142	19.2374129266765	0.166335698933699	2.52401712995167	11.6243204579071	1	1
-1.92383469559112	7.3286432750142	19.2374129266765	-1.52741151782427	9.65691962867395	22.2855128996298	0.315536845059324	5.68041181305823	19.8274201698255	1	1
-1.52741151782427	9.65691962867395	22.2855128996298	-1.75464826199549	14.2110578870355	24.9918619062855	0.320986905517165	8.31037575353107	22.781834809516	1	1
-1.75464826199549	14.2110578870355	24.9918619062855	-1.40073050914374	17.5418154649743	26.0661755575158	-0.837116114139137	13.4349719225847	26.8744250376127	1	1
-1.40073050914374	17.5418154649743	26.0661755575158	0.222582399367124	23.5598725304709	24.8968760417852	-1.0019296886554	18.0980844845001	26.4814098209065	1	1
0.315536845059324	5.68041181305823	19.8274201698255	0.166335698933699	2.52401712995167	11.6243204579071	-1.92383469559112	7.3286432750142	19.2374129266765	1	1
0.320986905517165	8.31037575353107	22.781834809516	0.315536845059324	5.68041181305823	19.8274201698255	-1.52741151782427	9.65691962867395	22.2855128996298	1	1
-0.837116114139137	13.4349719225847	26.8744250376127	0.320986905517165	8.31037575353107	22.781834809516	-1.75464826199549	14.2110578870355	24.9918619062855	1	1
-1.0019296886554	18.0980844845001	26.4814098209065	-0.837116114139137	13.4349719225847	26.8744250376127	-1.40073050914374	17.5418154649743	26.0661755575158	1	1
-1.92383469559112	7.3286432750142	19.2374129266765	-0.41205	2.6872	12.111	-1.76025182703426	1.78459578294082	12.267143214481	1	1
-1.52741151782427	9.65691962867395	22.2855128996298	-1.92383469559112	7.3286432750142	19.2374129266765	-3.01946026687469	7.26312246790834	19.669581506499	1	1
-1.75464826199549	14.2110578870355	24.9918619062855	-1.52741151782427	9.65691962867395	22.2855128996298	-3.47713485173632	8.95511360957433	22.8258494547086	1	1
-1.40073050914374	17.5418154649743	26.0661755575158	-1.75464826199549	14.2110578870355	24.9918619062855	-3.61617962387124	14.2841056055985	26.1257377282191	1	1
0.222582399367124	23.5598725304709	24.8968760417852	-1.40073050914374	17.5418154649743	26.0661755575158	-3.43184996560797	18.065333995922	26.6687576609065	1	1
-1.76025182703426	1.78459578294082	12.267143214481	-3.01946026687469	7.26312246790834	19.669581506499	-1.92383469559112	7.3286432750142	19.2374129266765	1	1
-3.01946026687469	7.26312246790834	19.669581506499	-3.47713485173632	8.95511360957433	22.8258494547086	-1.52741151782427	9.65691962867395	22.2855128996298	1	1
-3.47713485173632	8.95511360957433	22.8258494547086	-3.61617962387124	14.2841056055985	26.1257377282191	-1.75464826199549	14.2110578870355	24.9918619062855	1	1
-3.61617962387124	14.2841056055985	26.1257377282191	-3.43184996560797	18.065333995922	26.6687576609065	-1.40073050914374	17.5418154649743	26.0661755575158	1	1
0.12035	-1.5779	16.987	-0.502559617867875	-3.89793589059019	23.2501596323215	0.697677011466947	-1.93418262093534	16.3528497903887	2	1
-0.502559617867875	-3.89793589059019	23.2501596323215	-0.832449254953157	-5.9394602386181	27.6674567382283	0.829862787052102	-3.19400083275861	23.1917368694383	2	1
-0.832449254953157	-5.9394602386181	27.6674567382283	-0.538094621774376	-8.32254298118822	30.9093933684681	1.42610820751983	-6.19517948444807	27.8228178209349	2	1
-0.538094621774376	-8.32254298118822	30.9093933684681	-1.03127835364385	-11.2366786398634	35.5357642238965	0.789570999170643	-7.9536205937552	31.7206135056759	2	1
-1.03127835364385	-11.2366786398634	35.5357642238965	-1.12160518123714	-15.5849227418919	38.4060135829926	1.15773411126316	-11.218637082603	34.9282401065206	2	1
-1.12160518123714	-15.5849227418919	38.4060135829926	-0.436499879055297	-18.7363118830067	40.3768405581952	1.84604693459882	-14.8259128081704	40.0139984864934	2	1
-0.436499879055297	-18.7363118830067	40.3768405581952	-0.120124896169752	-22.1839124860014	41.1186320888386	2.28424767277022	-18.7428253411846	41.5695733422244	2	1
-0.120124896169752	-22.1839124860014	41.1186320888386	0.133774037505731	-26.397515086134	37.3279039332417	1.83055798050302	-21.8053349123081	41.1732318860186	2	1
0.829862787052102	-3.19400083275861	23.1917368694383	0.697677011466947	-1.93418262093534	16.3528497903887	-0.502559617867875	-3.89793589059019	23.2501596323215	2	1
1.42610820751983	-6.19517948444807	27.8228178209349	0.829862787052102	-3.19400083275861	23.1917368694383	-0.832449254953157	-5.9394602386181	27.6674567382283	2	1
0.789570999170643	-7.9536205937552	31.7206135056759	1.42610820751983	-6.19517948444807	27.8228178209349	-0.538094621774376	-8.32254298118822	30.9093933684681	2	1
1.15773411126316	-11.218637082603	34.9282401065206	0.789570999170643	-7.9536205937552	31.7206135056759	-1.03127835364385	-11.2366786398634	35.5357642238965	2	1
1.84604693459882	-14.8259128081704	40.0139984864934	1.15773411126316	-11.218637082603	34.9282401065206	-1.12160518123714	-15.5849227418919	38.4060135829926	2	1
2.28424767277022	-18.7428253411846	41.5695733422244	1.84604693459882	-14.8259128081704	40.0139984864934	-0.436499879055297	-18.7363118830067	40.3768405581952	2	1
1.83055798050302	-21.8053349123081	41.1732318860186	2.28424767277022	-18.7428253411846	41.5695733422244	-0.120124896169752	-22.1839124860014	41.1186320888386	2	1
-0.502559617867875	-3.89793589059019	23.2501596323215	0.12035	-1.5779	16.987	-1.3371206287911	-1.85813948324566	16.4015194360685	2	1
-0.832449254953157	-5.9394602386181	27.6674567382283	-0.502559617867875	-3.89793589059019	23.2501596323215	-1.7066248181352	-3.06498069443811	23.7933942858631	2	1
-0.538094621774376	-8.32254298118822	30.9093933684681	-0.832449254953157	-5.9394602386181	27.6674567382283	-1.39761817353543	-5.74520027748224	28.2428098306577	2	1
-1.03127835364385	-11.2366786398634	35.5357642238965	-0.538094621774376	-8.32254298118822	30.9093933684681	-2.38501380611329	-5.74768073025481	32.4129576796098	2	1
-1.12160518123714	-15.5849227418919	38.4060135829926	-1.03127835364385	-11.2366786398634	35.5357642238965	-1.83706365658221	-11.9165936196845	35.2901753280085	2	1
-0.436499879055297	-18.7363118830067	40.3768405581952	-1.12160518123714	-15.5849227418919	38.4060135829926	-2.05483732211048	-15.3534197898557	38.2359673703341	2	1
-0.120124896169752	-22.1839124860014	41.1186320888386	-0.436499879055297	-18.7363118830067	40.3768405581952	-0.504742356336882	-18.8310494408908	42.0875240500839	2	1
-1.3371206287911	-1.85813948324566	16.4015194360685	-1.7066248181352	-3.06498069443811	23.7933942858631	-0.502559617867875	-3.89793589059019	23.2501596323215	2	1
-1.7066248181352	-3.06498069443811	23.7933942858631	-1.39761817353543	-5.74520027748224	28.2428098306577	-0.832449254953157	-5.9394602386181	27.6674567382283	2	1
-1.39761817353543	-5.74520027748224	28.2428098306577	-2.38501380611329	-5.74768073025481	32.4129576796098	-0.538094621774376	-8.32254298118822	30.9093933684681	2	1
-2.38501380611329	-5.74768073025481	32.4129576796098	-1.83706365658221	-11.9165936196845	35.2901753280085	-1.03127835364385	-11.2366786398634	35.5357642238965	2	1
-1.83706365658221	-11.9165936196845	35.2901753280085	-2.05483732211048	-15.3534197898557	38.2359673703341	-1.12160518123714	-15.5849227418919	38.4060135829926	2	1
-2.05483732211048	-15.3534197898557	38.2359673703341	-0.504742356336882	-18.8310494408908	42.0875240500839	-0.436499879055297	-18.7363118830067	40.3768405581952	2	1
0.0037021	2.3981	21.682	0.193985009893696	3.57182858706951	27.5341487919603	1.08836392675098	1.96463865773123	21.3697744843671	3	2
0.193985009893696	3.57182858706951	27.5341487919603	0.254012235583108	4.68580218196408	32.9826132274278	0.966028954932183	3.60566136923531	27.8260809412353	3	2
0.254012235583108	4.68580218196408	32.9826132274278	0.470468747847404	6.50359008572826	36.8925125174002	2.04977580590294	3.64832533155846	32.9760316710317	3	2
0.470468747847404	6.50359008572826	36.8925125174002	0.938249611761028	9.06818446681575	40.8923328738476	1.94409114268628	6.35654618051423	36.8903474842029	3	2
0.938249611761028	9.06818446681575	40.8923328738476	1.15301634365943	11.7690144399392	43.5007636506074	2.98112071829147	7.93825245988059	41.688277841673	3	2
1.15301634365943	11.7690144399392	43.5007636506074	1.8263713282491	14.7623577385005	46.0327048271924	3.04066773809452	11.1148973241643	43.6036090293929	3	2
1.8263713282491	14.7623577385005	46.0327048271924	2.92906482621831	19.8881773907849	47.8742812800694	3.82796982086123	14.4842605150339	46.0005972163651	3	2
2.92906482621831	19.8881773907849	47.8742812800694	3.56990930945678	23.3256739256072	47.9316695313726	5.00002967579639	20.1591414304233	47.4540340063901	3	2
3.56990930945678	23.3256739256072	47.9316695313726	4.91296033275167	26.8159939690182	47.5773080868139	6.41495814584595	23.5899176602981	48.351722691386	3	2
4.91296033275167	26.8159939690182	47.5773080868139	4.70480962728338	30.1976305191936	46.7718768195224	6.13613952635265	26.9472638322973	47.9357964734268	3	2
4.70480962728338	30.1976305191936	46.7718768195224	4.7831356582933	36.2844216292831	44.3269343304233	6.87513792951014	30.2076750484387	46.7902522919175	3	2
0.966028954932183	3.60566136923531	27.8260809412353	1.08836392675098	1.96463865773123	21.3697744843671	0.193985009893696	3.57182858706951	27.5341487919603	3	2
2.04977580590294	3.64832533155846	32.9760316710317	0.966028954932183	3.60566136923531	27.8260809412353	0.254012235583108	4.68580218196408	32.9826132274278	3	2
1.94409114268628	6.35654618051423	36.8903474842029	2.04977580590294	3.64832533155846	32.9760316710317	0.470468747847404	6.50359008572826	36.8925125174002	3	2
2.98112071829147	7.93825245988059	41.688277841673	1.94409114268628	6.35654618051423	36.8903474842029	0.938249611761028	9.06818446681575	40.8923328738476	3	2
3.04066773809452	11.1148973241643	43.6036090293929	2.98112071829147	7.93825245988059	41.688277841673	1.15301634365943	11.7690144399392	43.5007636506074	3	2
3.82796982086123	14.4842605150339	46.0005972163651	3.04066773809452	11.1148973241643	43.6036090293929	1.8263713282491	14.7623577385005	46.0327048271924	3	2
5.00002967579639	20.1591414304233	47.4540340063901	3.82796982086123	14.4842605150339	46.0005972163651	2.92906482621831	19.8881773907849	47.8742812800694	3	2
6.41495814584595	23.5899176602981	48.351722691386	5.00002967579639	20.1591414304233	47.4540340063901	3.56990930945678	23.3256739256072	47.9316695313726	3	2
6.13613952635265	26.9472638322973	47.9357964734268	6.41495814584595	23.5899176602981	48.351722691386	4.91296033275167	26.8159939690182	47.5773080868139	3	2
6.87513792951014	30.2076750484387	46.7902522919175	6.13613952635265	26.9472638322973	47.9357964734268	4.70480962728338	30.1976305191936	46.7718768195224	3	2
0.193985009893696	3.57182858706951	27.5341487919603	0.0037021	2.3981	21.682	-1.46714927465545	1.90526880294966	21.580575593901	3	2
0.254012235583108	4.68580218196408	32.9826132274278	0.193985009893696	3.57182858706951	27.5341487919603	-1.44349745891419	3.63871987488967	27.3782096693496	3	2
0.470468747847404	6.50359008572826	36.8925125174002	0.254012235583108	4.68580218196408	32.9826132274278	-2.41976187973753	4.25322496112217	32.7066630856449	3	2
0.938249611761028	9.06818446681575	40.8923328738476	0.470468747847404	6.50359008572826	36.8925125174002	-1.53911257880634	6.90163317324637	36.2099746048681	3	2
1.15301634365943	11.7690144399392	43.5007636506074	0.938249611761028	9.06818446681575	40.8923328738476	-2.07121375708394	7.18214676808649	41.91159291454	3	2
1.8263713282491	14.7623577385005	46.0327048271924	1.15301634365943	11.7690144399392	43.5007636506074	-1.78296988087605	12.7386820203178	42.5920481654853	3	2
2.92906482621831	19.8881773907849	47.8742812800694	1.8263713282491	14.7623577385005	46.0327048271924	-0.689218748440178	14.9754684071802	45.6870897067805	3	2
3.56990930945678	23.3256739256072	47.9316695313726	2.92906482621831	19.8881773907849	47.8742812800694	1.65971998491204	19.713888263147	47.263153949772	3	2
4.91296033275167	26.8159939690182	47.5773080868139	3.56990930945678	23.3256739256072	47.9316695313726	2.63998204967076	23.9956028048707	48.7869847237055	3	2
4.70480962728338	30.1976305191936	46.7718768195224	4.91296033275167	26.8159939690182	47.5773080868139	3.45340286698489	27.1482373432567	48.2472232936864	3	2
4.7831356582933	36.2844216292831	44.3269343304233	4.70480962728338	30.1976305191936	46.7718768195224	4.15604509574913	30.9491118458079	48.3566229016062	3	2
-1.46714927465545	1.90526880294966	21.580575593901	-1.44349745891419	3.63871987488967	27.3782096693496	0.193985009893696	3.57182858706951	27.5341487919603	3	2
-1.44349745891419	3.63871987488967	27.3782096693496	-2.41976187973753	4.25322496112217	32.7066630856449	0.254012235583108	4.68580218196408	32.9826132274278	3	2
-2.41976187973753	4.25322496112217	32.7066630856449	-1.53911257880634	6.90163317324637	36.2099746048681	0.470468747847404	6.50359008572826	36.8925125174002	3	2
-1.53911257880634	6.90163317324637	36.2099746048681	-2.07121375708394	7.18214676808649	41.91159291454	0.938249611761028	9.06818446681575	40.8923328738476	3	2
-2.07121375708394	7.18214676808649	41.91159291454	-1.78296988087605	12.7386820203178	42.5920481654853	1.15301634365943	11.7690144399392	43.5007636506074	3	2
-1.78296988087605	12.7386820203178	42.5920481654853	-0.689218748440178	14.9754684071802	45.6870897067805	1.8263713282491	14.7623577385005	46.0327048271924	3	2
-0.689218748440178	14.9754684071802	45.6870897067805	1.65971998491204	19.713888263147	47.263153949772	2.92906482621831	19.8881773907849	47.8742812800694	3	2
1.65971998491204	19.713888263147	47.263153949772	2.63998204967076	23.9956028048707	48.7869847237055	3.56990930945678	23.3256739256072	47.9316695313726	3	2
2.63998204967076	23.9956028048707	48.7869847237055	3.45340286698489	27.1482373432567	48.2472232936864	4.91296033275167	26.8159939690182	47.5773080868139	3	2
3.45340286698489	27.1482373432567	48.2472232936864	4.15604509574913	30.9491118458079	48.3566229016062	4.70480962728338	30.1976305191936	46.7718768195224	3	2
0.23953	-1.8413	25.174	0.32504390011312	-2.43385784785773	29.6301006373543	0.968581616233358	-2.50204818210638	25.6198024266541	4	2
0.32504390011312	-2.43385784785773	29.6301006373543	0.455175944607973	-2.95017381340051	34.5035514052621	0.866502527412891	-1.68351655313541	29.8814095286755	4	2
0.455175944607973	-2.95017381340051	34.5035514052621	0.888028905980894	-3.76056292874218	39.1859073758785	1.04775802716228	-0.813509621272681	34.3583438795814	4	2
0.888028905980894	-3.76056292874218	39.1859073758785	1.42787229930716	-5.42327501906481	43.0348909904678	2.11468389925	-3.51295626795442	39.8298082059925	4	2
1.42787229930716	-5.42327501906481	43.0348909904678	1.29832795688877	-7.54173586759567	47.7377558255007	1.60209484311891	-5.17641762949489	43.4042533389042	4	2
1.29832795688877	-7.54173586759567	47.7377558255007	2.35521976742434	-9.92755370899048	51.1407548584869	3.14655255344366	-6.19262678893595	49.1107670325079	4	2
2.35521976742434	-9.92755370899048	51.1407548584869	3.56751746294975	-11.9890284490636	54.3265762601767	2.92352846102512	-9.39633736800845	51.5260875950296	4	2
3.56751746294975	-11.9890284490636	54.3265762601767	5.27478437241709	-14.9402638540788	56.7977962370347	5.87813597802367	-11.214246354644	55.357688448042	4	2
5.27478437241709	-14.9402638540788	56.7977962370347	7.37095890702535	-18.4076049949366	58.3121175679863	8.31236061486837	-14.9157307601882	57.3124505468386	4	2
7.37095890702535	-18.4076049949366	58.3121175679863	9.52482829499943	-22.0377896424899	60.0734151249642	9.53780365480709	-19.0803947081134	57.9271346581654	4	2
9.52482829499943	-22.0377896424899	60.0734151249642	12.0508085725382	-26.5761115348528	62.1890814594283	10.6693663187013	-21.0359240231705	61.2170667297488	4	2
0.866502527412891	-1.68351655313541	29.8814095286755	0.968581616233358	-2.50204818210638	25.6198024266541	0.32504390011312	-2.43385784785773	29.6301006373543	4	2
1.04775802716228	-0.813509621272681	34.3583438795814	0.866502527412891	-1.68351655313541	29.8814095286755	0.455175944607973	-2.95017381340051	34.5035514052621	4	2
2.11468389925	-3.51295626795442	39.8298082059925	1.04775802716228	-0.813509621272681	34.3583438795814	0.888028905980894	-3.76056292874218	39.1859073758785	4	2
1.60209484311891	-5.17641762949489	43.4042533389042	2.11468389925	-3.51295626795442	39.8298082059925	1.42787229930716	-5.42327501906481	43.0348909904678	4	2
3.14655255344366	-6.19262678893595	49.1107670325079	1.60209484311891	-5.17641762949489	43.4042533389042	1.29832795688877	-7.54173586759567	47.7377558255007	4	2
2.92352846102512	-9.39633736800845	51.5260875950296	3.14655255344366	-6.19262678893595	49.1107670325079	2.35521976742434	-9.92755370899048	51.1407548584869	4	2
5.87813597802367	-11.214246354644	55.357688448042	2.92352846102512	-9.39633736800845	51.5260875950296	3.56751746294975	-11.9890284490636	54.3265762601767	4	2
8.31236061486837	-14.9157307601882	57.3124505468386	5.87813597802367	-11.214246354644	55.357688448042	5.27478437241709	-14.9402638540788	56.7977962370347	4	2
9.53780365480709	-19.0803947081134	57.9271346581654	8.31236061486837	-14.9157307601882	57.3124505468386	7.37095890702535	-18.4076049949366	58.3121175679863	4	2
10.6693663187013	-21.0359240231705	61.2170667297488	9.53780365480709	-19.0803947081134	57.9271346581654	9.52482829499943	-22.0377896424899	60.0734151249642	4	2
0.32504390011312	-2.43385784785773	29.6301006373543	0.23953	-1.8413	25.174	-1.66684932310046	-2.16405839412149	24.8056487757871	4	2
0.455175944607973	-2.95017381340051	34.5035514052621	0.32504390011312	-2.43385784785773	29.6301006373543	-1.77879814973995	-1.95962199120803	29.2831780897479	4	2
0.888028905980894	-3.76056292874218	39.1859073758785	0.455175944607973	-2.95017381340051	34.5035514052621	-2.82798982587853	-2.59291071513684	33.9276015705328	4	2
1.42787229930716	-5.42327501906481	43.0348909904678	0.888028905980894	-3.76056292874218	39.1859073758785	-2.09996723709292	-4.84394642847983	38.2323013440329	4	2
1.29832795688877	-7.54173586759567	47.7377558255007	1.42787229930716	-5.42327501906481	43.0348909904678	-2.79708275935776	-3.91682873726348	42.6393481327284	4	2
2.35521976742434	-9.92755370899048	51.1407548584869	1.29832795688877	-7.54173586759567	47.7377558255007	-1.25915281080797	-7.61944440280361	46.8727666079858	4	2
3.56751746294975	-11.9890284490636	54.3265762601767	2.35521976742434	-9.92755370899048	51.1407548584869	1.21560570862875	-9.51341630805572	50.8502772343187	4	2
5.27478437241709	-14.9402638540788	56.7977962370347	3.56751746294975	-11.9890284490636	54.3265762601767	2.91370324744292	-12.1952483500136	53.6383063029263	4	2
7.37095890702535	-18.4076049949366	58.3121175679863	5.27478437241709	-14.9402638540788	56.7977962370347	3.50873652532243	-14.7192947396921	56.4296405467901	4	2
9.52482829499943	-22.0377896424899	60.0734151249642	7.37095890702535	-18.4076049949366	58.3121175679863	6.08188867427641	-18.2424816036647	58.1411718435722	4	2
12.0508085725382	-26.5761115348528	62.1890814594283	9.52482829499943	-22.0377896424899	60.0734151249642	8.74159260309671	-21.953473977366	59.6519240579837	4	2
-1.66684932310046	-2.16405839412149	24.8056487757871	-1.77879814973995	-1.95962199120803	29.2831780897479	0.32504390011312	-2.43385784785773	29.6301006373543	4	2
-1.77879814973995	-1.95962199120803	29.2831780897479	-2.82798982587853	-2.59291071513684	33.9276015705328	0.455175944607973	-2.95017381340051	34.5035514052621	4	2
-2.82798982587853	-2.59291071513684	33.9276015705328	-2.09996723709292	-4.84394642847983	38.2323013440329	0.888028905980894	-3.76056292874218	39.1859073758785	4	2
-2.09996723709292	-4.84394642847983	38.2323013440329	-2.79708275935776	-3.91682873726348	42.6393481327284	1.42787229930716	-5.42327501906481	43.0348909904678	4	2
-2.79708275935776	-3.91682873726348	42.6393481327284	-1.25915281080797	-7.61944440280361	46.8727666079858	1.29832795688877	-7.54173586759567	47.7377558255007	4	2
-1.25915281080797	-7.61944440280361	46.8727666079858	1.21560570862875	-9.51341630805572	50.8502772343187	2.35521976742434	-9.92755370899048	51.1407548584869	4	2
1.21560570862875	-9.51341630805572	50.8502772343187	2.91370324744292	-12.1952483500136	53.6383063029263	3.56751746294975	-11.9890284490636	54.3265762601767	4	2
2.91370324744292	-12.1952483500136	53.6383063029263	3.50873652532243	-14.7192947396921	56.4296405467901	5.27478437241709	-14.9402638540788	56.7977962370347	4	2
3.50873652532243	-14.7192947396921	56.4296405467901	6.08188867427641	-18.2424816036647	58.1411718435722	7.37095890702535	-18.4076049949366	58.3121175679863	4	2
6.08188867427641	-18.2424816036647	58.1411718435722	8.74159260309671	-21.953473977366	59.6519240579837	9.52482829499943	-22.0377896424899	60.0734151249642	4	2
-0.096448	-0.21984	26.534	-0.342230469281877	-0.0418444691794627	30.2557497253181	0.748656713056629	1.26758021740352	26.4246110922775	5	2
-0.342230469281877	-0.0418444691794627	30.2557497253181	-0.35179803473831	0.723592746640391	34.8795759526248	2.52337806059326	1.75404547361909	29.711967529157	5	2
-0.35179803473831	0.723592746640391	34.8795759526248	-0.61322523587395	1.73982437385676	39.6267471722409	1.29690150602478	0.637886355393839	34.3877873178567	5	2
-0.61322523587395	1.73982437385676	39.6267471722409	-1.00304807055434	2.85398680498221	43.2188435635743	0.480169117676664	1.6671946168646	39.9604984005876	5	2
-1.00304807055434	2.85398680498221	43.2188435635743	-1.41399128977402	4.35816694646786	47.1395860943378	2.14929569474699	3.61906128427176	43.0029217661438	5	2
-1.41399128977402	4.35816694646786	47.1395860943378	-2.83065421835902	7.98279162602007	52.1766209690586	1.78411016561882	4.37010186198634	46.5202721987196	5	2
-2.83065421835902	7.98279162602007	52.1766209690586	-4.20347889977264	10.2314660740918	54.5065264308083	-0.775468808651054	7.08067145726047	52.2845497550272	5	2
2.52337806059326	1.75404547361909	29.711967529157	0.748656713056629	1.26758021740352	26.4246110922775	-0.342230469281877	-0.0418444691794627	30.2557497253181	5	2
1.29690150602478	0.637886355393839	34.3877873178567	2.52337806059326	1.75404547361909	29.711967529157	-0.35179803473831	0.723592746640391	34.8795759526248	5	2
0.480169117676664	1.6671946168646	39.9604984005876	1.29690150602478	0.637886355393839	34.3877873178567	-0.61322523587395	1.73982437385676	39.6267471722409	5	2
2.14929569474699	3.61906128427176	43.0029217661438	0.480169117676664	1.6671946168646	39.9604984005876	-1.00304807055434	2.85398680498221	43.2188435635743	5	2
1.78411016561882	4.37010186198634	46.5202721987196	2.14929569474699	3.61906128427176	43.0029217661438	-1.41399128977402	4.35816694646786	47.1395860943378	5	2
-0.775468808651054	7.08067145726047	52.2845497550272	1.78411016561882	4.37010186198634	46.5202721987196	-2.83065421835902	7.98279162602007	52.1766209690586	5	2
-0.342230469281877	-0.0418444691794627	30.2557497253181	-0.096448	-0.21984	26.534	-1.20705405087384	0.348792074140951	26.8499677047177	5	2
-0.35179803473831	0.723592746640391	34.8795759526248	-0.342230469281877	-0.0418444691794627	30.2557497253181	-2.30129111793263	-2.25381221764195	30.4040149278097	5	2
-0.61322523587395	1.73982437385676	39.6267471722409	-0.35179803473831	0.723592746640391	34.8795759526248	-2.76915988594282	-0.895088093717706	35.4717923213607	5	2
-1.00304807055434	2.85398680498221	43.2188435635743	-0.61322523587395	1.73982437385676	39.6267471722409	-3.09448467488179	0.280581097293494	39.9979347611221	5	2
-1.41399128977402	4.35816694646786	47.1395860943378	-1.00304807055434	2.85398680498221	43.2188435635743	-2.59287050297738	0.379767100777625	44.0205859278599	5	2
-2.83065421835902	7.98279162602007	52.1766209690586	-1.41399128977402	4.35816694646786	47.1395860943378	-2.2945627012445	2.75044871920546	48.1953577083856	5	2
-4.20347889977264	10.2314660740918	54.5065264308083	-2.83065421835902	7.98279162602007	52.1766209690586	-3.48391303628151	7.78990481847032	52.1001931843218	5	2
-1.20705405087384	0.348792074140951	26.8499677047177	-2.30129111793263	-2.25381221764195	30.4040149278097	-0.342230469281877	-0.0418444691794627	30.2557497253181	5	2
-2.30129111793263	-2.25381221764195	30.4040149278097	-2.76915988594282	-0.895088093717706	35.4717923213607	-0.35179803473831	0.723592746640391	34.8795759526248	5	2
-2.76915988594282	-0.895088093717706	35.4717923213607	-3.09448467488179	0.280581097293494	39.9979347611221	-0.61322523587395	1.73982437385676	39.6267471722409	5	2
-3.09448467488179	0.280581097293494	39.9979347611221	-2.59287050297738	0.379767100777625	44.0205859278599	-1.00304807055434	2.85398680498221	43.2188435635743	5	2
-2.59287050297738	0.379767100777625	44.0205859278599	-2.2945627012445	2.75044871920546	48.1953577083856	-1.41399128977402	4.35816694646786	47.1395860943378	5	2
-2.2945627012445	2.75044871920546	48.1953577083856	-3.48391303628151	7.78990481847032	52.1001931843218	-2.83065421835902	7.98279162602007	52.1766209690586	5	2
0.66812	-1.503	30.237	0.685461297960469	-0.902606598929946	34.6667233662766	2.01517864685029	-0.826819751443254	30.3241802489536	6	2
0.685461297960469	-0.902606598929946	34.6667233662766	0.538099527511612	-0.647228948951479	39.0465490887685	2.09516037353876	-2.06963796275266	34.6603608064296	6	2
0.538099527511612	-0.647228948951479	39.0465490887685	0.680244996039136	-1.19265532474991	43.1271458011698	2.41695485711788	-0.768320210765248	39.3788885501968	6	2
0.680244996039136	-1.19265532474991	43.1271458011698	1.32986550338139	-2.73054502700338	47.5817027701784	2.24533273959707	1.53712902489101	43.6530336308638	6	2
1.32986550338139	-2.73054502700338	47.5817027701784	2.27664218914859	-4.70794584681079	51.6065866039198	2.63906739722325	0.111801841446528	49.0716796628092	6	2
2.27664218914859	-4.70794584681079	51.6065866039198	4.20179055145621	-6.92600751913012	55.5976131398992	4.40008069853311	-3.09679032133114	52.4643346844069	6	2
4.20179055145621	-6.92600751913012	55.5976131398992	5.80789086982911	-9.84544772762557	57.5538921400274	5.74422131118114	-6.09145490414488	56.6705051588255	6	2
5.80789086982911	-9.84544772762557	57.5538921400274	11.281796920709	-15.4548602991509	59.9429499540107	8.0687938453998	-8.83311503346706	59.7193208761888	6	2
11.281796920709	-15.4548602991509	59.9429499540107	12.5915748088996	-16.9653544588706	60.3332232903528	11.8122608647125	-15.5560765357893	61.4897415616789	6	2
2.09516037353876	-2.06963796275266	34.6603608064296	2.01517864685029	-0.826819751443254	30.3241802489536	0.685461297960469	-0.902606598929946	34.6667233662766	6	2
2.41695485711788	-0.768320210765248	39.3788885501968	2.09516037353876	-2.06963796275266	34.6603608064296	0.538099527511612	-0.647228948951479	39.0465490887685	6	2
2.24533273959707	1.53712902489101	43.6530336308638	2.41695485711788	-0.768320210765248	39.3788885501968	0.680244996039136	-1.19265532474991	43.1271458011698	6	2
2.63906739722325	0.111801841446528	49.0716796628092	2.24533273959707	1.53712902489101	43.6530336308638	1.32986550338139	-2.73054502700338	47.5817027701784	6	2
4.40008069853311	-3.09679032133114	52.4643346844069	2.63906739722325	0.111801841446528	49.0716796628092	2.27664218914859	-4.70794584681079	51.6065866039198	6	2
5.74422131118114	-6.09145490414488	56.6705051588255	4.40008069853311	-3.09679032133114	52.4643346844069	4.20179055145621	-6.92600751913012	55.5976131398992	6	2
8.0687938453998	-8.83311503346706	59.7193208761888	5.74422131118114	-6.09145490414488	56.6705051588255	5.80789086982911	-9.84544772762557	57.5538921400274	6	2
11.8122608647125	-15.5560765357893	61.4897415616789	8.0687938453998	-8.83311503346706	59.7193208761888	11.281796920709	-15.4548602991509	59.9429499540107	6	2
0.685461297960469	-0.902606598929946	34.6667233662766	0.66812	-1.503	30.237	-2.93364679224291	-1.01309907447514	30.5239702316724	6	2
0.538099527511612	-0.647228948951479	39.0465490887685	0.685461297960469	-0.902606598929946	34.6667233662766	-1.34911255097397	-0.161584537964288	34.6719538915193	6	2
0.680244996039136	-1.19265532474991	43.1271458011698	0.538099527511612	-0.647228948951479	39.0465490887685	-2.75309169928538	-0.469462278187289	39.2010588823737	6	2
1.32986550338139	-2.73054502700338	47.5817027701784	0.680244996039136	-1.19265532474991	43.1271458011698	-3.27318189648515	-1.60233085845532	42.6852970798307	6	2
2.27664218914859	-4.70794584681079	51.6065866039198	1.32986550338139	-2.73054502700338	47.5817027701784	-2.02939571100185	-3.07777084587044	46.9873826087733	6	2
4.20179055145621	-6.92600751913012	55.5976131398992	2.27664218914859	-4.70794584681079	51.6065866039198	-0.662179522826977	-3.76935227758421	51.6358163751726	6	2
5.80789086982911	-9.84544772762557	57.5538921400274	4.20179055145621	-6.92600751913012	55.5976131398992	2.24185984605266	-6.51259116036068	55.4985177095396	6	2
11.281796920709	-15.4548602991509	59.9429499540107	5.80789086982911	-9.84544772762557	57.5538921400274	4.89023806457986	-9.42099019249516	57.3316816769767	6	2
12.5915748088996	-16.9653544588706	60.3332232903528	11.281796920709	-15.4548602991509	59.9429499540107	10.2675723348979	-14.7098074659697	61.0974907524691	6	2
-2.93364679224291	-1.01309907447514	30.5239702316724	-1.34911255097397	-0.161584537964288	34.6719538915193	0.685461297960469	-0.902606598929946	34.6667233662766	6	2
-1.34911255097397	-0.161584537964288	34.6719538915193	-2.75309169928538	-0.469462278187289	39.2010588823737	0.538099527511612	-0.647228948951479	39.0465490887685	6	2
-2.75309169928538	-0.469462278187289	39.2010588823737	-3.27318189648515	-1.60233085845532	42.6852970798307	0.680244996039136	-1.19265532474991	43.1271458011698	6	2
-3.27318189648515	-1.60233085845532	42.6852970798307	-2.02939571100185	-3.07777084587044	46.9873826087733	1.32986550338139	-2.73054502700338	47.5817027701784	6	2
-2.02939571100185	-3.07777084587044	46.9873826087733	-0.662179522826977	-3.76935227758421	51.6358163751726	2.27664218914859	-4.70794584681079	51.6065866039198	6	2
-0.662179522826977	-3.76935227758421	51.6358163751726	2.24185984605266	-6.51259116036068	55.4985177095396	4.20179055145621	-6.92600751913012	55.5976131398992	6	2
2.24185984605266	-6.51259116036068	55.4985177095396	4.89023806457986	-9.42099019249516	57.3316816769767	5.80789086982911	-9.84544772762557	57.5538921400274	6	2
4.89023806457986	-9.42099019249516	57.3316816769767	10.2675723348979	-14.7098074659697	61.0974907524691	11.281796920709	-15.4548602991509	59.9429499540107	6	2
0.48025	-0.065238	32.487	-1.2776	-1.5731	35.774	0.80535	-0.11254	32.763	7	2
-1.2776	-1.5731	35.774	-3.7106	-3.0051	39.413	0.6961	-0.59294	36.29	7	2
0.6961	-0.59294	36.29	0.80535	-0.11254	32.763	-1.2776	-1.5731	35.774	7	2
-1.2776	-1.5731	35.774	0.48025	-0.065238	32.487	-3.3403	-1.2828	30.858	7	2
-3.7106	-3.0051	39.413	-1.2776	-1.5731	35.774	-3.4174	-1.3611	35.729	7	2
-3.3403	-1.2828	30.858	-3.4174	-1.3611	35.729	-1.2776	-1.5731	35.774	7	2
1.6541	2.9057	32.832	1.17479691205446	3.65931022988852	37.9324508713734	2.99200575682305	2.70412430968456	32.9969020222241	8	2
1.17479691205446	3.65931022988852	37.9324508713734	1.77987853954065	4.19406673864264	42.7674208061738	2.69539390174168	1.20912851278426	37.7557335883415	8	2
1.77987853954065	4.19406673864264	42.7674208061738	2.57426293619497	5.06509401181256	46.2446987602272	4.3918581106027	2.60186530093899	43.4051057770872	8	2
2.57426293619497	5.06509401181256	46.2446987602272	4.58580041759247	7.11600347341434	51.7252226002671	5.17274144779542	3.51677007279486	47.4740619346454	8	2
4.58580041759247	7.11600347341434	51.7252226002671	6.56793800427782	9.16405243106791	54.6987118745883	6.7900029209833	5.90916676469884	53.0765234263389	8	2
6.56793800427782	9.16405243106791	54.6987118745883	9.37341989367963	12.1476650708079	57.0877135477192	9.68978193831751	8.97172236024088	55.9204419615369	8	2
9.37341989367963	12.1476650708079	57.0877135477192	12.1684942501788	16.6434928152713	58.0171048720565	11.778215483157	12.3165568308078	57.4469457097459	8	2
12.1684942501788	16.6434928152713	58.0171048720565	13.6882204551456	20.5221603876782	57.2840584037502	14.1351352535541	17.1395881537969	59.0118709646312	8	2
13.6882204551456	20.5221603876782	57.2840584037502	14.5124160603881	23.7320255830978	56.1522757251704	14.8858430140345	20.3195253217826	57.5679971938266	8	2
2.69539390174168	1.20912851278426	37.7557335883415	2.99200575682305	2.70412430968456	32.9969020222241	1.17479691205446	3.65931022988852	37.9324508713734	8	2
4.3918581106027	2.60186530093899	43.4051057770872	2.69539390174168	1.20912851278426	37.7557335883415	1.77987853954065	4.19406673864264	42.7674208061738	8	2
5.17274144779542	3.51677007279486	47.4740619346454	4.3918581106027	2.60186530093899	43.4051057770872	2.57426293619497	5.06509401181256	46.2446987602272	8	2
6.7900029209833	5.90916676469884	53.0765234263389	5.17274144779542	3.51677007279486	47.4740619346454	4.58580041759247	7.11600347341434	51.7252226002671	8	2
9.68978193831751	8.97172236024088	55.9204419615369	6.7900029209833	5.90916676469884	53.0765234263389	6.56793800427782	9.16405243106791	54.6987118745883	8	2
11.778215483157	12.3165568308078	57.4469457097459	9.68978193831751	8.97172236024088	55.9204419615369	9.37341989367963	12.1476650708079	57.0877135477192	8	2
14.1351352535541	17.1395881537969	59.0118709646312	11.778215483157	12.3165568308078	57.4469457097459	12.1684942501788	16.6434928152713	58.0171048720565	8	2
14.8858430140345	20.3195253217826	57.5679971938266	14.1351352535541	17.1395881537969	59.0118709646312	13.6882204551456	20.5221603876782	57.2840584037502	8	2
1.17479691205446	3.65931022988852	37.9324508713734	1.6541	2.9057	32.832	0.308301117330384	0.434697368623545	33.0321421875464	8	2
1.77987853954065	4.19406673864264	42.7674208061738	1.17479691205446	3.65931022988852	37.9324508713734	-1.23018031781157	3.60043296277445	37.5493716704982	8	2
2.57426293619497	5.06509401181256	46.2446987602272	1.77987853954065	4.19406673864264	42.7674208061738	-0.719286240637	4.97577928943415	42.2043451989462	8	2
4.58580041759247	7.11600347341434	51.7252226002671	2.57426293619497	5.06509401181256	46.2446987602272	-1.12199112753818	5.50150138098495	45.5133232978495	8	2
6.56793800427782	9.16405243106791	54.6987118745883	4.58580041759247	7.11600347341434	51.7252226002671	1.18037595281035	7.16770907979459	51.0001780603027	8	2
9.37341989367963	12.1476650708079	57.0877135477192	6.56793800427782	9.16405243106791	54.6987118745883	4.11524099908208	9.54088649630624	53.389474624133	8	2
12.1684942501788	16.6434928152713	58.0171048720565	9.37341989367963	12.1476650708079	57.0877135477192	6.59115582863432	11.5382576475657	57.1251902718931	8	2
13.6882204551456	20.5221603876782	57.2840584037502	12.1684942501788	16.6434928152713	58.0171048720565	11.3853308493537	16.8436043597263	59.0184536910921	8	2
14.5124160603881	23.7320255830978	56.1522757251704	13.6882204551456	20.5221603876782	57.2840584037502	13.4689116218558	21.105339575526	57.6044716845334	8	2
0.308301117330384	0.434697368623545	33.0321421875464	-1.23018031781157	3.60043296277445	37.5493716704982	1.17479691205446	3.65931022988852	37.9324508713734	8	2
-1.23018031781157	3.60043296277445	37.5493716704982	-0.719286240637	4.97577928943415	42.2043451989462	1.77987853954065	4.19406673864264	42.7674208061738	8	2
-0.719286240637	4.97577928943415	42.2043451989462	-1.12199112753818	5.50150138098495	45.5133232978495	2.57426293619497	5.06509401181256	46.2446987602272	8	2
-1.12199112753818	5.50150138098495	45.5133232978495	1.18037595281035	7.16770907979459	51.0001780603027	4.58580041759247	7.11600347341434	51.7252226002671	8	2
1.18037595281035	7.16770907979459	51.0001780603027	4.11524099908208	9.54088649630624	53.389474624133	6.56793800427782	9.16405243106791	54.6987118745883	8	2
4.11524099908208	9.54088649630624	53.389474624133	6.59115582863432	11.5382576475657	57.1251902718931	9.37341989367963	12.1476650708079	57.0877135477192	8	2
6.59115582863432	11.5382576475657	57.1251902718931	11.3853308493537	16.8436043597263	59.0184536910921	12.1684942501788	16.6434928152713	58.0171048720565	8	2
11.3853308493537	16.8436043597263	59.0184536910921	13.4689116218558	21.105339575526	57.6044716845334	13.6882204551456	20.5221603876782	57.2840584037502	8	2
