-0.3475	-0.70784	0.031499	-0.41155	-0.34074	1.0263	-0.22515	-0.60134	1.8261	0	0
-0.41155	-0.34074	0	-0.087748	-0.21784	1.0423	-0.37868	0.45443	1.0936	0	0
-0.41155	-0.34074	0	-0.087748	-0.21784	1.0423	-0.1292	-0.21974	1.7978	0	0
-0.41155	-0.34074	0	-0.37868	0.45443	1.0936	-0.36431	0.45368	1.7658	0	0
-0.41155	-0.34074	0	-0.22515	-0.60134	1.8261	-0.1292	-0.21974	1.7978	0	0
-0.087748	-0.21784	0.015999	-0.37868	0.45443	1.0936	0.077885	0.65153	1.042	0	0
-0.087748	-0.21784	0.015999	0.077885	0.65153	1.042	0.58995	0.54246	1.7331	0	0
-0.087748	-0.21784	0.015999	-0.1292	-0.21974	1.7978	0.58995	0.54246	1.7331	0	0
-0.37868	0.45443	0.0673	0.077885	0.65153	1.042	0.090202	1.1281	1.0615	0	0
-0.37868	0.45443	0.0673	-0.36431	0.45368	1.7658	-0.23335	1.161	2.1406	0	0
-0.37868	0.45443	0.0673	0.090202	1.1281	1.0615	-0.23335	1.161	2.1406	0	0
-0.22515	-0.60134	0.79975	-0.1292	-0.21974	1.7978	0.21832	-0.029304	2.3827	0	0
-0.22515	-0.60134	0.79975	-0.15305	-0.60444	2.5182	0.21832	-0.029304	2.3827	0	0
0.077885	0.65153	0.015633	0.090202	1.1281	1.0615	0.65045	1.0875	1.0299	0	0
0.077885	0.65153	0.015633	0.65045	1.0875	1.0299	0.58995	0.54246	1.7331	0	0
-0.1292	-0.21974	0.77145	-0.36431	0.45368	1.7658	-0.53225	-0.15794	2.129	0	0
-0.1292	-0.21974	0.77145	-0.36431	0.45368	1.7658	0.17911	0.61674	1.8577	0	0
-0.1292	-0.21974	0.77145	-0.53225	-0.15794	2.129	-0.15305	-0.60444	2.5182	0	0
-0.1292	-0.21974	0.77145	0.58995	0.54246	1.7331	0.21832	-0.029304	2.3827	0	0
-0.36431	0.45368	0.7395	-0.53225	-0.15794	2.129	-0.33152	0.41281	2.5918	0	0
-0.36431	0.45368	0.7395	-0.33152	0.41281	2.5918	-0.23335	1.161	2.1406	0	0
0.090202	1.1281	0.03515	0.65045	1.0875	1.0299	0.2262	1.2084	1.817	0	0
0.090202	1.1281	0.03515	0.2262	1.2084	1.817	-0.23335	1.161	2.1406	0	0
-0.53225	-0.15794	1.1027	-0.33152	0.41281	2.5918	-0.13415	-0.24834	3.0499	0	0
0.65045	1.0875	0.003549	0.58995	0.54246	1.7331	0.65255	1.1118	1.7913	0	0
0.65045	1.0875	0.003549	0.2262	1.2084	1.817	0.65255	1.1118	1.7913	0	0
0.58995	0.54246	0.7068	0.17911	0.61674	1.8577	0.21832	-0.029304	2.3827	0	0
0.58995	0.54246	0.7068	0.17911	0.61674	1.8577	0.65255	1.1118	1.7913	0	0
0.17911	0.61674	0.83138	0.21832	-0.029304	2.3827	0.1928	0.65786	2.5434	0	0
0.17911	0.61674	0.83138	0.2262	1.2084	1.817	0.65255	1.1118	1.7913	0	0
0.17911	0.61674	0.83138	0.2262	1.2084	1.817	-0.23335	1.161	2.1406	0	0
0.17911	0.61674	0.83138	0.1928	0.65786	2.5434	-0.23335	1.161	2.1406	0	0
-0.15305	-0.60444	1.4919	0.21832	-0.029304	2.3827	-0.13415	-0.24834	3.0499	0	0
-0.15305	-0.60444	1.4919	-0.13415	-0.24834	3.0499	-0.20925	-0.38654	3.2845	0	0
0.21832	-0.029304	1.3563	0.1928	0.65786	2.5434	0.019302	0.37346	3.2258	0	0
0.21832	-0.029304	1.3563	-0.13415	-0.24834	3.0499	0.019302	0.37346	3.2258	0	0
-0.33152	0.41281	1.5654	0.019302	0.37346	3.2258	-0.19325	0.5944	3.2322	0	0
-0.33152	0.41281	1.5654	-0.19325	0.5944	3.2322	-0.24735	1.2865	3.1824	0	0
-0.33152	0.41281	1.5654	-0.23335	1.161	2.1406	-0.24735	1.2865	3.1824	0	0
0.1928	0.65786	1.5171	0.19635	1.1336	2.5602	0.59565	1.1524	2.462	0	0
0.1928	0.65786	1.5171	0.19635	1.1336	2.5602	-0.23335	1.161	2.1406	0	0
0.1928	0.65786	1.5171	0.59565	1.1524	2.462	0.58445	0.89706	3.0215	0	0
0.1928	0.65786	1.5171	0.019302	0.37346	3.2258	0.58445	0.89706	3.0215	0	0
-0.13415	-0.24834	2.0236	-0.20925	-0.38654	3.2845	0.019302	0.37346	3.2258	0	0
0.19635	1.1336	1.5339	0.58445	0.89706	3.0215	0.088202	1.1438	3.2618	0	0
0.19635	1.1336	1.5339	0.088202	1.1438	3.2618	-0.24735	1.2865	3.1824	0	0
0.19635	1.1336	1.5339	-0.23335	1.161	2.1406	-0.24735	1.2865	3.1824	0	0
-0.20925	-0.38654	2.2582	0.019302	0.37346	3.2258	-0.16545	-0.28084	4.0561	0	0
-0.20925	-0.38654	2.2582	-0.35048	-0.63784	3.8856	-0.16545	-0.28084	4.0561	0	0
0.019302	0.37346	2.1995	-0.19325	0.5944	3.2322	0.19198	0.45409	3.8968	0	0
0.019302	0.37346	2.1995	0.58445	0.89706	3.0215	0.5727	0.89226	3.8548	0	0
0.019302	0.37346	2.1995	-0.16545	-0.28084	4.0561	0.19198	0.45409	3.8968	0	0
-0.19325	0.5944	2.2059	0.19198	0.45409	3.8968	-0.17965	0.74516	4.0608	0	0
-0.19325	0.5944	2.2059	-0.24735	1.2865	3.1824	-0.17965	0.74516	4.0608	0	0
0.58445	0.89706	1.9952	0.088202	1.1438	3.2618	0.5727	0.89226	3.8548	0	0
0.088202	1.1438	2.2354	-0.24735	1.2865	3.1824	0.11245	1.1443	4.0705	0	0
0.088202	1.1438	2.2354	0.5727	0.89226	3.8548	0.11245	1.1443	4.0705	0	0
-0.35048	-0.63784	2.8592	-0.16545	-0.28084	4.0561	-0.2666	-0.57164	4.7374	0	0
-0.16545	-0.28084	3.0298	0.19198	0.45409	3.8968	0.12835	-0.030738	4.352	0	0
-0.16545	-0.28084	3.0298	0.12835	-0.030738	4.352	-0.15805	-0.24374	4.5619	0	0
-0.16545	-0.28084	3.0298	-0.15805	-0.24374	4.5619	-0.2666	-0.57164	4.7374	0	0
0.19198	0.45409	2.8704	0.5727	0.89226	3.8548	0.2311	0.63296	4.6118	0	0
0.19198	0.45409	2.8704	-0.17965	0.74516	4.0608	-0.1763	0.49556	4.57	0	0
0.19198	0.45409	2.8704	0.12835	-0.030738	4.352	0.2311	0.63296	4.6118	0	0
-0.24735	1.2865	2.1561	-0.17965	0.74516	4.0608	-0.41335	1.134	4.6148	0	0
-0.24735	1.2865	2.1561	0.11245	1.1443	4.0705	-0.41335	1.134	4.6148	0	0
0.5727	0.89226	2.8285	0.11245	1.1443	4.0705	0.23795	1.2918	4.5479	0	0
0.5727	0.89226	2.8285	0.2311	0.63296	4.6118	0.60185	0.89616	4.6843	0	0
0.5727	0.89226	2.8285	0.23795	1.2918	4.5479	0.60185	0.89616	4.6843	0	0
-0.17965	0.74516	3.0345	-0.1763	0.49556	4.57	-0.41335	1.134	4.6148	0	0
0.12835	-0.030738	3.3257	-0.1763	0.49556	4.57	-0.15805	-0.24374	4.5619	0	0
0.12835	-0.030738	3.3257	0.2311	0.63296	4.6118	-0.13315	-0.26594	5.0635	0	0
0.11245	1.1443	3.0442	-0.41335	1.134	4.6148	0.23795	1.2918	4.5479	0	0
-0.1763	0.49556	3.5437	-0.15805	-0.24374	4.5619	-0.13315	-0.26594	5.0635	0	0
-0.1763	0.49556	3.5437	-0.13315	-0.26594	5.0635	-0.39075	0.5507	5.3515	0	0
-0.1763	0.49556	3.5437	-0.41335	1.134	4.6148	-0.39075	0.5507	5.3515	0	0
-0.15805	-0.24374	3.5356	-0.2666	-0.57164	4.7374	-0.13315	-0.26594	5.0635	0	0
-0.2666	-0.57164	3.7111	-0.13315	-0.26594	5.0635	-0.40125	-0.59064	5.3859	0	0
0.2311	0.63296	3.5854	-0.13315	-0.26594	5.0635	0.035852	0.38686	5.6041	0	0
0.2311	0.63296	3.5854	0.035852	0.38686	5.6041	0.60185	0.89616	4.6843	0	0
-0.13315	-0.26594	4.0372	-0.36955	-0.2854	5.3799	-0.40125	-0.59064	5.3859	0	0
-0.13315	-0.26594	4.0372	-0.36955	-0.2854	5.3799	0.035852	0.38686	5.6041	0	0
-0.41335	1.134	3.5884	0.23795	1.2918	4.5479	-0.40672	1.1238	5.295	0	0
-0.41335	1.134	3.5884	-0.39075	0.5507	5.3515	-0.40672	1.1238	5.295	0	0
0.23795	1.2918	3.5216	0.2735	1.0969	5.3112	0.60185	0.89616	4.6843	0	0
0.23795	1.2918	3.5216	0.2735	1.0969	5.3112	-0.40672	1.1238	5.295	0	0
-0.36955	-0.2854	4.3535	-0.40125	-0.59064	5.3859	-0.32761	-0.32944	6.058	0	0
-0.36955	-0.2854	4.3535	0.035852	0.38686	5.6041	-0.32761	-0.32944	6.058	0	0
-0.40125	-0.59064	4.3596	-0.32761	-0.32944	6.058	-0.45215	-0.71554	6.0998	0	0
-0.39075	0.5507	4.3252	0.035852	0.38686	5.6041	0.2735	1.0969	5.3112	0	0
-0.39075	0.5507	4.3252	0.2735	1.0969	5.3112	-0.40672	1.1238	5.295	0	0
0.035852	0.38686	4.5778	0.2735	1.0969	5.3112	0.32645	1.112	6.0266	0	0
0.035852	0.38686	4.5778	-0.32761	-0.32944	6.058	-0.1037	0.50781	6.0765	0	0
0.035852	0.38686	4.5778	0.32645	1.112	6.0266	-0.1037	0.50781	6.0765	0	0
0.2735	1.0969	4.2849	0.60185	0.89616	4.6843	0.32645	1.112	6.0266	0	0
-0.32761	-0.32944	5.0317	-0.45215	-0.71554	6.0998	-0.3167	-0.29826	6.6523	0	0
-0.32761	-0.32944	5.0317	-0.1037	0.50781	6.0765	-0.3167	-0.29826	6.6523	0	0
0.32645	1.112	5.0003	-0.1037	0.50781	6.0765	0.30095	1.1021	6.8031	0	0
-0.45215	-0.71554	5.0735	-0.3167	-0.29826	6.6523	-0.59195	-0.91369	6.7385	0	0
-0.1037	0.50781	5.0502	-0.3167	-0.29826	6.6523	-0.13598	0.39563	6.7364	0	0
-0.1037	0.50781	5.0502	-0.13598	0.39563	6.7364	0.30095	1.1021	6.8031	0	0
-0.3167	-0.29826	5.6259	-0.13598	0.39563	6.7364	-0.42788	-0.25034	7.4039	0	0
-0.3167	-0.29826	5.6259	-0.59195	-0.91369	6.7385	-0.42788	-0.25034	7.4039	0	0
-0.13598	0.39563	5.7101	0.30095	1.1021	6.8031	-0.11615	0.77816	7.5529	0	0
-0.13598	0.39563	5.7101	-0.42788	-0.25034	7.4039	-0.11615	0.77816	7.5529	0	0
-0.59195	-0.91369	5.7121	-0.42788	-0.25034	7.4039	-0.56585	-0.73734	7.548	0	0
-0.59195	-0.91369	5.7121	-0.94701	-1.0701	7.415	-0.56585	-0.73734	7.548	0	0
0.30095	1.1021	5.7767	-0.11615	0.77816	7.5529	0.2734	1.0952	7.5373	0	0
-0.42788	-0.25034	6.3776	-0.56585	-0.73734	7.548	-0.4124	-0.22374	8.0443	0	0
-0.42788	-0.25034	6.3776	-0.54988	0.3956	7.5862	-0.11615	0.77816	7.5529	0	0
-0.42788	-0.25034	6.3776	-0.54988	0.3956	7.5862	-0.4124	-0.22374	8.0443	0	0
-0.94701	-1.0701	6.3887	-0.56585	-0.73734	7.548	-0.62795	-0.78214	8.0021	0	0
-0.94701	-1.0701	6.3887	-0.62795	-0.78214	8.0021	-1.0538	-0.90764	8.1021	0	0
-0.56585	-0.73734	6.5217	-0.4124	-0.22374	8.0443	-0.62795	-0.78214	8.0021	0	0
-0.54988	0.3956	6.5599	-0.11615	0.77816	7.5529	-0.51378	1.1669	7.4114	0	0
-0.54988	0.3956	6.5599	-0.51378	1.1669	7.4114	-0.4791	1.2056	8.0208	0	0
-0.54988	0.3956	6.5599	-0.4124	-0.22374	8.0443	-0.4438	0.46864	8.0486	0	0
-0.54988	0.3956	6.5599	-0.4438	0.46864	8.0486	-0.4791	1.2056	8.0208	0	0
-0.11615	0.77816	6.5266	-0.51378	1.1669	7.4114	0.2734	1.0952	7.5373	0	0
-0.51378	1.1669	6.385	0.2734	1.0952	7.5373	0.026352	1.5502	7.4657	0	0
-0.51378	1.1669	6.385	0.026352	1.5502	7.4657	-0.28695	1.5502	7.7489	0	0
-0.51378	1.1669	6.385	-0.28695	1.5502	7.7489	-0.4791	1.2056	8.0208	0	0
0.2734	1.0952	6.511	-0.4124	-0.22374	8.0443	0.2581	1.0921	8.0847	0	0
0.2734	1.0952	6.511	0.026352	1.5502	7.4657	0.2581	1.0921	8.0847	0	0
-0.4124	-0.22374	7.0179	-0.62795	-0.78214	8.0021	-0.89135	-0.40644	8.3197	0	0
-0.4124	-0.22374	7.0179	-0.4438	0.46864	8.0486	-0.89135	-0.40644	8.3197	0	0
-0.4124	-0.22374	7.0179	0.2581	1.0921	8.0847	0.18565	0.81736	8.7878	0	0
-0.4124	-0.22374	7.0179	0.18565	0.81736	8.7878	-0.4245	-0.22426	8.8192	0	0
-0.62795	-0.78214	6.9758	-1.0538	-0.90764	8.1021	-0.89135	-0.40644	8.3197	0	0
-0.4438	0.46864	7.0223	-0.4791	1.2056	8.0208	-0.46324	0.48506	8.815	0	0
-0.4438	0.46864	7.0223	-0.89135	-0.40644	8.3197	-0.46324	0.48506	8.815	0	0
-1.0538	-0.90764	7.0758	-0.89135	-0.40644	8.3197	-0.54655	-0.74849	8.802	0	0
-1.0538	-0.90764	7.0758	-0.54655	-0.74849	8.802	-0.85995	-1.0273	9.7054	0	0
0.026352	1.5502	6.4394	-0.28695	1.5502	7.7489	-0.034448	1.5586	8.1141	0	0
0.026352	1.5502	6.4394	0.2581	1.0921	8.0847	-0.034448	1.5586	8.1141	0	0
-0.28695	1.5502	6.7226	-0.31265	1.5695	7.8874	-0.4791	1.2056	8.0208	0	0
-0.28695	1.5502	6.7226	-0.31265	1.5695	7.8874	-0.034448	1.5586	8.1141	0	0
0.2581	1.0921	7.0584	-0.034448	1.5586	8.1141	0.038052	1.586	8.4944	0	0
0.2581	1.0921	7.0584	0.038052	1.586	8.4944	0.15865	1.3202	8.8175	0	0
0.2581	1.0921	7.0584	0.18565	0.81736	8.7878	0.15865	1.3202	8.8175	0	0
-0.31265	1.5695	6.8611	-0.4791	1.2056	8.0208	-0.16725	1.5609	8.5345	0	0
-0.31265	1.5695	6.8611	-0.034448	1.5586	8.1141	-0.16725	1.5609	8.5345	0	0
-0.4791	1.2056	6.9945	-0.16725	1.5609	8.5345	-0.43757	1.192	8.8144	0	0
-0.4791	1.2056	6.9945	-0.46324	0.48506	8.815	-0.43757	1.192	8.8144	0	0
-0.89135	-0.40644	7.2934	-0.54655	-0.74849	8.802	-0.4245	-0.22426	8.8192	0	0
-0.89135	-0.40644	7.2934	-0.4245	-0.22426	8.8192	-0.46324	0.48506	8.815	0	0
-0.034448	1.5586	7.0878	0.038052	1.586	8.4944	-0.16725	1.5609	8.5345	0	0
0.038052	1.586	7.4681	-0.16725	1.5609	8.5345	-0.2822	1.5457	9.3801	0	0
0.038052	1.586	7.4681	0.15865	1.3202	8.8175	-0.2822	1.5457	9.3801	0	0
-0.16725	1.5609	7.5082	-0.43757	1.192	8.8144	-0.2822	1.5457	9.3801	0	0
0.18565	0.81736	7.7615	-0.4245	-0.22426	8.8192	0.099852	0.53146	9.6678	0	0
0.18565	0.81736	7.7615	0.15865	1.3202	8.8175	0.1686	1.0787	9.5365	0	0
0.18565	0.81736	7.7615	0.1686	1.0787	9.5365	0.099852	0.53146	9.6678	0	0
-0.54655	-0.74849	7.7756	-0.4245	-0.22426	8.8192	-0.54215	-0.73694	9.5497	0	0
-0.54655	-0.74849	7.7756	-0.54215	-0.73694	9.5497	-0.85995	-1.0273	9.7054	0	0
-0.4245	-0.22426	7.7929	-0.54215	-0.73694	9.5497	-0.40325	-0.23239	9.5557	0	0
-0.4245	-0.22426	7.7929	-0.40325	-0.23239	9.5557	0.099852	0.53146	9.6678	0	0
-0.46324	0.48506	7.7886	-0.43757	1.192	8.8144	-0.50717	0.49754	9.5691	0	0
-0.46324	0.48506	7.7886	-0.40325	-0.23239	9.5557	-0.50717	0.49754	9.5691	0	0
-0.43757	1.192	7.7881	-0.2822	1.5457	9.3801	-0.4315	1.1788	9.5592	0	0
-0.43757	1.192	7.7881	-0.50717	0.49754	9.5691	-0.4315	1.1788	9.5592	0	0
0.15865	1.3202	7.7912	-0.2822	1.5457	9.3801	0.1686	1.0787	9.5365	0	0
-0.54215	-0.73694	8.5234	-0.40325	-0.23239	9.5557	-0.39457	-0.35364	10.274	0	0
-0.54215	-0.73694	8.5234	-0.85995	-1.0273	9.7054	-0.65628	-0.8273	10.225	0	0
-0.54215	-0.73694	8.5234	-0.65628	-0.8273	10.225	-0.39457	-0.35364	10.274	0	0
-0.40325	-0.23239	8.5294	-0.50717	0.49754	9.5691	-0.50472	0.53016	10.263	0	0
-0.40325	-0.23239	8.5294	-0.39457	-0.35364	10.274	-0.50472	0.53016	10.263	0	0
-0.2822	1.5457	8.3537	0.1686	1.0787	9.5365	-0.016698	1.5936	10.331	0	0
-0.2822	1.5457	8.3537	-0.4315	1.1788	9.5592	-0.25145	1.5798	10.313	0	0
-0.2822	1.5457	8.3537	-0.25145	1.5798	10.313	-0.016698	1.5936	10.331	0	0
0.1686	1.0787	8.5102	0.099852	0.53146	9.6678	0.23665	0.83626	10.139	0	0
0.1686	1.0787	8.5102	0.23665	0.83626	10.139	0.10795	1.333	10.31	0	0
0.1686	1.0787	8.5102	-0.016698	1.5936	10.331	0.10795	1.333	10.31	0	0
-0.50717	0.49754	8.5427	-0.4315	1.1788	9.5592	-0.50472	0.53016	10.263	0	0
0.099852	0.53146	8.6415	-0.39457	-0.35364	10.274	0.23665	0.83626	10.139	0	0
-0.65628	-0.8273	9.1986	-0.39457	-0.35364	10.274	-0.42485	-0.68119	11.11	0	0
-0.39457	-0.35364	9.2478	0.23665	0.83626	10.139	0.17135	0.54336	11.136	0	0
-0.39457	-0.35364	9.2478	-0.50472	0.53016	10.263	-0.35848	-0.20897	10.899	0	0
-0.39457	-0.35364	9.2478	-0.35848	-0.20897	10.899	-0.42485	-0.68119	11.11	0	0
-0.4315	1.1788	8.5329	-0.50472	0.53016	10.263	-0.4806	1.1799	10.32	0	0
-0.4315	1.1788	8.5329	-0.4806	1.1799	10.32	-0.25145	1.5798	10.313	0	0
0.23665	0.83626	9.1124	0.10795	1.333	10.31	0.21739	1.0475	10.913	0	0
0.23665	0.83626	9.1124	0.21739	1.0475	10.913	0.17135	0.54336	11.136	0	0
-0.50472	0.53016	9.2364	-0.4806	1.1799	10.32	-0.40839	0.43862	10.972	0	0
-0.50472	0.53016	9.2364	-0.35848	-0.20897	10.899	-0.40839	0.43862	10.972	0	0
-0.4806	1.1799	9.2938	-0.25145	1.5798	10.313	-0.36515	1.6128	11.053	0	0
-0.4806	1.1799	9.2938	-0.36515	1.6128	11.053	-0.52258	1.2767	11.081	0	0
-0.4806	1.1799	9.2938	-0.52258	1.2767	11.081	-0.40839	0.43862	10.972	0	0
-0.35848	-0.20897	9.8729	-0.40839	0.43862	10.972	-0.3805	-0.25454	11.548	0	0
-0.35848	-0.20897	9.8729	-0.42485	-0.68119	11.11	-0.3805	-0.25454	11.548	0	0
-0.25145	1.5798	9.2866	-0.016698	1.5936	10.331	-0.36515	1.6128	11.053	0	0
-0.016698	1.5936	9.3044	0.10795	1.333	10.31	-0.012848	1.6031	11.064	0	0
-0.016698	1.5936	9.3044	-0.012848	1.6031	11.064	-0.36515	1.6128	11.053	0	0
0.10795	1.333	9.284	0.21739	1.0475	10.913	-0.012848	1.6031	11.064	0	0
0.21739	1.0475	9.8871	-0.012848	1.6031	11.064	0.2639	1.1164	11.541	0	0
0.21739	1.0475	9.8871	0.17135	0.54336	11.136	0.2639	1.1164	11.541	0	0
-0.36515	1.6128	10.026	-0.52258	1.2767	11.081	-0.51385	1.2237	11.577	0	0
-0.52258	1.2767	10.054	-0.40839	0.43862	10.972	-0.47425	0.49099	11.542	0	0
-0.52258	1.2767	10.054	-0.47425	0.49099	11.542	-0.51385	1.2237	11.577	0	0
-0.40839	0.43862	9.946	-0.3805	-0.25454	11.548	-0.47425	0.49099	11.542	0	0
0.17135	0.54336	10.11	0.14235	0.54886	11.383	0.2639	1.1164	11.541	0	0
-0.42485	-0.68119	10.083	-0.3805	-0.25454	11.548	-0.73568	-0.83094	11.678	0	0
-0.3805	-0.25454	10.522	-0.73568	-0.83094	11.678	-0.96105	-0.55514	11.959	0	0
-0.3805	-0.25454	10.522	-0.47425	0.49099	11.542	-0.45897	0.4671	12.308	0	0
-0.3805	-0.25454	10.522	-0.96105	-0.55514	11.959	-0.37735	-0.30974	12.377	0	0
-0.3805	-0.25454	10.522	-0.37735	-0.30974	12.377	-0.45897	0.4671	12.308	0	0
-0.73568	-0.83094	10.652	-0.96105	-0.55514	11.959	-0.86515	-0.80664	12.027	0	0
-0.47425	0.49099	10.516	-0.51385	1.2237	11.577	-0.46937	1.2148	12.265	0	0
-0.47425	0.49099	10.516	-0.45897	0.4671	12.308	-0.46937	1.2148	12.265	0	0
-0.96105	-0.55514	10.932	-0.86515	-0.80664	12.027	-0.37735	-0.30974	12.377	0	0
-0.86515	-0.80664	11.001	-0.68505	-0.91876	12.451	-0.37735	-0.30974	12.377	0	0
-0.68505	-0.91876	11.424	-0.37735	-0.30974	12.377	-0.6718	-0.79579	12.916	0	0
-0.37735	-0.30974	11.351	-0.45897	0.4671	12.308	-0.45517	0.47934	13.071	0	0
-0.37735	-0.30974	11.351	-0.6718	-0.79579	12.916	-0.38811	-0.35657	12.961	0	0
-0.37735	-0.30974	11.351	-0.38811	-0.35657	12.961	-0.45517	0.47934	13.071	0	0
-0.45897	0.4671	11.282	-0.46937	1.2148	12.265	-0.3675	1.1734	13.003	0	0
-0.45897	0.4671	11.282	-0.45517	0.47934	13.071	-0.3675	1.1734	13.003	0	0
-0.6718	-0.79579	11.89	-0.38811	-0.35657	12.961	-0.42152	-0.31249	13.655	0	0
-0.6718	-0.79579	11.89	-0.42152	-0.31249	13.655	-0.48425	-0.71459	13.816	0	0
-0.38811	-0.35657	11.934	-0.45517	0.47934	13.071	-0.42152	-0.31249	13.655	0	0
-0.46937	1.2148	11.239	0.3201	1.1734	12.319	0.44915	1.7967	12.608	0	0
-0.46937	1.2148	11.239	-0.3675	1.1734	13.003	0.27305	1.7982	12.942	0	0
-0.46937	1.2148	11.239	0.44915	1.7967	12.608	0.27305	1.7982	12.942	0	0
-0.45517	0.47934	12.045	-0.3675	1.1734	13.003	-0.41085	1.0843	13.778	0	0
-0.45517	0.47934	12.045	-0.42152	-0.31249	13.655	-0.4279	0.48226	13.809	0	0
-0.45517	0.47934	12.045	-0.4279	0.48226	13.809	-0.41085	1.0843	13.778	0	0
-0.3675	1.1734	11.976	0.27305	1.7982	12.942	0.2212	1.1343	13.055	0	0
-0.42152	-0.31249	12.628	-0.48425	-0.71459	13.816	-0.34132	-0.30249	14.365	0	0
-0.42152	-0.31249	12.628	-0.4279	0.48226	13.809	-0.34132	-0.30249	14.365	0	0
-0.48425	-0.71459	12.79	-0.34132	-0.30249	14.365	-0.3805	-0.66844	14.533	0	0
-0.4279	0.48226	12.782	-0.34132	-0.30249	14.365	-0.45917	0.47431	14.571	0	0
-0.4279	0.48226	12.782	-0.41085	1.0843	13.778	-0.43095	1.0746	14.544	0	0
-0.4279	0.48226	12.782	-0.45917	0.47431	14.571	-0.43095	1.0746	14.544	0	0
-0.34132	-0.30249	13.339	-0.3805	-0.66844	14.533	-0.88565	-0.52164	15.158	0	0
-0.34132	-0.30249	13.339	-0.45917	0.47431	14.571	-0.88565	-0.52164	15.158	0	0
-0.3805	-0.66844	13.506	-0.45015	-0.71134	15.077	-0.88565	-0.52164	15.158	0	0
-0.45917	0.47431	13.544	-0.88565	-0.52164	15.158	-0.42075	0.48256	15.058	0	0
-0.45917	0.47431	13.544	-0.43095	1.0746	14.544	-0.42075	0.48256	15.058	0	0
-0.45015	-0.71134	14.05	-0.88565	-0.52164	15.158	-0.96415	-0.59844	15.237	0	0
-0.45015	-0.71134	14.05	-0.96415	-0.59844	15.237	-0.41911	-0.86022	15.823	0	0
-0.88565	-0.52164	14.132	-0.96415	-0.59844	15.237	-0.9813	-0.23194	15.939	0	0
-0.88565	-0.52164	14.132	-0.42075	0.48256	15.058	-0.9813	-0.23194	15.939	0	0
-0.36742	-0.36009	14.155	-0.42075	0.48256	15.058	0.16885	0.67156	15.048	0	0
-0.96415	-0.59844	14.211	-0.41911	-0.86022	15.823	-0.88385	-0.74594	16.35	0	0
-0.96415	-0.59844	14.211	-0.88385	-0.74594	16.35	-0.9813	-0.23194	15.939	0	0
-0.43095	1.0746	13.518	-0.42075	0.48256	15.058	-0.24235	1.0866	15.056	0	0
-0.42075	0.48256	14.032	0.16885	0.67156	15.048	-0.24235	1.0866	15.056	0	0
-0.42075	0.48256	14.032	-0.2845	1.1115	15.833	-0.41087	0.47619	15.805	0	0
-0.42075	0.48256	14.032	-0.41087	0.47619	15.805	-0.9813	-0.23194	15.939	0	0
0.16885	0.67156	14.021	-0.24235	1.0866	15.056	0.038752	1.0985	14.99	0	0
-0.2845	1.1115	14.806	0.086652	1.0978	15.893	-0.40285	1.0613	16.442	0	0
-0.2845	1.1115	14.806	-0.41087	0.47619	15.805	-0.40285	1.0613	16.442	0	0
0.15923	0.66041	14.794	0.086652	1.0978	15.893	0.19095	0.60506	16.561	0	0
0.086652	1.0978	14.867	-0.40285	1.0613	16.442	0.098052	1.2044	16.563	0	0
0.086652	1.0978	14.867	0.098052	1.2044	16.563	0.19095	0.60506	16.561	0	0
-0.41087	0.47619	14.779	-0.33885	0.3976	16.548	-0.40285	1.0613	16.442	0	0
-0.41087	0.47619	14.779	-0.33885	0.3976	16.548	-0.9813	-0.23194	15.939	0	0
-0.41911	-0.86022	14.797	-0.88385	-0.74594	16.35	-0.40575	-0.89959	16.375	0	0
0.0025521	-0.12704	15.073	-0.3584	-0.28179	16.533	-0.13335	-0.68374	16.621	0	0
0.0025521	-0.12704	15.073	-0.3584	-0.28179	16.533	-0.33885	0.3976	16.548	0	0
0.0025521	-0.12704	15.073	-0.13335	-0.68374	16.621	0.14772	-0.31664	17.336	0	0
0.0025521	-0.12704	15.073	-0.33885	0.3976	16.548	0.19095	0.60506	16.561	0	0
0.0025521	-0.12704	15.073	0.19095	0.60506	16.561	0.14772	-0.31664	17.336	0	0
-0.88385	-0.74594	15.324	-0.40575	-0.89959	16.375	-0.62545	-0.83467	17.168	0	0
-0.88385	-0.74594	15.324	-0.3584	-0.28179	16.533	-0.97425	-0.35344	16.392	0	0
-0.88385	-0.74594	15.324	-0.62545	-0.83467	17.168	-0.8889	-0.31899	17.315	0	0
-0.88385	-0.74594	15.324	-0.9813	-0.23194	15.939	-0.97425	-0.35344	16.392	0	0
-0.40575	-0.89959	15.348	-0.13335	-0.68374	16.621	-0.62545	-0.83467	17.168	0	0
-0.3584	-0.28179	15.506	-0.13335	-0.68374	16.621	-0.62545	-0.83467	17.168	0	0
-0.3584	-0.28179	15.506	-0.33885	0.3976	16.548	-0.97425	-0.35344	16.392	0	0
-0.3584	-0.28179	15.506	-0.62545	-0.83467	17.168	-0.42971	-0.24287	17.25	0	0
-0.13335	-0.68374	15.594	0.14772	-0.31664	17.336	0.13693	-0.69866	17.265	0	0
-0.33885	0.3976	15.521	-0.40285	1.0613	16.442	-0.38725	0.43935	17.265	0	0
-0.33885	0.3976	15.521	-0.42971	-0.24287	17.25	-0.38725	0.43935	17.265	0	0
-0.33885	0.3976	15.521	-0.9813	-0.23194	15.939	-0.97425	-0.35344	16.392	0	0
-0.40285	1.0613	15.416	0.098052	1.2044	16.563	-0.15665	1.2386	17.304	0	0
-0.40285	1.0613	15.416	-0.38725	0.43935	17.265	-0.15665	1.2386	17.304	0	0
0.098052	1.2044	15.537	0.19095	0.60506	16.561	0.2491	0.60551	17.313	0	0
0.098052	1.2044	15.537	0.2491	0.60551	17.313	0.062652	1.2484	17.309	0	0
0.098052	1.2044	15.537	-0.15665	1.2386	17.304	0.062652	1.2484	17.309	0	0
-0.62545	-0.83467	16.142	-0.8889	-0.31899	17.315	-0.29075	-0.65094	18.07	0	0
-0.62545	-0.83467	16.142	-0.29075	-0.65094	18.07	0.13693	-0.69866	17.265	0	0
-0.42971	-0.24287	16.224	-0.38725	0.43935	17.265	-0.62165	0.4732	17.91	0	0
-0.42971	-0.24287	16.224	-0.55715	-0.25834	18.062	-0.62165	0.4732	17.91	0	0
-0.42971	-0.24287	16.224	-0.55715	-0.25834	18.062	-0.29075	-0.65094	18.07	0	0
-0.38725	0.43935	16.239	0.2491	0.60551	17.313	-0.15665	1.2386	17.304	0	0
-0.38725	0.43935	16.239	-0.62165	0.4732	17.91	-0.38205	1.0578	18.07	0	0
0.19095	0.60506	15.535	0.2491	0.60551	17.313	0.14772	-0.31664	17.336	0	0
-0.8889	-0.31899	16.288	-0.9936	0.070962	17.954	-0.34635	-0.56554	18.285	0	0
-0.8889	-0.31899	16.288	-0.29075	-0.65094	18.07	-0.34635	-0.56554	18.285	0	0
0.2491	0.60551	16.286	0.062652	1.2484	17.309	0.10355	1.2579	18.077	0	0
0.2491	0.60551	16.286	0.10355	1.2579	18.077	0.21259	0.4143	18.048	0	0
0.2491	0.60551	16.286	0.21259	0.4143	18.048	0.14772	-0.31664	17.336	0	0
-0.15665	1.2386	16.278	0.062652	1.2484	17.309	-0.073448	1.5697	17.597	0	0
0.062652	1.2484	16.282	-0.073448	1.5697	17.597	0.10355	1.2579	18.077	0	0
-0.9936	0.070962	16.928	-0.55715	-0.25834	18.062	-0.62165	0.4732	17.91	0	0
-0.9936	0.070962	16.928	-0.62165	0.4732	17.91	-0.57545	0.52846	18.614	0	0
-0.073448	1.5697	16.57	0.10355	1.2579	18.077	-0.23995	1.5602	18.699	0	0
-0.62165	0.4732	16.884	-0.38205	1.0578	18.07	-0.57545	0.52846	18.614	0	0
-0.38205	1.0578	17.044	-0.57545	0.52846	18.614	-0.45155	1.1916	18.521	0	0
0.10355	1.2579	17.05	0.21259	0.4143	18.048	0.16085	1.0296	18.564	0	0
0.10355	1.2579	17.05	-0.23995	1.5602	18.699	0.16085	1.0296	18.564	0	0
0.022952	-0.076438	17.013	0.21259	0.4143	18.048	0.14772	-0.31664	17.336	0	0
0.022952	-0.076438	17.013	0.21259	0.4143	18.048	0.083602	0.26871	18.527	0	0
0.022952	-0.076438	17.013	-0.29075	-0.65094	18.07	-0.34635	-0.56554	18.285	0	0
0.022952	-0.076438	17.013	-0.29075	-0.65094	18.07	0.14772	-0.31664	17.336	0	0
0.022952	-0.076438	17.013	-0.34635	-0.56554	18.285	-0.33482	-0.38494	18.527	0	0
0.022952	-0.076438	17.013	-0.33482	-0.38494	18.527	0.083602	0.26871	18.527	0	0
0.21259	0.4143	17.022	0.083602	0.26871	18.527	0.16085	1.0296	18.564	0	0
-0.29075	-0.65094	17.044	0.14772	-0.31664	17.336	0.13693	-0.69866	17.265	0	0
-0.34635	-0.56554	17.259	-0.33482	-0.38494	18.527	-0.30967	-0.65984	19.43	0	0
-0.33482	-0.38494	17.501	0.083602	0.26871	18.527	-0.3333	-0.25534	19.303	0	0
-0.33482	-0.38494	17.501	-0.3333	-0.25534	19.303	-0.30967	-0.65984	19.43	0	0
0.083602	0.26871	17.501	0.16085	1.0296	18.564	0.012912	0.41294	19.344	0	0
0.083602	0.26871	17.501	-0.3333	-0.25534	19.303	0.012912	0.41294	19.344	0	0
-0.57545	0.52846	17.588	-0.45155	1.1916	18.521	-0.46765	1.1308	19.26	0	0
-0.57545	0.52846	17.588	-0.3333	-0.25534	19.303	-0.70147	0.45576	19.303	0	0
-0.57545	0.52846	17.588	-0.70147	0.45576	19.303	-0.46765	1.1308	19.26	0	0
-0.45155	1.1916	17.494	-0.23995	1.5602	18.699	-0.46765	1.1308	19.26	0	0
-0.23995	1.5602	17.673	0.16085	1.0296	18.564	0.26243	1.0638	19.343	0	0
-0.23995	1.5602	17.673	-0.46765	1.1308	19.26	-0.2114	1.6082	19.361	0	0
-0.23995	1.5602	17.673	0.26243	1.0638	19.343	-0.015798	1.6102	19.449	0	0
-0.23995	1.5602	17.673	-0.2114	1.6082	19.361	-0.015798	1.6102	19.449	0	0
0.16085	1.0296	17.538	0.012912	0.41294	19.344	0.26243	1.0638	19.343	0	0
-0.3333	-0.25534	18.277	-0.30967	-0.65984	19.43	-0.35305	-0.28614	20.053	0	0
-0.3333	-0.25534	18.277	-0.70147	0.45576	19.303	-0.70195	0.43951	20.061	0	0
-0.3333	-0.25534	18.277	0.012912	0.41294	19.344	-0.35305	-0.28614	20.053	0	0
-0.3333	-0.25534	18.277	-0.70195	0.43951	20.061	-0.10255	0.48991	20.051	0	0
-0.30967	-0.65984	18.403	-0.35305	-0.28614	20.053	-0.2813	-0.69894	20.021	0	0
-0.70147	0.45576	18.277	-0.46765	1.1308	19.26	-0.501	1.2706	20.018	0	0
-0.70147	0.45576	18.277	-0.70195	0.43951	20.061	-0.501	1.2706	20.018	0	0
-0.46765	1.1308	18.234	-0.2114	1.6082	19.361	-0.501	1.2706	20.018	0	0
0.012912	0.41294	18.317	0.26243	1.0638	19.343	0.28835	1.1383	19.911	0	0
0.012912	0.41294	18.317	-0.35305	-0.28614	20.053	-0.10255	0.48991	20.051	0	0
0.012912	0.41294	18.317	-0.10255	0.48991	20.051	0.28835	1.1383	19.911	0	0
0.26243	1.0638	18.316	-0.015798	1.6102	19.449	0.28835	1.1383	19.911	0	0
-0.2114	1.6082	18.335	-0.015798	1.6102	19.449	-0.26135	1.6477	20.091	0	0
-0.2114	1.6082	18.335	-0.501	1.2706	20.018	-0.26135	1.6477	20.091	0	0
-0.015798	1.6102	18.423	0.045752	1.7212	20.087	-0.26135	1.6477	20.091	0	0
-0.015798	1.6102	18.423	0.045752	1.7212	20.087	0.28835	1.1383	19.911	0	0
-0.70195	0.43951	19.035	-0.501	1.2706	20.018	-0.44551	1.2559	20.727	0	0
-0.70195	0.43951	19.035	-0.48658	0.37955	20.803	-0.44551	1.2559	20.727	0	0
-0.70195	0.43951	19.035	-0.48658	0.37955	20.803	-1.3729	0.25606	21.372	0	0
-0.35305	-0.28614	19.026	-0.2813	-0.69894	20.021	-0.30075	-0.65276	20.777	0	0
-0.35305	-0.28614	19.026	-0.10255	0.48991	20.051	-0.38382	-0.26259	20.793	0	0
-0.35305	-0.28614	19.026	-0.30075	-0.65276	20.777	-0.38382	-0.26259	20.793	0	0
-0.10255	0.48991	19.024	0.28835	1.1383	19.911	0.051352	0.73821	20.576	0	0
-0.10255	0.48991	19.024	-0.38382	-0.26259	20.793	0.051352	0.73821	20.576	0	0
-0.501	1.2706	18.992	-0.26135	1.6477	20.091	-0.44551	1.2559	20.727	0	0
0.045752	1.7212	19.061	-0.26135	1.6477	20.091	-0.44551	1.2559	20.727	0	0
0.045752	1.7212	19.061	0.28835	1.1383	19.911	0.58715	1.316	20.14	0	0
0.045752	1.7212	19.061	-0.44551	1.2559	20.727	0.34502	1.172	20.878	0	0
0.045752	1.7212	19.061	0.58715	1.316	20.14	0.34502	1.172	20.878	0	0
0.28835	1.1383	18.885	0.58715	1.316	20.14	0.051352	0.73821	20.576	0	0
-0.30075	-0.65276	19.751	-0.38382	-0.26259	20.793	-0.423	-0.26574	21.556	0	0
-0.30075	-0.65276	19.751	-0.3939	-0.77024	21.538	-0.423	-0.26574	21.556	0	0
-0.38382	-0.26259	19.767	0.051352	0.73821	20.576	0.2381	0.44926	21.314	0	0
-0.38382	-0.26259	19.767	-0.423	-0.26574	21.556	0.2381	0.44926	21.314	0	0
-0.48658	0.37955	19.777	-0.44551	1.2559	20.727	-0.54335	1.2539	21.341	0	0
-0.48658	0.37955	19.777	-0.39635	0.5562	21.475	0.2381	0.44926	21.314	0	0
-0.48658	0.37955	19.777	-0.39635	0.5562	21.475	-1.3729	0.25606	21.372	0	0
-0.44551	1.2559	19.701	0.34502	1.172	20.878	-0.54335	1.2539	21.341	0	0
0.58715	1.316	19.114	0.051352	0.73821	20.576	0.656	1.2231	20.593	0	0
0.051352	0.73821	19.55	0.34502	1.172	20.878	0.656	1.2231	20.593	0	0
0.051352	0.73821	19.55	0.34502	1.172	20.878	0.2381	0.44926	21.314	0	0
-0.3939	-0.77024	20.511	-0.423	-0.26574	21.556	-0.59085	-0.65714	22.028	0	0
0.34502	1.172	19.851	-0.54335	1.2539	21.341	0.95315	1.598	21.969	0	0
0.34502	1.172	19.851	0.656	1.2231	20.593	0.85285	1.191	21.302	0	0
0.34502	1.172	19.851	0.3645	0.98856	21.495	0.85285	1.191	21.302	0	0
0.34502	1.172	19.851	0.3645	0.98856	21.495	0.2381	0.44926	21.314	0	0
-0.54335	1.2539	20.315	-0.25505	1.1246	22.068	0.95315	1.598	21.969	0	0
0.3645	0.98856	20.468	0.19025	1.0859	22.049	0.21475	0.67251	22.012	0	0
0.3645	0.98856	20.468	0.19025	1.0859	22.049	0.95315	1.598	21.969	0	0
0.3645	0.98856	20.468	0.85285	1.191	21.302	0.95315	1.598	21.969	0	0
0.3645	0.98856	20.468	0.21475	0.67251	22.012	0.2381	0.44926	21.314	0	0
-0.39635	0.5562	20.449	-0.423	-0.26574	21.556	-0.415	0.47006	22.041	0	0
-0.39635	0.5562	20.449	-0.423	-0.26574	21.556	-1.105	-0.074787	21.691	0	0
-0.39635	0.5562	20.449	-0.415	0.47006	22.041	0.2381	0.44926	21.314	0	0
-0.39635	0.5562	20.449	-1.105	-0.074787	21.691	-1.3729	0.25606	21.372	0	0
-0.423	-0.26574	20.53	-0.415	0.47006	22.041	-0.35988	-0.3019	22.122	0	0
-0.423	-0.26574	20.53	-0.59085	-0.65714	22.028	-1.105	-0.074787	21.691	0	0
-0.423	-0.26574	20.53	-0.35988	-0.3019	22.122	0.3372	-0.36624	22.18	0	0
-0.423	-0.26574	20.53	0.2381	0.44926	21.314	0.3372	-0.36624	22.18	0	0
-0.415	0.47006	21.015	-0.35988	-0.3019	22.122	-0.47126	0.4628	22.806	0	0
-0.415	0.47006	21.015	-0.25505	1.1246	22.068	0.21475	0.67251	22.012	0	0
-0.415	0.47006	21.015	-0.25505	1.1246	22.068	-0.26585	1.0335	22.716	0	0
-0.415	0.47006	21.015	0.21475	0.67251	22.012	0.2381	0.44926	21.314	0	0
-0.415	0.47006	21.015	-0.47126	0.4628	22.806	-0.26585	1.0335	22.716	0	0
-0.59085	-0.65714	21.002	-0.35988	-0.3019	22.122	-0.6199	-0.31859	22.825	0	0
-0.59085	-0.65714	21.002	-1.105	-0.074787	21.691	-1.1567	-0.12344	22.002	0	0
-0.59085	-0.65714	21.002	-1.1567	-0.12344	22.002	-1.1862	-0.4681	22.686	0	0
-0.59085	-0.65714	21.002	-0.6199	-0.31859	22.825	-1.1862	-0.4681	22.686	0	0
-0.35988	-0.3019	21.095	-0.56622	-0.76911	22.772	0.154	-0.21294	22.793	0	0
-0.35988	-0.3019	21.095	-0.47126	0.4628	22.806	-0.6199	-0.31859	22.825	0	0
-0.35988	-0.3019	21.095	0.154	-0.21294	22.793	0.3372	-0.36624	22.18	0	0
-0.25505	1.1246	21.041	0.19025	1.0859	22.049	0.21475	0.67251	22.012	0	0
-0.25505	1.1246	21.041	0.19025	1.0859	22.049	0.011352	1.0912	22.825	0	0
-0.25505	1.1246	21.041	-0.26585	1.0335	22.716	0.011352	1.0912	22.825	0	0
0.19025	1.0859	21.022	0.95315	1.598	21.969	0.011352	1.0912	22.825	0	0
0.85285	1.191	20.275	0.2381	0.44926	21.314	0.65595	-0.22354	22.245	0	0
-0.56622	-0.76911	21.746	-0.61585	-0.67474	23.591	-0.6199	-0.31859	22.825	0	0
-0.56622	-0.76911	21.746	-0.61585	-0.67474	23.591	-1.0935	-0.92016	22.872	0	0
-0.56622	-0.76911	21.746	-0.6199	-0.31859	22.825	-1.1862	-0.4681	22.686	0	0
-0.56622	-0.76911	21.746	-1.1862	-0.4681	22.686	-1.0935	-0.92016	22.872	0	0
-0.56622	-0.76911	21.746	0.154	-0.21294	22.793	0.3931	-0.63109	22.812	0	0
-0.47126	0.4628	21.78	-0.26585	1.0335	22.716	-0.45125	0.44716	23.551	0	0
-0.47126	0.4628	21.78	-0.6199	-0.31859	22.825	-0.45125	0.44716	23.551	0	0
-0.26585	1.0335	21.69	0.011352	1.0912	22.825	-0.19085	1.1827	23.58	0	0
-0.26585	1.0335	21.69	-0.45125	0.44716	23.551	-0.19085	1.1827	23.58	0	0
-0.61585	-0.67474	22.565	0.059185	-0.32804	23.606	-0.69795	-0.32734	23.565	0	0
-0.61585	-0.67474	22.565	0.059185	-0.32804	23.606	0.34065	-0.69554	23.591	0	0
-0.61585	-0.67474	22.565	-0.6199	-0.31859	22.825	-0.69795	-0.32734	23.565	0	0
-0.61585	-0.67474	22.565	-1.0935	-0.92016	22.872	-1.2522	-1.1001	23.588	0	0
-0.61585	-0.67474	22.565	-1.2522	-1.1001	23.588	-0.88495	-0.79124	24.23	0	0
-0.61585	-0.67474	22.565	-0.65755	-0.88027	24.238	-0.88495	-0.79124	24.23	0	0
-0.61585	-0.67474	22.565	-0.65755	-0.88027	24.238	0.20085	-0.77226	24.295	0	0
-0.61585	-0.67474	22.565	0.20085	-0.77226	24.295	0.34065	-0.69554	23.591	0	0
0.059185	-0.32804	22.58	0.2188	0.55101	23.55	-0.45125	0.44716	23.551	0	0
0.059185	-0.32804	22.58	0.2188	0.55101	23.55	0.25115	-0.20677	24.211	0	0
0.059185	-0.32804	22.58	-0.45125	0.44716	23.551	-0.56201	-0.20524	24.273	0	0
0.059185	-0.32804	22.58	-0.56201	-0.20524	24.273	0.20085	-0.77226	24.295	0	0
0.059185	-0.32804	22.58	0.20085	-0.77226	24.295	0.25115	-0.20677	24.211	0	0
0.059185	-0.32804	22.58	0.34065	-0.69554	23.591	0.3931	-0.63109	22.812	0	0
0.011352	1.0912	21.799	0.036752	1.1831	23.557	-0.19085	1.1827	23.58	0	0
0.2381	0.44926	20.288	0.3372	-0.36624	22.18	0.65595	-0.22354	22.245	0	0
-1.105	-0.074787	20.664	-1.1567	-0.12344	22.002	-1.5789	-0.13094	22.108	0	0
-1.105	-0.074787	20.664	-1.3729	0.25606	21.372	-1.5789	-0.13094	22.108	0	0
-1.1567	-0.12344	20.976	-1.1862	-0.4681	22.686	-1.5789	-0.13094	22.108	0	0
0.2188	0.55101	22.524	0.036752	1.1831	23.557	0.35425	0.57406	24.307	0	0
0.2188	0.55101	22.524	0.35425	0.57406	24.307	0.25115	-0.20677	24.211	0	0
0.2188	0.55101	22.524	0.84775	-0.62624	23.106	0.88052	-0.3274	22.704	0	0
-0.6199	-0.31859	21.799	-0.69795	-0.32734	23.565	-0.45125	0.44716	23.551	0	0
-1.1862	-0.4681	21.66	-1.0935	-0.92016	22.872	-1.7044	-0.7402	22.887	0	0
-1.1862	-0.4681	21.66	-1.5789	-0.13094	22.108	-1.7044	-0.7402	22.887	0	0
-1.0935	-0.92016	21.846	-1.2522	-1.1001	23.588	-1.7044	-0.7402	22.887	0	0
-0.69795	-0.32734	22.539	-0.45125	0.44716	23.551	-0.9193	-0.076787	24.143	0	0
-0.69795	-0.32734	22.539	-0.88495	-0.79124	24.23	-0.9193	-0.076787	24.143	0	0
-0.45125	0.44716	22.525	-0.19085	1.1827	23.58	-0.48988	0.57153	24.206	0	0
-0.45125	0.44716	22.525	-0.48988	0.57153	24.206	-0.9193	-0.076787	24.143	0	0
0.036752	1.1831	22.53	-0.19085	1.1827	23.58	-0.070648	1.5571	24.502	0	0
0.036752	1.1831	22.53	0.35425	0.57406	24.307	0.092302	1.2865	24.319	0	0
0.036752	1.1831	22.53	0.092302	1.2865	24.319	-0.070648	1.5571	24.502	0	0
-1.2522	-1.1001	22.562	-0.88495	-0.79124	24.23	-1.895	-1.1264	23.905	0	0
-1.2522	-1.1001	22.562	-1.7044	-0.7402	22.887	-1.8615	-0.94627	23.51	0	0
-1.2522	-1.1001	22.562	-1.8615	-0.94627	23.51	-1.895	-1.1264	23.905	0	0
-0.65755	-0.88027	23.212	-0.88495	-0.79124	24.23	-0.56235	-0.98259	24.845	0	0
-0.65755	-0.88027	23.212	-0.56235	-0.98259	24.845	0.20085	-0.77226	24.295	0	0
-0.88495	-0.79124	23.204	-0.56235	-0.98259	24.845	-0.90285	-0.61954	24.875	0	0
-0.88495	-0.79124	23.204	-0.90285	-0.61954	24.875	-1.895	-1.1264	23.905	0	0
-0.88495	-0.79124	23.204	-0.9193	-0.076787	24.143	-0.9921	-0.30204	24.834	0	0
-0.19085	1.1827	22.553	-0.48988	0.57153	24.206	-0.22925	1.1973	24.317	0	0
-0.19085	1.1827	22.553	-0.22925	1.1973	24.317	-0.070648	1.5571	24.502	0	0
0.35425	0.57406	23.28	0.092302	1.2865	24.319	0.19245	1.2739	25.036	0	0
0.35425	0.57406	23.28	0.19245	1.2739	25.036	0.66172	0.44816	24.975	0	0
0.35425	0.57406	23.28	0.25115	-0.20677	24.211	0.6572	-0.24529	24.815	0	0
0.35425	0.57406	23.28	0.66172	0.44816	24.975	0.6572	-0.24529	24.815	0	0
-0.56201	-0.20524	23.247	-0.48988	0.57153	24.206	0.17749	-0.20924	24.888	0	0
-0.56201	-0.20524	23.247	-0.60445	-0.36564	25.114	-0.89945	0.26706	24.422	0	0
-0.56201	-0.20524	23.247	0.20085	-0.77226	24.295	0.17749	-0.20924	24.888	0	0
-0.48988	0.57153	23.179	-0.22925	1.1973	24.317	-0.44528	1.1017	24.921	0	0
-0.48988	0.57153	23.179	-0.4588	0.81476	25.072	-0.44528	1.1017	24.921	0	0
-0.48988	0.57153	23.179	-0.4588	0.81476	25.072	-0.89945	0.26706	24.422	0	0
-0.48988	0.57153	23.179	-0.9193	-0.076787	24.143	-0.89945	0.26706	24.422	0	0
-0.48988	0.57153	23.179	0.23865	0.44446	25.084	0.17749	-0.20924	24.888	0	0
-0.56235	-0.98259	23.818	-0.90285	-0.61954	24.875	-0.60445	-0.36564	25.114	0	0
-0.56235	-0.98259	23.818	-0.60445	-0.36564	25.114	0.10852	-0.74714	24.903	0	0
-0.56235	-0.98259	23.818	0.20085	-0.77226	24.295	0.10852	-0.74714	24.903	0	0
-0.90285	-0.61954	23.848	-0.60445	-0.36564	25.114	-0.9921	-0.30204	24.834	0	0
0.092302	1.2865	23.292	-0.070648	1.5571	24.502	0.19245	1.2739	25.036	0	0
-0.22925	1.1973	23.291	-0.070648	1.5571	24.502	-0.44528	1.1017	24.921	0	0
-0.070648	1.5571	23.476	0.19245	1.2739	25.036	-0.018081	1.6022	25.037	0	0
-0.070648	1.5571	23.476	-0.018081	1.6022	25.037	-0.44528	1.1017	24.921	0	0
-0.60445	-0.36564	24.087	-0.42345	-0.73714	25.519	-0.62845	-0.29764	25.565	0	0
-0.60445	-0.36564	24.087	-0.62845	-0.29764	25.565	-0.89475	-0.064838	25.368	0	0
-0.60445	-0.36564	24.087	0.10852	-0.74714	24.903	0.17749	-0.20924	24.888	0	0
-0.60445	-0.36564	24.087	-0.4588	0.81476	25.072	-0.89945	0.26706	24.422	0	0
-0.60445	-0.36564	24.087	-0.9921	-0.30204	24.834	-0.89475	-0.064838	25.368	0	0
-0.60445	-0.36564	24.087	0.10345	0.32781	25.549	0.17749	-0.20924	24.888	0	0
-0.42345	-0.73714	24.492	-0.62845	-0.29764	25.565	-0.1227	-0.41594	26.058	0	0
-0.42345	-0.73714	24.492	0.10852	-0.74714	24.903	0.15392	-0.8914	25.526	0	0
-0.42345	-0.73714	24.492	-0.1227	-0.41594	26.058	0.15392	-0.8914	25.526	0	0
-0.62845	-0.29764	24.539	-0.89475	-0.064838	25.368	-0.53875	-0.15177	26.196	0	0
-0.62845	-0.29764	24.539	-0.4519	0.44011	25.569	-0.1227	-0.41594	26.058	0	0
-0.62845	-0.29764	24.539	-0.53875	-0.15177	26.196	-0.39071	-0.69007	26.436	0	0
0.20085	-0.77226	23.269	0.10852	-0.74714	24.903	0.6572	-0.24529	24.815	0	0
0.20085	-0.77226	23.269	0.25115	-0.20677	24.211	0.6572	-0.24529	24.815	0	0
0.20085	-0.77226	23.269	0.34065	-0.69554	23.591	0.77965	-0.91354	23.662	0	0
0.10852	-0.74714	23.876	0.17749	-0.20924	24.888	0.6572	-0.24529	24.815	0	0
-0.4588	0.81476	24.045	0.23865	0.44446	25.084	0.19245	1.2739	25.036	0	0
-0.4588	0.81476	24.045	0.23865	0.44446	25.084	-0.4519	0.44011	25.569	0	0
-0.4588	0.81476	24.045	0.19245	1.2739	25.036	-0.44528	1.1017	24.921	0	0
-0.4588	0.81476	24.045	-0.4519	0.44011	25.569	-0.5612	1.2395	25.561	0	0
-0.9193	-0.076787	23.116	-0.9921	-0.30204	24.834	-0.89945	0.26706	24.422	0	0
0.23865	0.44446	24.058	0.19245	1.2739	25.036	0.3303	1.0826	25.548	0	0
0.23865	0.44446	24.058	0.10345	0.32781	25.549	-0.4519	0.44011	25.569	0	0
0.23865	0.44446	24.058	0.10345	0.32781	25.549	0.81262	0.58566	25.648	0	0
0.23865	0.44446	24.058	0.17749	-0.20924	24.888	0.66172	0.44816	24.975	0	0
0.23865	0.44446	24.058	0.66172	0.44816	24.975	0.81262	0.58566	25.648	0	0
0.19245	1.2739	24.009	-0.018081	1.6022	25.037	0.075752	1.721	25.588	0	0
0.19245	1.2739	24.009	0.075752	1.721	25.588	0.3303	1.0826	25.548	0	0
0.19245	1.2739	24.009	0.66172	0.44816	24.975	0.81262	0.58566	25.648	0	0
-0.9921	-0.30204	23.807	-0.89475	-0.064838	25.368	-1.0342	0.36408	24.889	0	0
-0.9921	-0.30204	23.807	-0.89945	0.26706	24.422	-1.0342	0.36408	24.889	0	0
-0.89475	-0.064838	24.341	-0.53875	-0.15177	26.196	-1.1659	0.45924	25.541	0	0
-0.89475	-0.064838	24.341	-1.0342	0.36408	24.889	-1.1659	0.45924	25.541	0	0
-0.018081	1.6022	24.011	0.075752	1.721	25.588	-0.20965	1.5844	25.621	0	0
-0.018081	1.6022	24.011	-0.20965	1.5844	25.621	-0.5612	1.2395	25.561	0	0
-0.018081	1.6022	24.011	-0.44528	1.1017	24.921	-0.5612	1.2395	25.561	0	0
0.075752	1.721	24.562	-0.20965	1.5844	25.621	-0.44435	1.6571	26.418	0	0
0.075752	1.721	24.562	0.3303	1.0826	25.548	0.1939	1.1617	26.29	0	0
0.075752	1.721	24.562	-0.44435	1.6571	26.418	0.37085	2.2796	26.511	0	0
-0.20965	1.5844	24.595	-0.5612	1.2395	25.561	-0.44435	1.6571	26.418	0	0
0.10345	0.32781	24.523	-0.4519	0.44011	25.569	0.11317	0.45303	26.287	0	0
0.10345	0.32781	24.523	0.17749	-0.20924	24.888	0.26805	-0.25924	25.715	0	0
0.10345	0.32781	24.523	0.26805	-0.25924	25.715	0.11317	0.45303	26.287	0	0
-0.4519	0.44011	24.542	-0.53875	-0.15177	26.196	-1.1918	0.54756	26.238	0	0
-0.4519	0.44011	24.542	-0.5612	1.2395	25.561	-0.5522	1.2715	26.074	0	0
-0.4519	0.44011	24.542	-0.5522	1.2715	26.074	0.11317	0.45303	26.287	0	0
-0.53875	-0.15177	25.169	-0.39071	-0.69007	26.436	-0.1227	-0.41594	26.058	0	0
-0.53875	-0.15177	25.169	-0.1227	-0.41594	26.058	0.11317	0.45303	26.287	0	0
-0.53875	-0.15177	25.169	0.11317	0.45303	26.287	-1.171	0.66716	27.045	0	0
-0.53875	-0.15177	25.169	-1.1918	0.54756	26.238	-1.171	0.66716	27.045	0	0
-0.44528	1.1017	23.895	-0.5612	1.2395	25.561	-1.0336	0.96496	25.703	0	0
-0.44528	1.1017	23.895	-0.89945	0.26706	24.422	-1.0342	0.36408	24.889	0	0
-0.44528	1.1017	23.895	-1.0342	0.36408	24.889	-1.0336	0.96496	25.703	0	0
-0.5612	1.2395	24.535	-0.5522	1.2715	26.074	-1.0336	0.96496	25.703	0	0
0.3303	1.0826	24.521	0.1939	1.1617	26.29	0.81262	0.58566	25.648	0	0
-0.5522	1.2715	25.047	-0.44435	1.6571	26.418	0.1939	1.1617	26.29	0	0
-0.5522	1.2715	25.047	-0.44435	1.6571	26.418	-1.0762	1.135	26.383	0	0
-0.5522	1.2715	25.047	0.11317	0.45303	26.287	0.1939	1.1617	26.29	0	0
-0.5522	1.2715	25.047	-1.0336	0.96496	25.703	-1.0762	1.135	26.383	0	0
-0.44435	1.6571	25.392	0.1939	1.1617	26.29	0.2694	1.8699	26.383	0	0
-0.44435	1.6571	25.392	0.2694	1.8699	26.383	-0.44275	1.8337	27.102	0	0
-0.44435	1.6571	25.392	-0.44275	1.8337	27.102	-1.1561	1.2942	27.092	0	0
-0.44435	1.6571	25.392	-1.1561	1.2942	27.092	-1.0762	1.135	26.383	0	0
-0.1227	-0.41594	25.032	0.15392	-0.8914	25.526	0.26805	-0.25924	25.715	0	0
-0.1227	-0.41594	25.032	0.26805	-0.25924	25.715	0.11317	0.45303	26.287	0	0
0.34065	-0.69554	22.564	0.77965	-0.91354	23.662	0.84775	-0.62624	23.106	0	0
0.34065	-0.69554	22.564	0.3931	-0.63109	22.812	0.84775	-0.62624	23.106	0	0
0.17749	-0.20924	23.862	0.15392	-0.8914	25.526	0.26805	-0.25924	25.715	0	0
0.17749	-0.20924	23.862	0.66172	0.44816	24.975	0.6572	-0.24529	24.815	0	0
0.154	-0.21294	21.767	0.3931	-0.63109	22.812	0.3372	-0.36624	22.18	0	0
0.11317	0.45303	25.26	0.1939	1.1617	26.29	0.72342	1.0219	26.401	0	0
0.11317	0.45303	25.26	-1.171	0.66716	27.045	-0.29025	1.3411	27.202	0	0
0.11317	0.45303	25.26	-0.29025	1.3411	27.202	0.8639	0.62481	26.575	0	0
0.11317	0.45303	25.26	0.72342	1.0219	26.401	0.8639	0.62481	26.575	0	0
0.1939	1.1617	25.264	0.2694	1.8699	26.383	0.72342	1.0219	26.401	0	0
0.2694	1.8699	25.357	0.37085	2.2796	26.511	0.30568	1.9962	27.098	0	0
0.2694	1.8699	25.357	0.37085	2.2796	26.511	0.72342	1.0219	26.401	0	0
0.2694	1.8699	25.357	-0.44275	1.8337	27.102	0.30568	1.9962	27.098	0	0
0.37085	2.2796	25.485	0.30568	1.9962	27.098	0.44235	2.2929	27.586	0	0
0.37085	2.2796	25.485	0.72342	1.0219	26.401	1.1543	1.0309	27.023	0	0
-1.1918	0.54756	25.212	-1.5835	0.40701	26.386	-1.1659	0.45924	25.541	0	0
-1.1918	0.54756	25.212	-1.5835	0.40701	26.386	-1.6032	0.93386	26.667	0	0
-1.1918	0.54756	25.212	-1.1659	0.45924	25.541	-1.0336	0.96496	25.703	0	0
-1.1918	0.54756	25.212	-1.6032	0.93386	26.667	-1.0762	1.135	26.383	0	0
-1.1918	0.54756	25.212	-1.0336	0.96496	25.703	-1.0762	1.135	26.383	0	0
-1.171	0.66716	26.019	-0.29025	1.3411	27.202	-1.1561	1.2942	27.092	0	0
-0.44275	1.8337	26.075	-0.40083	1.9232	27.751	0.10825	2.1963	27.576	0	0
-0.44275	1.8337	26.075	-0.40083	1.9232	27.751	-1.4209	1.5539	27.532	0	0
-0.44275	1.8337	26.075	0.30568	1.9962	27.098	0.10825	2.1963	27.576	0	0
-0.44275	1.8337	26.075	-1.1561	1.2942	27.092	-1.4209	1.5539	27.532	0	0
-0.29025	1.3411	26.176	-0.40083	1.9232	27.751	-1.3147	1.1609	27.813	0	0
-0.29025	1.3411	26.176	0.30568	1.9962	27.098	1.1543	1.0309	27.023	0	0
-0.29025	1.3411	26.176	-1.3147	1.1609	27.813	-1.1561	1.2942	27.092	0	0
-0.29025	1.3411	26.176	0.8639	0.62481	26.575	1.1543	1.0309	27.023	0	0
-0.40083	1.9232	26.724	-1.3147	1.1609	27.813	-0.71142	1.9394	28.343	0	0
-0.40083	1.9232	26.724	-0.71142	1.9394	28.343	0.11445	2.2429	28.089	0	0
-0.40083	1.9232	26.724	-1.2985	1.9022	28.368	-1.7246	2.1012	28.149	0	0
-0.40083	1.9232	26.724	0.10825	2.1963	27.576	0.11445	2.2429	28.089	0	0
-0.40083	1.9232	26.724	-1.4209	1.5539	27.532	-1.6492	1.7615	27.739	0	0
-0.40083	1.9232	26.724	-1.7246	2.1012	28.149	-1.6492	1.7615	27.739	0	0
0.30568	1.9962	26.072	0.10825	2.1963	27.576	0.44235	2.2929	27.586	0	0
-1.3147	1.1609	26.787	-0.71142	1.9394	28.343	-1.2985	1.9022	28.368	0	0
-1.3147	1.1609	26.787	-1.2985	1.9022	28.368	-1.7044	1.4623	28.538	0	0
-0.71142	1.9394	27.317	-1.2985	1.9022	28.368	-1.1185	2.4661	28.989	0	0
-0.71142	1.9394	27.317	0.11445	2.2429	28.089	-0.72875	2.4381	29.56	0	0
-0.71142	1.9394	27.317	-1.1185	2.4661	28.989	-0.72875	2.4381	29.56	0	0
-1.2985	1.9022	27.342	-1.7246	2.1012	28.149	-1.7316	2.4308	28.501	0	0
-1.2985	1.9022	27.342	-1.7316	2.4308	28.501	-1.1185	2.4661	28.989	0	0
0.3931	-0.63109	21.785	0.3372	-0.36624	22.18	0.65595	-0.22354	22.245	0	0
0.3931	-0.63109	21.785	0.84775	-0.62624	23.106	0.88052	-0.3274	22.704	0	0
0.3931	-0.63109	21.785	0.65595	-0.22354	22.245	0.88052	-0.3274	22.704	0	0
0.72342	1.0219	25.375	0.8639	0.62481	26.575	1.1543	1.0309	27.023	0	0
-1.0342	0.36408	23.863	-1.1659	0.45924	25.541	-1.0336	0.96496	25.703	0	0
-1.1561	1.2942	26.066	-1.4209	1.5539	27.532	-1.7671	1.1124	26.986	0	0
-1.1561	1.2942	26.066	-1.6032	0.93386	26.667	-1.7671	1.1124	26.986	0	0
-1.1561	1.2942	26.066	-1.6032	0.93386	26.667	-1.0762	1.135	26.383	0	0
0.10825	2.1963	26.55	0.44235	2.2929	27.586	0.11445	2.2429	28.089	0	0
-1.4209	1.5539	26.505	-1.7671	1.1124	26.986	-1.6492	1.7615	27.739	0	0
-1.7316	2.4308	27.475	-1.1185	2.4661	28.989	-1.7713	2.7764	28.897	0	0
-1.1185	2.4661	27.962	-1.7713	2.7764	28.897	-1.6864	2.9906	29.15	0	0
-1.1185	2.4661	27.962	-0.72875	2.4381	29.56	-1.1639	2.6667	29.562	0	0
-1.1185	2.4661	27.962	-1.1639	2.6667	29.562	-1.6864	2.9906	29.15	0	0
-1.1639	2.6667	28.535	-1.6947	2.9989	29.58	-1.6864	2.9906	29.15	0	0
-0.41205	2.6872	12.111	-1.92480216054568	8.50963522362203	18.3097965614295	0.165713777598638	2.44278188289764	11.6588225527217	1	1
-1.92480216054568	8.50963522362203	18.3097965614295	-2.60010229004186	11.1087994245026	21.0769703456294	0.38754202620027	7.38127261002542	19.5178621931253	1	1
-2.60010229004186	11.1087994245026	21.0769703456294	-3.52871519957114	14.6829397592969	24.8821425745111	-0.652006024983852	9.84575586189592	21.3697748509805	1	1
-3.52871519957114	14.6829397592969	24.8821425745111	-4.14474341769042	17.0539721659728	27.4064381596146	-2.62250152673345	13.2599322530769	26.3457152670698	1	1
-4.14474341769042	17.0539721659728	27.4064381596146	-5.25538717240249	21.3287314338748	31.9575172241448	-4.0328498888789	17.0601095795908	28.1991165183227	1	1
0.38754202620027	7.38127261002542	19.5178621931253	0.165713777598638	2.44278188289764	11.6588225527217	-1.92480216054568	8.50963522362203	18.3097965614295	1	1
-0.652006024983852	9.84575586189592	21.3697748509805	0.38754202620027	7.38127261002542	19.5178621931253	-2.60010229004186	11.1087994245026	21.0769703456294	1	1
-2.62250152673345	13.2599322530769	26.3457152670698	-0.652006024983852	9.84575586189592	21.3697748509805	-3.52871519957114	14.6829397592969	24.8821425745111	1	1
-4.0328498888789	17.0601095795908	28.1991165183227	-2.62250152673345	13.2599322530769	26.3457152670698	-4.14474341769042	17.0539721659728	27.4064381596146	1	1
-1.92480216054568	8.50963522362203	18.3097965614295	-0.41205	2.6872	12.111	-1.75580457380941	1.8212049482904	12.4289614100497	1	1
-2.60010229004186	11.1087994245026	21.0769703456294	-1.92480216054568	8.50963522362203	18.3097965614295	-3.05915918968023	8.26747060010854	18.5243856468267	1	1
-3.52871519957114	14.6829397592969	24.8821425745111	-2.60010229004186	11.1087994245026	21.0769703456294	-4.4920179034818	10.1143904508798	21.2100960937049	1	1
-4.14474341769042	17.0539721659728	27.4064381596146	-3.52871519957114	14.6829397592969	24.8821425745111	-5.44395665227361	13.8521844053907	25.5130190123389	1	1
-5.25538717240249	21.3287314338748	31.9575172241448	-4.14474341769042	17.0539721659728	27.4064381596146	-6.21384346074224	16.3613433961701	27.365043847389	1	1
-1.75580457380941	1.8212049482904	12.4289614100497	-3.05915918968023	8.26747060010854	18.5243856468267	-1.92480216054568	8.50963522362203	18.3097965614295	1	1
-3.05915918968023	8.26747060010854	18.5243856468267	-4.4920179034818	10.1143904508798	21.2100960937049	-2.60010229004186	11.1087994245026	21.0769703456294	1	1
-4.4920179034818	10.1143904508798	21.2100960937049	-5.44395665227361	13.8521844053907	25.5130190123389	-3.52871519957114	14.6829397592969	24.8821425745111	1	1
-5.44395665227361	13.8521844053907	25.5130190123389	-6.21384346074224	16.3613433961701	27.365043847389	-4.14474341769042	17.0539721659728	27.4064381596146	1	1
0.12035	-1.5779	16.987	-0.549106329450328	-4.95140403325461	22.746257787786	0.701677934462609	-1.81971337916582	16.3043768281329	2	1
-0.549106329450328	-4.95140403325461	22.746257787786	-0.912306467117626	-7.7299920490656	26.7383370525915	0.78452361652244	-4.25122423865107	22.8201947368279	2	1
-0.912306467117626	-7.7299920490656	26.7383370525915	-1.21272635662081	-10.0282926776008	30.0403732779176	1.28130023673378	-8.16519882168461	27.1734185436765	2	1
-1.21272635662081	-10.0282926776008	30.0403732779176	-1.62153386063985	-13.155790477399	34.5337415089237	0.120088451559253	-9.68180917937049	30.8530427756533	2	1
-1.62153386063985	-13.155790477399	34.5337415089237	-2.00956901433736	-16.1243736797682	38.7987924558769	0.573463422492591	-13.4713647158106	34.0401967292003	2	1
-2.00956901433736	-16.1243736797682	38.7987924558769	-2.29101381648876	-18.2775093018877	41.8922658396483	0.839080688389344	-15.2656234364174	40.5641291095213	2	1
-2.29101381648876	-18.2775093018877	41.8922658396483	-2.5546718910893	-20.2945712200413	44.7902381239416	0.315920655080425	-17.6544345665252	43.1731997548435	2	1
-2.5546718910893	-20.2945712200413	44.7902381239416	-2.97715272267188	-23.5266740025037	49.4338954154032	-0.568660643537814	-20.2635022895222	44.7111189185906	2	1
0.78452361652244	-4.25122423865107	22.8201947368279	0.701677934462609	-1.81971337916582	16.3043768281329	-0.549106329450328	-4.95140403325461	22.746257787786	2	1
1.28130023673378	-8.16519882168461	27.1734185436765	0.78452361652244	-4.25122423865107	22.8201947368279	-0.912306467117626	-7.7299920490656	26.7383370525915	2	1
0.120088451559253	-9.68180917937049	30.8530427756533	1.28130023673378	-8.16519882168461	27.1734185436765	-1.21272635662081	-10.0282926776008	30.0403732779176	2	1
0.573463422492591	-13.4713647158106	34.0401967292003	0.120088451559253	-9.68180917937049	30.8530427756533	-1.62153386063985	-13.155790477399	34.5337415089237	2	1
0.839080688389344	-15.2656234364174	40.5641291095213	0.573463422492591	-13.4713647158106	34.0401967292003	-2.00956901433736	-16.1243736797682	38.7987924558769	2	1
0.315920655080425	-17.6544345665252	43.1731997548435	0.839080688389344	-15.2656234364174	40.5641291095213	-2.29101381648876	-18.2775093018877	41.8922658396483	2	1
-0.568660643537814	-20.2635022895222	44.7111189185906	0.315920655080425	-17.6544345665252	43.1731997548435	-2.5546718910893	-20.2945712200413	44.7902381239416	2	1
-0.549106329450328	-4.95140403325461	22.746257787786	0.12035	-1.5779	16.987	-1.33331907759782	-1.74845712719835	16.3519419147056	2	1
-0.912306467117626	-7.7299920490656	26.7383370525915	-0.549106329450328	-4.95140403325461	22.746257787786	-1.75595697860983	-4.22287767252593	23.4181596455351	2	1
-1.21272635662081	-10.0282926776008	30.0403732779176	-0.912306467117626	-7.7299920490656	26.7383370525915	-1.52376779738655	-7.47241739530007	27.2362872100604	2	1
-1.62153386063985	-13.155790477399	34.5337415089237	-1.21272635662081	-10.0282926776008	30.0403732779176	-3.06992572811859	-7.54568036507924	31.6802447127333	2	1
-2.00956901433736	-16.1243736797682	38.7987924558769	-1.62153386063985	-13.155790477399	34.5337415089237	-2.46218869509291	-13.8378088398161	34.5275251887432	2	1
-2.29101381648876	-18.2775093018877	41.8922658396483	-2.00956901433736	-16.1243736797682	38.7987924558769	-2.83968536130623	-15.8353870841583	38.3735570410149	2	1
-2.5546718910893	-20.2945712200413	44.7902381239416	-2.29101381648876	-18.2775093018877	41.8922658396483	-2.48060906027846	-17.1709939380143	43.1883166268648	2	1
-1.33331907759782	-1.74845712719835	16.3519419147056	-1.75595697860983	-4.22287767252593	23.4181596455351	-0.549106329450328	-4.95140403325461	22.746257787786	2	1
-1.75595697860983	-4.22287767252593	23.4181596455351	-1.52376779738655	-7.47241739530007	27.2362872100604	-0.912306467117626	-7.7299920490656	26.7383370525915	2	1
-1.52376779738655	-7.47241739530007	27.2362872100604	-3.06992572811859	-7.54568036507924	31.6802447127333	-1.21272635662081	-10.0282926776008	30.0403732779176	2	1
-3.06992572811859	-7.54568036507924	31.6802447127333	-2.46218869509291	-13.8378088398161	34.5275251887432	-1.62153386063985	-13.155790477399	34.5337415089237	2	1
-2.46218869509291	-13.8378088398161	34.5275251887432	-2.83968536130623	-15.8353870841583	38.3735570410149	-2.00956901433736	-16.1243736797682	38.7987924558769	2	1
-2.83968536130623	-15.8353870841583	38.3735570410149	-2.48060906027846	-17.1709939380143	43.1883166268648	-2.29101381648876	-18.2775093018877	41.8922658396483	2	1
0.0037021	2.3981	21.682	0.30674391559248	4.56361017977506	27.2389976772028	1.08276809040784	1.91541995126616	21.4280288497411	3	2
0.30674391559248	4.56361017977506	27.2389976772028	0.471738418802944	6.60083336667872	32.4113089249094	1.08430710729629	4.64598801666933	27.5055127141069	3	2
0.471738418802944	6.60083336667872	32.4113089249094	0.761750837573706	9.0655891853565	35.9439269758389	2.26879385697945	5.57471926188083	32.5486039668995	3	2
0.761750837573706	9.0655891853565	35.9439269758389	1.08247094037933	11.791323286357	39.8505928671456	2.23715681586301	8.944440605725	35.9850339202822	3	2
1.08247094037933	11.791323286357	39.8505928671456	1.33511260879743	13.9384727943447	42.9280008004114	3.09748043548245	10.4878883202869	40.4201463008726	3	2
1.33511260879743	13.9384727943447	42.9280008004114	1.60233465773253	16.2095379534971	46.1830111812623	3.24371529243894	13.3518460145801	43.0495696173809	3	2
1.60233465773253	16.2095379534971	46.1830111812623	1.97563564158256	19.3821461333896	50.7301605742706	3.6080053203792	16.0025837993744	46.3216497801077	3	2
1.97563564158256	19.3821461333896	50.7301605742706	2.21056131142994	21.3787310181589	53.5917713475166	4.04328801063929	19.760842073576	51.0770434876873	3	2
2.21056131142994	21.3787310181589	53.5917713475166	2.46290964665233	23.5233875477286	56.6656062126134	4.73729714743593	21.2304268182056	54.9825208466426	3	2
2.46290964665233	23.5233875477286	56.6656062126134	2.69684548226552	25.5115600351994	59.5151598943116	3.57732268144424	22.952410002112	56.9376011947132	3	2
2.69684548226552	25.5115600351994	59.5151598943116	3.13751319284474	29.2567041512935	64.8828979913632	4.81459061088129	25.0678506171804	59.6855741325239	3	2
1.08430710729629	4.64598801666933	27.5055127141069	1.08276809040784	1.91541995126616	21.4280288497411	0.30674391559248	4.56361017977506	27.2389976772028	3	2
2.26879385697945	5.57471926188083	32.5486039668995	1.08430710729629	4.64598801666933	27.5055127141069	0.471738418802944	6.60083336667872	32.4113089249094	3	2
2.23715681586301	8.944440605725	35.9850339202822	2.26879385697945	5.57471926188083	32.5486039668995	0.761750837573706	9.0655891853565	35.9439269758389	3	2
3.09748043548245	10.4878883202869	40.4201463008726	2.23715681586301	8.944440605725	35.9850339202822	1.08247094037933	11.791323286357	39.8505928671456	3	2
3.24371529243894	13.3518460145801	43.0495696173809	3.09748043548245	10.4878883202869	40.4201463008726	1.33511260879743	13.9384727943447	42.9280008004114	3	2
3.6080053203792	16.0025837993744	46.3216497801077	3.24371529243894	13.3518460145801	43.0495696173809	1.60233465773253	16.2095379534971	46.1830111812623	3	2
4.04328801063929	19.760842073576	51.0770434876873	3.6080053203792	16.0025837993744	46.3216497801077	1.97563564158256	19.3821461333896	50.7301605742706	3	2
4.73729714743593	21.2304268182056	54.9825208466426	4.04328801063929	19.760842073576	51.0770434876873	2.21056131142994	21.3787310181589	53.5917713475166	3	2
3.57732268144424	22.952410002112	56.9376011947132	4.73729714743593	21.2304268182056	54.9825208466426	2.46290964665233	23.5233875477286	56.6656062126134	3	2
4.81459061088129	25.0678506171804	59.6855741325239	3.57732268144424	22.952410002112	56.9376011947132	2.69684548226552	25.5115600351994	59.5151598943116	3	2
0.30674391559248	4.56361017977506	27.2389976772028	0.0037021	2.3981	21.682	-1.46801330286893	1.89766916128589	21.6960004959428	3	2
0.471738418802944	6.60083336667872	32.4113089249094	0.30674391559248	4.56361017977506	27.2389976772028	-1.33359409804391	4.60538525366507	27.1060076993063	3	2
0.761750837573706	9.0655891853565	35.9439269758389	0.471738418802944	6.60083336667872	32.4113089249094	-2.20619280002096	6.13169194979428	32.2666359463959	3	2
1.08247094037933	11.791323286357	39.8505928671456	0.761750837573706	9.0655891853565	35.9439269758389	-1.23562934760817	9.40153048862953	35.1953755436727	3	2
1.33511260879743	13.9384727943447	42.9280008004114	1.08247094037933	11.791323286357	39.8505928671456	-1.97020656430706	9.80805806421169	40.4836158612073	3	2
1.60233465773253	16.2095379534971	46.1830111812623	1.33511260879743	13.9384727943447	42.9280008004114	-1.56617878571534	14.9959392507555	42.005879822615	3	2
1.97563564158256	19.3821461333896	50.7301605742706	1.60233465773253	16.2095379534971	46.1830111812623	-0.855266467967181	16.5767881284635	45.6187564352063	3	2
2.21056131142994	21.3787310181589	53.5917713475166	1.97563564158256	19.3821461333896	50.7301605742706	0.844986353886313	19.83508741696	50.0010748304314	3	2
2.46290964665233	23.5233875477286	56.6656062126134	2.21056131142994	21.3787310181589	53.5917713475166	0.999145465700904	20.969756944731	54.2323533844021	3	2
2.69684548226552	25.5115600351994	59.5151598943116	2.46290964665233	23.5233875477286	56.6656062126134	0.917292661264872	23.389738057159	57.1972884373983	3	2
3.13751319284474	29.2567041512935	64.8828979913632	2.69684548226552	25.5115600351994	59.5151598943116	1.81128074873721	24.2889759579566	60.5631818963724	3	2
-1.46801330286893	1.89766916128589	21.6960004959428	-1.33359409804391	4.60538525366507	27.1060076993063	0.30674391559248	4.56361017977506	27.2389976772028	3	2
-1.33359409804391	4.60538525366507	27.1060076993063	-2.20619280002096	6.13169194979428	32.2666359463959	0.471738418802944	6.60083336667872	32.4113089249094	3	2
-2.20619280002096	6.13169194979428	32.2666359463959	-1.23562934760817	9.40153048862953	35.1953755436727	0.761750837573706	9.0655891853565	35.9439269758389	3	2
-1.23562934760817	9.40153048862953	35.1953755436727	-1.97020656430706	9.80805806421169	40.4836158612073	1.08247094037933	11.791323286357	39.8505928671456	3	2
-1.97020656430706	9.80805806421169	40.4836158612073	-1.56617878571534	14.9959392507555	42.005879822615	1.33511260879743	13.9384727943447	42.9280008004114	3	2
-1.56617878571534	14.9959392507555	42.005879822615	-0.855266467967181	16.5767881284635	45.6187564352063	1.60233465773253	16.2095379534971	46.1830111812623	3	2
-0.855266467967181	16.5767881284635	45.6187564352063	0.844986353886313	19.83508741696	50.0010748304314	1.97563564158256	19.3821461333896	50.7301605742706	3	2
0.844986353886313	19.83508741696	50.0010748304314	0.999145465700904	20.969756944731	54.2323533844021	2.21056131142994	21.3787310181589	53.5917713475166	3	2
0.999145465700904	20.969756944731	54.2323533844021	0.917292661264872	23.389738057159	57.1972884373983	2.46290964665233	23.5233875477286	56.6656062126134	3	2
0.917292661264872	23.389738057159	57.1972884373983	1.81128074873721	24.2889759579566	60.5631818963724	2.69684548226552	25.5115600351994	59.5151598943116	3	2
0.23953	-1.8413	25.174	0.569879767254924	-3.15846108018076	29.4601668236936	0.989183003114201	-2.56301895284541	25.4638039870767	4	2
0.569879767254924	-3.15846108018076	29.4601668236936	0.968328524555791	-4.46887294211002	34.1674057439547	1.12792190003717	-2.45719944774866	29.8009992802151	4	2
0.968328524555791	-4.46887294211002	34.1674057439547	1.65704976334526	-6.03651622543509	38.621247594704	1.5617607545934	-2.33472480133342	34.3429691842615	4	2
1.65704976334526	-6.03651622543509	38.621247594704	2.2672140496926	-7.4253509111469	42.5670751390133	2.88610426574181	-5.72552327636824	39.2322371410708	4	2
2.2672140496926	-7.4253509111469	42.5670751390133	3.0119337367491	-9.12045591099568	47.3830493278143	2.4740359397025	-7.13530529001274	42.8845949863829	4	2
3.0119337367491	-9.12045591099568	47.3830493278143	3.63089196045677	-10.5293070504779	51.3857457532361	4.74937848505831	-7.46396372242608	48.5486001056789	4	2
3.63089196045677	-10.5293070504779	51.3857457532361	4.20586550240783	-11.8380417901143	55.1040008033	4.17035863127614	-9.94256400211734	51.7297736536681	4	2
4.20586550240783	-11.8380417901143	55.1040008033	4.81364811577222	-13.2214553947783	59.0344264778704	6.22888351164205	-10.6140893571372	56.2921826648529	4	2
4.81364811577222	-13.2214553947783	59.0344264778704	5.43796878241777	-14.6425123400065	63.0718008998949	7.38396270907464	-12.5857518255691	60.6097690512655	4	2
5.43796878241777	-14.6425123400065	63.0718008998949	6.09813317586963	-16.1451555271168	67.3409705411541	7.43081126004588	-15.2222844808335	64.0660428845656	4	2
6.09813317586963	-16.1451555271168	67.3409705411541	6.90761431347184	-17.9876682839048	72.5757458972644	6.92892100806265	-14.535673650888	67.9249231659201	4	2
1.12792190003717	-2.45719944774866	29.8009992802151	0.989183003114201	-2.56301895284541	25.4638039870767	0.569879767254924	-3.15846108018076	29.4601668236936	4	2
1.5617607545934	-2.33472480133342	34.3429691842615	1.12792190003717	-2.45719944774866	29.8009992802151	0.968328524555791	-4.46887294211002	34.1674057439547	4	2
2.88610426574181	-5.72552327636824	39.2322371410708	1.5617607545934	-2.33472480133342	34.3429691842615	1.65704976334526	-6.03651622543509	38.621247594704	4	2
2.4740359397025	-7.13530529001274	42.8845949863829	2.88610426574181	-5.72552327636824	39.2322371410708	2.2672140496926	-7.4253509111469	42.5670751390133	4	2
4.74937848505831	-7.46396372242608	48.5486001056789	2.4740359397025	-7.13530529001274	42.8845949863829	3.0119337367491	-9.12045591099568	47.3830493278143	4	2
4.17035863127614	-9.94256400211734	51.7297736536681	4.74937848505831	-7.46396372242608	48.5486001056789	3.63089196045677	-10.5293070504779	51.3857457532361	4	2
6.22888351164205	-10.6140893571372	56.2921826648529	4.17035863127614	-9.94256400211734	51.7297736536681	4.20586550240783	-11.8380417901143	55.1040008033	4	2
7.38396270907464	-12.5857518255691	60.6097690512655	6.22888351164205	-10.6140893571372	56.2921826648529	4.81364811577222	-13.2214553947783	59.0344264778704	4	2
7.43081126004588	-15.2222844808335	64.0660428845656	7.38396270907464	-12.5857518255691	60.6097690512655	5.43796878241777	-14.6425123400065	63.0718008998949	4	2
6.92892100806265	-14.535673650888	67.9249231659201	7.43081126004588	-15.2222844808335	64.0660428845656	6.09813317586963	-16.1451555271168	67.3409705411541	4	2
0.569879767254924	-3.15846108018076	29.4601668236936	0.23953	-1.8413	25.174	-1.68584395719821	-2.10784288360542	24.8641165621686	4	2
0.968328524555791	-4.46887294211002	34.1674057439547	0.569879767254924	-3.15846108018076	29.4601668236936	-1.54778638636021	-2.64331214005644	29.3134770018869	4	2
1.65704976334526	-6.03651622543509	38.621247594704	0.968328524555791	-4.46887294211002	34.1674057439547	-2.34009518602489	-4.03685778546653	33.8414792711147	4	2
2.2672140496926	-7.4253509111469	42.5670751390133	1.65704976334526	-6.03651622543509	38.621247594704	-1.3218138771288	-7.23145797351485	37.7788160825573	4	2
3.0119337367491	-9.12045591099568	47.3830493278143	2.2672140496926	-7.4253509111469	42.5670751390133	-2.07725264059806	-6.25094978684576	42.7169783617777	4	2
3.63089196045677	-10.5293070504779	51.3857457532361	3.0119337367491	-9.12045591099568	47.3830493278143	0.557417868055637	-9.41407998732499	46.294890519491	4	2
4.20586550240783	-11.8380417901143	55.1040008033	3.63089196045677	-10.5293070504779	51.3857457532361	2.57919049842113	-10.1559669740584	50.8297345464325	4	2
4.81364811577222	-13.2214553947783	59.0344264778704	4.20586550240783	-11.8380417901143	55.1040008033	3.74193075332567	-12.3612722427313	54.4296791797046	4	2
5.43796878241777	-14.6425123400065	63.0718008998949	4.81364811577222	-13.2214553947783	59.0344264778704	3.39344349739886	-13.4594038963237	57.9255124538977	4	2
6.09813317586963	-16.1451555271168	67.3409705411541	5.43796878241777	-14.6425123400065	63.0718008998949	4.34905224700725	-14.731535762922	62.3475593317135	4	2
6.90761431347184	-17.9876682839048	72.5757458972644	6.09813317586963	-16.1451555271168	67.3409705411541	5.53717260849777	-16.4293197805641	66.7063084902037	4	2
-1.68584395719821	-2.10784288360542	24.8641165621686	-1.54778638636021	-2.64331214005644	29.3134770018869	0.569879767254924	-3.15846108018076	29.4601668236936	4	2
-1.54778638636021	-2.64331214005644	29.3134770018869	-2.34009518602489	-4.03685778546653	33.8414792711147	0.968328524555791	-4.46887294211002	34.1674057439547	4	2
-2.34009518602489	-4.03685778546653	33.8414792711147	-1.3218138771288	-7.23145797351485	37.7788160825573	1.65704976334526	-6.03651622543509	38.621247594704	4	2
-1.3218138771288	-7.23145797351485	37.7788160825573	-2.07725264059806	-6.25094978684576	42.7169783617777	2.2672140496926	-7.4253509111469	42.5670751390133	4	2
-2.07725264059806	-6.25094978684576	42.7169783617777	0.557417868055637	-9.41407998732499	46.294890519491	3.0119337367491	-9.12045591099568	47.3830493278143	4	2
0.557417868055637	-9.41407998732499	46.294890519491	2.57919049842113	-10.1559669740584	50.8297345464325	3.63089196045677	-10.5293070504779	51.3857457532361	4	2
2.57919049842113	-10.1559669740584	50.8297345464325	3.74193075332567	-12.3612722427313	54.4296791797046	4.20586550240783	-11.8380417901143	55.1040008033	4	2
3.74193075332567	-12.3612722427313	54.4296791797046	3.39344349739886	-13.4594038963237	57.9255124538977	4.81364811577222	-13.2214553947783	59.0344264778704	4	2
3.39344349739886	-13.4594038963237	57.9255124538977	4.34905224700725	-14.731535762922	62.3475593317135	5.43796878241777	-14.6425123400065	63.0718008998949	4	2
4.34905224700725	-14.731535762922	62.3475593317135	5.53717260849777	-16.4293197805641	66.7063084902037	6.09813317586963	-16.1451555271168	67.3409705411541	4	2
-0.096448	-0.21984	26.534	-0.431272241433738	0.604377104119378	30.1605784620947	0.748380565019117	1.23055077656405	26.1858360970898	5	2
-0.431272241433738	0.604377104119378	30.1605784620947	-0.851518507514217	1.63887257243624	34.7123876465704	2.43608287525393	2.43330504686216	29.7532343507347	5	2
-0.851518507514217	1.63887257243624	34.7123876465704	-1.28745604957982	2.71199433016698	39.434153591903	0.813921631851568	1.56951574035112	34.2777491824046	5	2
-1.28745604957982	2.71199433016698	39.434153591903	-1.62649164929539	3.54657828679558	43.1063464968937	-0.188072183552952	2.62472144569858	39.7438546334841	5	2
-1.62649164929539	3.54657828679558	43.1063464968937	-2.00483436309053	4.47792224980612	47.2042861540241	1.51032137511552	4.38860229523852	42.9627080090439	5	2
-2.00483436309053	4.47792224980612	47.2042861540241	-2.57558587733646	5.88290761833603	53.3862613297428	1.06958690768892	4.81395168828199	46.1812694734384	5	2
-2.57558587733646	5.88290761833603	53.3862613297428	-2.89094790316506	6.65921573319848	56.8020388903378	-0.7204625921571	5.0993554593558	52.3893560679738	5	2
2.43608287525393	2.43330504686216	29.7532343507347	0.748380565019117	1.23055077656405	26.1858360970898	-0.431272241433738	0.604377104119378	30.1605784620947	5	2
0.813921631851568	1.56951574035112	34.2777491824046	2.43608287525393	2.43330504686216	29.7532343507347	-0.851518507514217	1.63887257243624	34.7123876465704	5	2
-0.188072183552952	2.62472144569858	39.7438546334841	0.813921631851568	1.56951574035112	34.2777491824046	-1.28745604957982	2.71199433016698	39.434153591903	5	2
1.51032137511552	4.38860229523852	42.9627080090439	-0.188072183552952	2.62472144569858	39.7438546334841	-1.62649164929539	3.54657828679558	43.1063464968937	5	2
1.06958690768892	4.81395168828199	46.1812694734384	1.51032137511552	4.38860229523852	42.9627080090439	-2.00483436309053	4.47792224980612	47.2042861540241	5	2
-0.7204625921571	5.0993554593558	52.3893560679738	1.06958690768892	4.81395168828199	46.1812694734384	-2.57558587733646	5.88290761833603	53.3862613297428	5	2
-0.431272241433738	0.604377104119378	30.1605784620947	-0.096448	-0.21984	26.534	-1.21528552782195	0.388673707733751	26.7198426222409	5	2
-0.851518507514217	1.63887257243624	34.7123876465704	-0.431272241433738	0.604377104119378	30.1605784620947	-2.35384467758556	-1.64129558171464	30.27621552989	5	2
-1.28745604957982	2.71199433016698	39.434153591903	-0.851518507514217	1.63887257243624	34.7123876465704	-3.26588884876142	-0.00512021797588727	35.2439793793681	5	2
-1.62649164929539	3.54657828679558	43.1063464968937	-1.28745604957982	2.71199433016698	39.434153591903	-3.74992561089174	1.20509782471872	39.7330284009455	5	2
-2.00483436309053	4.47792224980612	47.2042861540241	-1.62649164929539	3.54657828679558	43.1063464968937	-3.16650584267276	0.957258629971192	43.5709638975354	5	2
-2.57558587733646	5.88290761833603	53.3862613297428	-2.00483436309053	4.47792224980612	47.2042861540241	-2.7699474832616	2.56589642311682	47.6875839518829	5	2
-2.89094790316506	6.65921573319848	56.8020388903378	-2.57558587733646	5.88290761833603	53.3862613297428	-3.24257391453507	5.73510355622055	53.4417097513264	5	2
-1.21528552782195	0.388673707733751	26.7198426222409	-2.35384467758556	-1.64129558171464	30.27621552989	-0.431272241433738	0.604377104119378	30.1605784620947	5	2
-2.35384467758556	-1.64129558171464	30.27621552989	-3.26588884876142	-0.00512021797588727	35.2439793793681	-0.851518507514217	1.63887257243624	34.7123876465704	5	2
-3.26588884876142	-0.00512021797588727	35.2439793793681	-3.74992561089174	1.20509782471872	39.7330284009455	-1.28745604957982	2.71199433016698	39.434153591903	5	2
-3.74992561089174	1.20509782471872	39.7330284009455	-3.16650584267276	0.957258629971192	43.5709638975354	-1.62649164929539	3.54657828679558	43.1063464968937	5	2
-3.16650584267276	0.957258629971192	43.5709638975354	-2.7699474832616	2.56589642311682	47.6875839518829	-2.00483436309053	4.47792224980612	47.2042861540241	5	2
-2.7699474832616	2.56589642311682	47.6875839518829	-3.24257391453507	5.73510355622055	53.4417097513264	-2.57558587733646	5.88290761833603	53.3862613297428	5	2
0.66812	-1.503	30.237	0.725265849168259	-1.68635797102015	34.7031321369599	2.01824100806809	-0.855137516497746	30.4289233921217	6	2
0.725265849168259	-1.68635797102015	34.7031321369599	0.616077856239359	-2.20036799441456	39.0613058683468	2.13074746968084	-2.8370831602412	34.4801811932671	6	2
0.616077856239359	-2.20036799441456	39.0613058683468	0.513615608379949	-2.68271610803502	43.1510254895372	2.47088611460694	-2.33471307374702	39.5049810707759	6	2
0.513615608379949	-2.68271610803502	43.1510254895372	0.395289576973589	-3.23974407915045	47.873938586312	2.08235207168855	0.0887969502726731	43.3396031295584	6	2
0.395289576973589	-3.23974407915045	47.873938586312	0.281288264997297	-3.77641313463977	52.4242330818087	1.53476264158583	-0.0556986695204986	48.6331700559164	6	2
0.281288264997297	-3.77641313463977	52.4242330818087	0.158034593355736	-4.35663831274319	57.3438300048424	2.13514601216703	-1.96553410582428	53.4846450754485	6	2
0.158034593355736	-4.35663831274319	57.3438300048424	0.0619260508419028	-4.80907591930408	61.1799452599182	1.21620458492131	-2.77166517522088	58.1150656512454	6	2
0.0619260508419028	-4.80907591930408	61.1799452599182	-0.14187967218971	-5.76850544679442	69.3147293565638	0.843259315370902	-2.16194699151435	62.9709807507444	6	2
-0.14187967218971	-5.76850544679442	69.3147293565638	-0.192547246408138	-6.00702655438829	71.3370954159495	-0.710348245270087	-4.49115377169671	70.1687885931189	6	2
2.13074746968084	-2.8370831602412	34.4801811932671	2.01824100806809	-0.855137516497746	30.4289233921217	0.725265849168259	-1.68635797102015	34.7031321369599	6	2
2.47088611460694	-2.33471307374702	39.5049810707759	2.13074746968084	-2.8370831602412	34.4801811932671	0.616077856239359	-2.20036799441456	39.0613058683468	6	2
2.08235207168855	0.0887969502726731	43.3396031295584	2.47088611460694	-2.33471307374702	39.5049810707759	0.513615608379949	-2.68271610803502	43.1510254895372	6	2
1.53476264158583	-0.0556986695204986	48.6331700559164	2.08235207168855	0.0887969502726731	43.3396031295584	0.395289576973589	-3.23974407915045	47.873938586312	6	2
2.13514601216703	-1.96553410582428	53.4846450754485	1.53476264158583	-0.0556986695204986	48.6331700559164	0.281288264997297	-3.77641313463977	52.4242330818087	6	2
1.21620458492131	-2.77166517522088	58.1150656512454	2.13514601216703	-1.96553410582428	53.4846450754485	0.158034593355736	-4.35663831274319	57.3438300048424	6	2
0.843259315370902	-2.16194699151435	62.9709807507444	1.21620458492131	-2.77166517522088	58.1150656512454	0.0619260508419028	-4.80907591930408	61.1799452599182	6	2
-0.710348245270087	-4.49115377169671	70.1687885931189	0.843259315370902	-2.16194699151435	62.9709807507444	-0.14187967218971	-5.76850544679442	69.3147293565638	6	2
0.725265849168259	-1.68635797102015	34.7031321369599	0.66812	-1.503	30.237	-2.92932957769317	-1.06370646670767	30.6375703233675	6	2
0.616077856239359	-2.20036799441456	39.0613058683468	0.725265849168259	-1.68635797102015	34.7031321369599	-1.3065716407649	-0.953648086793887	34.856117234467	6	2
0.513615608379949	-2.68271610803502	43.1510254895372	0.616077856239359	-2.20036799441456	39.0613058683468	-2.67641363593159	-1.98775527912724	39.0199589920428	6	2
0.395289576973589	-3.23974407915045	47.873938586312	0.513615608379949	-2.68271610803502	43.1510254895372	-3.33441304769495	-3.15786480021139	42.1714553223979	6	2
0.281288264997297	-3.77641313463977	52.4242330818087	0.395289576973589	-3.23974407915045	47.873938586312	-2.76299224850234	-3.78847618777113	46.6563314600857	6	2
0.158034593355736	-4.35663831274319	57.3438300048424	0.281288264997297	-3.77641313463977	52.4242330818087	-2.25950465644782	-2.88911887024565	50.9157353054737	6	2
0.0619260508419028	-4.80907591930408	61.1799452599182	0.158034593355736	-4.35663831274319	57.3438300048424	-1.41687247296467	-4.45981706443452	56.106460521764	6	2
-0.14187967218971	-5.76850544679442	69.3147293565638	0.0619260508419028	-4.80907591930408	61.1799452599182	-0.24278076562151	-4.85365329585151	60.1916158747935	6	2
-0.192547246408138	-6.00702655438829	71.3370954159495	-0.14187967218971	-5.76850544679442	69.3147293565638	-1.13029593958339	-4.69625139665038	68.4258962877026	6	2
-2.92932957769317	-1.06370646670767	30.6375703233675	-1.3065716407649	-0.953648086793887	34.856117234467	0.725265849168259	-1.68635797102015	34.7031321369599	6	2
-1.3065716407649	-0.953648086793887	34.856117234467	-2.67641363593159	-1.98775527912724	39.0199589920428	0.616077856239359	-2.20036799441456	39.0613058683468	6	2
-2.67641363593159	-1.98775527912724	39.0199589920428	-3.33441304769495	-3.15786480021139	42.1714553223979	0.513615608379949	-2.68271610803502	43.1510254895372	6	2
-3.33441304769495	-3.15786480021139	42.1714553223979	-2.76299224850234	-3.78847618777113	46.6563314600857	0.395289576973589	-3.23974407915045	47.873938586312	6	2
-2.76299224850234	-3.78847618777113	46.6563314600857	-2.25950465644782	-2.88911887024565	50.9157353054737	0.281288264997297	-3.77641313463977	52.4242330818087	6	2
-2.25950465644782	-2.88911887024565	50.9157353054737	-1.41687247296467	-4.45981706443452	56.106460521764	0.158034593355736	-4.35663831274319	57.3438300048424	6	2
-1.41687247296467	-4.45981706443452	56.106460521764	-0.24278076562151	-4.85365329585151	60.1916158747935	0.0619260508419028	-4.80907591930408	61.1799452599182	6	2
-0.24278076562151	-4.85365329585151	60.1916158747935	-1.13029593958339	-4.69625139665038	68.4258962877026	-0.14187967218971	-5.76850544679442	69.3147293565638	6	2
0.48025	-0.065238	32.487	0.48025	-0.0652379999999998	36.5079518069164	0.89608979090416	-0.034704529059744	32.5882347008546	7	2
0.48025	-0.0652379999999998	36.5079518069164	0.48025	-0.065238	41.1136476283965	2.29652576765665	0.904610640369078	35.568272464695	7	2
2.29652576765665	0.904610640369078	35.568272464695	0.89608979090416	-0.034704529059744	32.5882347008546	0.48025	-0.0652379999999998	36.5079518069164	7	2
0.48025	-0.0652379999999998	36.5079518069164	0.48025	-0.065238	32.487	-3.54086856736165	-1.454845237716	33.2821715025393	7	2
0.48025	-0.065238	41.1136476283965	0.48025	-0.0652379999999998	36.5079518069164	-1.38131788472932	0.253580969065893	37.5368504975114	7	2
-3.54086856736165	-1.454845237716	33.2821715025393	-1.38131788472932	0.253580969065893	37.5368504975114	0.48025	-0.0652379999999998	36.5079518069164	7	2
1.6541	2.9057	32.832	1.53474369994069	4.46027528856248	37.7697432766221	3.00160082919697	2.72601071518893	32.9308459722881	8	2
1.53474369994069	4.46027528856248	37.7697432766221	2.47945542376444	5.75120255318983	42.4033217130265	3.05431103957876	2.00535912436849	37.8752723109415	8	2
2.47945542376444	5.75120255318983	42.4033217130265	3.18706789850317	6.71813904121534	45.8739867017166	5.07048910184565	4.17309956847785	43.1518671483156	8	2
3.18706789850317	6.71813904121534	45.8739867017166	4.3795896334426	8.34769309720079	51.7230122368223	5.60364537434077	5.08311851744955	47.339453385111	8	2
4.3795896334426	8.34769309720079	51.7230122368223	5.1733846043901	9.43239602263139	55.6163811530259	6.09390989220342	6.73992994536232	53.3407826587279	8	2
5.1733846043901	9.43239602263139	55.6163811530259	6.08713888641353	10.6810206412183	60.0981209584968	7.33604082054707	8.36146305557005	57.9512356411641	8	2
6.08713888641353	10.6810206412183	60.0981209584968	7.12298459547762	12.096480441342	65.178689157158	7.80206110460071	9.73642627717444	61.5498086910979	8	2
7.12298459547762	12.096480441342	65.178689157158	7.93815499722536	13.2103924108834	69.1768992992374	7.86000012341063	10.4466338403645	66.5344772323484	8	2
7.93815499722536	13.2103924108834	69.1768992992374	8.61305254518012	14.1326246892747	72.4871056258065	8.65562610777566	12.1996329639175	69.3168369492637	8	2
3.05431103957876	2.00535912436849	37.8752723109415	3.00160082919697	2.72601071518893	32.9308459722881	1.53474369994069	4.46027528856248	37.7697432766221	8	2
5.07048910184565	4.17309956847785	43.1518671483156	3.05431103957876	2.00535912436849	37.8752723109415	2.47945542376444	5.75120255318983	42.4033217130265	8	2
5.60364537434077	5.08311851744955	47.339453385111	5.07048910184565	4.17309956847785	43.1518671483156	3.18706789850317	6.71813904121534	45.8739867017166	8	2
6.09390989220342	6.73992994536232	53.3407826587279	5.60364537434077	5.08311851744955	47.339453385111	4.3795896334426	8.34769309720079	51.7230122368223	8	2
7.33604082054707	8.36146305557005	57.9512356411641	6.09390989220342	6.73992994536232	53.3407826587279	5.1733846043901	9.43239602263139	55.6163811530259	8	2
7.80206110460071	9.73642627717444	61.5498086910979	7.33604082054707	8.36146305557005	57.9512356411641	6.08713888641353	10.6810206412183	60.0981209584968	8	2
7.86000012341063	10.4466338403645	66.5344772323484	7.80206110460071	9.73642627717444	61.5498086910979	7.12298459547762	12.096480441342	65.178689157158	8	2
8.65562610777566	12.1996329639175	69.3168369492637	7.86000012341063	10.4466338403645	66.5344772323484	7.93815499722536	13.2103924108834	69.1768992992374	8	2
1.53474369994069	4.46027528856248	37.7697432766221	1.6541	2.9057	32.832	0.341603860543484	0.504473382597036	33.5165072299744	8	2
2.47945542376444	5.75120255318983	42.4033217130265	1.53474369994069	4.46027528856248	37.7697432766221	-0.89099890551245	4.35365217986245	37.5734373732963	8	2
3.18706789850317	6.71813904121534	45.8739867017166	2.47945542376444	5.75120255318983	42.4033217130265	-0.00265630910521542	6.52103996123079	41.7549198617556	8	2
4.3795896334426	8.34769309720079	51.7230122368223	3.18706789850317	6.71813904121534	45.8739867017166	-0.373553158777751	7.20553898977716	44.6606959125446	8	2
5.1733846043901	9.43239602263139	55.6163811530259	4.3795896334426	8.34769309720079	51.7230122368223	1.3943244508473	8.71629722142309	49.9687027917156	8	2
6.08713888641353	10.6810206412183	60.0981209584968	5.1733846043901	9.43239602263139	55.6163811530259	3.6102173436659	10.6313714946346	53.6186838229644	8	2
7.12298459547762	12.096480441342	65.178689157158	6.08713888641353	10.6810206412183	60.0981209584968	3.91022012738151	11.1972140793503	58.3350712453566	8	2
7.93815499722536	13.2103924108834	69.1768992992374	7.12298459547762	12.096480441342	65.178689157158	5.86308467475632	11.8376547680395	65.2205276634166	8	2
8.61305254518012	14.1326246892747	72.4871056258065	7.93815499722536	13.2103924108834	69.1768992992374	7.44691594910041	13.2176065473666	69.6763901938813	8	2
0.341603860543484	0.504473382597036	33.5165072299744	-0.89099890551245	4.35365217986245	37.5734373732963	1.53474369994069	4.46027528856248	37.7697432766221	8	2
-0.89099890551245	4.35365217986245	37.5734373732963	-0.00265630910521542	6.52103996123079	41.7549198617556	2.47945542376444	5.75120255318983	42.4033217130265	8	2
-0.00265630910521542	6.52103996123079	41.7549198617556	-0.373553158777751	7.20553898977716	44.6606959125446	3.18706789850317	6.71813904121534	45.8739867017166	8	2
-0.373553158777751	7.20553898977716	44.6606959125446	1.3943244508473	8.71629722142309	49.9687027917156	4.3795896334426	8.34769309720079	51.7230122368223	8	2
1.3943244508473	8.71629722142309	49.9687027917156	3.6102173436659	10.6313714946346	53.6186838229644	5.1733846043901	9.43239602263139	55.6163811530259	8	2
3.6102173436659	10.6313714946346	53.6186838229644	3.91022012738151	11.1972140793503	58.3350712453566	6.08713888641353	10.6810206412183	60.0981209584968	8	2
3.91022012738151	11.1972140793503	58.3350712453566	5.86308467475632	11.8376547680395	65.2205276634166	7.12298459547762	12.096480441342	65.178689157158	8	2
5.86308467475632	11.8376547680395	65.2205276634166	7.44691594910041	13.2176065473666	69.6763901938813	7.93815499722536	13.2103924108834	69.1768992992374	8	2
