-0.3475	-0.70784	0.031499	-0.41155	-0.34074	1.0263	-0.22515	-0.60134	1.8261	0	0
-0.41155	-0.34074	0	-0.087748	-0.21784	1.0423	-0.37868	0.45443	1.0936	0	0
-0.41155	-0.34074	0	-0.087748	-0.21784	1.0423	-0.1292	-0.21974	1.7978	0	0
-0.41155	-0.34074	0	-0.37868	0.45443	1.0936	-0.36431	0.45368	1.7658	0	0
-0.41155	-0.34074	0	-0.22515	-0.60134	1.8261	-0.1292	-0.21974	1.7978	0	0
-0.087748	-0.21784	0.015999	-0.37868	0.45443	1.0936	0.077885	0.65153	1.042	0	0
-0.087748	-0.21784	0.015999	0.077885	0.65153	1.042	0.58995	0.54246	1.7331	0	0
-0.087748	-0.21784	0.015999	-0.1292	-0.21974	1.7978	0.58995	0.54246	1.7331	0	0
-0.37868	0.45443	0.0673	0.077885	0.65153	1.042	0.090202	1.1281	1.0615	0	0
-0.37868	0.45443	0.0673	-0.36431	0.45368	1.7658	-0.23335	1.161	2.1406	0	0
-0.37868	0.45443	0.0673	0.090202	1.1281	1.0615	-0.23335	1.161	2.1406	0	0
-0.22515	-0.60134	0.79975	-0.1292	-0.21974	1.7978	0.21832	-0.029304	2.3827	0	0
-0.22515	-0.60134	0.79975	-0.15305	-0.60444	2.5182	0.21832	-0.029304	2.3827	0	0
0.077885	0.65153	0.015633	0.090202	1.1281	1.0615	0.65045	1.0875	1.0299	0	0
0.077885	0.65153	0.015633	0.65045	1.0875	1.0299	0.58995	0.54246	1.7331	0	0
-0.1292	-0.21974	0.77145	-0.36431	0.45368	1.7658	-0.53225	-0.15794	2.129	0	0
-0.1292	-0.21974	0.77145	-0.36431	0.45368	1.7658	0.17911	0.61674	1.8577	0	0
-0.1292	-0.21974	0.77145	-0.53225	-0.15794	2.129	-0.15305	-0.60444	2.5182	0	0
-0.1292	-0.21974	0.77145	0.58995	0.54246	1.7331	0.21832	-0.029304	2.3827	0	0
-0.36431	0.45368	0.7395	-0.53225	-0.15794	2.129	-0.33152	0.41281	2.5918	0	0
-0.36431	0.45368	0.7395	-0.33152	0.41281	2.5918	-0.23335	1.161	2.1406	0	0
0.090202	1.1281	0.03515	0.65045	1.0875	1.0299	0.2262	1.2084	1.817	0	0
0.090202	1.1281	0.03515	0.2262	1.2084	1.817	-0.23335	1.161	2.1406	0	0
-0.53225	-0.15794	1.1027	-0.33152	0.41281	2.5918	-0.13415	-0.24834	3.0499	0	0
0.65045	1.0875	0.003549	0.58995	0.54246	1.7331	0.65255	1.1118	1.7913	0	0
0.65045	1.0875	0.003549	0.2262	1.2084	1.817	0.65255	1.1118	1.7913	0	0
0.58995	0.54246	0.7068	0.17911	0.61674	1.8577	0.21832	-0.029304	2.3827	0	0
0.58995	0.54246	0.7068	0.17911	0.61674	1.8577	0.65255	1.1118	1.7913	0	0
0.17911	0.61674	0.83138	0.21832	-0.029304	2.3827	0.1928	0.65786	2.5434	0	0
0.17911	0.61674	0.83138	0.2262	1.2084	1.817	0.65255	1.1118	1.7913	0	0
0.17911	0.61674	0.83138	0.2262	1.2084	1.817	-0.23335	1.161	2.1406	0	0
0.17911	0.61674	0.83138	0.1928	0.65786	2.5434	-0.23335	1.161	2.1406	0	0
-0.15305	-0.60444	1.4919	0.21832	-0.029304	2.3827	-0.13415	-0.24834	3.0499	0	0
-0.15305	-0.60444	1.4919	-0.13415	-0.24834	3.0499	-0.20925	-0.38654	3.2845	0	0
0.21832	-0.029304	1.3563	0.1928	0.65786	2.5434	0.019302	0.37346	3.2258	0	0
0.21832	-0.029304	1.3563	-0.13415	-0.24834	3.0499	0.019302	0.37346	3.2258	0	0
-0.33152	0.41281	1.5654	0.019302	0.37346	3.2258	-0.19325	0.5944	3.2322	0	0
-0.33152	0.41281	1.5654	-0.19325	0.5944	3.2322	-0.24735	1.2865	3.1824	0	0
-0.33152	0.41281	1.5654	-0.23335	1.161	2.1406	-0.24735	1.2865	3.1824	0	0
0.1928	0.65786	1.5171	0.19635	1.1336	2.5602	0.59565	1.1524	2.462	0	0
0.1928	0.65786	1.5171	0.19635	1.1336	2.5602	-0.23335	1.161	2.1406	0	0
0.1928	0.65786	1.5171	0.59565	1.1524	2.462	0.58445	0.89706	3.0215	0	0
0.1928	0.65786	1.5171	0.019302	0.37346	3.2258	0.58445	0.89706	3.0215	0	0
-0.13415	-0.24834	2.0236	-0.20925	-0.38654	3.2845	0.019302	0.37346	3.2258	0	0
0.19635	1.1336	1.5339	0.58445	0.89706	3.0215	0.088202	1.1438	3.2618	0	0
0.19635	1.1336	1.5339	0.088202	1.1438	3.2618	-0.24735	1.2865	3.1824	0	0
0.19635	1.1336	1.5339	-0.23335	1.161	2.1406	-0.24735	1.2865	3.1824	0	0
-0.20925	-0.38654	2.2582	0.019302	0.37346	3.2258	-0.16545	-0.28084	4.0561	0	0
-0.20925	-0.38654	2.2582	-0.35048	-0.63784	3.8856	-0.16545	-0.28084	4.0561	0	0
0.019302	0.37346	2.1995	-0.19325	0.5944	3.2322	0.19198	0.45409	3.8968	0	0
0.019302	0.37346	2.1995	0.58445	0.89706	3.0215	0.5727	0.89226	3.8548	0	0
0.019302	0.37346	2.1995	-0.16545	-0.28084	4.0561	0.19198	0.45409	3.8968	0	0
-0.19325	0.5944	2.2059	0.19198	0.45409	3.8968	-0.17965	0.74516	4.0608	0	0
-0.19325	0.5944	2.2059	-0.24735	1.2865	3.1824	-0.17965	0.74516	4.0608	0	0
0.58445	0.89706	1.9952	0.088202	1.1438	3.2618	0.5727	0.89226	3.8548	0	0
0.088202	1.1438	2.2354	-0.24735	1.2865	3.1824	0.11245	1.1443	4.0705	0	0
0.088202	1.1438	2.2354	0.5727	0.89226	3.8548	0.11245	1.1443	4.0705	0	0
-0.35048	-0.63784	2.8592	-0.16545	-0.28084	4.0561	-0.2666	-0.57164	4.7374	0	0
-0.16545	-0.28084	3.0298	0.19198	0.45409	3.8968	0.12835	-0.030738	4.352	0	0
-0.16545	-0.28084	3.0298	0.12835	-0.030738	4.352	-0.15805	-0.24374	4.5619	0	0
-0.16545	-0.28084	3.0298	-0.15805	-0.24374	4.5619	-0.2666	-0.57164	4.7374	0	0
0.19198	0.45409	2.8704	0.5727	0.89226	3.8548	0.2311	0.63296	4.6118	0	0
0.19198	0.45409	2.8704	-0.17965	0.74516	4.0608	-0.1763	0.49556	4.57	0	0
0.19198	0.45409	2.8704	0.12835	-0.030738	4.352	0.2311	0.63296	4.6118	0	0
-0.24735	1.2865	2.1561	-0.17965	0.74516	4.0608	-0.41335	1.134	4.6148	0	0
-0.24735	1.2865	2.1561	0.11245	1.1443	4.0705	-0.41335	1.134	4.6148	0	0
0.5727	0.89226	2.8285	0.11245	1.1443	4.0705	0.23795	1.2918	4.5479	0	0
0.5727	0.89226	2.8285	0.2311	0.63296	4.6118	0.60185	0.89616	4.6843	0	0
0.5727	0.89226	2.8285	0.23795	1.2918	4.5479	0.60185	0.89616	4.6843	0	0
-0.17965	0.74516	3.0345	-0.1763	0.49556	4.57	-0.41335	1.134	4.6148	0	0
0.12835	-0.030738	3.3257	-0.1763	0.49556	4.57	-0.15805	-0.24374	4.5619	0	0
0.12835	-0.030738	3.3257	0.2311	0.63296	4.6118	-0.13315	-0.26594	5.0635	0	0
0.11245	1.1443	3.0442	-0.41335	1.134	4.6148	0.23795	1.2918	4.5479	0	0
-0.1763	0.49556	3.5437	-0.15805	-0.24374	4.5619	-0.13315	-0.26594	5.0635	0	0
-0.1763	0.49556	3.5437	-0.13315	-0.26594	5.0635	-0.39075	0.5507	5.3515	0	0
-0.1763	0.49556	3.5437	-0.41335	1.134	4.6148	-0.39075	0.5507	5.3515	0	0
-0.15805	-0.24374	3.5356	-0.2666	-0.57164	4.7374	-0.13315	-0.26594	5.0635	0	0
-0.2666	-0.57164	3.7111	-0.13315	-0.26594	5.0635	-0.40125	-0.59064	5.3859	0	0
0.2311	0.63296	3.5854	-0.13315	-0.26594	5.0635	0.035852	0.38686	5.6041	0	0
0.2311	0.63296	3.5854	0.035852	0.38686	5.6041	0.60185	0.89616	4.6843	0	0
-0.13315	-0.26594	4.0372	-0.36955	-0.2854	5.3799	-0.40125	-0.59064	5.3859	0	0
-0.13315	-0.26594	4.0372	-0.36955	-0.2854	5.3799	0.035852	0.38686	5.6041	0	0
-0.41335	1.134	3.5884	0.23795	1.2918	4.5479	-0.40672	1.1238	5.295	0	0
-0.41335	1.134	3.5884	-0.39075	0.5507	5.3515	-0.40672	1.1238	5.295	0	0
0.23795	1.2918	3.5216	0.2735	1.0969	5.3112	0.60185	0.89616	4.6843	0	0
0.23795	1.2918	3.5216	0.2735	1.0969	5.3112	-0.40672	1.1238	5.295	0	0
-0.36955	-0.2854	4.3535	-0.40125	-0.59064	5.3859	-0.32761	-0.32944	6.058	0	0
-0.36955	-0.2854	4.3535	0.035852	0.38686	5.6041	-0.32761	-0.32944	6.058	0	0
-0.40125	-0.59064	4.3596	-0.32761	-0.32944	6.058	-0.45215	-0.71554	6.0998	0	0
-0.39075	0.5507	4.3252	0.035852	0.38686	5.6041	0.2735	1.0969	5.3112	0	0
-0.39075	0.5507	4.3252	0.2735	1.0969	5.3112	-0.40672	1.1238	5.295	0	0
0.035852	0.38686	4.5778	0.2735	1.0969	5.3112	0.32645	1.112	6.0266	0	0
0.035852	0.38686	4.5778	-0.32761	-0.32944	6.058	-0.1037	0.50781	6.0765	0	0
0.035852	0.38686	4.5778	0.32645	1.112	6.0266	-0.1037	0.50781	6.0765	0	0
0.2735	1.0969	4.2849	0.60185	0.89616	4.6843	0.32645	1.112	6.0266	0	0
-0.32761	-0.32944	5.0317	-0.45215	-0.71554	6.0998	-0.3167	-0.29826	6.6523	0	0
-0.32761	-0.32944	5.0317	-0.1037	0.50781	6.0765	-0.3167	-0.29826	6.6523	0	0
0.32645	1.112	5.0003	-0.1037	0.50781	6.0765	0.30095	1.1021	6.8031	0	0
-0.45215	-0.71554	5.0735	-0.3167	-0.29826	6.6523	-0.59195	-0.91369	6.7385	0	0
-0.1037	0.50781	5.0502	-0.3167	-0.29826	6.6523	-0.13598	0.39563	6.7364	0	0
-0.1037	0.50781	5.0502	-0.13598	0.39563	6.7364	0.30095	1.1021	6.8031	0	0
-0.3167	-0.29826	5.6259	-0.13598	0.39563	6.7364	-0.42788	-0.25034	7.4039	0	0
-0.3167	-0.29826	5.6259	-0.59195	-0.91369	6.7385	-0.42788	-0.25034	7.4039	0	0
-0.13598	0.39563	5.7101	0.30095	1.1021	6.8031	-0.11615	0.77816	7.5529	0	0
-0.13598	0.39563	5.7101	-0.42788	-0.25034	7.4039	-0.11615	0.77816	7.5529	0	0
-0.59195	-0.91369	5.7121	-0.42788	-0.25034	7.4039	-0.56585	-0.73734	7.548	0	0
-0.59195	-0.91369	5.7121	-0.94701	-1.0701	7.415	-0.56585	-0.73734	7.548	0	0
0.30095	1.1021	5.7767	-0.11615	0.77816	7.5529	0.2734	1.0952	7.5373	0	0
-0.42788	-0.25034	6.3776	-0.56585	-0.73734	7.548	-0.4124	-0.22374	8.0443	0	0
-0.42788	-0.25034	6.3776	-0.54988	0.3956	7.5862	-0.11615	0.77816	7.5529	0	0
-0.42788	-0.25034	6.3776	-0.54988	0.3956	7.5862	-0.4124	-0.22374	8.0443	0	0
-0.94701	-1.0701	6.3887	-0.56585	-0.73734	7.548	-0.62795	-0.78214	8.0021	0	0
-0.94701	-1.0701	6.3887	-0.62795	-0.78214	8.0021	-1.0538	-0.90764	8.1021	0	0
-0.56585	-0.73734	6.5217	-0.4124	-0.22374	8.0443	-0.62795	-0.78214	8.0021	0	0
-0.54988	0.3956	6.5599	-0.11615	0.77816	7.5529	-0.51378	1.1669	7.4114	0	0
-0.54988	0.3956	6.5599	-0.51378	1.1669	7.4114	-0.4791	1.2056	8.0208	0	0
-0.54988	0.3956	6.5599	-0.4124	-0.22374	8.0443	-0.4438	0.46864	8.0486	0	0
-0.54988	0.3956	6.5599	-0.4438	0.46864	8.0486	-0.4791	1.2056	8.0208	0	0
-0.11615	0.77816	6.5266	-0.51378	1.1669	7.4114	0.2734	1.0952	7.5373	0	0
-0.51378	1.1669	6.385	0.2734	1.0952	7.5373	0.026352	1.5502	7.4657	0	0
-0.51378	1.1669	6.385	0.026352	1.5502	7.4657	-0.28695	1.5502	7.7489	0	0
-0.51378	1.1669	6.385	-0.28695	1.5502	7.7489	-0.4791	1.2056	8.0208	0	0
0.2734	1.0952	6.511	-0.4124	-0.22374	8.0443	0.2581	1.0921	8.0847	0	0
0.2734	1.0952	6.511	0.026352	1.5502	7.4657	0.2581	1.0921	8.0847	0	0
-0.4124	-0.22374	7.0179	-0.62795	-0.78214	8.0021	-0.89135	-0.40644	8.3197	0	0
-0.4124	-0.22374	7.0179	-0.4438	0.46864	8.0486	-0.89135	-0.40644	8.3197	0	0
-0.4124	-0.22374	7.0179	0.2581	1.0921	8.0847	0.18565	0.81736	8.7878	0	0
-0.4124	-0.22374	7.0179	0.18565	0.81736	8.7878	-0.4245	-0.22426	8.8192	0	0
-0.62795	-0.78214	6.9758	-1.0538	-0.90764	8.1021	-0.89135	-0.40644	8.3197	0	0
-0.4438	0.46864	7.0223	-0.4791	1.2056	8.0208	-0.46324	0.48506	8.815	0	0
-0.4438	0.46864	7.0223	-0.89135	-0.40644	8.3197	-0.46324	0.48506	8.815	0	0
-1.0538	-0.90764	7.0758	-0.89135	-0.40644	8.3197	-0.54655	-0.74849	8.802	0	0
-1.0538	-0.90764	7.0758	-0.54655	-0.74849	8.802	-0.85995	-1.0273	9.7054	0	0
0.026352	1.5502	6.4394	-0.28695	1.5502	7.7489	-0.034448	1.5586	8.1141	0	0
0.026352	1.5502	6.4394	0.2581	1.0921	8.0847	-0.034448	1.5586	8.1141	0	0
-0.28695	1.5502	6.7226	-0.31265	1.5695	7.8874	-0.4791	1.2056	8.0208	0	0
-0.28695	1.5502	6.7226	-0.31265	1.5695	7.8874	-0.034448	1.5586	8.1141	0	0
0.2581	1.0921	7.0584	-0.034448	1.5586	8.1141	0.038052	1.586	8.4944	0	0
0.2581	1.0921	7.0584	0.038052	1.586	8.4944	0.15865	1.3202	8.8175	0	0
0.2581	1.0921	7.0584	0.18565	0.81736	8.7878	0.15865	1.3202	8.8175	0	0
-0.31265	1.5695	6.8611	-0.4791	1.2056	8.0208	-0.16725	1.5609	8.5345	0	0
-0.31265	1.5695	6.8611	-0.034448	1.5586	8.1141	-0.16725	1.5609	8.5345	0	0
-0.4791	1.2056	6.9945	-0.16725	1.5609	8.5345	-0.43757	1.192	8.8144	0	0
-0.4791	1.2056	6.9945	-0.46324	0.48506	8.815	-0.43757	1.192	8.8144	0	0
-0.89135	-0.40644	7.2934	-0.54655	-0.74849	8.802	-0.4245	-0.22426	8.8192	0	0
-0.89135	-0.40644	7.2934	-0.4245	-0.22426	8.8192	-0.46324	0.48506	8.815	0	0
-0.034448	1.5586	7.0878	0.038052	1.586	8.4944	-0.16725	1.5609	8.5345	0	0
0.038052	1.586	7.4681	-0.16725	1.5609	8.5345	-0.2822	1.5457	9.3801	0	0
0.038052	1.586	7.4681	0.15865	1.3202	8.8175	-0.2822	1.5457	9.3801	0	0
-0.16725	1.5609	7.5082	-0.43757	1.192	8.8144	-0.2822	1.5457	9.3801	0	0
0.18565	0.81736	7.7615	-0.4245	-0.22426	8.8192	0.099852	0.53146	9.6678	0	0
0.18565	0.81736	7.7615	0.15865	1.3202	8.8175	0.1686	1.0787	9.5365	0	0
0.18565	0.81736	7.7615	0.1686	1.0787	9.5365	0.099852	0.53146	9.6678	0	0
-0.54655	-0.74849	7.7756	-0.4245	-0.22426	8.8192	-0.54215	-0.73694	9.5497	0	0
-0.54655	-0.74849	7.7756	-0.54215	-0.73694	9.5497	-0.85995	-1.0273	9.7054	0	0
-0.4245	-0.22426	7.7929	-0.54215	-0.73694	9.5497	-0.40325	-0.23239	9.5557	0	0
-0.4245	-0.22426	7.7929	-0.40325	-0.23239	9.5557	0.099852	0.53146	9.6678	0	0
-0.46324	0.48506	7.7886	-0.43757	1.192	8.8144	-0.50717	0.49754	9.5691	0	0
-0.46324	0.48506	7.7886	-0.40325	-0.23239	9.5557	-0.50717	0.49754	9.5691	0	0
-0.43757	1.192	7.7881	-0.2822	1.5457	9.3801	-0.4315	1.1788	9.5592	0	0
-0.43757	1.192	7.7881	-0.50717	0.49754	9.5691	-0.4315	1.1788	9.5592	0	0
0.15865	1.3202	7.7912	-0.2822	1.5457	9.3801	0.1686	1.0787	9.5365	0	0
-0.54215	-0.73694	8.5234	-0.40325	-0.23239	9.5557	-0.39457	-0.35364	10.274	0	0
-0.54215	-0.73694	8.5234	-0.85995	-1.0273	9.7054	-0.65628	-0.8273	10.225	0	0
-0.54215	-0.73694	8.5234	-0.65628	-0.8273	10.225	-0.39457	-0.35364	10.274	0	0
-0.40325	-0.23239	8.5294	-0.50717	0.49754	9.5691	-0.50472	0.53016	10.263	0	0
-0.40325	-0.23239	8.5294	-0.39457	-0.35364	10.274	-0.50472	0.53016	10.263	0	0
-0.2822	1.5457	8.3537	0.1686	1.0787	9.5365	-0.016698	1.5936	10.331	0	0
-0.2822	1.5457	8.3537	-0.4315	1.1788	9.5592	-0.25145	1.5798	10.313	0	0
-0.2822	1.5457	8.3537	-0.25145	1.5798	10.313	-0.016698	1.5936	10.331	0	0
0.1686	1.0787	8.5102	0.099852	0.53146	9.6678	0.23665	0.83626	10.139	0	0
0.1686	1.0787	8.5102	0.23665	0.83626	10.139	0.10795	1.333	10.31	0	0
0.1686	1.0787	8.5102	-0.016698	1.5936	10.331	0.10795	1.333	10.31	0	0
-0.50717	0.49754	8.5427	-0.4315	1.1788	9.5592	-0.50472	0.53016	10.263	0	0
0.099852	0.53146	8.6415	-0.39457	-0.35364	10.274	0.23665	0.83626	10.139	0	0
-0.65628	-0.8273	9.1986	-0.39457	-0.35364	10.274	-0.42485	-0.68119	11.11	0	0
-0.39457	-0.35364	9.2478	0.23665	0.83626	10.139	0.17135	0.54336	11.136	0	0
-0.39457	-0.35364	9.2478	-0.50472	0.53016	10.263	-0.35848	-0.20897	10.899	0	0
-0.39457	-0.35364	9.2478	-0.35848	-0.20897	10.899	-0.42485	-0.68119	11.11	0	0
-0.4315	1.1788	8.5329	-0.50472	0.53016	10.263	-0.4806	1.1799	10.32	0	0
-0.4315	1.1788	8.5329	-0.4806	1.1799	10.32	-0.25145	1.5798	10.313	0	0
0.23665	0.83626	9.1124	0.10795	1.333	10.31	0.21739	1.0475	10.913	0	0
0.23665	0.83626	9.1124	0.21739	1.0475	10.913	0.17135	0.54336	11.136	0	0
-0.50472	0.53016	9.2364	-0.4806	1.1799	10.32	-0.40839	0.43862	10.972	0	0
-0.50472	0.53016	9.2364	-0.35848	-0.20897	10.899	-0.40839	0.43862	10.972	0	0
-0.4806	1.1799	9.2938	-0.25145	1.5798	10.313	-0.36515	1.6128	11.053	0	0
-0.4806	1.1799	9.2938	-0.36515	1.6128	11.053	-0.52258	1.2767	11.081	0	0
-0.4806	1.1799	9.2938	-0.52258	1.2767	11.081	-0.40839	0.43862	10.972	0	0
-0.35848	-0.20897	9.8729	-0.40839	0.43862	10.972	-0.3805	-0.25454	11.548	0	0
-0.35848	-0.20897	9.8729	-0.42485	-0.68119	11.11	-0.3805	-0.25454	11.548	0	0
-0.25145	1.5798	9.2866	-0.016698	1.5936	10.331	-0.36515	1.6128	11.053	0	0
-0.016698	1.5936	9.3044	0.10795	1.333	10.31	-0.012848	1.6031	11.064	0	0
-0.016698	1.5936	9.3044	-0.012848	1.6031	11.064	-0.36515	1.6128	11.053	0	0
0.10795	1.333	9.284	0.21739	1.0475	10.913	-0.012848	1.6031	11.064	0	0
0.21739	1.0475	9.8871	-0.012848	1.6031	11.064	0.2639	1.1164	11.541	0	0
0.21739	1.0475	9.8871	0.17135	0.54336	11.136	0.2639	1.1164	11.541	0	0
-0.36515	1.6128	10.026	-0.52258	1.2767	11.081	-0.51385	1.2237	11.577	0	0
-0.52258	1.2767	10.054	-0.40839	0.43862	10.972	-0.47425	0.49099	11.542	0	0
-0.52258	1.2767	10.054	-0.47425	0.49099	11.542	-0.51385	1.2237	11.577	0	0
-0.40839	0.43862	9.946	-0.3805	-0.25454	11.548	-0.47425	0.49099	11.542	0	0
0.17135	0.54336	10.11	0.14235	0.54886	11.383	0.2639	1.1164	11.541	0	0
-0.42485	-0.68119	10.083	-0.3805	-0.25454	11.548	-0.73568	-0.83094	11.678	0	0
-0.3805	-0.25454	10.522	-0.73568	-0.83094	11.678	-0.96105	-0.55514	11.959	0	0
-0.3805	-0.25454	10.522	-0.47425	0.49099	11.542	-0.45897	0.4671	12.308	0	0
-0.3805	-0.25454	10.522	-0.96105	-0.55514	11.959	-0.37735	-0.30974	12.377	0	0
-0.3805	-0.25454	10.522	-0.37735	-0.30974	12.377	-0.45897	0.4671	12.308	0	0
-0.73568	-0.83094	10.652	-0.96105	-0.55514	11.959	-0.86515	-0.80664	12.027	0	0
-0.47425	0.49099	10.516	-0.51385	1.2237	11.577	-0.46937	1.2148	12.265	0	0
-0.47425	0.49099	10.516	-0.45897	0.4671	12.308	-0.46937	1.2148	12.265	0	0
-0.96105	-0.55514	10.932	-0.86515	-0.80664	12.027	-0.37735	-0.30974	12.377	0	0
-0.86515	-0.80664	11.001	-0.68505	-0.91876	12.451	-0.37735	-0.30974	12.377	0	0
-0.68505	-0.91876	11.424	-0.37735	-0.30974	12.377	-0.6718	-0.79579	12.916	0	0
-0.37735	-0.30974	11.351	-0.45897	0.4671	12.308	-0.45517	0.47934	13.071	0	0
-0.37735	-0.30974	11.351	-0.6718	-0.79579	12.916	-0.38811	-0.35657	12.961	0	0
-0.37735	-0.30974	11.351	-0.38811	-0.35657	12.961	-0.45517	0.47934	13.071	0	0
-0.45897	0.4671	11.282	-0.46937	1.2148	12.265	-0.3675	1.1734	13.003	0	0
-0.45897	0.4671	11.282	-0.45517	0.47934	13.071	-0.3675	1.1734	13.003	0	0
-0.6718	-0.79579	11.89	-0.38811	-0.35657	12.961	-0.42152	-0.31249	13.655	0	0
-0.6718	-0.79579	11.89	-0.42152	-0.31249	13.655	-0.48425	-0.71459	13.816	0	0
-0.38811	-0.35657	11.934	-0.45517	0.47934	13.071	-0.42152	-0.31249	13.655	0	0
-0.46937	1.2148	11.239	0.3201	1.1734	12.319	0.44915	1.7967	12.608	0	0
-0.46937	1.2148	11.239	-0.3675	1.1734	13.003	0.27305	1.7982	12.942	0	0
-0.46937	1.2148	11.239	0.44915	1.7967	12.608	0.27305	1.7982	12.942	0	0
-0.45517	0.47934	12.045	-0.3675	1.1734	13.003	-0.41085	1.0843	13.778	0	0
-0.45517	0.47934	12.045	-0.42152	-0.31249	13.655	-0.4279	0.48226	13.809	0	0
-0.45517	0.47934	12.045	-0.4279	0.48226	13.809	-0.41085	1.0843	13.778	0	0
-0.3675	1.1734	11.976	0.27305	1.7982	12.942	0.2212	1.1343	13.055	0	0
-0.42152	-0.31249	12.628	-0.48425	-0.71459	13.816	-0.34132	-0.30249	14.365	0	0
-0.42152	-0.31249	12.628	-0.4279	0.48226	13.809	-0.34132	-0.30249	14.365	0	0
-0.48425	-0.71459	12.79	-0.34132	-0.30249	14.365	-0.3805	-0.66844	14.533	0	0
-0.4279	0.48226	12.782	-0.34132	-0.30249	14.365	-0.45917	0.47431	14.571	0	0
-0.4279	0.48226	12.782	-0.41085	1.0843	13.778	-0.43095	1.0746	14.544	0	0
-0.4279	0.48226	12.782	-0.45917	0.47431	14.571	-0.43095	1.0746	14.544	0	0
-0.34132	-0.30249	13.339	-0.3805	-0.66844	14.533	-0.88565	-0.52164	15.158	0	0
-0.34132	-0.30249	13.339	-0.45917	0.47431	14.571	-0.88565	-0.52164	15.158	0	0
-0.3805	-0.66844	13.506	-0.45015	-0.71134	15.077	-0.88565	-0.52164	15.158	0	0
-0.45917	0.47431	13.544	-0.88565	-0.52164	15.158	-0.42075	0.48256	15.058	0	0
-0.45917	0.47431	13.544	-0.43095	1.0746	14.544	-0.42075	0.48256	15.058	0	0
-0.45015	-0.71134	14.05	-0.88565	-0.52164	15.158	-0.96415	-0.59844	15.237	0	0
-0.45015	-0.71134	14.05	-0.96415	-0.59844	15.237	-0.41911	-0.86022	15.823	0	0
-0.88565	-0.52164	14.132	-0.96415	-0.59844	15.237	-0.9813	-0.23194	15.939	0	0
-0.88565	-0.52164	14.132	-0.42075	0.48256	15.058	-0.9813	-0.23194	15.939	0	0
-0.36742	-0.36009	14.155	-0.42075	0.48256	15.058	0.16885	0.67156	15.048	0	0
-0.96415	-0.59844	14.211	-0.41911	-0.86022	15.823	-0.88385	-0.74594	16.35	0	0
-0.96415	-0.59844	14.211	-0.88385	-0.74594	16.35	-0.9813	-0.23194	15.939	0	0
-0.43095	1.0746	13.518	-0.42075	0.48256	15.058	-0.24235	1.0866	15.056	0	0
-0.42075	0.48256	14.032	0.16885	0.67156	15.048	-0.24235	1.0866	15.056	0	0
-0.42075	0.48256	14.032	-0.2845	1.1115	15.833	-0.41087	0.47619	15.805	0	0
-0.42075	0.48256	14.032	-0.41087	0.47619	15.805	-0.9813	-0.23194	15.939	0	0
0.16885	0.67156	14.021	-0.24235	1.0866	15.056	0.038752	1.0985	14.99	0	0
-0.2845	1.1115	14.806	0.086652	1.0978	15.893	-0.40285	1.0613	16.442	0	0
-0.2845	1.1115	14.806	-0.41087	0.47619	15.805	-0.40285	1.0613	16.442	0	0
0.15923	0.66041	14.794	0.086652	1.0978	15.893	0.19095	0.60506	16.561	0	0
0.086652	1.0978	14.867	-0.40285	1.0613	16.442	0.098052	1.2044	16.563	0	0
0.086652	1.0978	14.867	0.098052	1.2044	16.563	0.19095	0.60506	16.561	0	0
-0.41087	0.47619	14.779	-0.33885	0.3976	16.548	-0.40285	1.0613	16.442	0	0
-0.41087	0.47619	14.779	-0.33885	0.3976	16.548	-0.9813	-0.23194	15.939	0	0
-0.41911	-0.86022	14.797	-0.88385	-0.74594	16.35	-0.40575	-0.89959	16.375	0	0
0.0025521	-0.12704	15.073	-0.3584	-0.28179	16.533	-0.13335	-0.68374	16.621	0	0
0.0025521	-0.12704	15.073	-0.3584	-0.28179	16.533	-0.33885	0.3976	16.548	0	0
0.0025521	-0.12704	15.073	-0.13335	-0.68374	16.621	0.14772	-0.31664	17.336	0	0
0.0025521	-0.12704	15.073	-0.33885	0.3976	16.548	0.19095	0.60506	16.561	0	0
0.0025521	-0.12704	15.073	0.19095	0.60506	16.561	0.14772	-0.31664	17.336	0	0
-0.88385	-0.74594	15.324	-0.40575	-0.89959	16.375	-0.62545	-0.83467	17.168	0	0
-0.88385	-0.74594	15.324	-0.3584	-0.28179	16.533	-0.97425	-0.35344	16.392	0	0
-0.88385	-0.74594	15.324	-0.62545	-0.83467	17.168	-0.8889	-0.31899	17.315	0	0
-0.88385	-0.74594	15.324	-0.9813	-0.23194	15.939	-0.97425	-0.35344	16.392	0	0
-0.40575	-0.89959	15.348	-0.13335	-0.68374	16.621	-0.62545	-0.83467	17.168	0	0
-0.3584	-0.28179	15.506	-0.13335	-0.68374	16.621	-0.62545	-0.83467	17.168	0	0
-0.3584	-0.28179	15.506	-0.33885	0.3976	16.548	-0.97425	-0.35344	16.392	0	0
-0.3584	-0.28179	15.506	-0.62545	-0.83467	17.168	-0.42971	-0.24287	17.25	0	0
-0.13335	-0.68374	15.594	0.14772	-0.31664	17.336	0.13693	-0.69866	17.265	0	0
-0.33885	0.3976	15.521	-0.40285	1.0613	16.442	-0.38725	0.43935	17.265	0	0
-0.33885	0.3976	15.521	-0.42971	-0.24287	17.25	-0.38725	0.43935	17.265	0	0
-0.33885	0.3976	15.521	-0.9813	-0.23194	15.939	-0.97425	-0.35344	16.392	0	0
-0.40285	1.0613	15.416	0.098052	1.2044	16.563	-0.15665	1.2386	17.304	0	0
-0.40285	1.0613	15.416	-0.38725	0.43935	17.265	-0.15665	1.2386	17.304	0	0
0.098052	1.2044	15.537	0.19095	0.60506	16.561	0.2491	0.60551	17.313	0	0
0.098052	1.2044	15.537	0.2491	0.60551	17.313	0.062652	1.2484	17.309	0	0
0.098052	1.2044	15.537	-0.15665	1.2386	17.304	0.062652	1.2484	17.309	0	0
-0.62545	-0.83467	16.142	-0.8889	-0.31899	17.315	-0.29075	-0.65094	18.07	0	0
-0.62545	-0.83467	16.142	-0.29075	-0.65094	18.07	0.13693	-0.69866	17.265	0	0
-0.42971	-0.24287	16.224	-0.38725	0.43935	17.265	-0.62165	0.4732	17.91	0	0
-0.42971	-0.24287	16.224	-0.55715	-0.25834	18.062	-0.62165	0.4732	17.91	0	0
-0.42971	-0.24287	16.224	-0.55715	-0.25834	18.062	-0.29075	-0.65094	18.07	0	0
-0.38725	0.43935	16.239	0.2491	0.60551	17.313	-0.15665	1.2386	17.304	0	0
-0.38725	0.43935	16.239	-0.62165	0.4732	17.91	-0.38205	1.0578	18.07	0	0
0.19095	0.60506	15.535	0.2491	0.60551	17.313	0.14772	-0.31664	17.336	0	0
-0.8889	-0.31899	16.288	-0.9936	0.070962	17.954	-0.34635	-0.56554	18.285	0	0
-0.8889	-0.31899	16.288	-0.29075	-0.65094	18.07	-0.34635	-0.56554	18.285	0	0
0.2491	0.60551	16.286	0.062652	1.2484	17.309	0.10355	1.2579	18.077	0	0
0.2491	0.60551	16.286	0.10355	1.2579	18.077	0.21259	0.4143	18.048	0	0
0.2491	0.60551	16.286	0.21259	0.4143	18.048	0.14772	-0.31664	17.336	0	0
-0.15665	1.2386	16.278	0.062652	1.2484	17.309	-0.073448	1.5697	17.597	0	0
0.062652	1.2484	16.282	-0.073448	1.5697	17.597	0.10355	1.2579	18.077	0	0
-0.9936	0.070962	16.928	-0.55715	-0.25834	18.062	-0.62165	0.4732	17.91	0	0
-0.9936	0.070962	16.928	-0.62165	0.4732	17.91	-0.57545	0.52846	18.614	0	0
-0.073448	1.5697	16.57	0.10355	1.2579	18.077	-0.23995	1.5602	18.699	0	0
-0.62165	0.4732	16.884	-0.38205	1.0578	18.07	-0.57545	0.52846	18.614	0	0
-0.38205	1.0578	17.044	-0.57545	0.52846	18.614	-0.45155	1.1916	18.521	0	0
0.10355	1.2579	17.05	0.21259	0.4143	18.048	0.16085	1.0296	18.564	0	0
0.10355	1.2579	17.05	-0.23995	1.5602	18.699	0.16085	1.0296	18.564	0	0
0.022952	-0.076438	17.013	0.21259	0.4143	18.048	0.14772	-0.31664	17.336	0	0
0.022952	-0.076438	17.013	0.21259	0.4143	18.048	0.083602	0.26871	18.527	0	0
0.022952	-0.076438	17.013	-0.29075	-0.65094	18.07	-0.34635	-0.56554	18.285	0	0
0.022952	-0.076438	17.013	-0.29075	-0.65094	18.07	0.14772	-0.31664	17.336	0	0
0.022952	-0.076438	17.013	-0.34635	-0.56554	18.285	-0.33482	-0.38494	18.527	0	0
0.022952	-0.076438	17.013	-0.33482	-0.38494	18.527	0.083602	0.26871	18.527	0	0
0.21259	0.4143	17.022	0.083602	0.26871	18.527	0.16085	1.0296	18.564	0	0
-0.29075	-0.65094	17.044	0.14772	-0.31664	17.336	0.13693	-0.69866	17.265	0	0
-0.34635	-0.56554	17.259	-0.33482	-0.38494	18.527	-0.30967	-0.65984	19.43	0	0
-0.33482	-0.38494	17.501	0.083602	0.26871	18.527	-0.3333	-0.25534	19.303	0	0
-0.33482	-0.38494	17.501	-0.3333	-0.25534	19.303	-0.30967	-0.65984	19.43	0	0
0.083602	0.26871	17.501	0.16085	1.0296	18.564	0.012912	0.41294	19.344	0	0
0.083602	0.26871	17.501	-0.3333	-0.25534	19.303	0.012912	0.41294	19.344	0	0
-0.57545	0.52846	17.588	-0.45155	1.1916	18.521	-0.46765	1.1308	19.26	0	0
-0.57545	0.52846	17.588	-0.3333	-0.25534	19.303	-0.70147	0.45576	19.303	0	0
-0.57545	0.52846	17.588	-0.70147	0.45576	19.303	-0.46765	1.1308	19.26	0	0
-0.45155	1.1916	17.494	-0.23995	1.5602	18.699	-0.46765	1.1308	19.26	0	0
-0.23995	1.5602	17.673	0.16085	1.0296	18.564	0.26243	1.0638	19.343	0	0
-0.23995	1.5602	17.673	-0.46765	1.1308	19.26	-0.2114	1.6082	19.361	0	0
-0.23995	1.5602	17.673	0.26243	1.0638	19.343	-0.015798	1.6102	19.449	0	0
-0.23995	1.5602	17.673	-0.2114	1.6082	19.361	-0.015798	1.6102	19.449	0	0
0.16085	1.0296	17.538	0.012912	0.41294	19.344	0.26243	1.0638	19.343	0	0
-0.3333	-0.25534	18.277	-0.30967	-0.65984	19.43	-0.35305	-0.28614	20.053	0	0
-0.3333	-0.25534	18.277	-0.70147	0.45576	19.303	-0.70195	0.43951	20.061	0	0
-0.3333	-0.25534	18.277	0.012912	0.41294	19.344	-0.35305	-0.28614	20.053	0	0
-0.3333	-0.25534	18.277	-0.70195	0.43951	20.061	-0.10255	0.48991	20.051	0	0
-0.30967	-0.65984	18.403	-0.35305	-0.28614	20.053	-0.2813	-0.69894	20.021	0	0
-0.70147	0.45576	18.277	-0.46765	1.1308	19.26	-0.501	1.2706	20.018	0	0
-0.70147	0.45576	18.277	-0.70195	0.43951	20.061	-0.501	1.2706	20.018	0	0
-0.46765	1.1308	18.234	-0.2114	1.6082	19.361	-0.501	1.2706	20.018	0	0
0.012912	0.41294	18.317	0.26243	1.0638	19.343	0.28835	1.1383	19.911	0	0
0.012912	0.41294	18.317	-0.35305	-0.28614	20.053	-0.10255	0.48991	20.051	0	0
0.012912	0.41294	18.317	-0.10255	0.48991	20.051	0.28835	1.1383	19.911	0	0
0.26243	1.0638	18.316	-0.015798	1.6102	19.449	0.28835	1.1383	19.911	0	0
-0.2114	1.6082	18.335	-0.015798	1.6102	19.449	-0.26135	1.6477	20.091	0	0
-0.2114	1.6082	18.335	-0.501	1.2706	20.018	-0.26135	1.6477	20.091	0	0
-0.015798	1.6102	18.423	0.045752	1.7212	20.087	-0.26135	1.6477	20.091	0	0
-0.015798	1.6102	18.423	0.045752	1.7212	20.087	0.28835	1.1383	19.911	0	0
-0.70195	0.43951	19.035	-0.501	1.2706	20.018	-0.44551	1.2559	20.727	0	0
-0.70195	0.43951	19.035	-0.48658	0.37955	20.803	-0.44551	1.2559	20.727	0	0
-0.70195	0.43951	19.035	-0.48658	0.37955	20.803	-1.3729	0.25606	21.372	0	0
-0.35305	-0.28614	19.026	-0.2813	-0.69894	20.021	-0.30075	-0.65276	20.777	0	0
-0.35305	-0.28614	19.026	-0.10255	0.48991	20.051	-0.38382	-0.26259	20.793	0	0
-0.35305	-0.28614	19.026	-0.30075	-0.65276	20.777	-0.38382	-0.26259	20.793	0	0
-0.10255	0.48991	19.024	0.28835	1.1383	19.911	0.051352	0.73821	20.576	0	0
-0.10255	0.48991	19.024	-0.38382	-0.26259	20.793	0.051352	0.73821	20.576	0	0
-0.501	1.2706	18.992	-0.26135	1.6477	20.091	-0.44551	1.2559	20.727	0	0
0.045752	1.7212	19.061	-0.26135	1.6477	20.091	-0.44551	1.2559	20.727	0	0
0.045752	1.7212	19.061	0.28835	1.1383	19.911	0.58715	1.316	20.14	0	0
0.045752	1.7212	19.061	-0.44551	1.2559	20.727	0.34502	1.172	20.878	0	0
0.045752	1.7212	19.061	0.58715	1.316	20.14	0.34502	1.172	20.878	0	0
0.28835	1.1383	18.885	0.58715	1.316	20.14	0.051352	0.73821	20.576	0	0
-0.30075	-0.65276	19.751	-0.38382	-0.26259	20.793	-0.423	-0.26574	21.556	0	0
-0.30075	-0.65276	19.751	-0.3939	-0.77024	21.538	-0.423	-0.26574	21.556	0	0
-0.38382	-0.26259	19.767	0.051352	0.73821	20.576	0.2381	0.44926	21.314	0	0
-0.38382	-0.26259	19.767	-0.423	-0.26574	21.556	0.2381	0.44926	21.314	0	0
-0.48658	0.37955	19.777	-0.44551	1.2559	20.727	-0.54335	1.2539	21.341	0	0
-0.48658	0.37955	19.777	-0.39635	0.5562	21.475	0.2381	0.44926	21.314	0	0
-0.48658	0.37955	19.777	-0.39635	0.5562	21.475	-1.3729	0.25606	21.372	0	0
-0.44551	1.2559	19.701	0.34502	1.172	20.878	-0.54335	1.2539	21.341	0	0
0.58715	1.316	19.114	0.051352	0.73821	20.576	0.656	1.2231	20.593	0	0
0.051352	0.73821	19.55	0.34502	1.172	20.878	0.656	1.2231	20.593	0	0
0.051352	0.73821	19.55	0.34502	1.172	20.878	0.2381	0.44926	21.314	0	0
-0.3939	-0.77024	20.511	-0.423	-0.26574	21.556	-0.59085	-0.65714	22.028	0	0
0.34502	1.172	19.851	-0.54335	1.2539	21.341	0.95315	1.598	21.969	0	0
0.34502	1.172	19.851	0.656	1.2231	20.593	0.85285	1.191	21.302	0	0
0.34502	1.172	19.851	0.3645	0.98856	21.495	0.85285	1.191	21.302	0	0
0.34502	1.172	19.851	0.3645	0.98856	21.495	0.2381	0.44926	21.314	0	0
-0.54335	1.2539	20.315	-0.25505	1.1246	22.068	0.95315	1.598	21.969	0	0
0.3645	0.98856	20.468	0.19025	1.0859	22.049	0.21475	0.67251	22.012	0	0
0.3645	0.98856	20.468	0.19025	1.0859	22.049	0.95315	1.598	21.969	0	0
0.3645	0.98856	20.468	0.85285	1.191	21.302	0.95315	1.598	21.969	0	0
0.3645	0.98856	20.468	0.21475	0.67251	22.012	0.2381	0.44926	21.314	0	0
-0.39635	0.5562	20.449	-0.423	-0.26574	21.556	-0.415	0.47006	22.041	0	0
-0.39635	0.5562	20.449	-0.423	-0.26574	21.556	-1.105	-0.074787	21.691	0	0
-0.39635	0.5562	20.449	-0.415	0.47006	22.041	0.2381	0.44926	21.314	0	0
-0.39635	0.5562	20.449	-1.105	-0.074787	21.691	-1.3729	0.25606	21.372	0	0
-0.423	-0.26574	20.53	-0.415	0.47006	22.041	-0.35988	-0.3019	22.122	0	0
-0.423	-0.26574	20.53	-0.59085	-0.65714	22.028	-1.105	-0.074787	21.691	0	0
-0.423	-0.26574	20.53	-0.35988	-0.3019	22.122	0.3372	-0.36624	22.18	0	0
-0.423	-0.26574	20.53	0.2381	0.44926	21.314	0.3372	-0.36624	22.18	0	0
-0.415	0.47006	21.015	-0.35988	-0.3019	22.122	-0.47126	0.4628	22.806	0	0
-0.415	0.47006	21.015	-0.25505	1.1246	22.068	0.21475	0.67251	22.012	0	0
-0.415	0.47006	21.015	-0.25505	1.1246	22.068	-0.26585	1.0335	22.716	0	0
-0.415	0.47006	21.015	0.21475	0.67251	22.012	0.2381	0.44926	21.314	0	0
-0.415	0.47006	21.015	-0.47126	0.4628	22.806	-0.26585	1.0335	22.716	0	0
-0.59085	-0.65714	21.002	-0.35988	-0.3019	22.122	-0.6199	-0.31859	22.825	0	0
-0.59085	-0.65714	21.002	-1.105	-0.074787	21.691	-1.1567	-0.12344	22.002	0	0
-0.59085	-0.65714	21.002	-1.1567	-0.12344	22.002	-1.1862	-0.4681	22.686	0	0
-0.59085	-0.65714	21.002	-0.6199	-0.31859	22.825	-1.1862	-0.4681	22.686	0	0
-0.35988	-0.3019	21.095	-0.56622	-0.76911	22.772	0.154	-0.21294	22.793	0	0
-0.35988	-0.3019	21.095	-0.47126	0.4628	22.806	-0.6199	-0.31859	22.825	0	0
-0.35988	-0.3019	21.095	0.154	-0.21294	22.793	0.3372	-0.36624	22.18	0	0
-0.25505	1.1246	21.041	0.19025	1.0859	22.049	0.21475	0.67251	22.012	0	0
-0.25505	1.1246	21.041	0.19025	1.0859	22.049	0.011352	1.0912	22.825	0	0
-0.25505	1.1246	21.041	-0.26585	1.0335	22.716	0.011352	1.0912	22.825	0	0
0.19025	1.0859	21.022	0.95315	1.598	21.969	0.011352	1.0912	22.825	0	0
0.85285	1.191	20.275	0.2381	0.44926	21.314	0.65595	-0.22354	22.245	0	0
-0.56622	-0.76911	21.746	-0.61585	-0.67474	23.591	-0.6199	-0.31859	22.825	0	0
-0.56622	-0.76911	21.746	-0.61585	-0.67474	23.591	-1.0935	-0.92016	22.872	0	0
-0.56622	-0.76911	21.746	-0.6199	-0.31859	22.825	-1.1862	-0.4681	22.686	0	0
-0.56622	-0.76911	21.746	-1.1862	-0.4681	22.686	-1.0935	-0.92016	22.872	0	0
-0.56622	-0.76911	21.746	0.154	-0.21294	22.793	0.3931	-0.63109	22.812	0	0
-0.47126	0.4628	21.78	-0.26585	1.0335	22.716	-0.45125	0.44716	23.551	0	0
-0.47126	0.4628	21.78	-0.6199	-0.31859	22.825	-0.45125	0.44716	23.551	0	0
-0.26585	1.0335	21.69	0.011352	1.0912	22.825	-0.19085	1.1827	23.58	0	0
-0.26585	1.0335	21.69	-0.45125	0.44716	23.551	-0.19085	1.1827	23.58	0	0
-0.61585	-0.67474	22.565	0.059185	-0.32804	23.606	-0.69795	-0.32734	23.565	0	0
-0.61585	-0.67474	22.565	0.059185	-0.32804	23.606	0.34065	-0.69554	23.591	0	0
-0.61585	-0.67474	22.565	-0.6199	-0.31859	22.825	-0.69795	-0.32734	23.565	0	0
-0.61585	-0.67474	22.565	-1.0935	-0.92016	22.872	-1.2522	-1.1001	23.588	0	0
-0.61585	-0.67474	22.565	-1.2522	-1.1001	23.588	-0.88495	-0.79124	24.23	0	0
-0.61585	-0.67474	22.565	-0.65755	-0.88027	24.238	-0.88495	-0.79124	24.23	0	0
-0.61585	-0.67474	22.565	-0.65755	-0.88027	24.238	0.20085	-0.77226	24.295	0	0
-0.61585	-0.67474	22.565	0.20085	-0.77226	24.295	0.34065	-0.69554	23.591	0	0
0.059185	-0.32804	22.58	0.2188	0.55101	23.55	-0.45125	0.44716	23.551	0	0
0.059185	-0.32804	22.58	0.2188	0.55101	23.55	0.25115	-0.20677	24.211	0	0
0.059185	-0.32804	22.58	-0.45125	0.44716	23.551	-0.56201	-0.20524	24.273	0	0
0.059185	-0.32804	22.58	-0.56201	-0.20524	24.273	0.20085	-0.77226	24.295	0	0
0.059185	-0.32804	22.58	0.20085	-0.77226	24.295	0.25115	-0.20677	24.211	0	0
0.059185	-0.32804	22.58	0.34065	-0.69554	23.591	0.3931	-0.63109	22.812	0	0
0.011352	1.0912	21.799	0.036752	1.1831	23.557	-0.19085	1.1827	23.58	0	0
0.2381	0.44926	20.288	0.3372	-0.36624	22.18	0.65595	-0.22354	22.245	0	0
-1.105	-0.074787	20.664	-1.1567	-0.12344	22.002	-1.5789	-0.13094	22.108	0	0
-1.105	-0.074787	20.664	-1.3729	0.25606	21.372	-1.5789	-0.13094	22.108	0	0
-1.1567	-0.12344	20.976	-1.1862	-0.4681	22.686	-1.5789	-0.13094	22.108	0	0
0.2188	0.55101	22.524	0.036752	1.1831	23.557	0.35425	0.57406	24.307	0	0
0.2188	0.55101	22.524	0.35425	0.57406	24.307	0.25115	-0.20677	24.211	0	0
0.2188	0.55101	22.524	0.84775	-0.62624	23.106	0.88052	-0.3274	22.704	0	0
-0.6199	-0.31859	21.799	-0.69795	-0.32734	23.565	-0.45125	0.44716	23.551	0	0
-1.1862	-0.4681	21.66	-1.0935	-0.92016	22.872	-1.7044	-0.7402	22.887	0	0
-1.1862	-0.4681	21.66	-1.5789	-0.13094	22.108	-1.7044	-0.7402	22.887	0	0
-1.0935	-0.92016	21.846	-1.2522	-1.1001	23.588	-1.7044	-0.7402	22.887	0	0
-0.69795	-0.32734	22.539	-0.45125	0.44716	23.551	-0.9193	-0.076787	24.143	0	0
-0.69795	-0.32734	22.539	-0.88495	-0.79124	24.23	-0.9193	-0.076787	24.143	0	0
-0.45125	0.44716	22.525	-0.19085	1.1827	23.58	-0.48988	0.57153	24.206	0	0
-0.45125	0.44716	22.525	-0.48988	0.57153	24.206	-0.9193	-0.076787	24.143	0	0
0.036752	1.1831	22.53	-0.19085	1.1827	23.58	-0.070648	1.5571	24.502	0	0
0.036752	1.1831	22.53	0.35425	0.57406	24.307	0.092302	1.2865	24.319	0	0
0.036752	1.1831	22.53	0.092302	1.2865	24.319	-0.070648	1.5571	24.502	0	0
-1.2522	-1.1001	22.562	-0.88495	-0.79124	24.23	-1.895	-1.1264	23.905	0	0
-1.2522	-1.1001	22.562	-1.7044	-0.7402	22.887	-1.8615	-0.94627	23.51	0	0
-1.2522	-1.1001	22.562	-1.8615	-0.94627	23.51	-1.895	-1.1264	23.905	0	0
-0.65755	-0.88027	23.212	-0.88495	-0.79124	24.23	-0.56235	-0.98259	24.845	0	0
-0.65755	-0.88027	23.212	-0.56235	-0.98259	24.845	0.20085	-0.77226	24.295	0	0
-0.88495	-0.79124	23.204	-0.56235	-0.98259	24.845	-0.90285	-0.61954	24.875	0	0
-0.88495	-0.79124	23.204	-0.90285	-0.61954	24.875	-1.895	-1.1264	23.905	0	0
-0.88495	-0.79124	23.204	-0.9193	-0.076787	24.143	-0.9921	-0.30204	24.834	0	0
-0.19085	1.1827	22.553	-0.48988	0.57153	24.206	-0.22925	1.1973	24.317	0	0
-0.19085	1.1827	22.553	-0.22925	1.1973	24.317	-0.070648	1.5571	24.502	0	0
0.35425	0.57406	23.28	0.092302	1.2865	24.319	0.19245	1.2739	25.036	0	0
0.35425	0.57406	23.28	0.19245	1.2739	25.036	0.66172	0.44816	24.975	0	0
0.35425	0.57406	23.28	0.25115	-0.20677	24.211	0.6572	-0.24529	24.815	0	0
0.35425	0.57406	23.28	0.66172	0.44816	24.975	0.6572	-0.24529	24.815	0	0
-0.56201	-0.20524	23.247	-0.48988	0.57153	24.206	0.17749	-0.20924	24.888	0	0
-0.56201	-0.20524	23.247	-0.60445	-0.36564	25.114	-0.89945	0.26706	24.422	0	0
-0.56201	-0.20524	23.247	0.20085	-0.77226	24.295	0.17749	-0.20924	24.888	0	0
-0.48988	0.57153	23.179	-0.22925	1.1973	24.317	-0.44528	1.1017	24.921	0	0
-0.48988	0.57153	23.179	-0.4588	0.81476	25.072	-0.44528	1.1017	24.921	0	0
-0.48988	0.57153	23.179	-0.4588	0.81476	25.072	-0.89945	0.26706	24.422	0	0
-0.48988	0.57153	23.179	-0.9193	-0.076787	24.143	-0.89945	0.26706	24.422	0	0
-0.48988	0.57153	23.179	0.23865	0.44446	25.084	0.17749	-0.20924	24.888	0	0
-0.56235	-0.98259	23.818	-0.90285	-0.61954	24.875	-0.60445	-0.36564	25.114	0	0
-0.56235	-0.98259	23.818	-0.60445	-0.36564	25.114	0.10852	-0.74714	24.903	0	0
-0.56235	-0.98259	23.818	0.20085	-0.77226	24.295	0.10852	-0.74714	24.903	0	0
-0.90285	-0.61954	23.848	-0.60445	-0.36564	25.114	-0.9921	-0.30204	24.834	0	0
0.092302	1.2865	23.292	-0.070648	1.5571	24.502	0.19245	1.2739	25.036	0	0
-0.22925	1.1973	23.291	-0.070648	1.5571	24.502	-0.44528	1.1017	24.921	0	0
-0.070648	1.5571	23.476	0.19245	1.2739	25.036	-0.018081	1.6022	25.037	0	0
-0.070648	1.5571	23.476	-0.018081	1.6022	25.037	-0.44528	1.1017	24.921	0	0
-0.60445	-0.36564	24.087	-0.42345	-0.73714	25.519	-0.62845	-0.29764	25.565	0	0
-0.60445	-0.36564	24.087	-0.62845	-0.29764	25.565	-0.89475	-0.064838	25.368	0	0
-0.60445	-0.36564	24.087	0.10852	-0.74714	24.903	0.17749	-0.20924	24.888	0	0
-0.60445	-0.36564	24.087	-0.4588	0.81476	25.072	-0.89945	0.26706	24.422	0	0
-0.60445	-0.36564	24.087	-0.9921	-0.30204	24.834	-0.89475	-0.064838	25.368	0	0
-0.60445	-0.36564	24.087	0.10345	0.32781	25.549	0.17749	-0.20924	24.888	0	0
-0.42345	-0.73714	24.492	-0.62845	-0.29764	25.565	-0.1227	-0.41594	26.058	0	0
-0.42345	-0.73714	24.492	0.10852	-0.74714	24.903	0.15392	-0.8914	25.526	0	0
-0.42345	-0.73714	24.492	-0.1227	-0.41594	26.058	0.15392	-0.8914	25.526	0	0
-0.62845	-0.29764	24.539	-0.89475	-0.064838	25.368	-0.53875	-0.15177	26.196	0	0
-0.62845	-0.29764	24.539	-0.4519	0.44011	25.569	-0.1227	-0.41594	26.058	0	0
-0.62845	-0.29764	24.539	-0.53875	-0.15177	26.196	-0.39071	-0.69007	26.436	0	0
0.20085	-0.77226	23.269	0.10852	-0.74714	24.903	0.6572	-0.24529	24.815	0	0
0.20085	-0.77226	23.269	0.25115	-0.20677	24.211	0.6572	-0.24529	24.815	0	0
0.20085	-0.77226	23.269	0.34065	-0.69554	23.591	0.77965	-0.91354	23.662	0	0
0.10852	-0.74714	23.876	0.17749	-0.20924	24.888	0.6572	-0.24529	24.815	0	0
-0.4588	0.81476	24.045	0.23865	0.44446	25.084	0.19245	1.2739	25.036	0	0
-0.4588	0.81476	24.045	0.23865	0.44446	25.084	-0.4519	0.44011	25.569	0	0
-0.4588	0.81476	24.045	0.19245	1.2739	25.036	-0.44528	1.1017	24.921	0	0
-0.4588	0.81476	24.045	-0.4519	0.44011	25.569	-0.5612	1.2395	25.561	0	0
-0.9193	-0.076787	23.116	-0.9921	-0.30204	24.834	-0.89945	0.26706	24.422	0	0
0.23865	0.44446	24.058	0.19245	1.2739	25.036	0.3303	1.0826	25.548	0	0
0.23865	0.44446	24.058	0.10345	0.32781	25.549	-0.4519	0.44011	25.569	0	0
0.23865	0.44446	24.058	0.10345	0.32781	25.549	0.81262	0.58566	25.648	0	0
0.23865	0.44446	24.058	0.17749	-0.20924	24.888	0.66172	0.44816	24.975	0	0
0.23865	0.44446	24.058	0.66172	0.44816	24.975	0.81262	0.58566	25.648	0	0
0.19245	1.2739	24.009	-0.018081	1.6022	25.037	0.075752	1.721	25.588	0	0
0.19245	1.2739	24.009	0.075752	1.721	25.588	0.3303	1.0826	25.548	0	0
0.19245	1.2739	24.009	0.66172	0.44816	24.975	0.81262	0.58566	25.648	0	0
-0.9921	-0.30204	23.807	-0.89475	-0.064838	25.368	-1.0342	0.36408	24.889	0	0
-0.9921	-0.30204	23.807	-0.89945	0.26706	24.422	-1.0342	0.36408	24.889	0	0
-0.89475	-0.064838	24.341	-0.53875	-0.15177	26.196	-1.1659	0.45924	25.541	0	0
-0.89475	-0.064838	24.341	-1.0342	0.36408	24.889	-1.1659	0.45924	25.541	0	0
-0.018081	1.6022	24.011	0.075752	1.721	25.588	-0.20965	1.5844	25.621	0	0
-0.018081	1.6022	24.011	-0.20965	1.5844	25.621	-0.5612	1.2395	25.561	0	0
-0.018081	1.6022	24.011	-0.44528	1.1017	24.921	-0.5612	1.2395	25.561	0	0
0.075752	1.721	24.562	-0.20965	1.5844	25.621	-0.44435	1.6571	26.418	0	0
0.075752	1.721	24.562	0.3303	1.0826	25.548	0.1939	1.1617	26.29	0	0
0.075752	1.721	24.562	-0.44435	1.6571	26.418	0.37085	2.2796	26.511	0	0
-0.20965	1.5844	24.595	-0.5612	1.2395	25.561	-0.44435	1.6571	26.418	0	0
0.10345	0.32781	24.523	-0.4519	0.44011	25.569	0.11317	0.45303	26.287	0	0
0.10345	0.32781	24.523	0.17749	-0.20924	24.888	0.26805	-0.25924	25.715	0	0
0.10345	0.32781	24.523	0.26805	-0.25924	25.715	0.11317	0.45303	26.287	0	0
-0.4519	0.44011	24.542	-0.53875	-0.15177	26.196	-1.1918	0.54756	26.238	0	0
-0.4519	0.44011	24.542	-0.5612	1.2395	25.561	-0.5522	1.2715	26.074	0	0
-0.4519	0.44011	24.542	-0.5522	1.2715	26.074	0.11317	0.45303	26.287	0	0
-0.53875	-0.15177	25.169	-0.39071	-0.69007	26.436	-0.1227	-0.41594	26.058	0	0
-0.53875	-0.15177	25.169	-0.1227	-0.41594	26.058	0.11317	0.45303	26.287	0	0
-0.53875	-0.15177	25.169	0.11317	0.45303	26.287	-1.171	0.66716	27.045	0	0
-0.53875	-0.15177	25.169	-1.1918	0.54756	26.238	-1.171	0.66716	27.045	0	0
-0.44528	1.1017	23.895	-0.5612	1.2395	25.561	-1.0336	0.96496	25.703	0	0
-0.44528	1.1017	23.895	-0.89945	0.26706	24.422	-1.0342	0.36408	24.889	0	0
-0.44528	1.1017	23.895	-1.0342	0.36408	24.889	-1.0336	0.96496	25.703	0	0
-0.5612	1.2395	24.535	-0.5522	1.2715	26.074	-1.0336	0.96496	25.703	0	0
0.3303	1.0826	24.521	0.1939	1.1617	26.29	0.81262	0.58566	25.648	0	0
-0.5522	1.2715	25.047	-0.44435	1.6571	26.418	0.1939	1.1617	26.29	0	0
-0.5522	1.2715	25.047	-0.44435	1.6571	26.418	-1.0762	1.135	26.383	0	0
-0.5522	1.2715	25.047	0.11317	0.45303	26.287	0.1939	1.1617	26.29	0	0
-0.5522	1.2715	25.047	-1.0336	0.96496	25.703	-1.0762	1.135	26.383	0	0
-0.44435	1.6571	25.392	0.1939	1.1617	26.29	0.2694	1.8699	26.383	0	0
-0.44435	1.6571	25.392	0.2694	1.8699	26.383	-0.44275	1.8337	27.102	0	0
-0.44435	1.6571	25.392	-0.44275	1.8337	27.102	-1.1561	1.2942	27.092	0	0
-0.44435	1.6571	25.392	-1.1561	1.2942	27.092	-1.0762	1.135	26.383	0	0
-0.1227	-0.41594	25.032	0.15392	-0.8914	25.526	0.26805	-0.25924	25.715	0	0
-0.1227	-0.41594	25.032	0.26805	-0.25924	25.715	0.11317	0.45303	26.287	0	0
0.34065	-0.69554	22.564	0.77965	-0.91354	23.662	0.84775	-0.62624	23.106	0	0
0.34065	-0.69554	22.564	0.3931	-0.63109	22.812	0.84775	-0.62624	23.106	0	0
0.17749	-0.20924	23.862	0.15392	-0.8914	25.526	0.26805	-0.25924	25.715	0	0
0.17749	-0.20924	23.862	0.66172	0.44816	24.975	0.6572	-0.24529	24.815	0	0
0.154	-0.21294	21.767	0.3931	-0.63109	22.812	0.3372	-0.36624	22.18	0	0
0.11317	0.45303	25.26	0.1939	1.1617	26.29	0.72342	1.0219	26.401	0	0
0.11317	0.45303	25.26	-1.171	0.66716	27.045	-0.29025	1.3411	27.202	0	0
0.11317	0.45303	25.26	-0.29025	1.3411	27.202	0.8639	0.62481	26.575	0	0
0.11317	0.45303	25.26	0.72342	1.0219	26.401	0.8639	0.62481	26.575	0	0
0.1939	1.1617	25.264	0.2694	1.8699	26.383	0.72342	1.0219	26.401	0	0
0.2694	1.8699	25.357	0.37085	2.2796	26.511	0.30568	1.9962	27.098	0	0
0.2694	1.8699	25.357	0.37085	2.2796	26.511	0.72342	1.0219	26.401	0	0
0.2694	1.8699	25.357	-0.44275	1.8337	27.102	0.30568	1.9962	27.098	0	0
0.37085	2.2796	25.485	0.30568	1.9962	27.098	0.44235	2.2929	27.586	0	0
0.37085	2.2796	25.485	0.72342	1.0219	26.401	1.1543	1.0309	27.023	0	0
-1.1918	0.54756	25.212	-1.5835	0.40701	26.386	-1.1659	0.45924	25.541	0	0
-1.1918	0.54756	25.212	-1.5835	0.40701	26.386	-1.6032	0.93386	26.667	0	0
-1.1918	0.54756	25.212	-1.1659	0.45924	25.541	-1.0336	0.96496	25.703	0	0
-1.1918	0.54756	25.212	-1.6032	0.93386	26.667	-1.0762	1.135	26.383	0	0
-1.1918	0.54756	25.212	-1.0336	0.96496	25.703	-1.0762	1.135	26.383	0	0
-1.171	0.66716	26.019	-0.29025	1.3411	27.202	-1.1561	1.2942	27.092	0	0
-0.44275	1.8337	26.075	-0.40083	1.9232	27.751	0.10825	2.1963	27.576	0	0
-0.44275	1.8337	26.075	-0.40083	1.9232	27.751	-1.4209	1.5539	27.532	0	0
-0.44275	1.8337	26.075	0.30568	1.9962	27.098	0.10825	2.1963	27.576	0	0
-0.44275	1.8337	26.075	-1.1561	1.2942	27.092	-1.4209	1.5539	27.532	0	0
-0.29025	1.3411	26.176	-0.40083	1.9232	27.751	-1.3147	1.1609	27.813	0	0
-0.29025	1.3411	26.176	0.30568	1.9962	27.098	1.1543	1.0309	27.023	0	0
-0.29025	1.3411	26.176	-1.3147	1.1609	27.813	-1.1561	1.2942	27.092	0	0
-0.29025	1.3411	26.176	0.8639	0.62481	26.575	1.1543	1.0309	27.023	0	0
-0.40083	1.9232	26.724	-1.3147	1.1609	27.813	-0.71142	1.9394	28.343	0	0
-0.40083	1.9232	26.724	-0.71142	1.9394	28.343	0.11445	2.2429	28.089	0	0
-0.40083	1.9232	26.724	-1.2985	1.9022	28.368	-1.7246	2.1012	28.149	0	0
-0.40083	1.9232	26.724	0.10825	2.1963	27.576	0.11445	2.2429	28.089	0	0
-0.40083	1.9232	26.724	-1.4209	1.5539	27.532	-1.6492	1.7615	27.739	0	0
-0.40083	1.9232	26.724	-1.7246	2.1012	28.149	-1.6492	1.7615	27.739	0	0
0.30568	1.9962	26.072	0.10825	2.1963	27.576	0.44235	2.2929	27.586	0	0
-1.3147	1.1609	26.787	-0.71142	1.9394	28.343	-1.2985	1.9022	28.368	0	0
-1.3147	1.1609	26.787	-1.2985	1.9022	28.368	-1.7044	1.4623	28.538	0	0
-0.71142	1.9394	27.317	-1.2985	1.9022	28.368	-1.1185	2.4661	28.989	0	0
-0.71142	1.9394	27.317	0.11445	2.2429	28.089	-0.72875	2.4381	29.56	0	0
-0.71142	1.9394	27.317	-1.1185	2.4661	28.989	-0.72875	2.4381	29.56	0	0
-1.2985	1.9022	27.342	-1.7246	2.1012	28.149	-1.7316	2.4308	28.501	0	0
-1.2985	1.9022	27.342	-1.7316	2.4308	28.501	-1.1185	2.4661	28.989	0	0
0.3931	-0.63109	21.785	0.3372	-0.36624	22.18	0.65595	-0.22354	22.245	0	0
0.3931	-0.63109	21.785	0.84775	-0.62624	23.106	0.88052	-0.3274	22.704	0	0
0.3931	-0.63109	21.785	0.65595	-0.22354	22.245	0.88052	-0.3274	22.704	0	0
0.72342	1.0219	25.375	0.8639	0.62481	26.575	1.1543	1.0309	27.023	0	0
-1.0342	0.36408	23.863	-1.1659	0.45924	25.541	-1.0336	0.96496	25.703	0	0
-1.1561	1.2942	26.066	-1.4209	1.5539	27.532	-1.7671	1.1124	26.986	0	0
-1.1561	1.2942	26.066	-1.6032	0.93386	26.667	-1.7671	1.1124	26.986	0	0
-1.1561	1.2942	26.066	-1.6032	0.93386	26.667	-1.0762	1.135	26.383	0	0
0.10825	2.1963	26.55	0.44235	2.2929	27.586	0.11445	2.2429	28.089	0	0
-1.4209	1.5539	26.505	-1.7671	1.1124	26.986	-1.6492	1.7615	27.739	0	0
-1.7316	2.4308	27.475	-1.1185	2.4661	28.989	-1.7713	2.7764	28.897	0	0
-1.1185	2.4661	27.962	-1.7713	2.7764	28.897	-1.6864	2.9906	29.15	0	0
-1.1185	2.4661	27.962	-0.72875	2.4381	29.56	-1.1639	2.6667	29.562	0	0
-1.1185	2.4661	27.962	-1.1639	2.6667	29.562	-1.6864	2.9906	29.15	0	0
-1.1639	2.6667	28.535	-1.6947	2.9989	29.58	-1.6864	2.9906	29.15	0	0
-0.41205	2.6872	12.111	-2.05490263052275	9.01037921775457	17.7619016676139	0.17525860452653	2.40604477687474	11.6938237949517	1	1
-2.05490263052275	9.01037921775457	17.7619016676139	-2.78828026042807	11.8330780417555	20.2844924312809	0.229363334780123	7.9900869343883	19.1112322618298	1	1
-2.78828026042807	11.8330780417555	20.2844924312809	-3.79675620311472	15.7146033861028	23.7533357592811	-0.848239832163475	10.6010406076642	20.7254226695561	1	1
-3.79675620311472	15.7146033861028	23.7533357592811	-4.46576438899524	18.2895505109228	26.0545156721967	-2.92415514650839	14.4209675547731	25.3512382412584	1	1
-4.46576438899524	18.2895505109228	26.0545156721967	-5.67192628490304	22.9319497692329	30.20333714429	-4.37126496687718	18.3626361412658	26.8461122612853	1	1
0.229363334780123	7.9900869343883	19.1112322618298	0.17525860452653	2.40604477687474	11.6938237949517	-2.05490263052275	9.01037921775457	17.7619016676139	1	1
-0.848239832163475	10.6010406076642	20.7254226695561	0.229363334780123	7.9900869343883	19.1112322618298	-2.78828026042807	11.8330780417555	20.2844924312809	1	1
-2.92415514650839	14.4209675547731	25.3512382412584	-0.848239832163475	10.6010406076642	20.7254226695561	-3.79675620311472	15.7146033861028	23.7533357592811	1	1
-4.37126496687718	18.3626361412658	26.8461122612853	-2.92415514650839	14.4209675547731	25.3512382412584	-4.46576438899524	18.2895505109228	26.0545156721967	1	1
-2.05490263052275	9.01037921775457	17.7619016676139	-0.41205	2.6872	12.111	-1.76325192695028	1.8498690826946	12.4713519529992	1	1
-2.78828026042807	11.8330780417555	20.2844924312809	-2.05490263052275	9.01037921775457	17.7619016676139	-3.19391406039072	8.78612892778619	17.9712406751572	1	1
-3.79675620311472	15.7146033861028	23.7533357592811	-2.78828026042807	11.8330780417555	20.2844924312809	-4.68357927382684	10.8516914439123	20.4595305853595	1	1
-4.46576438899524	18.2895505109228	26.0545156721967	-3.79675620311472	15.7146033861028	23.7533357592811	-5.72613290977181	14.9382532432198	24.4099142690227	1	1
-5.67192628490304	22.9319497692329	30.20333714429	-4.46576438899524	18.2895505109228	26.0545156721967	-6.5341008039904	17.5939826113599	26.0263578757149	1	1
-1.76325192695028	1.8498690826946	12.4713519529992	-3.19391406039072	8.78612892778619	17.9712406751572	-2.05490263052275	9.01037921775457	17.7619016676139	1	1
-3.19391406039072	8.78612892778619	17.9712406751572	-4.68357927382684	10.8516914439123	20.4595305853595	-2.78828026042807	11.8330780417555	20.2844924312809	1	1
-4.68357927382684	10.8516914439123	20.4595305853595	-5.72613290977181	14.9382532432198	24.4099142690227	-3.79675620311472	15.7146033861028	23.7533357592811	1	1
-5.72613290977181	14.9382532432198	24.4099142690227	-6.5341008039904	17.5939826113599	26.0263578757149	-4.46576438899524	18.2895505109228	26.0545156721967	1	1
0.12035	-1.5779	16.987	-0.62528584434809	-5.43430721556522	22.424821446219	0.711036658978261	-1.76038827244859	16.2940515359539	2	1
-0.62528584434809	-5.43430721556522	22.424821446219	-1.04104194462273	-8.54604833200364	26.1575652959161	0.706806615662084	-4.74387356945175	22.5768685057056	2	1
-1.04104194462273	-8.54604833200364	26.1575652959161	-1.38493333879174	-11.1199155347173	29.2450930211861	1.14670807692345	-9.01838070888477	26.5833154327035	2	1
-1.38493333879174	-11.1199155347173	29.2450930211861	-1.85289630468041	-14.6224007681615	33.4465608569029	-0.0634816065007224	-10.8454627591166	30.1026003582918	2	1
-1.85289630468041	-14.6224007681615	33.4465608569029	-2.29708110952905	-17.9469175212089	37.43454346818	0.348785903193847	-14.8955991600523	32.9575366073015	2	1
-2.29708110952905	-17.9469175212089	37.43454346818	-2.61925167404635	-20.358214412469	40.3270571137067	0.526827099190564	-17.2450040102419	39.3057811499959	2	1
-2.61925167404635	-20.358214412469	40.3270571137067	-2.92106172732957	-22.6171223431896	43.0367698982587	-0.0303195784670959	-19.8492570309169	41.6921630247052	2	1
-2.92106172732957	-22.6171223431896	43.0367698982587	-3.40467658526352	-26.2367547116852	47.3787636426259	-0.93417765475273	-22.5805205606576	42.9875988279436	2	1
0.706806615662084	-4.74387356945175	22.5768685057056	0.711036658978261	-1.76038827244859	16.2940515359539	-0.62528584434809	-5.43430721556522	22.424821446219	2	1
1.14670807692345	-9.01838070888477	26.5833154327035	0.706806615662084	-4.74387356945175	22.5768685057056	-1.04104194462273	-8.54604833200364	26.1575652959161	2	1
-0.0634816065007224	-10.8454627591166	30.1026003582918	1.14670807692345	-9.01838070888477	26.5833154327035	-1.38493333879174	-11.1199155347173	29.2450930211861	2	1
0.348785903193847	-14.8955991600523	32.9575366073015	-0.0634816065007224	-10.8454627591166	30.1026003582918	-1.85289630468041	-14.6224007681615	33.4465608569029	2	1
0.526827099190564	-17.2450040102419	39.3057811499959	0.348785903193847	-14.8955991600523	32.9575366073015	-2.29708110952905	-17.9469175212089	37.43454346818	2	1
-0.0303195784670959	-19.8492570309169	41.6921630247052	0.526827099190564	-17.2450040102419	39.3057811499959	-2.61925167404635	-20.358214412469	40.3270571137067	2	1
-0.93417765475273	-22.5805205606576	42.9875988279436	-0.0303195784670959	-19.8492570309169	41.6921630247052	-2.92106172732957	-22.6171223431896	43.0367698982587	2	1
-0.62528584434809	-5.43430721556522	22.424821446219	0.12035	-1.5779	16.987	-1.32446004494768	-1.69229957533304	16.3199325643671	2	1
-1.04104194462273	-8.54604833200364	26.1575652959161	-0.62528584434809	-5.43430721556522	22.424821446219	-1.84157689088935	-4.76562368717859	23.1404957318183	2	1
-1.38493333879174	-11.1199155347173	29.2450930211861	-1.04104194462273	-8.54604833200364	26.1575652959161	-1.65936037605028	-8.33194095386163	26.6674911414879	2	1
-1.85289630468041	-14.6224007681615	33.4465608569029	-1.38493333879174	-11.1199155347173	29.2450930211861	-3.26568655685101	-8.78661143813106	31.0672321618978	2	1
-2.29708110952905	-17.9469175212089	37.43454346818	-1.85289630468041	-14.6224007681615	33.4465608569029	-2.69298956499901	-15.3008593030187	33.370235432261	2	1
-2.61925167404635	-20.358214412469	40.3270571137067	-2.29708110952905	-17.9469175212089	37.43454346818	-3.12151483664963	-17.6219087060787	37.0245314443639	2	1
-2.92106172732957	-22.6171223431896	43.0367698982587	-2.61925167404635	-20.358214412469	40.3270571137067	-2.82707936208083	-19.3672748088104	41.7108622314842	2	1
-1.32446004494768	-1.69229957533304	16.3199325643671	-1.84157689088935	-4.76562368717859	23.1404957318183	-0.62528584434809	-5.43430721556522	22.424821446219	2	1
-1.84157689088935	-4.76562368717859	23.1404957318183	-1.65936037605028	-8.33194095386163	26.6674911414879	-1.04104194462273	-8.54604833200364	26.1575652959161	2	1
-1.65936037605028	-8.33194095386163	26.6674911414879	-3.26568655685101	-8.78661143813106	31.0672321618978	-1.38493333879174	-11.1199155347173	29.2450930211861	2	1
-3.26568655685101	-8.78661143813106	31.0672321618978	-2.69298956499901	-15.3008593030187	33.370235432261	-1.85289630468041	-14.6224007681615	33.4465608569029	2	1
-2.69298956499901	-15.3008593030187	33.370235432261	-3.12151483664963	-17.6219087060787	37.0245314443639	-2.29708110952905	-17.9469175212089	37.43454346818	2	1
-3.12151483664963	-17.6219087060787	37.0245314443639	-2.82707936208083	-19.3672748088104	41.7108622314842	-2.61925167404635	-20.358214412469	40.3270571137067	2	1
0.0037021	2.3981	21.682	0.360516218110868	5.03656953943392	27.0273394690834	1.08042135436976	1.89477901305305	21.4601702958741	3	2
0.360516218110868	5.03656953943392	27.0273394690834	0.575557054515105	7.51397997129528	32.0019248923406	1.14063046508056	5.14138542358485	27.2780510206812	3	2
0.575557054515105	7.51397997129528	32.0019248923406	0.899283375925128	10.2752696011933	35.30480236375	2.3743152485183	6.50284261600829	32.2098636832133	3	2
0.899283375925128	10.2752696011933	35.30480236375	1.25728714529328	13.3289357087713	38.9574018168173	2.37507417494351	10.1575057485883	35.3417178422422	3	2
1.25728714529328	13.3289357087713	38.9574018168173	1.53929837191089	15.7344079366157	41.8346733436515	3.27836310120522	12.0788588710528	39.6178236291723	3	2
1.53929837191089	15.7344079366157	41.8346733436515	1.83758494621718	18.2787040592857	44.8779971055531	3.44925584839248	15.1596973650865	41.9877888458213	3	2
1.83758494621718	18.2787040592857	44.8779971055531	2.25428211660986	21.8330074918936	49.1294268023891	3.84461158583558	18.0836765285403	45.0142829086046	3	2
2.25428211660986	21.8330074918936	49.1294268023891	2.51651786233008	24.0698007254246	51.8049353398631	4.32508760106733	22.239436956051	49.4218382012873	3	2
2.51651786233008	24.0698007254246	51.8049353398631	2.79820165580949	26.4724800455899	54.6788661697443	5.05688709746659	24.0414103736935	53.1783582270688	3	2
2.79820165580949	26.4724800455899	54.6788661697443	3.05933249920589	28.6998487895844	57.3431017375766	3.91548240039833	25.9267257120308	54.9882994988679	3	2
3.05933249920589	28.6998487895844	57.3431017375766	3.55122776877621	32.8955697335731	62.3617539036417	5.17884213450398	28.2716592565527	57.5304413214361	3	2
1.14063046508056	5.14138542358485	27.2780510206812	1.08042135436976	1.89477901305305	21.4601702958741	0.360516218110868	5.03656953943392	27.0273394690834	3	2
2.3743152485183	6.50284261600829	32.2098636832133	1.14063046508056	5.14138542358485	27.2780510206812	0.575557054515105	7.51397997129528	32.0019248923406	3	2
2.37507417494351	10.1575057485883	35.3417178422422	2.3743152485183	6.50284261600829	32.2098636832133	0.899283375925128	10.2752696011933	35.30480236375	3	2
3.27836310120522	12.0788588710528	39.6178236291723	2.37507417494351	10.1575057485883	35.3417178422422	1.25728714529328	13.3289357087713	38.9574018168173	3	2
3.44925584839248	15.1596973650865	41.9877888458213	3.27836310120522	12.0788588710528	39.6178236291723	1.53929837191089	15.7344079366157	41.8346733436515	3	2
3.84461158583558	18.0836765285403	45.0142829086046	3.44925584839248	15.1596973650865	41.9877888458213	1.83758494621718	18.2787040592857	44.8779971055531	3	2
4.32508760106733	22.239436956051	49.4218382012873	3.84461158583558	18.0836765285403	45.0142829086046	2.25428211660986	21.8330074918936	49.1294268023891	3	2
5.05688709746659	24.0414103736935	53.1783582270688	4.32508760106733	22.239436956051	49.4218382012873	2.51651786233008	24.0698007254246	51.8049353398631	3	2
3.91548240039833	25.9267257120308	54.9882994988679	5.05688709746659	24.0414103736935	53.1783582270688	2.79820165580949	26.4724800455899	54.6788661697443	3	2
5.17884213450398	28.2716592565527	57.5304413214361	3.91548240039833	25.9267257120308	54.9882994988679	3.05933249920589	28.6998487895844	57.3431017375766	3	2
0.360516218110868	5.03656953943392	27.0273394690834	0.0037021	2.3981	21.682	-1.46759025063153	1.90139015715052	21.753773367303	3	2
0.575557054515105	7.51397997129528	32.0019248923406	0.360516218110868	5.03656953943392	27.0273394690834	-1.28106934843837	5.06737164398531	26.9073880286901	3	2
0.899283375925128	10.2752696011933	35.30480236375	0.575557054515105	7.51397997129528	32.0019248923406	-2.10346813675514	7.03521641655415	31.9247949001775	3	2
1.25728714529328	13.3289357087713	38.9574018168173	0.899283375925128	10.2752696011933	35.30480236375	-1.1055132354614	10.5459790281206	34.5496729952668	3	2
1.53929837191089	15.7344079366157	41.8346733436515	1.25728714529328	13.3289357087713	38.9574018168173	-1.78816254831565	11.4092433808267	39.7898178965082	3	2
1.83758494621718	18.2787040592857	44.8779971055531	1.53929837191089	15.7344079366157	41.8346733436515	-1.37138262507493	16.7092872586633	40.8530519292408	3	2
2.25428211660986	21.8330074918936	49.1294268023891	1.83758494621718	18.2787040592857	44.8779971055531	-0.625609119423782	18.5967610033631	44.308282986178	3	2
2.51651786233008	24.0698007254246	51.8049353398631	2.25428211660986	21.8330074918936	49.1294268023891	1.11631599270284	22.2215928523048	48.3750236220444	3	2
2.79820165580949	26.4724800455899	54.6788661697443	2.51651786233008	24.0698007254246	51.8049353398631	1.31164243341116	23.7183535050706	52.4904231530975	3	2
3.05933249920589	28.6998487895844	57.3431017375766	2.79820165580949	26.4724800455899	54.6788661697443	1.25795153717235	26.3860353378309	55.2353164591132	3	2
3.55122776877621	32.8955697335731	62.3617539036417	3.05933249920589	28.6998487895844	57.3431017375766	2.18465135364066	27.5729923370246	58.5017277639186	3	2
-1.46759025063153	1.90139015715052	21.753773367303	-1.28106934843837	5.06737164398531	26.9073880286901	0.360516218110868	5.03656953943392	27.0273394690834	3	2
-1.28106934843837	5.06737164398531	26.9073880286901	-2.10346813675514	7.03521641655415	31.9247949001775	0.575557054515105	7.51397997129528	32.0019248923406	3	2
-2.10346813675514	7.03521641655415	31.9247949001775	-1.1055132354614	10.5459790281206	34.5496729952668	0.899283375925128	10.2752696011933	35.30480236375	3	2
-1.1055132354614	10.5459790281206	34.5496729952668	-1.78816254831565	11.4092433808267	39.7898178965082	1.25728714529328	13.3289357087713	38.9574018168173	3	2
-1.78816254831565	11.4092433808267	39.7898178965082	-1.37138262507493	16.7092872586633	40.8530519292408	1.53929837191089	15.7344079366157	41.8346733436515	3	2
-1.37138262507493	16.7092872586633	40.8530519292408	-0.625609119423782	18.5967610033631	44.308282986178	1.83758494621718	18.2787040592857	44.8779971055531	3	2
-0.625609119423782	18.5967610033631	44.308282986178	1.11631599270284	22.2215928523048	48.3750236220444	2.25428211660986	21.8330074918936	49.1294268023891	3	2
1.11631599270284	22.2215928523048	48.3750236220444	1.31164243341116	23.7183535050706	52.4904231530975	2.51651786233008	24.0698007254246	51.8049353398631	3	2
1.31164243341116	23.7183535050706	52.4904231530975	1.25795153717235	26.3860353378309	55.2353164591132	2.79820165580949	26.4724800455899	54.6788661697443	3	2
1.25795153717235	26.3860353378309	55.2353164591132	2.18465135364066	27.5729923370246	58.5017277639186	3.05933249920589	28.6998487895844	57.3431017375766	3	2
0.23953	-1.8413	25.174	0.687812494729753	-3.5074885185317	29.3258825785458	0.996143176711404	-2.58361791305879	25.3821942354599	4	2
0.687812494729753	-3.5074885185317	29.3258825785458	1.21592288166358	-5.20164005486861	33.8958923054107	1.25595532636929	-2.83612037811999	29.7077519349974	4	2
1.21592288166358	-5.20164005486861	33.8958923054107	2.02682608286738	-7.1308865866496	38.1841312747183	1.81648467835852	-3.0885922010119	34.2304471075913	4	2
2.02682608286738	-7.1308865866496	38.1841312747183	2.74523600722073	-8.84007931507661	41.9832449407835	3.27280648474271	-6.86998663096429	38.7841844900801	4	2
2.74523600722073	-8.84007931507661	41.9832449407835	3.62207201026755	-10.9261887487396	46.6201514326747	2.96117058858618	-8.57700313142102	42.3177352816959	4	2
3.62207201026755	-10.9261887487396	46.6201514326747	4.35083595240786	-12.6600150621319	50.474019479407	5.39326908856117	-9.36958816384167	47.8695692046547	4	2
4.35083595240786	-12.6600150621319	50.474019479407	5.02781215049216	-14.270631446817	54.0540222585416	4.90036755972219	-12.1030596654031	50.8501346062195	4	2
5.02781215049216	-14.270631446817	54.0540222585416	5.743417883342	-15.9731526308173	57.838306727651	7.08460337125555	-13.1466324174227	55.2823030147661	4	2
5.743417883342	-15.9731526308173	57.838306727651	6.47849558771251	-17.7220002240209	61.7255633726751	8.35741498984279	-15.466729508256	59.3884341766502	4	2
6.47849558771251	-17.7220002240209	61.7255633726751	7.25577584251023	-19.57125329586	65.8359966201315	8.49763070202768	-18.3795866563246	62.6125512385387	4	2
7.25577584251023	-19.57125329586	65.8359966201315	8.20886224209545	-21.8387725609927	70.8761324017526	8.10438903609823	-18.0145264127412	66.5274429731072	4	2
1.25595532636929	-2.83612037811999	29.7077519349974	0.996143176711404	-2.58361791305879	25.3821942354599	0.687812494729753	-3.5074885185317	29.3258825785458	4	2
1.81648467835852	-3.0885922010119	34.2304471075913	1.25595532636929	-2.83612037811999	29.7077519349974	1.21592288166358	-5.20164005486861	33.8958923054107	4	2
3.27280648474271	-6.86998663096429	38.7841844900801	1.81648467835852	-3.0885922010119	34.2304471075913	2.02682608286738	-7.1308865866496	38.1841312747183	4	2
2.96117058858618	-8.57700313142102	42.3177352816959	3.27280648474271	-6.86998663096429	38.7841844900801	2.74523600722073	-8.84007931507661	41.9832449407835	4	2
5.39326908856117	-9.36958816384167	47.8695692046547	2.96117058858618	-8.57700313142102	42.3177352816959	3.62207201026755	-10.9261887487396	46.6201514326747	4	2
4.90036755972219	-12.1030596654031	50.8501346062195	5.39326908856117	-9.36958816384167	47.8695692046547	4.35083595240786	-12.6600150621319	50.474019479407	4	2
7.08460337125555	-13.1466324174227	55.2823030147661	4.90036755972219	-12.1030596654031	50.8501346062195	5.02781215049216	-14.270631446817	54.0540222585416	4	2
8.35741498984279	-15.466729508256	59.3884341766502	7.08460337125555	-13.1466324174227	55.2823030147661	5.743417883342	-15.9731526308173	57.838306727651	4	2
8.49763070202768	-18.3795866563246	62.6125512385387	8.35741498984279	-15.466729508256	59.3884341766502	6.47849558771251	-17.7220002240209	61.7255633726751	4	2
8.10438903609823	-18.0145264127412	66.5274429731072	8.49763070202768	-18.3795866563246	62.6125512385387	7.25577584251023	-19.57125329586	65.8359966201315	4	2
0.687812494729753	-3.5074885185317	29.3258825785458	0.23953	-1.8413	25.174	-1.69404635831604	-2.08356749278065	24.8970042285466	4	2
1.21592288166358	-5.20164005486861	33.8958923054107	0.687812494729753	-3.5074885185317	29.3258825785458	-1.43252598546971	-2.9844307025411	29.2813682772869	4	2
2.02682608286738	-7.1308865866496	38.1841312747183	1.21592288166358	-5.20164005486861	33.8958923054107	-2.09980537907924	-4.74800673941555	33.6991805212631	4	2
2.74523600722073	-8.84007931507661	41.9832449407835	2.02682608286738	-7.1308865866496	38.1841312747183	-0.975758342440015	-8.25562555944106	37.3293481241559	4	2
3.62207201026755	-10.9261887487396	46.6201514326747	2.74523600722073	-8.84007931507661	41.9832449407835	-1.59199914869011	-7.68708025595261	42.3507557188434	4	2
4.35083595240786	-12.6600150621319	50.474019479407	3.62207201026755	-10.9261887487396	46.6201514326747	1.13781538541866	-11.1317936622987	45.5803685315772	4	2
5.02781215049216	-14.270631446817	54.0540222585416	4.35083595240786	-12.6600150621319	50.474019479407	3.28446303209867	-12.2432541168177	49.9802924806597	4	2
5.743417883342	-15.9731526308173	57.838306727651	5.02781215049216	-14.270631446817	54.0540222585416	4.54464130404622	-14.7369317670568	53.3520071914035	4	2
6.47849558771251	-17.7220002240209	61.7255633726751	5.743417883342	-15.9731526308173	57.838306727651	4.29255439122786	-16.1203647575361	56.753588018954	4	2
7.25577584251023	-19.57125329586	65.8359966201315	6.47849558771251	-17.7220002240209	61.7255633726751	5.36969499987522	-17.7521758611593	61.0271072700208	4	2
8.20886224209545	-21.8387725609927	70.8761324017526	7.25577584251023	-19.57125329586	65.8359966201315	6.67699937696195	-19.8026905630366	65.1959367836401	4	2
-1.69404635831604	-2.08356749278065	24.8970042285466	-1.43252598546971	-2.9844307025411	29.2813682772869	0.687812494729753	-3.5074885185317	29.3258825785458	4	2
-1.43252598546971	-2.9844307025411	29.2813682772869	-2.09980537907924	-4.74800673941555	33.6991805212631	1.21592288166358	-5.20164005486861	33.8958923054107	4	2
-2.09980537907924	-4.74800673941555	33.6991805212631	-0.975758342440015	-8.25562555944106	37.3293481241559	2.02682608286738	-7.1308865866496	38.1841312747183	4	2
-0.975758342440015	-8.25562555944106	37.3293481241559	-1.59199914869011	-7.68708025595261	42.3507557188434	2.74523600722073	-8.84007931507661	41.9832449407835	4	2
-1.59199914869011	-7.68708025595261	42.3507557188434	1.13781538541866	-11.1317936622987	45.5803685315772	3.62207201026755	-10.9261887487396	46.6201514326747	4	2
1.13781538541866	-11.1317936622987	45.5803685315772	3.28446303209867	-12.2432541168177	49.9802924806597	4.35083595240786	-12.6600150621319	50.474019479407	4	2
3.28446303209867	-12.2432541168177	49.9802924806597	4.54464130404622	-14.7369317670568	53.3520071914035	5.02781215049216	-14.270631446817	54.0540222585416	4	2
4.54464130404622	-14.7369317670568	53.3520071914035	4.29255439122786	-16.1203647575361	56.753588018954	5.743417883342	-15.9731526308173	57.838306727651	4	2
4.29255439122786	-16.1203647575361	56.753588018954	5.36969499987522	-17.7521758611593	61.0271072700208	6.47849558771251	-17.7220002240209	61.7255633726751	4	2
5.36969499987522	-17.7521758611593	61.0271072700208	6.67699937696195	-19.8026905630366	65.1959367836401	7.25577584251023	-19.57125329586	65.8359966201315	4	2
-0.096448	-0.21984	26.534	-0.548958058104478	0.894077343853894	30.0692418937719	0.761270227535718	1.19882105392803	26.0977580160911	5	2
-0.548958058104478	0.894077343853894	30.0692418937719	-1.11691473133688	2.29218281695933	34.5064122706453	2.33264005449606	2.68794414289029	29.6098224397085	5	2
-1.11691473133688	2.29218281695933	34.5064122706453	-1.706077934232	3.74249115444574	39.1092589915966	0.561792794478621	2.19016644149112	34.1336582976192	5	2
-1.706077934232	3.74249115444574	39.1092589915966	-2.16427958137032	4.87041914762187	42.6889665135555	-0.617561347447699	3.68196961088568	39.4608908437667	5	2
-2.16427958137032	4.87041914762187	42.6889665135555	-2.67560421745324	6.12911687217285	46.6836982160288	0.976671563634282	5.7022565884566	42.5807779151739	5	2
-2.67560421745324	6.12911687217285	46.6836982160288	-3.44696652912073	8.02793401882569	52.7099783188548	0.431162995300654	6.38552221141974	45.7382888601077	5	2
-3.44696652912073	8.02793401882569	52.7099783188548	-3.87317368789926	9.07710306542503	56.0397284009876	-1.56118213154085	7.16890520629245	51.8409885634019	5	2
2.33264005449606	2.68794414289029	29.6098224397085	0.761270227535718	1.19882105392803	26.0977580160911	-0.548958058104478	0.894077343853894	30.0692418937719	5	2
0.561792794478621	2.19016644149112	34.1336582976192	2.33264005449606	2.68794414289029	29.6098224397085	-1.11691473133688	2.29218281695933	34.5064122706453	5	2
-0.617561347447699	3.68196961088568	39.4608908437667	0.561792794478621	2.19016644149112	34.1336582976192	-1.706077934232	3.74249115444574	39.1092589915966	5	2
0.976671563634282	5.7022565884566	42.5807779151739	-0.617561347447699	3.68196961088568	39.4608908437667	-2.16427958137032	4.87041914762187	42.6889665135555	5	2
0.431162995300654	6.38552221141974	45.7382888601077	0.976671563634282	5.7022565884566	42.5807779151739	-2.67560421745324	6.12911687217285	46.6836982160288	5	2
-1.56118213154085	7.16890520629245	51.8409885634019	0.431162995300654	6.38552221141974	45.7382888601077	-3.44696652912073	8.02793401882569	52.7099783188548	5	2
-0.548958058104478	0.894077343853894	30.0692418937719	-0.096448	-0.21984	26.534	-1.21997108869113	0.400207876807748	26.6332991744585	5	2
-1.11691473133688	2.29218281695933	34.5064122706453	-0.548958058104478	0.894077343853894	30.0692418937719	-2.4772670665691	-1.33747395997092	30.3027063704529	5	2
-1.706077934232	3.74249115444574	39.1092589915966	-1.11691473133688	2.29218281695933	34.5064122706453	-3.54960245196901	0.693280839945463	35.0895324398959	5	2
-2.16427958137032	4.87041914762187	42.6889665135555	-1.706077934232	3.74249115444574	39.1092589915966	-4.17902340118764	2.261382568581	39.4478998697275	5	2
-2.67560421745324	6.12911687217285	46.6836982160288	-2.16427958137032	4.87041914762187	42.6889665135555	-3.72213986809822	2.3250301671375	43.3103807031785	5	2
-3.44696652912073	8.02793401882569	52.7099783188548	-2.67560421745324	6.12911687217285	46.6836982160288	-3.45869519438449	4.26134607604436	47.2944505266903	5	2
-3.87317368789926	9.07710306542503	56.0397284009876	-3.44696652912073	8.02793401882569	52.7099783188548	-4.1156099968216	7.88420503242396	52.7552718235645	5	2
-1.21997108869113	0.400207876807748	26.6332991744585	-2.4772670665691	-1.33747395997092	30.3027063704529	-0.548958058104478	0.894077343853894	30.0692418937719	5	2
-2.4772670665691	-1.33747395997092	30.3027063704529	-3.54960245196901	0.693280839945463	35.0895324398959	-1.11691473133688	2.29218281695933	34.5064122706453	5	2
-3.54960245196901	0.693280839945463	35.0895324398959	-4.17902340118764	2.261382568581	39.4478998697275	-1.706077934232	3.74249115444574	39.1092589915966	5	2
-4.17902340118764	2.261382568581	39.4478998697275	-3.72213986809822	2.3250301671375	43.3103807031785	-2.16427958137032	4.87041914762187	42.6889665135555	5	2
-3.72213986809822	2.3250301671375	43.3103807031785	-3.45869519438449	4.26134607604436	47.2944505266903	-2.67560421745324	6.12911687217285	46.6836982160288	5	2
-3.45869519438449	4.26134607604436	47.2944505266903	-4.1156099968216	7.88420503242396	52.7552718235645	-3.44696652912073	8.02793401882569	52.7099783188548	5	2
0.66812	-1.503	30.237	0.674804732568401	-2.07165311673146	34.6709385432798	2.01566476837073	-0.874808358454156	30.4994604372636	6	2
0.674804732568401	-2.07165311673146	34.6709385432798	0.516550168744382	-2.96031025173265	38.9668727355528	2.08328331967291	-3.19949500971304	34.365300024595	6	2
0.516550168744382	-2.96031025173265	38.9668727355528	0.368043745020865	-3.79422802223162	42.9981866391156	2.36628375256322	-3.13340293717139	39.418242375693	6	2
0.368043745020865	-3.79422802223162	42.9981866391156	0.196544718553419	-4.75725764888762	47.653651315397	1.9331872894584	-1.05014864540455	43.4433094412476	6	2
0.196544718553419	-4.75725764888762	47.653651315397	0.0313138408879423	-5.68508933229623	52.1389625748671	1.32579167333773	-1.65129355694745	48.6980481914401	6	2
0.0313138408879423	-5.68508933229623	52.1389625748671	-0.147327193919297	-6.68822394244233	56.9883022149222	1.87216370737181	-3.97353179341124	53.3728132790255	6	2
-0.147327193919297	-6.68822394244233	56.9883022149222	-0.286624703355091	-7.47043029818236	60.7696335030937	0.901269534627729	-5.17634731998358	57.9055491714956	6	2
-0.286624703355091	-7.47043029818236	60.7696335030937	-0.582016027419533	-9.12916039356981	68.7882438893342	0.473090637411503	-4.98836472307388	62.7914555629855	6	2
-0.582016027419533	-9.12916039356981	68.7882438893342	-0.655452443300718	-9.54153267127738	70.7817283255415	-1.16074014854925	-7.93011481128717	69.7430051596165	6	2
2.08328331967291	-3.19949500971304	34.365300024595	2.01566476837073	-0.874808358454156	30.4994604372636	0.674804732568401	-2.07165311673146	34.6709385432798	6	2
2.36628375256322	-3.13340293717139	39.418242375693	2.08328331967291	-3.19949500971304	34.365300024595	0.516550168744382	-2.96031025173265	38.9668727355528	6	2
1.9331872894584	-1.05014864540455	43.4433094412476	2.36628375256322	-3.13340293717139	39.418242375693	0.368043745020865	-3.79422802223162	42.9981866391156	6	2
1.32579167333773	-1.65129355694745	48.6980481914401	1.9331872894584	-1.05014864540455	43.4433094412476	0.196544718553419	-4.75725764888762	47.653651315397	6	2
1.87216370737181	-3.97353179341124	53.3728132790255	1.32579167333773	-1.65129355694745	48.6980481914401	0.0313138408879423	-5.68508933229623	52.1389625748671	6	2
0.901269534627729	-5.17634731998358	57.9055491714956	1.87216370737181	-3.97353179341124	53.3728132790255	-0.147327193919297	-6.68822394244233	56.9883022149222	6	2
0.473090637411503	-4.98836472307388	62.7914555629855	0.901269534627729	-5.17634731998358	57.9055491714956	-0.286624703355091	-7.47043029818236	60.7696335030937	6	2
-1.16074014854925	-7.93011481128717	69.7430051596165	0.473090637411503	-4.98836472307388	62.7914555629855	-0.582016027419533	-9.12916039356981	68.7882438893342	6	2
0.674804732568401	-2.07165311673146	34.6709385432798	0.66812	-1.503	30.237	-2.9338475892286	-1.09820368020914	30.6332931768659	6	2
0.516550168744382	-2.96031025173265	38.9668727355528	0.674804732568401	-2.07165311673146	34.6709385432798	-1.35899285016067	-1.35390949346604	34.8636644723791	6	2
0.368043745020865	-3.79422802223162	42.9981866391156	0.516550168744382	-2.96031025173265	38.9668727355528	-2.77536625820021	-2.7433066340018	38.9067925823899	6	2
0.196544718553419	-4.75725764888762	47.653651315397	0.368043745020865	-3.79422802223162	42.9981866391156	-3.46841848886557	-4.1810614605502	41.9377311006975	6	2
0.0313138408879423	-5.68508933229623	52.1389625748671	0.196544718553419	-4.75725764888762	47.653651315397	-2.94748481087479	-5.1971665515937	46.3575122004084	6	2
-0.147327193919297	-6.68822394244233	56.9883022149222	0.0313138408879423	-5.68508933229623	52.1389625748671	-2.49267773869266	-4.66950865852341	50.6841265965639	6	2
-0.286624703355091	-7.47043029818236	60.7696335030937	-0.147327193919297	-6.68822394244233	56.9883022149222	-1.70807820640968	-6.68331434431801	55.7289001612251	6	2
-0.582016027419533	-9.12916039356981	68.7882438893342	-0.286624703355091	-7.47043029818236	60.7696335030937	-0.580104300829278	-7.42928240212655	59.7777640880412	6	2
-0.655452443300718	-9.54153267127738	70.7817283255415	-0.582016027419533	-9.12916039356981	68.7882438893342	-1.56083450291559	-7.98362253845122	67.9842680784307	6	2
-2.9338475892286	-1.09820368020914	30.6332931768659	-1.35899285016067	-1.35390949346604	34.8636644723791	0.674804732568401	-2.07165311673146	34.6709385432798	6	2
-1.35899285016067	-1.35390949346604	34.8636644723791	-2.77536625820021	-2.7433066340018	38.9067925823899	0.516550168744382	-2.96031025173265	38.9668727355528	6	2
-2.77536625820021	-2.7433066340018	38.9067925823899	-3.46841848886557	-4.1810614605502	41.9377311006975	0.368043745020865	-3.79422802223162	42.9981866391156	6	2
-3.46841848886557	-4.1810614605502	41.9377311006975	-2.94748481087479	-5.1971665515937	46.3575122004084	0.196544718553419	-4.75725764888762	47.653651315397	6	2
-2.94748481087479	-5.1971665515937	46.3575122004084	-2.49267773869266	-4.66950865852341	50.6841265965639	0.0313138408879423	-5.68508933229623	52.1389625748671	6	2
-2.49267773869266	-4.66950865852341	50.6841265965639	-1.70807820640968	-6.68331434431801	55.7289001612251	-0.147327193919297	-6.68822394244233	56.9883022149222	6	2
-1.70807820640968	-6.68331434431801	55.7289001612251	-0.580104300829278	-7.42928240212655	59.7777640880412	-0.286624703355091	-7.47043029818236	60.7696335030937	6	2
-0.580104300829278	-7.42928240212655	59.7777640880412	-1.56083450291559	-7.98362253845122	67.9842680784307	-0.582016027419533	-9.12916039356981	68.7882438893342	6	2
0.48025	-0.065238	32.487	0.48025	-0.0652379999999998	36.5079518069164	0.89608979090416	-0.034704529059744	32.5882347008546	7	2
0.48025	-0.0652379999999998	36.5079518069164	0.48025	-0.065238	41.1136476283965	2.29652576765665	0.904610640369078	35.568272464695	7	2
2.29652576765665	0.904610640369078	35.568272464695	0.89608979090416	-0.034704529059744	32.5882347008546	0.48025	-0.0652379999999998	36.5079518069164	7	2
0.48025	-0.0652379999999998	36.5079518069164	0.48025	-0.065238	32.487	-3.54086856736165	-1.454845237716	33.2821715025393	7	2
0.48025	-0.065238	41.1136476283965	0.48025	-0.0652379999999998	36.5079518069164	-1.38131788472932	0.253580969065893	37.5368504975114	7	2
-3.54086856736165	-1.454845237716	33.2821715025393	-1.38131788472932	0.253580969065893	37.5368504975114	0.48025	-0.0652379999999998	36.5079518069164	7	2
1.6541	2.9057	32.832	1.69330962252205	4.85462334663061	37.6291261516099	3.00433781362723	2.73281750240693	32.9011862607541	8	2
1.69330962252205	4.85462334663061	37.6291261516099	2.78648108742707	6.51476493955511	42.1099663194534	3.21873691048797	2.41428067468417	37.8833580980806	8	2
2.78648108742707	6.51476493955511	42.1099663194534	3.60529358449684	7.7582521022117	45.4662265627824	5.40255998381912	4.99894856122103	42.8990269857055	8	2
3.60529358449684	7.7582521022117	45.4662265627824	4.98521795617534	9.85387014389991	51.1224486209939	6.07039427570952	6.24390716524843	46.9797553547373	8	2
4.98521795617534	9.85387014389991	51.1224486209939	5.90375637307214	11.248805778011	54.8874790542536	6.75334959939177	8.37993407556444	52.8083312974327	8	2
5.90375637307214	11.248805778011	54.8874790542536	6.96110549011257	12.8545458689246	59.2214857011251	8.14259537377006	10.3673368058161	57.2297295084134	8	2
6.96110549011257	12.8545458689246	59.2214857011251	8.15973248143423	14.674837183305	64.1345813511676	8.7235651227229	12.028175438234	60.6882719686839	8	2
8.15973248143423	14.674837183305	64.1345813511676	9.1030054394737	16.1073358547356	68.0009970922618	8.94261408758298	13.1390579593599	65.5946585977722	8	2
9.1030054394737	16.1073358547356	68.0009970922618	9.88396191810438	17.2933330876137	71.2020879285378	9.82597793807137	15.1102581727911	68.1988072599469	8	2
3.21873691048797	2.41428067468417	37.8833580980806	3.00433781362723	2.73281750240693	32.9011862607541	1.69330962252205	4.85462334663061	37.6291261516099	8	2
5.40255998381912	4.99894856122103	42.8990269857055	3.21873691048797	2.41428067468417	37.8833580980806	2.78648108742707	6.51476493955511	42.1099663194534	8	2
6.07039427570952	6.24390716524843	46.9797553547373	5.40255998381912	4.99894856122103	42.8990269857055	3.60529358449684	7.7582521022117	45.4662265627824	8	2
6.75334959939177	8.37993407556444	52.8083312974327	6.07039427570952	6.24390716524843	46.9797553547373	4.98521795617534	9.85387014389991	51.1224486209939	8	2
8.14259537377006	10.3673368058161	57.2297295084134	6.75334959939177	8.37993407556444	52.8083312974327	5.90375637307214	11.248805778011	54.8874790542536	8	2
8.7235651227229	12.028175438234	60.6882719686839	8.14259537377006	10.3673368058161	57.2297295084134	6.96110549011257	12.8545458689246	59.2214857011251	8	2
8.94261408758298	13.1390579593599	65.5946585977722	8.7235651227229	12.028175438234	60.6882719686839	8.15973248143423	14.674837183305	64.1345813511676	8	2
9.82597793807137	15.1102581727911	68.1988072599469	8.94261408758298	13.1390579593599	65.5946585977722	9.1030054394737	16.1073358547356	68.0009970922618	8	2
1.69330962252205	4.85462334663061	37.6291261516099	1.6541	2.9057	32.832	0.367718429585975	0.569419427885602	33.7507497351074	8	2
2.78648108742707	6.51476493955511	42.1099663194534	1.69330962252205	4.85462334663061	37.6291261516099	-0.737390699271609	4.73567056595876	37.5210619831606	8	2
3.60529358449684	7.7582521022117	45.4662265627824	2.78648108742707	6.51476493955511	42.1099663194534	0.283587208982068	7.23291785816284	41.4824857470547	8	2
4.98521795617534	9.85387014389991	51.1224486209939	3.60529358449684	7.7582521022117	45.4662265627824	0.00646627307400616	8.15063439577148	44.3339131429388	8	2
5.90375637307214	11.248805778011	54.8874790542536	4.98521795617534	9.85387014389991	51.1224486209939	1.94400709598601	10.0833392701519	49.4420738818468	8	2
6.96110549011257	12.8545458689246	59.2214857011251	5.90375637307214	11.248805778011	54.8874790542536	4.2748828143431	12.2843719209526	52.8512564772089	8	2
8.15973248143423	14.674837183305	64.1345813511676	6.96110549011257	12.8545458689246	59.2214857011251	4.72733435406785	13.2293493784608	57.4941860510896	8	2
9.1030054394737	16.1073358547356	68.0009970922618	8.15973248143423	14.674837183305	64.1345813511676	6.90220111113676	14.4219020143735	64.2381557352371	8	2
9.88396191810438	17.2933330876137	71.2020879285378	9.1030054394737	16.1073358547356	68.0009970922618	8.62825796221103	16.1555639672242	68.5139765090015	8	2
0.367718429585975	0.569419427885602	33.7507497351074	-0.737390699271609	4.73567056595876	37.5210619831606	1.69330962252205	4.85462334663061	37.6291261516099	8	2
-0.737390699271609	4.73567056595876	37.5210619831606	0.283587208982068	7.23291785816284	41.4824857470547	2.78648108742707	6.51476493955511	42.1099663194534	8	2
0.283587208982068	7.23291785816284	41.4824857470547	0.00646627307400616	8.15063439577148	44.3339131429388	3.60529358449684	7.7582521022117	45.4662265627824	8	2
0.00646627307400616	8.15063439577148	44.3339131429388	1.94400709598601	10.0833392701519	49.4420738818468	4.98521795617534	9.85387014389991	51.1224486209939	8	2
1.94400709598601	10.0833392701519	49.4420738818468	4.2748828143431	12.2843719209526	52.8512564772089	5.90375637307214	11.248805778011	54.8874790542536	8	2
4.2748828143431	12.2843719209526	52.8512564772089	4.72733435406785	13.2293493784608	57.4941860510896	6.96110549011257	12.8545458689246	59.2214857011251	8	2
4.72733435406785	13.2293493784608	57.4941860510896	6.90220111113676	14.4219020143735	64.2381557352371	8.15973248143423	14.674837183305	64.1345813511676	8	2
6.90220111113676	14.4219020143735	64.2381557352371	8.62825796221103	16.1555639672242	68.5139765090015	9.1030054394737	16.1073358547356	68.0009970922618	8	2
