-0.3475	-0.70784	0.031499	-0.41155	-0.34074	1.0263	-0.22515	-0.60134	1.8261	0	0
-0.41155	-0.34074	0	-0.087748	-0.21784	1.0423	-0.37868	0.45443	1.0936	0	0
-0.41155	-0.34074	0	-0.087748	-0.21784	1.0423	-0.1292	-0.21974	1.7978	0	0
-0.41155	-0.34074	0	-0.37868	0.45443	1.0936	-0.36431	0.45368	1.7658	0	0
-0.41155	-0.34074	0	-0.22515	-0.60134	1.8261	-0.1292	-0.21974	1.7978	0	0
-0.087748	-0.21784	0.015999	-0.37868	0.45443	1.0936	0.077885	0.65153	1.042	0	0
-0.087748	-0.21784	0.015999	0.077885	0.65153	1.042	0.58995	0.54246	1.7331	0	0
-0.087748	-0.21784	0.015999	-0.1292	-0.21974	1.7978	0.58995	0.54246	1.7331	0	0
-0.37868	0.45443	0.0673	0.077885	0.65153	1.042	0.090202	1.1281	1.0615	0	0
-0.37868	0.45443	0.0673	-0.36431	0.45368	1.7658	-0.23335	1.161	2.1406	0	0
-0.37868	0.45443	0.0673	0.090202	1.1281	1.0615	-0.23335	1.161	2.1406	0	0
-0.22515	-0.60134	0.79975	-0.1292	-0.21974	1.7978	0.21832	-0.029304	2.3827	0	0
-0.22515	-0.60134	0.79975	-0.15305	-0.60444	2.5182	0.21832	-0.029304	2.3827	0	0
0.077885	0.65153	0.015633	0.090202	1.1281	1.0615	0.65045	1.0875	1.0299	0	0
0.077885	0.65153	0.015633	0.65045	1.0875	1.0299	0.58995	0.54246	1.7331	0	0
-0.1292	-0.21974	0.77145	-0.36431	0.45368	1.7658	-0.53225	-0.15794	2.129	0	0
-0.1292	-0.21974	0.77145	-0.36431	0.45368	1.7658	0.17911	0.61674	1.8577	0	0
-0.1292	-0.21974	0.77145	-0.53225	-0.15794	2.129	-0.15305	-0.60444	2.5182	0	0
-0.1292	-0.21974	0.77145	0.58995	0.54246	1.7331	0.21832	-0.029304	2.3827	0	0
-0.36431	0.45368	0.7395	-0.53225	-0.15794	2.129	-0.33152	0.41281	2.5918	0	0
-0.36431	0.45368	0.7395	-0.33152	0.41281	2.5918	-0.23335	1.161	2.1406	0	0
0.090202	1.1281	0.03515	0.65045	1.0875	1.0299	0.2262	1.2084	1.817	0	0
0.090202	1.1281	0.03515	0.2262	1.2084	1.817	-0.23335	1.161	2.1406	0	0
-0.53225	-0.15794	1.1027	-0.33152	0.41281	2.5918	-0.13415	-0.24834	3.0499	0	0
0.65045	1.0875	0.003549	0.58995	0.54246	1.7331	0.65255	1.1118	1.7913	0	0
0.65045	1.0875	0.003549	0.2262	1.2084	1.817	0.65255	1.1118	1.7913	0	0
0.58995	0.54246	0.7068	0.17911	0.61674	1.8577	0.21832	-0.029304	2.3827	0	0
0.58995	0.54246	0.7068	0.17911	0.61674	1.8577	0.65255	1.1118	1.7913	0	0
0.17911	0.61674	0.83138	0.21832	-0.029304	2.3827	0.1928	0.65786	2.5434	0	0
0.17911	0.61674	0.83138	0.2262	1.2084	1.817	0.65255	1.1118	1.7913	0	0
0.17911	0.61674	0.83138	0.2262	1.2084	1.817	-0.23335	1.161	2.1406	0	0
0.17911	0.61674	0.83138	0.1928	0.65786	2.5434	-0.23335	1.161	2.1406	0	0
-0.15305	-0.60444	1.4919	0.21832	-0.029304	2.3827	-0.13415	-0.24834	3.0499	0	0
-0.15305	-0.60444	1.4919	-0.13415	-0.24834	3.0499	-0.20925	-0.38654	3.2845	0	0
0.21832	-0.029304	1.3563	0.1928	0.65786	2.5434	0.019302	0.37346	3.2258	0	0
0.21832	-0.029304	1.3563	-0.13415	-0.24834	3.0499	0.019302	0.37346	3.2258	0	0
-0.33152	0.41281	1.5654	0.019302	0.37346	3.2258	-0.19325	0.5944	3.2322	0	0
-0.33152	0.41281	1.5654	-0.19325	0.5944	3.2322	-0.24735	1.2865	3.1824	0	0
-0.33152	0.41281	1.5654	-0.23335	1.161	2.1406	-0.24735	1.2865	3.1824	0	0
0.1928	0.65786	1.5171	0.19635	1.1336	2.5602	0.59565	1.1524	2.462	0	0
0.1928	0.65786	1.5171	0.19635	1.1336	2.5602	-0.23335	1.161	2.1406	0	0
0.1928	0.65786	1.5171	0.59565	1.1524	2.462	0.58445	0.89706	3.0215	0	0
0.1928	0.65786	1.5171	0.019302	0.37346	3.2258	0.58445	0.89706	3.0215	0	0
-0.13415	-0.24834	2.0236	-0.20925	-0.38654	3.2845	0.019302	0.37346	3.2258	0	0
0.19635	1.1336	1.5339	0.58445	0.89706	3.0215	0.088202	1.1438	3.2618	0	0
0.19635	1.1336	1.5339	0.088202	1.1438	3.2618	-0.24735	1.2865	3.1824	0	0
0.19635	1.1336	1.5339	-0.23335	1.161	2.1406	-0.24735	1.2865	3.1824	0	0
-0.20925	-0.38654	2.2582	0.019302	0.37346	3.2258	-0.16545	-0.28084	4.0561	0	0
-0.20925	-0.38654	2.2582	-0.35048	-0.63784	3.8856	-0.16545	-0.28084	4.0561	0	0
0.019302	0.37346	2.1995	-0.19325	0.5944	3.2322	0.19198	0.45409	3.8968	0	0
0.019302	0.37346	2.1995	0.58445	0.89706	3.0215	0.5727	0.89226	3.8548	0	0
0.019302	0.37346	2.1995	-0.16545	-0.28084	4.0561	0.19198	0.45409	3.8968	0	0
-0.19325	0.5944	2.2059	0.19198	0.45409	3.8968	-0.17965	0.74516	4.0608	0	0
-0.19325	0.5944	2.2059	-0.24735	1.2865	3.1824	-0.17965	0.74516	4.0608	0	0
0.58445	0.89706	1.9952	0.088202	1.1438	3.2618	0.5727	0.89226	3.8548	0	0
0.088202	1.1438	2.2354	-0.24735	1.2865	3.1824	0.11245	1.1443	4.0705	0	0
0.088202	1.1438	2.2354	0.5727	0.89226	3.8548	0.11245	1.1443	4.0705	0	0
-0.35048	-0.63784	2.8592	-0.16545	-0.28084	4.0561	-0.2666	-0.57164	4.7374	0	0
-0.16545	-0.28084	3.0298	0.19198	0.45409	3.8968	0.12835	-0.030738	4.352	0	0
-0.16545	-0.28084	3.0298	0.12835	-0.030738	4.352	-0.15805	-0.24374	4.5619	0	0
-0.16545	-0.28084	3.0298	-0.15805	-0.24374	4.5619	-0.2666	-0.57164	4.7374	0	0
0.19198	0.45409	2.8704	0.5727	0.89226	3.8548	0.2311	0.63296	4.6118	0	0
0.19198	0.45409	2.8704	-0.17965	0.74516	4.0608	-0.1763	0.49556	4.57	0	0
0.19198	0.45409	2.8704	0.12835	-0.030738	4.352	0.2311	0.63296	4.6118	0	0
-0.24735	1.2865	2.1561	-0.17965	0.74516	4.0608	-0.41335	1.134	4.6148	0	0
-0.24735	1.2865	2.1561	0.11245	1.1443	4.0705	-0.41335	1.134	4.6148	0	0
0.5727	0.89226	2.8285	0.11245	1.1443	4.0705	0.23795	1.2918	4.5479	0	0
0.5727	0.89226	2.8285	0.2311	0.63296	4.6118	0.60185	0.89616	4.6843	0	0
0.5727	0.89226	2.8285	0.23795	1.2918	4.5479	0.60185	0.89616	4.6843	0	0
-0.17965	0.74516	3.0345	-0.1763	0.49556	4.57	-0.41335	1.134	4.6148	0	0
0.12835	-0.030738	3.3257	-0.1763	0.49556	4.57	-0.15805	-0.24374	4.5619	0	0
0.12835	-0.030738	3.3257	0.2311	0.63296	4.6118	-0.13315	-0.26594	5.0635	0	0
0.11245	1.1443	3.0442	-0.41335	1.134	4.6148	0.23795	1.2918	4.5479	0	0
-0.1763	0.49556	3.5437	-0.15805	-0.24374	4.5619	-0.13315	-0.26594	5.0635	0	0
-0.1763	0.49556	3.5437	-0.13315	-0.26594	5.0635	-0.39075	0.5507	5.3515	0	0
-0.1763	0.49556	3.5437	-0.41335	1.134	4.6148	-0.39075	0.5507	5.3515	0	0
-0.15805	-0.24374	3.5356	-0.2666	-0.57164	4.7374	-0.13315	-0.26594	5.0635	0	0
-0.2666	-0.57164	3.7111	-0.13315	-0.26594	5.0635	-0.40125	-0.59064	5.3859	0	0
0.2311	0.63296	3.5854	-0.13315	-0.26594	5.0635	0.035852	0.38686	5.6041	0	0
0.2311	0.63296	3.5854	0.035852	0.38686	5.6041	0.60185	0.89616	4.6843	0	0
-0.13315	-0.26594	4.0372	-0.36955	-0.2854	5.3799	-0.40125	-0.59064	5.3859	0	0
-0.13315	-0.26594	4.0372	-0.36955	-0.2854	5.3799	0.035852	0.38686	5.6041	0	0
-0.41335	1.134	3.5884	0.23795	1.2918	4.5479	-0.40672	1.1238	5.295	0	0
-0.41335	1.134	3.5884	-0.39075	0.5507	5.3515	-0.40672	1.1238	5.295	0	0
0.23795	1.2918	3.5216	0.2735	1.0969	5.3112	0.60185	0.89616	4.6843	0	0
0.23795	1.2918	3.5216	0.2735	1.0969	5.3112	-0.40672	1.1238	5.295	0	0
-0.36955	-0.2854	4.3535	-0.40125	-0.59064	5.3859	-0.32761	-0.32944	6.058	0	0
-0.36955	-0.2854	4.3535	0.035852	0.38686	5.6041	-0.32761	-0.32944	6.058	0	0
-0.40125	-0.59064	4.3596	-0.32761	-0.32944	6.058	-0.45215	-0.71554	6.0998	0	0
-0.39075	0.5507	4.3252	0.035852	0.38686	5.6041	0.2735	1.0969	5.3112	0	0
-0.39075	0.5507	4.3252	0.2735	1.0969	5.3112	-0.40672	1.1238	5.295	0	0
0.035852	0.38686	4.5778	0.2735	1.0969	5.3112	0.32645	1.112	6.0266	0	0
0.035852	0.38686	4.5778	-0.32761	-0.32944	6.058	-0.1037	0.50781	6.0765	0	0
0.035852	0.38686	4.5778	0.32645	1.112	6.0266	-0.1037	0.50781	6.0765	0	0
0.2735	1.0969	4.2849	0.60185	0.89616	4.6843	0.32645	1.112	6.0266	0	0
-0.32761	-0.32944	5.0317	-0.45215	-0.71554	6.0998	-0.3167	-0.29826	6.6523	0	0
-0.32761	-0.32944	5.0317	-0.1037	0.50781	6.0765	-0.3167	-0.29826	6.6523	0	0
0.32645	1.112	5.0003	-0.1037	0.50781	6.0765	0.30095	1.1021	6.8031	0	0
-0.45215	-0.71554	5.0735	-0.3167	-0.29826	6.6523	-0.59195	-0.91369	6.7385	0	0
-0.1037	0.50781	5.0502	-0.3167	-0.29826	6.6523	-0.13598	0.39563	6.7364	0	0
-0.1037	0.50781	5.0502	-0.13598	0.39563	6.7364	0.30095	1.1021	6.8031	0	0
-0.3167	-0.29826	5.6259	-0.13598	0.39563	6.7364	-0.42788	-0.25034	7.4039	0	0
-0.3167	-0.29826	5.6259	-0.59195	-0.91369	6.7385	-0.42788	-0.25034	7.4039	0	0
-0.13598	0.39563	5.7101	0.30095	1.1021	6.8031	-0.11615	0.77816	7.5529	0	0
-0.13598	0.39563	5.7101	-0.42788	-0.25034	7.4039	-0.11615	0.77816	7.5529	0	0
-0.59195	-0.91369	5.7121	-0.42788	-0.25034	7.4039	-0.56585	-0.73734	7.548	0	0
-0.59195	-0.91369	5.7121	-0.94701	-1.0701	7.415	-0.56585	-0.73734	7.548	0	0
0.30095	1.1021	5.7767	-0.11615	0.77816	7.5529	0.2734	1.0952	7.5373	0	0
-0.42788	-0.25034	6.3776	-0.56585	-0.73734	7.548	-0.4124	-0.22374	8.0443	0	0
-0.42788	-0.25034	6.3776	-0.54988	0.3956	7.5862	-0.11615	0.77816	7.5529	0	0
-0.42788	-0.25034	6.3776	-0.54988	0.3956	7.5862	-0.4124	-0.22374	8.0443	0	0
-0.94701	-1.0701	6.3887	-0.56585	-0.73734	7.548	-0.62795	-0.78214	8.0021	0	0
-0.94701	-1.0701	6.3887	-0.62795	-0.78214	8.0021	-1.0538	-0.90764	8.1021	0	0
-0.56585	-0.73734	6.5217	-0.4124	-0.22374	8.0443	-0.62795	-0.78214	8.0021	0	0
-0.54988	0.3956	6.5599	-0.11615	0.77816	7.5529	-0.51378	1.1669	7.4114	0	0
-0.54988	0.3956	6.5599	-0.51378	1.1669	7.4114	-0.4791	1.2056	8.0208	0	0
-0.54988	0.3956	6.5599	-0.4124	-0.22374	8.0443	-0.4438	0.46864	8.0486	0	0
-0.54988	0.3956	6.5599	-0.4438	0.46864	8.0486	-0.4791	1.2056	8.0208	0	0
-0.11615	0.77816	6.5266	-0.51378	1.1669	7.4114	0.2734	1.0952	7.5373	0	0
-0.51378	1.1669	6.385	0.2734	1.0952	7.5373	0.026352	1.5502	7.4657	0	0
-0.51378	1.1669	6.385	0.026352	1.5502	7.4657	-0.28695	1.5502	7.7489	0	0
-0.51378	1.1669	6.385	-0.28695	1.5502	7.7489	-0.4791	1.2056	8.0208	0	0
0.2734	1.0952	6.511	-0.4124	-0.22374	8.0443	0.2581	1.0921	8.0847	0	0
0.2734	1.0952	6.511	0.026352	1.5502	7.4657	0.2581	1.0921	8.0847	0	0
-0.4124	-0.22374	7.0179	-0.62795	-0.78214	8.0021	-0.89135	-0.40644	8.3197	0	0
-0.4124	-0.22374	7.0179	-0.4438	0.46864	8.0486	-0.89135	-0.40644	8.3197	0	0
-0.4124	-0.22374	7.0179	0.2581	1.0921	8.0847	0.18565	0.81736	8.7878	0	0
-0.4124	-0.22374	7.0179	0.18565	0.81736	8.7878	-0.4245	-0.22426	8.8192	0	0
-0.62795	-0.78214	6.9758	-1.0538	-0.90764	8.1021	-0.89135	-0.40644	8.3197	0	0
-0.4438	0.46864	7.0223	-0.4791	1.2056	8.0208	-0.46324	0.48506	8.815	0	0
-0.4438	0.46864	7.0223	-0.89135	-0.40644	8.3197	-0.46324	0.48506	8.815	0	0
-1.0538	-0.90764	7.0758	-0.89135	-0.40644	8.3197	-0.54655	-0.74849	8.802	0	0
-1.0538	-0.90764	7.0758	-0.54655	-0.74849	8.802	-0.85995	-1.0273	9.7054	0	0
0.026352	1.5502	6.4394	-0.28695	1.5502	7.7489	-0.034448	1.5586	8.1141	0	0
0.026352	1.5502	6.4394	0.2581	1.0921	8.0847	-0.034448	1.5586	8.1141	0	0
-0.28695	1.5502	6.7226	-0.31265	1.5695	7.8874	-0.4791	1.2056	8.0208	0	0
-0.28695	1.5502	6.7226	-0.31265	1.5695	7.8874	-0.034448	1.5586	8.1141	0	0
0.2581	1.0921	7.0584	-0.034448	1.5586	8.1141	0.038052	1.586	8.4944	0	0
0.2581	1.0921	7.0584	0.038052	1.586	8.4944	0.15865	1.3202	8.8175	0	0
0.2581	1.0921	7.0584	0.18565	0.81736	8.7878	0.15865	1.3202	8.8175	0	0
-0.31265	1.5695	6.8611	-0.4791	1.2056	8.0208	-0.16725	1.5609	8.5345	0	0
-0.31265	1.5695	6.8611	-0.034448	1.5586	8.1141	-0.16725	1.5609	8.5345	0	0
-0.4791	1.2056	6.9945	-0.16725	1.5609	8.5345	-0.43757	1.192	8.8144	0	0
-0.4791	1.2056	6.9945	-0.46324	0.48506	8.815	-0.43757	1.192	8.8144	0	0
-0.89135	-0.40644	7.2934	-0.54655	-0.74849	8.802	-0.4245	-0.22426	8.8192	0	0
-0.89135	-0.40644	7.2934	-0.4245	-0.22426	8.8192	-0.46324	0.48506	8.815	0	0
-0.034448	1.5586	7.0878	0.038052	1.586	8.4944	-0.16725	1.5609	8.5345	0	0
0.038052	1.586	7.4681	-0.16725	1.5609	8.5345	-0.2822	1.5457	9.3801	0	0
0.038052	1.586	7.4681	0.15865	1.3202	8.8175	-0.2822	1.5457	9.3801	0	0
-0.16725	1.5609	7.5082	-0.43757	1.192	8.8144	-0.2822	1.5457	9.3801	0	0
0.18565	0.81736	7.7615	-0.4245	-0.22426	8.8192	0.099852	0.53146	9.6678	0	0
0.18565	0.81736	7.7615	0.15865	1.3202	8.8175	0.1686	1.0787	9.5365	0	0
0.18565	0.81736	7.7615	0.1686	1.0787	9.5365	0.099852	0.53146	9.6678	0	0
-0.54655	-0.74849	7.7756	-0.4245	-0.22426	8.8192	-0.54215	-0.73694	9.5497	0	0
-0.54655	-0.74849	7.7756	-0.54215	-0.73694	9.5497	-0.85995	-1.0273	9.7054	0	0
-0.4245	-0.22426	7.7929	-0.54215	-0.73694	9.5497	-0.40325	-0.23239	9.5557	0	0
-0.4245	-0.22426	7.7929	-0.40325	-0.23239	9.5557	0.099852	0.53146	9.6678	0	0
-0.46324	0.48506	7.7886	-0.43757	1.192	8.8144	-0.50717	0.49754	9.5691	0	0
-0.46324	0.48506	7.7886	-0.40325	-0.23239	9.5557	-0.50717	0.49754	9.5691	0	0
-0.43757	1.192	7.7881	-0.2822	1.5457	9.3801	-0.4315	1.1788	9.5592	0	0
-0.43757	1.192	7.7881	-0.50717	0.49754	9.5691	-0.4315	1.1788	9.5592	0	0
0.15865	1.3202	7.7912	-0.2822	1.5457	9.3801	0.1686	1.0787	9.5365	0	0
-0.54215	-0.73694	8.5234	-0.40325	-0.23239	9.5557	-0.39457	-0.35364	10.274	0	0
-0.54215	-0.73694	8.5234	-0.85995	-1.0273	9.7054	-0.65628	-0.8273	10.225	0	0
-0.54215	-0.73694	8.5234	-0.65628	-0.8273	10.225	-0.39457	-0.35364	10.274	0	0
-0.40325	-0.23239	8.5294	-0.50717	0.49754	9.5691	-0.50472	0.53016	10.263	0	0
-0.40325	-0.23239	8.5294	-0.39457	-0.35364	10.274	-0.50472	0.53016	10.263	0	0
-0.2822	1.5457	8.3537	0.1686	1.0787	9.5365	-0.016698	1.5936	10.331	0	0
-0.2822	1.5457	8.3537	-0.4315	1.1788	9.5592	-0.25145	1.5798	10.313	0	0
-0.2822	1.5457	8.3537	-0.25145	1.5798	10.313	-0.016698	1.5936	10.331	0	0
0.1686	1.0787	8.5102	0.099852	0.53146	9.6678	0.23665	0.83626	10.139	0	0
0.1686	1.0787	8.5102	0.23665	0.83626	10.139	0.10795	1.333	10.31	0	0
0.1686	1.0787	8.5102	-0.016698	1.5936	10.331	0.10795	1.333	10.31	0	0
-0.50717	0.49754	8.5427	-0.4315	1.1788	9.5592	-0.50472	0.53016	10.263	0	0
0.099852	0.53146	8.6415	-0.39457	-0.35364	10.274	0.23665	0.83626	10.139	0	0
-0.65628	-0.8273	9.1986	-0.39457	-0.35364	10.274	-0.42485	-0.68119	11.11	0	0
-0.39457	-0.35364	9.2478	0.23665	0.83626	10.139	0.17135	0.54336	11.136	0	0
-0.39457	-0.35364	9.2478	-0.50472	0.53016	10.263	-0.35848	-0.20897	10.899	0	0
-0.39457	-0.35364	9.2478	-0.35848	-0.20897	10.899	-0.42485	-0.68119	11.11	0	0
-0.4315	1.1788	8.5329	-0.50472	0.53016	10.263	-0.4806	1.1799	10.32	0	0
-0.4315	1.1788	8.5329	-0.4806	1.1799	10.32	-0.25145	1.5798	10.313	0	0
0.23665	0.83626	9.1124	0.10795	1.333	10.31	0.21739	1.0475	10.913	0	0
0.23665	0.83626	9.1124	0.21739	1.0475	10.913	0.17135	0.54336	11.136	0	0
-0.50472	0.53016	9.2364	-0.4806	1.1799	10.32	-0.40839	0.43862	10.972	0	0
-0.50472	0.53016	9.2364	-0.35848	-0.20897	10.899	-0.40839	0.43862	10.972	0	0
-0.4806	1.1799	9.2938	-0.25145	1.5798	10.313	-0.36515	1.6128	11.053	0	0
-0.4806	1.1799	9.2938	-0.36515	1.6128	11.053	-0.52258	1.2767	11.081	0	0
-0.4806	1.1799	9.2938	-0.52258	1.2767	11.081	-0.40839	0.43862	10.972	0	0
-0.35848	-0.20897	9.8729	-0.40839	0.43862	10.972	-0.3805	-0.25454	11.548	0	0
-0.35848	-0.20897	9.8729	-0.42485	-0.68119	11.11	-0.3805	-0.25454	11.548	0	0
-0.25145	1.5798	9.2866	-0.016698	1.5936	10.331	-0.36515	1.6128	11.053	0	0
-0.016698	1.5936	9.3044	0.10795	1.333	10.31	-0.012848	1.6031	11.064	0	0
-0.016698	1.5936	9.3044	-0.012848	1.6031	11.064	-0.36515	1.6128	11.053	0	0
0.10795	1.333	9.284	0.21739	1.0475	10.913	-0.012848	1.6031	11.064	0	0
0.21739	1.0475	9.8871	-0.012848	1.6031	11.064	0.2639	1.1164	11.541	0	0
0.21739	1.0475	9.8871	0.17135	0.54336	11.136	0.2639	1.1164	11.541	0	0
-0.36515	1.6128	10.026	-0.52258	1.2767	11.081	-0.51385	1.2237	11.577	0	0
-0.52258	1.2767	10.054	-0.40839	0.43862	10.972	-0.47425	0.49099	11.542	0	0
-0.52258	1.2767	10.054	-0.47425	0.49099	11.542	-0.51385	1.2237	11.577	0	0
-0.40839	0.43862	9.946	-0.3805	-0.25454	11.548	-0.47425	0.49099	11.542	0	0
0.17135	0.54336	10.11	0.14235	0.54886	11.383	0.2639	1.1164	11.541	0	0
-0.42485	-0.68119	10.083	-0.3805	-0.25454	11.548	-0.73568	-0.83094	11.678	0	0
-0.3805	-0.25454	10.522	-0.73568	-0.83094	11.678	-0.96105	-0.55514	11.959	0	0
-0.3805	-0.25454	10.522	-0.47425	0.49099	11.542	-0.45897	0.4671	12.308	0	0
-0.3805	-0.25454	10.522	-0.96105	-0.55514	11.959	-0.37735	-0.30974	12.377	0	0
-0.3805	-0.25454	10.522	-0.37735	-0.30974	12.377	-0.45897	0.4671	12.308	0	0
-0.73568	-0.83094	10.652	-0.96105	-0.55514	11.959	-0.86515	-0.80664	12.027	0	0
-0.47425	0.49099	10.516	-0.51385	1.2237	11.577	-0.46937	1.2148	12.265	0	0
-0.47425	0.49099	10.516	-0.45897	0.4671	12.308	-0.46937	1.2148	12.265	0	0
-0.96105	-0.55514	10.932	-0.86515	-0.80664	12.027	-0.37735	-0.30974	12.377	0	0
-0.86515	-0.80664	11.001	-0.68505	-0.91876	12.451	-0.37735	-0.30974	12.377	0	0
-0.68505	-0.91876	11.424	-0.37735	-0.30974	12.377	-0.6718	-0.79579	12.916	0	0
-0.37735	-0.30974	11.351	-0.45897	0.4671	12.308	-0.45517	0.47934	13.071	0	0
-0.37735	-0.30974	11.351	-0.6718	-0.79579	12.916	-0.38811	-0.35657	12.961	0	0
-0.37735	-0.30974	11.351	-0.38811	-0.35657	12.961	-0.45517	0.47934	13.071	0	0
-0.45897	0.4671	11.282	-0.46937	1.2148	12.265	-0.3675	1.1734	13.003	0	0
-0.45897	0.4671	11.282	-0.45517	0.47934	13.071	-0.3675	1.1734	13.003	0	0
-0.6718	-0.79579	11.89	-0.38811	-0.35657	12.961	-0.42152	-0.31249	13.655	0	0
-0.6718	-0.79579	11.89	-0.42152	-0.31249	13.655	-0.48425	-0.71459	13.816	0	0
-0.38811	-0.35657	11.934	-0.45517	0.47934	13.071	-0.42152	-0.31249	13.655	0	0
-0.46937	1.2148	11.239	0.3201	1.1734	12.319	0.44915	1.7967	12.608	0	0
-0.46937	1.2148	11.239	-0.3675	1.1734	13.003	0.27305	1.7982	12.942	0	0
-0.46937	1.2148	11.239	0.44915	1.7967	12.608	0.27305	1.7982	12.942	0	0
-0.45517	0.47934	12.045	-0.3675	1.1734	13.003	-0.41085	1.0843	13.778	0	0
-0.45517	0.47934	12.045	-0.42152	-0.31249	13.655	-0.4279	0.48226	13.809	0	0
-0.45517	0.47934	12.045	-0.4279	0.48226	13.809	-0.41085	1.0843	13.778	0	0
-0.3675	1.1734	11.976	0.27305	1.7982	12.942	0.2212	1.1343	13.055	0	0
-0.42152	-0.31249	12.628	-0.48425	-0.71459	13.816	-0.34132	-0.30249	14.365	0	0
-0.42152	-0.31249	12.628	-0.4279	0.48226	13.809	-0.34132	-0.30249	14.365	0	0
-0.48425	-0.71459	12.79	-0.34132	-0.30249	14.365	-0.3805	-0.66844	14.533	0	0
-0.4279	0.48226	12.782	-0.34132	-0.30249	14.365	-0.45917	0.47431	14.571	0	0
-0.4279	0.48226	12.782	-0.41085	1.0843	13.778	-0.43095	1.0746	14.544	0	0
-0.4279	0.48226	12.782	-0.45917	0.47431	14.571	-0.43095	1.0746	14.544	0	0
-0.34132	-0.30249	13.339	-0.3805	-0.66844	14.533	-0.88565	-0.52164	15.158	0	0
-0.34132	-0.30249	13.339	-0.45917	0.47431	14.571	-0.88565	-0.52164	15.158	0	0
-0.3805	-0.66844	13.506	-0.45015	-0.71134	15.077	-0.88565	-0.52164	15.158	0	0
-0.45917	0.47431	13.544	-0.88565	-0.52164	15.158	-0.42075	0.48256	15.058	0	0
-0.45917	0.47431	13.544	-0.43095	1.0746	14.544	-0.42075	0.48256	15.058	0	0
-0.45015	-0.71134	14.05	-0.88565	-0.52164	15.158	-0.96415	-0.59844	15.237	0	0
-0.45015	-0.71134	14.05	-0.96415	-0.59844	15.237	-0.41911	-0.86022	15.823	0	0
-0.88565	-0.52164	14.132	-0.96415	-0.59844	15.237	-0.9813	-0.23194	15.939	0	0
-0.88565	-0.52164	14.132	-0.42075	0.48256	15.058	-0.9813	-0.23194	15.939	0	0
-0.36742	-0.36009	14.155	-0.42075	0.48256	15.058	0.16885	0.67156	15.048	0	0
-0.96415	-0.59844	14.211	-0.41911	-0.86022	15.823	-0.88385	-0.74594	16.35	0	0
-0.96415	-0.59844	14.211	-0.88385	-0.74594	16.35	-0.9813	-0.23194	15.939	0	0
-0.43095	1.0746	13.518	-0.42075	0.48256	15.058	-0.24235	1.0866	15.056	0	0
-0.42075	0.48256	14.032	0.16885	0.67156	15.048	-0.24235	1.0866	15.056	0	0
-0.42075	0.48256	14.032	-0.2845	1.1115	15.833	-0.41087	0.47619	15.805	0	0
-0.42075	0.48256	14.032	-0.41087	0.47619	15.805	-0.9813	-0.23194	15.939	0	0
0.16885	0.67156	14.021	-0.24235	1.0866	15.056	0.038752	1.0985	14.99	0	0
-0.2845	1.1115	14.806	0.086652	1.0978	15.893	-0.40285	1.0613	16.442	0	0
-0.2845	1.1115	14.806	-0.41087	0.47619	15.805	-0.40285	1.0613	16.442	0	0
0.15923	0.66041	14.794	0.086652	1.0978	15.893	0.19095	0.60506	16.561	0	0
0.086652	1.0978	14.867	-0.40285	1.0613	16.442	0.098052	1.2044	16.563	0	0
0.086652	1.0978	14.867	0.098052	1.2044	16.563	0.19095	0.60506	16.561	0	0
-0.41087	0.47619	14.779	-0.33885	0.3976	16.548	-0.40285	1.0613	16.442	0	0
-0.41087	0.47619	14.779	-0.33885	0.3976	16.548	-0.9813	-0.23194	15.939	0	0
-0.41911	-0.86022	14.797	-0.88385	-0.74594	16.35	-0.40575	-0.89959	16.375	0	0
0.0025521	-0.12704	15.073	-0.3584	-0.28179	16.533	-0.13335	-0.68374	16.621	0	0
0.0025521	-0.12704	15.073	-0.3584	-0.28179	16.533	-0.33885	0.3976	16.548	0	0
0.0025521	-0.12704	15.073	-0.13335	-0.68374	16.621	0.14772	-0.31664	17.336	0	0
0.0025521	-0.12704	15.073	-0.33885	0.3976	16.548	0.19095	0.60506	16.561	0	0
0.0025521	-0.12704	15.073	0.19095	0.60506	16.561	0.14772	-0.31664	17.336	0	0
-0.88385	-0.74594	15.324	-0.40575	-0.89959	16.375	-0.62545	-0.83467	17.168	0	0
-0.88385	-0.74594	15.324	-0.3584	-0.28179	16.533	-0.97425	-0.35344	16.392	0	0
-0.88385	-0.74594	15.324	-0.62545	-0.83467	17.168	-0.8889	-0.31899	17.315	0	0
-0.88385	-0.74594	15.324	-0.9813	-0.23194	15.939	-0.97425	-0.35344	16.392	0	0
-0.40575	-0.89959	15.348	-0.13335	-0.68374	16.621	-0.62545	-0.83467	17.168	0	0
-0.3584	-0.28179	15.506	-0.13335	-0.68374	16.621	-0.62545	-0.83467	17.168	0	0
-0.3584	-0.28179	15.506	-0.33885	0.3976	16.548	-0.97425	-0.35344	16.392	0	0
-0.3584	-0.28179	15.506	-0.62545	-0.83467	17.168	-0.42971	-0.24287	17.25	0	0
-0.13335	-0.68374	15.594	0.14772	-0.31664	17.336	0.13693	-0.69866	17.265	0	0
-0.33885	0.3976	15.521	-0.40285	1.0613	16.442	-0.38725	0.43935	17.265	0	0
-0.33885	0.3976	15.521	-0.42971	-0.24287	17.25	-0.38725	0.43935	17.265	0	0
-0.33885	0.3976	15.521	-0.9813	-0.23194	15.939	-0.97425	-0.35344	16.392	0	0
-0.40285	1.0613	15.416	0.098052	1.2044	16.563	-0.15665	1.2386	17.304	0	0
-0.40285	1.0613	15.416	-0.38725	0.43935	17.265	-0.15665	1.2386	17.304	0	0
0.098052	1.2044	15.537	0.19095	0.60506	16.561	0.2491	0.60551	17.313	0	0
0.098052	1.2044	15.537	0.2491	0.60551	17.313	0.062652	1.2484	17.309	0	0
0.098052	1.2044	15.537	-0.15665	1.2386	17.304	0.062652	1.2484	17.309	0	0
-0.62545	-0.83467	16.142	-0.8889	-0.31899	17.315	-0.29075	-0.65094	18.07	0	0
-0.62545	-0.83467	16.142	-0.29075	-0.65094	18.07	0.13693	-0.69866	17.265	0	0
-0.42971	-0.24287	16.224	-0.38725	0.43935	17.265	-0.62165	0.4732	17.91	0	0
-0.42971	-0.24287	16.224	-0.55715	-0.25834	18.062	-0.62165	0.4732	17.91	0	0
-0.42971	-0.24287	16.224	-0.55715	-0.25834	18.062	-0.29075	-0.65094	18.07	0	0
-0.38725	0.43935	16.239	0.2491	0.60551	17.313	-0.15665	1.2386	17.304	0	0
-0.38725	0.43935	16.239	-0.62165	0.4732	17.91	-0.38205	1.0578	18.07	0	0
0.19095	0.60506	15.535	0.2491	0.60551	17.313	0.14772	-0.31664	17.336	0	0
-0.8889	-0.31899	16.288	-0.9936	0.070962	17.954	-0.34635	-0.56554	18.285	0	0
-0.8889	-0.31899	16.288	-0.29075	-0.65094	18.07	-0.34635	-0.56554	18.285	0	0
0.2491	0.60551	16.286	0.062652	1.2484	17.309	0.10355	1.2579	18.077	0	0
0.2491	0.60551	16.286	0.10355	1.2579	18.077	0.21259	0.4143	18.048	0	0
0.2491	0.60551	16.286	0.21259	0.4143	18.048	0.14772	-0.31664	17.336	0	0
-0.15665	1.2386	16.278	0.062652	1.2484	17.309	-0.073448	1.5697	17.597	0	0
0.062652	1.2484	16.282	-0.073448	1.5697	17.597	0.10355	1.2579	18.077	0	0
-0.9936	0.070962	16.928	-0.55715	-0.25834	18.062	-0.62165	0.4732	17.91	0	0
-0.9936	0.070962	16.928	-0.62165	0.4732	17.91	-0.57545	0.52846	18.614	0	0
-0.073448	1.5697	16.57	0.10355	1.2579	18.077	-0.23995	1.5602	18.699	0	0
-0.62165	0.4732	16.884	-0.38205	1.0578	18.07	-0.57545	0.52846	18.614	0	0
-0.38205	1.0578	17.044	-0.57545	0.52846	18.614	-0.45155	1.1916	18.521	0	0
0.10355	1.2579	17.05	0.21259	0.4143	18.048	0.16085	1.0296	18.564	0	0
0.10355	1.2579	17.05	-0.23995	1.5602	18.699	0.16085	1.0296	18.564	0	0
0.022952	-0.076438	17.013	0.21259	0.4143	18.048	0.14772	-0.31664	17.336	0	0
0.022952	-0.076438	17.013	0.21259	0.4143	18.048	0.083602	0.26871	18.527	0	0
0.022952	-0.076438	17.013	-0.29075	-0.65094	18.07	-0.34635	-0.56554	18.285	0	0
0.022952	-0.076438	17.013	-0.29075	-0.65094	18.07	0.14772	-0.31664	17.336	0	0
0.022952	-0.076438	17.013	-0.34635	-0.56554	18.285	-0.33482	-0.38494	18.527	0	0
0.022952	-0.076438	17.013	-0.33482	-0.38494	18.527	0.083602	0.26871	18.527	0	0
0.21259	0.4143	17.022	0.083602	0.26871	18.527	0.16085	1.0296	18.564	0	0
-0.29075	-0.65094	17.044	0.14772	-0.31664	17.336	0.13693	-0.69866	17.265	0	0
-0.34635	-0.56554	17.259	-0.33482	-0.38494	18.527	-0.30967	-0.65984	19.43	0	0
-0.33482	-0.38494	17.501	0.083602	0.26871	18.527	-0.3333	-0.25534	19.303	0	0
-0.33482	-0.38494	17.501	-0.3333	-0.25534	19.303	-0.30967	-0.65984	19.43	0	0
0.083602	0.26871	17.501	0.16085	1.0296	18.564	0.012912	0.41294	19.344	0	0
0.083602	0.26871	17.501	-0.3333	-0.25534	19.303	0.012912	0.41294	19.344	0	0
-0.57545	0.52846	17.588	-0.45155	1.1916	18.521	-0.46765	1.1308	19.26	0	0
-0.57545	0.52846	17.588	-0.3333	-0.25534	19.303	-0.70147	0.45576	19.303	0	0
-0.57545	0.52846	17.588	-0.70147	0.45576	19.303	-0.46765	1.1308	19.26	0	0
-0.45155	1.1916	17.494	-0.23995	1.5602	18.699	-0.46765	1.1308	19.26	0	0
-0.23995	1.5602	17.673	0.16085	1.0296	18.564	0.26243	1.0638	19.343	0	0
-0.23995	1.5602	17.673	-0.46765	1.1308	19.26	-0.2114	1.6082	19.361	0	0
-0.23995	1.5602	17.673	0.26243	1.0638	19.343	-0.015798	1.6102	19.449	0	0
-0.23995	1.5602	17.673	-0.2114	1.6082	19.361	-0.015798	1.6102	19.449	0	0
0.16085	1.0296	17.538	0.012912	0.41294	19.344	0.26243	1.0638	19.343	0	0
-0.3333	-0.25534	18.277	-0.30967	-0.65984	19.43	-0.35305	-0.28614	20.053	0	0
-0.3333	-0.25534	18.277	-0.70147	0.45576	19.303	-0.70195	0.43951	20.061	0	0
-0.3333	-0.25534	18.277	0.012912	0.41294	19.344	-0.35305	-0.28614	20.053	0	0
-0.3333	-0.25534	18.277	-0.70195	0.43951	20.061	-0.10255	0.48991	20.051	0	0
-0.30967	-0.65984	18.403	-0.35305	-0.28614	20.053	-0.2813	-0.69894	20.021	0	0
-0.70147	0.45576	18.277	-0.46765	1.1308	19.26	-0.501	1.2706	20.018	0	0
-0.70147	0.45576	18.277	-0.70195	0.43951	20.061	-0.501	1.2706	20.018	0	0
-0.46765	1.1308	18.234	-0.2114	1.6082	19.361	-0.501	1.2706	20.018	0	0
0.012912	0.41294	18.317	0.26243	1.0638	19.343	0.28835	1.1383	19.911	0	0
0.012912	0.41294	18.317	-0.35305	-0.28614	20.053	-0.10255	0.48991	20.051	0	0
0.012912	0.41294	18.317	-0.10255	0.48991	20.051	0.28835	1.1383	19.911	0	0
0.26243	1.0638	18.316	-0.015798	1.6102	19.449	0.28835	1.1383	19.911	0	0
-0.2114	1.6082	18.335	-0.015798	1.6102	19.449	-0.26135	1.6477	20.091	0	0
-0.2114	1.6082	18.335	-0.501	1.2706	20.018	-0.26135	1.6477	20.091	0	0
-0.015798	1.6102	18.423	0.045752	1.7212	20.087	-0.26135	1.6477	20.091	0	0
-0.015798	1.6102	18.423	0.045752	1.7212	20.087	0.28835	1.1383	19.911	0	0
-0.70195	0.43951	19.035	-0.501	1.2706	20.018	-0.44551	1.2559	20.727	0	0
-0.70195	0.43951	19.035	-0.48658	0.37955	20.803	-0.44551	1.2559	20.727	0	0
-0.70195	0.43951	19.035	-0.48658	0.37955	20.803	-1.3729	0.25606	21.372	0	0
-0.35305	-0.28614	19.026	-0.2813	-0.69894	20.021	-0.30075	-0.65276	20.777	0	0
-0.35305	-0.28614	19.026	-0.10255	0.48991	20.051	-0.38382	-0.26259	20.793	0	0
-0.35305	-0.28614	19.026	-0.30075	-0.65276	20.777	-0.38382	-0.26259	20.793	0	0
-0.10255	0.48991	19.024	0.28835	1.1383	19.911	0.051352	0.73821	20.576	0	0
-0.10255	0.48991	19.024	-0.38382	-0.26259	20.793	0.051352	0.73821	20.576	0	0
-0.501	1.2706	18.992	-0.26135	1.6477	20.091	-0.44551	1.2559	20.727	0	0
0.045752	1.7212	19.061	-0.26135	1.6477	20.091	-0.44551	1.2559	20.727	0	0
0.045752	1.7212	19.061	0.28835	1.1383	19.911	0.58715	1.316	20.14	0	0
0.045752	1.7212	19.061	-0.44551	1.2559	20.727	0.34502	1.172	20.878	0	0
0.045752	1.7212	19.061	0.58715	1.316	20.14	0.34502	1.172	20.878	0	0
0.28835	1.1383	18.885	0.58715	1.316	20.14	0.051352	0.73821	20.576	0	0
-0.30075	-0.65276	19.751	-0.38382	-0.26259	20.793	-0.423	-0.26574	21.556	0	0
-0.30075	-0.65276	19.751	-0.3939	-0.77024	21.538	-0.423	-0.26574	21.556	0	0
-0.38382	-0.26259	19.767	0.051352	0.73821	20.576	0.2381	0.44926	21.314	0	0
-0.38382	-0.26259	19.767	-0.423	-0.26574	21.556	0.2381	0.44926	21.314	0	0
-0.48658	0.37955	19.777	-0.44551	1.2559	20.727	-0.54335	1.2539	21.341	0	0
-0.48658	0.37955	19.777	-0.39635	0.5562	21.475	0.2381	0.44926	21.314	0	0
-0.48658	0.37955	19.777	-0.39635	0.5562	21.475	-1.3729	0.25606	21.372	0	0
-0.44551	1.2559	19.701	0.34502	1.172	20.878	-0.54335	1.2539	21.341	0	0
0.58715	1.316	19.114	0.051352	0.73821	20.576	0.656	1.2231	20.593	0	0
0.051352	0.73821	19.55	0.34502	1.172	20.878	0.656	1.2231	20.593	0	0
0.051352	0.73821	19.55	0.34502	1.172	20.878	0.2381	0.44926	21.314	0	0
-0.3939	-0.77024	20.511	-0.423	-0.26574	21.556	-0.59085	-0.65714	22.028	0	0
0.34502	1.172	19.851	-0.54335	1.2539	21.341	0.95315	1.598	21.969	0	0
0.34502	1.172	19.851	0.656	1.2231	20.593	0.85285	1.191	21.302	0	0
0.34502	1.172	19.851	0.3645	0.98856	21.495	0.85285	1.191	21.302	0	0
0.34502	1.172	19.851	0.3645	0.98856	21.495	0.2381	0.44926	21.314	0	0
-0.54335	1.2539	20.315	-0.25505	1.1246	22.068	0.95315	1.598	21.969	0	0
0.3645	0.98856	20.468	0.19025	1.0859	22.049	0.21475	0.67251	22.012	0	0
0.3645	0.98856	20.468	0.19025	1.0859	22.049	0.95315	1.598	21.969	0	0
0.3645	0.98856	20.468	0.85285	1.191	21.302	0.95315	1.598	21.969	0	0
0.3645	0.98856	20.468	0.21475	0.67251	22.012	0.2381	0.44926	21.314	0	0
-0.39635	0.5562	20.449	-0.423	-0.26574	21.556	-0.415	0.47006	22.041	0	0
-0.39635	0.5562	20.449	-0.423	-0.26574	21.556	-1.105	-0.074787	21.691	0	0
-0.39635	0.5562	20.449	-0.415	0.47006	22.041	0.2381	0.44926	21.314	0	0
-0.39635	0.5562	20.449	-1.105	-0.074787	21.691	-1.3729	0.25606	21.372	0	0
-0.423	-0.26574	20.53	-0.415	0.47006	22.041	-0.35988	-0.3019	22.122	0	0
-0.423	-0.26574	20.53	-0.59085	-0.65714	22.028	-1.105	-0.074787	21.691	0	0
-0.423	-0.26574	20.53	-0.35988	-0.3019	22.122	0.3372	-0.36624	22.18	0	0
-0.423	-0.26574	20.53	0.2381	0.44926	21.314	0.3372	-0.36624	22.18	0	0
-0.415	0.47006	21.015	-0.35988	-0.3019	22.122	-0.47126	0.4628	22.806	0	0
-0.415	0.47006	21.015	-0.25505	1.1246	22.068	0.21475	0.67251	22.012	0	0
-0.415	0.47006	21.015	-0.25505	1.1246	22.068	-0.26585	1.0335	22.716	0	0
-0.415	0.47006	21.015	0.21475	0.67251	22.012	0.2381	0.44926	21.314	0	0
-0.415	0.47006	21.015	-0.47126	0.4628	22.806	-0.26585	1.0335	22.716	0	0
-0.59085	-0.65714	21.002	-0.35988	-0.3019	22.122	-0.6199	-0.31859	22.825	0	0
-0.59085	-0.65714	21.002	-1.105	-0.074787	21.691	-1.1567	-0.12344	22.002	0	0
-0.59085	-0.65714	21.002	-1.1567	-0.12344	22.002	-1.1862	-0.4681	22.686	0	0
-0.59085	-0.65714	21.002	-0.6199	-0.31859	22.825	-1.1862	-0.4681	22.686	0	0
-0.35988	-0.3019	21.095	-0.56622	-0.76911	22.772	0.154	-0.21294	22.793	0	0
-0.35988	-0.3019	21.095	-0.47126	0.4628	22.806	-0.6199	-0.31859	22.825	0	0
-0.35988	-0.3019	21.095	0.154	-0.21294	22.793	0.3372	-0.36624	22.18	0	0
-0.25505	1.1246	21.041	0.19025	1.0859	22.049	0.21475	0.67251	22.012	0	0
-0.25505	1.1246	21.041	0.19025	1.0859	22.049	0.011352	1.0912	22.825	0	0
-0.25505	1.1246	21.041	-0.26585	1.0335	22.716	0.011352	1.0912	22.825	0	0
0.19025	1.0859	21.022	0.95315	1.598	21.969	0.011352	1.0912	22.825	0	0
0.85285	1.191	20.275	0.2381	0.44926	21.314	0.65595	-0.22354	22.245	0	0
-0.56622	-0.76911	21.746	-0.61585	-0.67474	23.591	-0.6199	-0.31859	22.825	0	0
-0.56622	-0.76911	21.746	-0.61585	-0.67474	23.591	-1.0935	-0.92016	22.872	0	0
-0.56622	-0.76911	21.746	-0.6199	-0.31859	22.825	-1.1862	-0.4681	22.686	0	0
-0.56622	-0.76911	21.746	-1.1862	-0.4681	22.686	-1.0935	-0.92016	22.872	0	0
-0.56622	-0.76911	21.746	0.154	-0.21294	22.793	0.3931	-0.63109	22.812	0	0
-0.47126	0.4628	21.78	-0.26585	1.0335	22.716	-0.45125	0.44716	23.551	0	0
-0.47126	0.4628	21.78	-0.6199	-0.31859	22.825	-0.45125	0.44716	23.551	0	0
-0.26585	1.0335	21.69	0.011352	1.0912	22.825	-0.19085	1.1827	23.58	0	0
-0.26585	1.0335	21.69	-0.45125	0.44716	23.551	-0.19085	1.1827	23.58	0	0
-0.61585	-0.67474	22.565	0.059185	-0.32804	23.606	-0.69795	-0.32734	23.565	0	0
-0.61585	-0.67474	22.565	0.059185	-0.32804	23.606	0.34065	-0.69554	23.591	0	0
-0.61585	-0.67474	22.565	-0.6199	-0.31859	22.825	-0.69795	-0.32734	23.565	0	0
-0.61585	-0.67474	22.565	-1.0935	-0.92016	22.872	-1.2522	-1.1001	23.588	0	0
-0.61585	-0.67474	22.565	-1.2522	-1.1001	23.588	-0.88495	-0.79124	24.23	0	0
-0.61585	-0.67474	22.565	-0.65755	-0.88027	24.238	-0.88495	-0.79124	24.23	0	0
-0.61585	-0.67474	22.565	-0.65755	-0.88027	24.238	0.20085	-0.77226	24.295	0	0
-0.61585	-0.67474	22.565	0.20085	-0.77226	24.295	0.34065	-0.69554	23.591	0	0
0.059185	-0.32804	22.58	0.2188	0.55101	23.55	-0.45125	0.44716	23.551	0	0
0.059185	-0.32804	22.58	0.2188	0.55101	23.55	0.25115	-0.20677	24.211	0	0
0.059185	-0.32804	22.58	-0.45125	0.44716	23.551	-0.56201	-0.20524	24.273	0	0
0.059185	-0.32804	22.58	-0.56201	-0.20524	24.273	0.20085	-0.77226	24.295	0	0
0.059185	-0.32804	22.58	0.20085	-0.77226	24.295	0.25115	-0.20677	24.211	0	0
0.059185	-0.32804	22.58	0.34065	-0.69554	23.591	0.3931	-0.63109	22.812	0	0
0.011352	1.0912	21.799	0.036752	1.1831	23.557	-0.19085	1.1827	23.58	0	0
0.2381	0.44926	20.288	0.3372	-0.36624	22.18	0.65595	-0.22354	22.245	0	0
-1.105	-0.074787	20.664	-1.1567	-0.12344	22.002	-1.5789	-0.13094	22.108	0	0
-1.105	-0.074787	20.664	-1.3729	0.25606	21.372	-1.5789	-0.13094	22.108	0	0
-1.1567	-0.12344	20.976	-1.1862	-0.4681	22.686	-1.5789	-0.13094	22.108	0	0
0.2188	0.55101	22.524	0.036752	1.1831	23.557	0.35425	0.57406	24.307	0	0
0.2188	0.55101	22.524	0.35425	0.57406	24.307	0.25115	-0.20677	24.211	0	0
0.2188	0.55101	22.524	0.84775	-0.62624	23.106	0.88052	-0.3274	22.704	0	0
-0.6199	-0.31859	21.799	-0.69795	-0.32734	23.565	-0.45125	0.44716	23.551	0	0
-1.1862	-0.4681	21.66	-1.0935	-0.92016	22.872	-1.7044	-0.7402	22.887	0	0
-1.1862	-0.4681	21.66	-1.5789	-0.13094	22.108	-1.7044	-0.7402	22.887	0	0
-1.0935	-0.92016	21.846	-1.2522	-1.1001	23.588	-1.7044	-0.7402	22.887	0	0
-0.69795	-0.32734	22.539	-0.45125	0.44716	23.551	-0.9193	-0.076787	24.143	0	0
-0.69795	-0.32734	22.539	-0.88495	-0.79124	24.23	-0.9193	-0.076787	24.143	0	0
-0.45125	0.44716	22.525	-0.19085	1.1827	23.58	-0.48988	0.57153	24.206	0	0
-0.45125	0.44716	22.525	-0.48988	0.57153	24.206	-0.9193	-0.076787	24.143	0	0
0.036752	1.1831	22.53	-0.19085	1.1827	23.58	-0.070648	1.5571	24.502	0	0
0.036752	1.1831	22.53	0.35425	0.57406	24.307	0.092302	1.2865	24.319	0	0
0.036752	1.1831	22.53	0.092302	1.2865	24.319	-0.070648	1.5571	24.502	0	0
-1.2522	-1.1001	22.562	-0.88495	-0.79124	24.23	-1.895	-1.1264	23.905	0	0
-1.2522	-1.1001	22.562	-1.7044	-0.7402	22.887	-1.8615	-0.94627	23.51	0	0
-1.2522	-1.1001	22.562	-1.8615	-0.94627	23.51	-1.895	-1.1264	23.905	0	0
-0.65755	-0.88027	23.212	-0.88495	-0.79124	24.23	-0.56235	-0.98259	24.845	0	0
-0.65755	-0.88027	23.212	-0.56235	-0.98259	24.845	0.20085	-0.77226	24.295	0	0
-0.88495	-0.79124	23.204	-0.56235	-0.98259	24.845	-0.90285	-0.61954	24.875	0	0
-0.88495	-0.79124	23.204	-0.90285	-0.61954	24.875	-1.895	-1.1264	23.905	0	0
-0.88495	-0.79124	23.204	-0.9193	-0.076787	24.143	-0.9921	-0.30204	24.834	0	0
-0.19085	1.1827	22.553	-0.48988	0.57153	24.206	-0.22925	1.1973	24.317	0	0
-0.19085	1.1827	22.553	-0.22925	1.1973	24.317	-0.070648	1.5571	24.502	0	0
0.35425	0.57406	23.28	0.092302	1.2865	24.319	0.19245	1.2739	25.036	0	0
0.35425	0.57406	23.28	0.19245	1.2739	25.036	0.66172	0.44816	24.975	0	0
0.35425	0.57406	23.28	0.25115	-0.20677	24.211	0.6572	-0.24529	24.815	0	0
0.35425	0.57406	23.28	0.66172	0.44816	24.975	0.6572	-0.24529	24.815	0	0
-0.56201	-0.20524	23.247	-0.48988	0.57153	24.206	0.17749	-0.20924	24.888	0	0
-0.56201	-0.20524	23.247	-0.60445	-0.36564	25.114	-0.89945	0.26706	24.422	0	0
-0.56201	-0.20524	23.247	0.20085	-0.77226	24.295	0.17749	-0.20924	24.888	0	0
-0.48988	0.57153	23.179	-0.22925	1.1973	24.317	-0.44528	1.1017	24.921	0	0
-0.48988	0.57153	23.179	-0.4588	0.81476	25.072	-0.44528	1.1017	24.921	0	0
-0.48988	0.57153	23.179	-0.4588	0.81476	25.072	-0.89945	0.26706	24.422	0	0
-0.48988	0.57153	23.179	-0.9193	-0.076787	24.143	-0.89945	0.26706	24.422	0	0
-0.48988	0.57153	23.179	0.23865	0.44446	25.084	0.17749	-0.20924	24.888	0	0
-0.56235	-0.98259	23.818	-0.90285	-0.61954	24.875	-0.60445	-0.36564	25.114	0	0
-0.56235	-0.98259	23.818	-0.60445	-0.36564	25.114	0.10852	-0.74714	24.903	0	0
-0.56235	-0.98259	23.818	0.20085	-0.77226	24.295	0.10852	-0.74714	24.903	0	0
-0.90285	-0.61954	23.848	-0.60445	-0.36564	25.114	-0.9921	-0.30204	24.834	0	0
0.092302	1.2865	23.292	-0.070648	1.5571	24.502	0.19245	1.2739	25.036	0	0
-0.22925	1.1973	23.291	-0.070648	1.5571	24.502	-0.44528	1.1017	24.921	0	0
-0.070648	1.5571	23.476	0.19245	1.2739	25.036	-0.018081	1.6022	25.037	0	0
-0.070648	1.5571	23.476	-0.018081	1.6022	25.037	-0.44528	1.1017	24.921	0	0
-0.60445	-0.36564	24.087	-0.42345	-0.73714	25.519	-0.62845	-0.29764	25.565	0	0
-0.60445	-0.36564	24.087	-0.62845	-0.29764	25.565	-0.89475	-0.064838	25.368	0	0
-0.60445	-0.36564	24.087	0.10852	-0.74714	24.903	0.17749	-0.20924	24.888	0	0
-0.60445	-0.36564	24.087	-0.4588	0.81476	25.072	-0.89945	0.26706	24.422	0	0
-0.60445	-0.36564	24.087	-0.9921	-0.30204	24.834	-0.89475	-0.064838	25.368	0	0
-0.60445	-0.36564	24.087	0.10345	0.32781	25.549	0.17749	-0.20924	24.888	0	0
-0.42345	-0.73714	24.492	-0.62845	-0.29764	25.565	-0.1227	-0.41594	26.058	0	0
-0.42345	-0.73714	24.492	0.10852	-0.74714	24.903	0.15392	-0.8914	25.526	0	0
-0.42345	-0.73714	24.492	-0.1227	-0.41594	26.058	0.15392	-0.8914	25.526	0	0
-0.62845	-0.29764	24.539	-0.89475	-0.064838	25.368	-0.53875	-0.15177	26.196	0	0
-0.62845	-0.29764	24.539	-0.4519	0.44011	25.569	-0.1227	-0.41594	26.058	0	0
-0.62845	-0.29764	24.539	-0.53875	-0.15177	26.196	-0.39071	-0.69007	26.436	0	0
0.20085	-0.77226	23.269	0.10852	-0.74714	24.903	0.6572	-0.24529	24.815	0	0
0.20085	-0.77226	23.269	0.25115	-0.20677	24.211	0.6572	-0.24529	24.815	0	0
0.20085	-0.77226	23.269	0.34065	-0.69554	23.591	0.77965	-0.91354	23.662	0	0
0.10852	-0.74714	23.876	0.17749	-0.20924	24.888	0.6572	-0.24529	24.815	0	0
-0.4588	0.81476	24.045	0.23865	0.44446	25.084	0.19245	1.2739	25.036	0	0
-0.4588	0.81476	24.045	0.23865	0.44446	25.084	-0.4519	0.44011	25.569	0	0
-0.4588	0.81476	24.045	0.19245	1.2739	25.036	-0.44528	1.1017	24.921	0	0
-0.4588	0.81476	24.045	-0.4519	0.44011	25.569	-0.5612	1.2395	25.561	0	0
-0.9193	-0.076787	23.116	-0.9921	-0.30204	24.834	-0.89945	0.26706	24.422	0	0
0.23865	0.44446	24.058	0.19245	1.2739	25.036	0.3303	1.0826	25.548	0	0
0.23865	0.44446	24.058	0.10345	0.32781	25.549	-0.4519	0.44011	25.569	0	0
0.23865	0.44446	24.058	0.10345	0.32781	25.549	0.81262	0.58566	25.648	0	0
0.23865	0.44446	24.058	0.17749	-0.20924	24.888	0.66172	0.44816	24.975	0	0
0.23865	0.44446	24.058	0.66172	0.44816	24.975	0.81262	0.58566	25.648	0	0
0.19245	1.2739	24.009	-0.018081	1.6022	25.037	0.075752	1.721	25.588	0	0
0.19245	1.2739	24.009	0.075752	1.721	25.588	0.3303	1.0826	25.548	0	0
0.19245	1.2739	24.009	0.66172	0.44816	24.975	0.81262	0.58566	25.648	0	0
-0.9921	-0.30204	23.807	-0.89475	-0.064838	25.368	-1.0342	0.36408	24.889	0	0
-0.9921	-0.30204	23.807	-0.89945	0.26706	24.422	-1.0342	0.36408	24.889	0	0
-0.89475	-0.064838	24.341	-0.53875	-0.15177	26.196	-1.1659	0.45924	25.541	0	0
-0.89475	-0.064838	24.341	-1.0342	0.36408	24.889	-1.1659	0.45924	25.541	0	0
-0.018081	1.6022	24.011	0.075752	1.721	25.588	-0.20965	1.5844	25.621	0	0
-0.018081	1.6022	24.011	-0.20965	1.5844	25.621	-0.5612	1.2395	25.561	0	0
-0.018081	1.6022	24.011	-0.44528	1.1017	24.921	-0.5612	1.2395	25.561	0	0
0.075752	1.721	24.562	-0.20965	1.5844	25.621	-0.44435	1.6571	26.418	0	0
0.075752	1.721	24.562	0.3303	1.0826	25.548	0.1939	1.1617	26.29	0	0
0.075752	1.721	24.562	-0.44435	1.6571	26.418	0.37085	2.2796	26.511	0	0
-0.20965	1.5844	24.595	-0.5612	1.2395	25.561	-0.44435	1.6571	26.418	0	0
0.10345	0.32781	24.523	-0.4519	0.44011	25.569	0.11317	0.45303	26.287	0	0
0.10345	0.32781	24.523	0.17749	-0.20924	24.888	0.26805	-0.25924	25.715	0	0
0.10345	0.32781	24.523	0.26805	-0.25924	25.715	0.11317	0.45303	26.287	0	0
-0.4519	0.44011	24.542	-0.53875	-0.15177	26.196	-1.1918	0.54756	26.238	0	0
-0.4519	0.44011	24.542	-0.5612	1.2395	25.561	-0.5522	1.2715	26.074	0	0
-0.4519	0.44011	24.542	-0.5522	1.2715	26.074	0.11317	0.45303	26.287	0	0
-0.53875	-0.15177	25.169	-0.39071	-0.69007	26.436	-0.1227	-0.41594	26.058	0	0
-0.53875	-0.15177	25.169	-0.1227	-0.41594	26.058	0.11317	0.45303	26.287	0	0
-0.53875	-0.15177	25.169	0.11317	0.45303	26.287	-1.171	0.66716	27.045	0	0
-0.53875	-0.15177	25.169	-1.1918	0.54756	26.238	-1.171	0.66716	27.045	0	0
-0.44528	1.1017	23.895	-0.5612	1.2395	25.561	-1.0336	0.96496	25.703	0	0
-0.44528	1.1017	23.895	-0.89945	0.26706	24.422	-1.0342	0.36408	24.889	0	0
-0.44528	1.1017	23.895	-1.0342	0.36408	24.889	-1.0336	0.96496	25.703	0	0
-0.5612	1.2395	24.535	-0.5522	1.2715	26.074	-1.0336	0.96496	25.703	0	0
0.3303	1.0826	24.521	0.1939	1.1617	26.29	0.81262	0.58566	25.648	0	0
-0.5522	1.2715	25.047	-0.44435	1.6571	26.418	0.1939	1.1617	26.29	0	0
-0.5522	1.2715	25.047	-0.44435	1.6571	26.418	-1.0762	1.135	26.383	0	0
-0.5522	1.2715	25.047	0.11317	0.45303	26.287	0.1939	1.1617	26.29	0	0
-0.5522	1.2715	25.047	-1.0336	0.96496	25.703	-1.0762	1.135	26.383	0	0
-0.44435	1.6571	25.392	0.1939	1.1617	26.29	0.2694	1.8699	26.383	0	0
-0.44435	1.6571	25.392	0.2694	1.8699	26.383	-0.44275	1.8337	27.102	0	0
-0.44435	1.6571	25.392	-0.44275	1.8337	27.102	-1.1561	1.2942	27.092	0	0
-0.44435	1.6571	25.392	-1.1561	1.2942	27.092	-1.0762	1.135	26.383	0	0
-0.1227	-0.41594	25.032	0.15392	-0.8914	25.526	0.26805	-0.25924	25.715	0	0
-0.1227	-0.41594	25.032	0.26805	-0.25924	25.715	0.11317	0.45303	26.287	0	0
0.34065	-0.69554	22.564	0.77965	-0.91354	23.662	0.84775	-0.62624	23.106	0	0
0.34065	-0.69554	22.564	0.3931	-0.63109	22.812	0.84775	-0.62624	23.106	0	0
0.17749	-0.20924	23.862	0.15392	-0.8914	25.526	0.26805	-0.25924	25.715	0	0
0.17749	-0.20924	23.862	0.66172	0.44816	24.975	0.6572	-0.24529	24.815	0	0
0.154	-0.21294	21.767	0.3931	-0.63109	22.812	0.3372	-0.36624	22.18	0	0
0.11317	0.45303	25.26	0.1939	1.1617	26.29	0.72342	1.0219	26.401	0	0
0.11317	0.45303	25.26	-1.171	0.66716	27.045	-0.29025	1.3411	27.202	0	0
0.11317	0.45303	25.26	-0.29025	1.3411	27.202	0.8639	0.62481	26.575	0	0
0.11317	0.45303	25.26	0.72342	1.0219	26.401	0.8639	0.62481	26.575	0	0
0.1939	1.1617	25.264	0.2694	1.8699	26.383	0.72342	1.0219	26.401	0	0
0.2694	1.8699	25.357	0.37085	2.2796	26.511	0.30568	1.9962	27.098	0	0
0.2694	1.8699	25.357	0.37085	2.2796	26.511	0.72342	1.0219	26.401	0	0
0.2694	1.8699	25.357	-0.44275	1.8337	27.102	0.30568	1.9962	27.098	0	0
0.37085	2.2796	25.485	0.30568	1.9962	27.098	0.44235	2.2929	27.586	0	0
0.37085	2.2796	25.485	0.72342	1.0219	26.401	1.1543	1.0309	27.023	0	0
-1.1918	0.54756	25.212	-1.5835	0.40701	26.386	-1.1659	0.45924	25.541	0	0
-1.1918	0.54756	25.212	-1.5835	0.40701	26.386	-1.6032	0.93386	26.667	0	0
-1.1918	0.54756	25.212	-1.1659	0.45924	25.541	-1.0336	0.96496	25.703	0	0
-1.1918	0.54756	25.212	-1.6032	0.93386	26.667	-1.0762	1.135	26.383	0	0
-1.1918	0.54756	25.212	-1.0336	0.96496	25.703	-1.0762	1.135	26.383	0	0
-1.171	0.66716	26.019	-0.29025	1.3411	27.202	-1.1561	1.2942	27.092	0	0
-0.44275	1.8337	26.075	-0.40083	1.9232	27.751	0.10825	2.1963	27.576	0	0
-0.44275	1.8337	26.075	-0.40083	1.9232	27.751	-1.4209	1.5539	27.532	0	0
-0.44275	1.8337	26.075	0.30568	1.9962	27.098	0.10825	2.1963	27.576	0	0
-0.44275	1.8337	26.075	-1.1561	1.2942	27.092	-1.4209	1.5539	27.532	0	0
-0.29025	1.3411	26.176	-0.40083	1.9232	27.751	-1.3147	1.1609	27.813	0	0
-0.29025	1.3411	26.176	0.30568	1.9962	27.098	1.1543	1.0309	27.023	0	0
-0.29025	1.3411	26.176	-1.3147	1.1609	27.813	-1.1561	1.2942	27.092	0	0
-0.29025	1.3411	26.176	0.8639	0.62481	26.575	1.1543	1.0309	27.023	0	0
-0.40083	1.9232	26.724	-1.3147	1.1609	27.813	-0.71142	1.9394	28.343	0	0
-0.40083	1.9232	26.724	-0.71142	1.9394	28.343	0.11445	2.2429	28.089	0	0
-0.40083	1.9232	26.724	-1.2985	1.9022	28.368	-1.7246	2.1012	28.149	0	0
-0.40083	1.9232	26.724	0.10825	2.1963	27.576	0.11445	2.2429	28.089	0	0
-0.40083	1.9232	26.724	-1.4209	1.5539	27.532	-1.6492	1.7615	27.739	0	0
-0.40083	1.9232	26.724	-1.7246	2.1012	28.149	-1.6492	1.7615	27.739	0	0
0.30568	1.9962	26.072	0.10825	2.1963	27.576	0.44235	2.2929	27.586	0	0
-1.3147	1.1609	26.787	-0.71142	1.9394	28.343	-1.2985	1.9022	28.368	0	0
-1.3147	1.1609	26.787	-1.2985	1.9022	28.368	-1.7044	1.4623	28.538	0	0
-0.71142	1.9394	27.317	-1.2985	1.9022	28.368	-1.1185	2.4661	28.989	0	0
-0.71142	1.9394	27.317	0.11445	2.2429	28.089	-0.72875	2.4381	29.56	0	0
-0.71142	1.9394	27.317	-1.1185	2.4661	28.989	-0.72875	2.4381	29.56	0	0
-1.2985	1.9022	27.342	-1.7246	2.1012	28.149	-1.7316	2.4308	28.501	0	0
-1.2985	1.9022	27.342	-1.7316	2.4308	28.501	-1.1185	2.4661	28.989	0	0
0.3931	-0.63109	21.785	0.3372	-0.36624	22.18	0.65595	-0.22354	22.245	0	0
0.3931	-0.63109	21.785	0.84775	-0.62624	23.106	0.88052	-0.3274	22.704	0	0
0.3931	-0.63109	21.785	0.65595	-0.22354	22.245	0.88052	-0.3274	22.704	0	0
0.72342	1.0219	25.375	0.8639	0.62481	26.575	1.1543	1.0309	27.023	0	0
-1.0342	0.36408	23.863	-1.1659	0.45924	25.541	-1.0336	0.96496	25.703	0	0
-1.1561	1.2942	26.066	-1.4209	1.5539	27.532	-1.7671	1.1124	26.986	0	0
-1.1561	1.2942	26.066	-1.6032	0.93386	26.667	-1.7671	1.1124	26.986	0	0
-1.1561	1.2942	26.066	-1.6032	0.93386	26.667	-1.0762	1.135	26.383	0	0
0.10825	2.1963	26.55	0.44235	2.2929	27.586	0.11445	2.2429	28.089	0	0
-1.4209	1.5539	26.505	-1.7671	1.1124	26.986	-1.6492	1.7615	27.739	0	0
-1.7316	2.4308	27.475	-1.1185	2.4661	28.989	-1.7713	2.7764	28.897	0	0
-1.1185	2.4661	27.962	-1.7713	2.7764	28.897	-1.6864	2.9906	29.15	0	0
-1.1185	2.4661	27.962	-0.72875	2.4381	29.56	-1.1639	2.6667	29.562	0	0
-1.1185	2.4661	27.962	-1.1639	2.6667	29.562	-1.6864	2.9906	29.15	0	0
-1.1639	2.6667	28.535	-1.6947	2.9989	29.58	-1.6864	2.9906	29.15	0	0
-0.41205	2.6872	12.111	-1.6311401121827	7.37935869926869	19.2602458260823	0.14450995871437	2.52439330951926	11.5993842883662	1	1
-1.6311401121827	7.37935869926869	19.2602458260823	-2.1753480347333	9.47396180734806	22.4517049150661	0.727562492277819	6.07256706652901	20.1593442903996	1	1
-2.1753480347333	9.47396180734806	22.4517049150661	-2.92369455545088	12.3542744291653	26.8403167053171	-0.221007696281789	8.1868854164874	22.4427169831943	1	1
-2.92369455545088	12.3542744291653	26.8403167053171	-3.42013668861819	14.2650316820921	29.7516575594261	-1.95970398443779	10.7088892884446	28.0029209061066	1	1
-3.42013668861819	14.2650316820921	29.7516575594261	-4.31517743279306	17.7099560334683	35.0005446109411	-3.2737144459027	14.138271450409	30.5284388545805	1	1
0.727562492277819	6.07256706652901	20.1593442903996	0.14450995871437	2.52439330951926	11.5993842883662	-1.6311401121827	7.37935869926869	19.2602458260823	1	1
-0.221007696281789	8.1868854164874	22.4427169831943	0.727562492277819	6.07256706652901	20.1593442903996	-2.1753480347333	9.47396180734806	22.4517049150661	1	1
-1.95970398443779	10.7088892884446	28.0029209061066	-0.221007696281789	8.1868854164874	22.4427169831943	-2.92369455545088	12.3542744291653	26.8403167053171	1	1
-3.2737144459027	14.138271450409	30.5284388545805	-1.95970398443779	10.7088892884446	28.0029209061066	-3.42013668861819	14.2650316820921	29.7516575594261	1	1
-1.6311401121827	7.37935869926869	19.2602458260823	-0.41205	2.6872	12.111	-1.74383145628851	1.77512158909351	12.3372617235512	1	1
-2.1753480347333	9.47396180734806	22.4517049150661	-1.6311401121827	7.37935869926869	19.2602458260823	-2.75593244516873	7.10038049504391	19.4804080826645	1	1
-2.92369455545088	12.3542744291653	26.8403167053171	-2.1753480347333	9.47396180734806	22.4517049150661	-4.06330987411785	8.46433514379116	22.4982930386886	1	1
-3.42013668861819	14.2650316820921	29.7516575594261	-2.92369455545088	12.3542744291653	26.8403167053171	-4.81261965945347	11.4222300210283	27.4056170969049	1	1
-4.31517743279306	17.7099560334683	35.0005446109411	-3.42013668861819	14.2650316820921	29.7516575594261	-5.49161757373418	13.5815665407131	29.6848336631101	1	1
-1.74383145628851	1.77512158909351	12.3372617235512	-2.75593244516873	7.10038049504391	19.4804080826645	-1.6311401121827	7.37935869926869	19.2602458260823	1	1
-2.75593244516873	7.10038049504391	19.4804080826645	-4.06330987411785	8.46433514379116	22.4982930386886	-2.1753480347333	9.47396180734806	22.4517049150661	1	1
-4.06330987411785	8.46433514379116	22.4982930386886	-4.81261965945347	11.4222300210283	27.4056170969049	-2.92369455545088	12.3542744291653	26.8403167053171	1	1
-4.81261965945347	11.4222300210283	27.4056170969049	-5.49161757373418	13.5815665407131	29.6848336631101	-3.42013668861819	14.2650316820921	29.7516575594261	1	1
0.12035	-1.5779	16.987	-0.385131328023569	-3.91196383578631	23.2555234420152	0.683557898863448	-1.93457657915022	16.3404948159191	2	1
-0.385131328023569	-3.91196383578631	23.2555234420152	-0.633678565305435	-5.96376525376227	27.6733846632546	0.948369980988196	-3.212599472968	23.1721508033161	2	1
-0.633678565305435	-5.96376525376227	27.6733846632546	-0.839263656875359	-7.66090655780954	31.3276051391867	1.5719094674476	-6.32302218786275	28.1171493476059	2	1
-0.839263656875359	-7.66090655780954	31.3276051391867	-1.11902119319298	-9.97035451620714	36.3002211479719	0.514239219524888	-7.18328105909798	32.0324325553368	2	1
-1.11902119319298	-9.97035451620714	36.3002211479719	-1.38456367354333	-12.1624546725964	41.0201683071557	1.06254952297609	-10.3710399806854	35.8089096465703	2	1
-1.38456367354333	-12.1624546725964	41.0201683071557	-1.57716362262746	-13.7524013280274	44.4435813194136	1.50879516416894	-11.0202924963677	42.5343052921821	2	1
-1.57716362262746	-13.7524013280274	44.4435813194136	-1.7575916545382	-15.2418666536759	47.6506417322358	1.06201284403166	-12.9249440620874	45.5276399944288	2	1
-1.7575916545382	-15.2418666536759	47.6506417322358	-2.04670620215047	-17.6285583957998	52.7895761350509	0.225473430169415	-15.2294734972782	47.5136560322957	2	1
0.948369980988196	-3.212599472968	23.1721508033161	0.683557898863448	-1.93457657915022	16.3404948159191	-0.385131328023569	-3.91196383578631	23.2555234420152	2	1
1.5719094674476	-6.32302218786275	28.1171493476059	0.948369980988196	-3.212599472968	23.1721508033161	-0.633678565305435	-5.96376525376227	27.6733846632546	2	1
0.514239219524888	-7.18328105909798	32.0324325553368	1.5719094674476	-6.32302218786275	28.1171493476059	-0.839263656875359	-7.66090655780954	31.3276051391867	2	1
1.06254952297609	-10.3710399806854	35.8089096465703	0.514239219524888	-7.18328105909798	32.0324325553368	-1.11902119319298	-9.97035451620714	36.3002211479719	2	1
1.50879516416894	-11.0202924963677	42.5343052921821	1.06254952297609	-10.3710399806854	35.8089096465703	-1.38456367354333	-12.1624546725964	41.0201683071557	2	1
1.06201284403166	-12.9249440620874	45.5276399944288	1.50879516416894	-11.0202924963677	42.5343052921821	-1.57716362262746	-13.7524013280274	44.4435813194136	2	1
0.225473430169415	-15.2294734972782	47.5136560322957	1.06201284403166	-12.9249440620874	45.5276399944288	-1.7575916545382	-15.2418666536759	47.6506417322358	2	1
-0.385131328023569	-3.91196383578631	23.2555234420152	0.12035	-1.5779	16.987	-1.349567980727	-1.85145918806297	16.430179747978	2	1
-0.633678565305435	-5.96376525376227	27.6733846632546	-0.385131328023569	-3.91196383578631	23.2555234420152	-1.5750594413989	-3.07616524585124	23.8249117595644	2	1
-0.839263656875359	-7.66090655780954	31.3276051391867	-0.633678565305435	-5.96376525376227	27.6733846632546	-1.23204265418446	-5.6231669740894	28.1361343245445	2	1
-1.11902119319298	-9.97035451620714	36.3002211479719	-0.839263656875359	-7.66090655780954	31.3276051391867	-2.65721017308053	-4.92946975800927	32.5669820775772	2	1
-1.38456367354333	-12.1624546725964	41.0201683071557	-1.11902119319298	-9.97035451620714	36.3002211479719	-1.95793926841138	-10.6413635336257	36.4338310338891	2	1
-1.57716362262746	-13.7524013280274	44.4435813194136	-1.38456367354333	-12.1624546725964	41.0201683071557	-2.22655598405083	-11.9487500027576	40.5742862340295	2	1
-1.7575916545382	-15.2418666536759	47.6506417322358	-1.57716362262746	-13.7524013280274	44.4435813194136	-1.73420669188877	-12.4395372010779	45.5352751906824	2	1
-1.349567980727	-1.85145918806297	16.430179747978	-1.5750594413989	-3.07616524585124	23.8249117595644	-0.385131328023569	-3.91196383578631	23.2555234420152	2	1
-1.5750594413989	-3.07616524585124	23.8249117595644	-1.23204265418446	-5.6231669740894	28.1361343245445	-0.633678565305435	-5.96376525376227	27.6733846632546	2	1
-1.23204265418446	-5.6231669740894	28.1361343245445	-2.65721017308053	-4.92946975800927	32.5669820775772	-0.839263656875359	-7.66090655780954	31.3276051391867	2	1
-2.65721017308053	-4.92946975800927	32.5669820775772	-1.95793926841138	-10.6413635336257	36.4338310338891	-1.11902119319298	-9.97035451620714	36.3002211479719	2	1
-1.95793926841138	-10.6413635336257	36.4338310338891	-2.22655598405083	-11.9487500027576	40.5742862340295	-1.38456367354333	-12.1624546725964	41.0201683071557	2	1
-2.22655598405083	-11.9487500027576	40.5742862340295	-1.73420669188877	-12.4395372010779	45.5352751906824	-1.57716362262746	-13.7524013280274	44.4435813194136	2	1
0.0037021	2.3981	21.682	0.193985009893696	3.57182858706951	27.5341487919603	1.08836392675098	1.96463865773123	21.3697744843671	3	2
0.193985009893696	3.57182858706951	27.5341487919603	0.254012235583108	4.68580218196408	32.9826132274278	0.966028954932183	3.60566136923531	27.8260809412353	3	2
0.254012235583108	4.68580218196408	32.9826132274278	0.470468747847404	6.50359008572826	36.8925125174002	2.04977580590294	3.64832533155846	32.9760316710317	3	2
0.470468747847404	6.50359008572826	36.8925125174002	0.709844548237614	8.5138527008437	41.2164077062845	1.94498890698349	6.3746502001668	36.9410343291213	3	2
0.709844548237614	8.5138527008437	41.2164077062845	0.898408660871844	10.0974020218824	44.6224807432678	2.71551352024835	7.12826228273313	41.5919449986452	3	2
0.898408660871844	10.0974020218824	44.6224807432678	1.09785512926026	11.7723406684142	48.225124050147	2.80525692031801	9.49534403859585	44.6784276842751	3	2
1.09785512926026	11.7723406684142	48.225124050147	1.37647571154946	14.1121784442655	53.2579059492386	3.10077028048296	11.541150153608	48.3652929941618	3	2
1.37647571154946	14.1121784442655	53.2579059492386	1.55181713779614	15.5846844932903	56.4251348342147	3.43627691961962	14.4218187573191	53.7054174572077	3	2
1.55181713779614	15.5846844932903	56.4251348342147	1.74016231539047	17.1663952119091	59.8272532017445	4.05103470264751	15.1943407433334	57.8187329148707	3	2
1.74016231539047	17.1663952119091	59.8272532017445	1.91476495925343	18.6326970138701	62.9811373058805	2.84999741305046	16.5551519883678	60.0184620343775	3	2
1.91476495925343	18.6326970138701	62.9811373058805	2.24366603219288	21.394787124582	68.9221462323615	4.02951324781953	18.1626286064736	63.1139486697559	3	2
0.966028954932183	3.60566136923531	27.8260809412353	1.08836392675098	1.96463865773123	21.3697744843671	0.193985009893696	3.57182858706951	27.5341487919603	3	2
2.04977580590294	3.64832533155846	32.9760316710317	0.966028954932183	3.60566136923531	27.8260809412353	0.254012235583108	4.68580218196408	32.9826132274278	3	2
1.94498890698349	6.3746502001668	36.9410343291213	2.04977580590294	3.64832533155846	32.9760316710317	0.470468747847404	6.50359008572826	36.8925125174002	3	2
2.71551352024835	7.12826228273313	41.5919449986452	1.94498890698349	6.3746502001668	36.9410343291213	0.709844548237614	8.5138527008437	41.2164077062845	3	2
2.80525692031801	9.49534403859585	44.6784276842751	2.71551352024835	7.12826228273313	41.5919449986452	0.898408660871844	10.0974020218824	44.6224807432678	3	2
3.10077028048296	11.541150153608	48.3652929941618	2.80525692031801	9.49534403859585	44.6784276842751	1.09785512926026	11.7723406684142	48.225124050147	3	2
3.43627691961962	14.4218187573191	53.7054174572077	3.10077028048296	11.541150153608	48.3652929941618	1.37647571154946	14.1121784442655	53.2579059492386	3	2
4.05103470264751	15.1943407433334	57.8187329148707	3.43627691961962	14.4218187573191	53.7054174572077	1.55181713779614	15.5846844932903	56.4251348342147	3	2
2.84999741305046	16.5551519883678	60.0184620343775	4.05103470264751	15.1943407433334	57.8187329148707	1.74016231539047	17.1663952119091	59.8272532017445	3	2
4.02951324781953	18.1626286064736	63.1139486697559	2.84999741305046	16.5551519883678	60.0184620343775	1.91476495925343	18.6326970138701	62.9811373058805	3	2
0.193985009893696	3.57182858706951	27.5341487919603	0.0037021	2.3981	21.682	-1.46714927465545	1.90526880294966	21.580575593901	3	2
0.254012235583108	4.68580218196408	32.9826132274278	0.193985009893696	3.57182858706951	27.5341487919603	-1.44349745891419	3.63871987488968	27.3782096693496	3	2
0.470468747847404	6.50359008572826	36.8925125174002	0.254012235583108	4.68580218196408	32.9826132274278	-2.41976187973753	4.25322496112217	32.7066630856449	3	2
0.709844548237614	8.5138527008437	41.2164077062845	0.470468747847404	6.50359008572826	36.8925125174002	-1.51241327702485	6.96705132575546	36.1741143238954	3	2
0.898408660871844	10.0974020218824	44.6224807432678	0.709844548237614	8.5138527008437	41.2164077062845	-2.35127677851331	6.45631904514287	41.4377456347311	3	2
1.09785512926026	11.7723406684142	48.225124050147	0.898408660871844	10.0974020218824	44.6224807432678	-1.98603490112989	11.3030551785621	43.8399080863119	3	2
1.37647571154946	14.1121784442655	53.2579059492386	1.09785512926026	11.7723406684142	48.225124050147	-1.34882721195071	12.2356280424252	47.6845967772103	3	2
1.55181713779614	15.5846844932903	56.4251348342147	1.37647571154946	14.1121784442655	53.2579059492386	0.259575195776897	14.6860483483447	52.5958665160783	3	2
1.74016231539047	17.1663952119091	59.8272532017445	1.55181713779614	15.5846844932903	56.4251348342147	0.32876771763063	15.0733862183995	56.9616585335295	3	2
1.91476495925343	18.6326970138701	62.9811373058805	1.74016231539047	17.1663952119091	59.8272532017445	0.184643266846302	16.9456511906878	60.2974793247016	3	2
2.24366603219288	21.394787124582	68.9221462323615	1.91476495925343	18.6326970138701	62.9811373058805	1.01089841058611	17.249137594986	63.784925484829	3	2
-1.46714927465545	1.90526880294966	21.580575593901	-1.44349745891419	3.63871987488968	27.3782096693496	0.193985009893696	3.57182858706951	27.5341487919603	3	2
-1.44349745891419	3.63871987488968	27.3782096693496	-2.41976187973753	4.25322496112217	32.7066630856449	0.254012235583108	4.68580218196408	32.9826132274278	3	2
-2.41976187973753	4.25322496112217	32.7066630856449	-1.51241327702485	6.96705132575546	36.1741143238954	0.470468747847404	6.50359008572826	36.8925125174002	3	2
-1.51241327702485	6.96705132575546	36.1741143238954	-2.35127677851331	6.45631904514287	41.4377456347311	0.709844548237614	8.5138527008437	41.2164077062845	3	2
-2.35127677851331	6.45631904514287	41.4377456347311	-1.98603490112989	11.3030551785621	43.8399080863119	0.898408660871844	10.0974020218824	44.6224807432678	3	2
-1.98603490112989	11.3030551785621	43.8399080863119	-1.34882721195071	12.2356280424252	47.6845967772103	1.09785512926026	11.7723406684142	48.225124050147	3	2
-1.34882721195071	12.2356280424252	47.6845967772103	0.259575195776897	14.6860483483447	52.5958665160783	1.37647571154946	14.1121784442655	53.2579059492386	3	2
0.259575195776897	14.6860483483447	52.5958665160783	0.32876771763063	15.0733862183995	56.9616585335295	1.55181713779614	15.5846844932903	56.4251348342147	3	2
0.32876771763063	15.0733862183995	56.9616585335295	0.184643266846302	16.9456511906878	60.2974793247016	1.74016231539047	17.1663952119091	59.8272532017445	3	2
0.184643266846302	16.9456511906878	60.2974793247016	1.01089841058611	17.249137594986	63.784925484829	1.91476495925343	18.6326970138701	62.9811373058805	3	2
0.23953	-1.8413	25.174	0.32504390011312	-2.43385784785773	29.6301006373543	0.968581616233358	-2.50204818210638	25.6198024266541	4	2
0.32504390011312	-2.43385784785773	29.6301006373543	0.455175944607973	-2.95017381340051	34.5035514052621	0.86650252741289	-1.68351655313541	29.8814095286755	4	2
0.455175944607973	-2.95017381340051	34.5035514052621	0.888028905980894	-3.76056292874218	39.1859073758785	1.04775802716228	-0.813509621272681	34.3583438795814	4	2
0.888028905980894	-3.76056292874218	39.1859073758785	1.27150977370272	-4.47851740491776	43.3341842523937	2.08264013026963	-3.34763348262499	39.8047717433555	4	2
1.27150977370272	-4.47851740491776	43.3341842523937	1.73955708193109	-5.35479752288247	48.3972525545322	1.46169619721919	-4.13923834044436	43.6106611062532	4	2
1.73955708193109	-5.35479752288247	48.3972525545322	2.12856483283027	-6.08309945273952	52.6053160947734	3.41714009572225	-3.5211417233166	49.3691634972414	4	2
2.12856483283027	-6.08309945273952	52.6053160947734	2.48992874369504	-6.7596464702608	56.5143443713413	2.65077167168453	-5.44527512214176	52.8775788919957	4	2
2.48992874369504	-6.7596464702608	56.5143443713413	2.87191275877805	-7.47479853269773	60.6464291514267	4.44938963157961	-5.34759375563489	57.5955740971481	4	2
2.87191275877805	-7.47479853269773	60.6464291514267	3.26429074014948	-8.20941022206813	64.8909499189074	5.35358707828048	-6.57675991568979	62.2361333925623	4	2
3.26429074014948	-8.20941022206813	64.8909499189074	3.67919606991809	-8.98619770684186	69.3791586674872	5.19609323031279	-8.60853165703945	66.0762411148358	4	2
3.67919606991809	-8.98619770684186	69.3791586674872	4.18794516585492	-9.93867988111054	74.8825156489199	4.48364603125113	-7.29876766647995	69.7356430550773	4	2
0.86650252741289	-1.68351655313541	29.8814095286755	0.968581616233358	-2.50204818210638	25.6198024266541	0.32504390011312	-2.43385784785773	29.6301006373543	4	2
1.04775802716228	-0.813509621272681	34.3583438795814	0.86650252741289	-1.68351655313541	29.8814095286755	0.455175944607973	-2.95017381340051	34.5035514052621	4	2
2.08264013026963	-3.34763348262499	39.8047717433555	1.04775802716228	-0.813509621272681	34.3583438795814	0.888028905980894	-3.76056292874218	39.1859073758785	4	2
1.46169619721919	-4.13923834044436	43.6106611062532	2.08264013026963	-3.34763348262499	39.8047717433555	1.27150977370272	-4.47851740491776	43.3341842523937	4	2
3.41714009572225	-3.5211417233166	49.3691634972414	1.46169619721919	-4.13923834044436	43.6106611062532	1.73955708193109	-5.35479752288247	48.3972525545322	4	2
2.65077167168453	-5.44527512214176	52.8775788919957	3.41714009572225	-3.5211417233166	49.3691634972414	2.12856483283027	-6.08309945273952	52.6053160947734	4	2
4.44938963157961	-5.34759375563489	57.5955740971481	2.65077167168453	-5.44527512214176	52.8775788919957	2.48992874369504	-6.7596464702608	56.5143443713413	4	2
5.35358707828048	-6.57675991568979	62.2361333925623	4.44938963157961	-5.34759375563489	57.5955740971481	2.87191275877805	-7.47479853269773	60.6464291514267	4	2
5.19609323031279	-8.60853165703945	66.0762411148358	5.35358707828048	-6.57675991568979	62.2361333925623	3.26429074014948	-8.20941022206813	64.8909499189074	4	2
4.48364603125113	-7.29876766647995	69.7356430550773	5.19609323031279	-8.60853165703945	66.0762411148358	3.67919606991809	-8.98619770684186	69.3791586674872	4	2
0.32504390011312	-2.43385784785773	29.6301006373543	0.23953	-1.8413	25.174	-1.66684932310046	-2.16405839412149	24.8056487757871	4	2
0.455175944607973	-2.95017381340051	34.5035514052621	0.32504390011312	-2.43385784785773	29.6301006373543	-1.77879814973995	-1.95962199120803	29.2831780897479	4	2
0.888028905980894	-3.76056292874218	39.1859073758785	0.455175944607973	-2.95017381340051	34.5035514052621	-2.82798982587853	-2.59291071513684	33.9276015705328	4	2
1.27150977370272	-4.47851740491776	43.3341842523937	0.888028905980894	-3.76056292874218	39.1859073758785	-2.04487498960336	-5.09152469746953	38.3872705798611	4	2
1.73955708193109	-5.35479752288247	48.3972525545322	1.27150977370272	-4.47851740491776	43.3341842523937	-3.06911543502038	-3.3154853254925	43.0471146099282	4	2
2.12856483283027	-6.08309945273952	52.6053160947734	1.73955708193109	-5.35479752288247	48.3972525545322	-0.652003568367498	-5.83474052083493	47.2374917107977	4	2
2.48992874369504	-6.7596464702608	56.5143443713413	2.12856483283027	-6.08309945273952	52.6053160947734	1.11112742056397	-5.81116543869638	51.9378730304396	4	2
2.87191275877805	-7.47479853269773	60.6464291514267	2.48992874369504	-6.7596464702608	56.5143443713413	2.06178873778036	-7.38881314415991	55.9105557975921	4	2
3.26429074014948	-8.20941022206813	64.8909499189074	2.87191275877805	-7.47479853269773	60.6464291514267	1.51446341280518	-7.89847420631779	59.5145629240392	4	2
3.67919606991809	-8.98619770684186	69.3791586674872	3.26429074014948	-8.20941022206813	64.8909499189074	2.21691728487706	-8.4213823391441	64.1318274605563	4	2
4.18794516585492	-9.93867988111054	74.8825156489199	3.67919606991809	-8.98619770684186	69.3791586674872	3.1530782013622	-9.37348056165931	68.7697048310479	4	2
-1.66684932310046	-2.16405839412149	24.8056487757871	-1.77879814973995	-1.95962199120803	29.2831780897479	0.32504390011312	-2.43385784785773	29.6301006373543	4	2
-1.77879814973995	-1.95962199120803	29.2831780897479	-2.82798982587853	-2.59291071513684	33.9276015705328	0.455175944607973	-2.95017381340051	34.5035514052621	4	2
-2.82798982587853	-2.59291071513684	33.9276015705328	-2.04487498960336	-5.09152469746953	38.3872705798611	0.888028905980894	-3.76056292874218	39.1859073758785	4	2
-2.04487498960336	-5.09152469746953	38.3872705798611	-3.06911543502038	-3.3154853254925	43.0471146099282	1.27150977370272	-4.47851740491776	43.3341842523937	4	2
-3.06911543502038	-3.3154853254925	43.0471146099282	-0.652003568367498	-5.83474052083493	47.2374917107977	1.73955708193109	-5.35479752288247	48.3972525545322	4	2
-0.652003568367498	-5.83474052083493	47.2374917107977	1.11112742056397	-5.81116543869638	51.9378730304396	2.12856483283027	-6.08309945273952	52.6053160947734	4	2
1.11112742056397	-5.81116543869638	51.9378730304396	2.06178873778036	-7.38881314415991	55.9105557975921	2.48992874369504	-6.7596464702608	56.5143443713413	4	2
2.06178873778036	-7.38881314415991	55.9105557975921	1.51446341280518	-7.89847420631779	59.5145629240392	2.87191275877805	-7.47479853269773	60.6464291514267	4	2
1.51446341280518	-7.89847420631779	59.5145629240392	2.21691728487706	-8.4213823391441	64.1318274605563	3.26429074014948	-8.20941022206813	64.8909499189074	4	2
2.21691728487706	-8.4213823391441	64.1318274605563	3.1530782013622	-9.37348056165931	68.7697048310479	3.67919606991809	-8.98619770684186	69.3791586674872	4	2
-0.096448	-0.21984	26.534	-0.189171017720754	0.00841078860406663	30.259965172756	0.731491600750431	1.27212534464641	26.3692509781901	5	2
-0.189171017720754	0.00841078860406663	30.259965172756	-0.305549992582322	0.29489405286845	34.9365170994971	2.6550802536355	1.89421210590163	29.9656522320498	5	2
-0.305549992582322	0.29489405286845	34.9365170994971	-0.426274359088772	0.592074111673376	39.7876834674936	1.32753301968586	0.305188853770872	34.3884790400382	5	2
-0.426274359088772	0.592074111673376	39.7876834674936	-0.520163630026206	0.823195797094248	43.5605131510774	0.690521807097693	0.461938393999887	40.0067889091805	5	2
-0.520163630026206	0.823195797094248	43.5605131510774	-0.624938236564625	1.08111327169691	47.7707572150385	2.60497210909422	1.69396509060043	43.3495158865005	5	2
-0.624938236564625	1.08111327169691	47.7707572150385	-0.782996692974344	1.47019645953826	54.1221499794089	2.37778793415836	1.5936303130269	46.6164145932395	5	2
-0.782996692974344	1.47019645953826	54.1221499794089	-0.870330031158417	1.68517979163788	57.6315372328993	0.998831038580503	0.867071645646698	52.8930906301786	5	2
2.6550802536355	1.89421210590163	29.9656522320498	0.731491600750431	1.27212534464641	26.3692509781901	-0.189171017720754	0.00841078860406663	30.259965172756	5	2
1.32753301968586	0.305188853770872	34.3884790400382	2.6550802536355	1.89421210590163	29.9656522320498	-0.305549992582322	0.29489405286845	34.9365170994971	5	2
0.690521807097693	0.461938393999887	40.0067889091805	1.32753301968586	0.305188853770872	34.3884790400382	-0.426274359088772	0.592074111673376	39.7876834674936	5	2
2.60497210909422	1.69396509060043	43.3495158865005	0.690521807097693	0.461938393999887	40.0067889091805	-0.520163630026206	0.823195797094248	43.5605131510774	5	2
2.37778793415836	1.5936303130269	46.6164145932395	2.60497210909422	1.69396509060043	43.3495158865005	-0.624938236564625	1.08111327169691	47.7707572150385	5	2
0.998831038580503	0.867071645646698	52.8930906301786	2.37778793415836	1.5936303130269	46.6164145932395	-0.782996692974344	1.47019645953826	54.1221499794089	5	2
-0.189171017720754	0.00841078860406663	30.259965172756	-0.096448	-0.21984	26.534	-1.19750856662671	0.344913209946487	26.888038510446	5	2
-0.305549992582322	0.29489405286845	34.9365170994971	-0.189171017720754	0.00841078860406663	30.259965172756	-2.11194488650397	-2.23676604239157	30.138210654627	5	2
-0.426274359088772	0.592074111673376	39.7876834674936	-0.305549992582322	0.29489405286845	34.9365170994971	-2.68869144212314	-1.42597305995496	35.3533377101719	5	2
-0.520163630026206	0.823195797094248	43.5605131510774	-0.426274359088772	0.592074111673376	39.7876834674936	-2.87189444755749	-0.956299748142319	40.0005222400839	5	2
-0.624938236564625	1.08111327169691	47.7707572150385	-0.520163630026206	0.823195797094248	43.5605131510774	-2.04021538641305	-1.8152642144937	43.702149146349	5	2
-0.782996692974344	1.47019645953826	54.1221499794089	-0.624938236564625	1.08111327169691	47.7707572150385	-1.36694774344849	-0.887785358337614	47.9891094221309	5	2
-0.870330031158417	1.68517979163788	57.6315372328993	-0.782996692974344	1.47019645953826	54.1221499794089	-1.44570854112623	1.31186595484003	54.1965681734284	5	2
-1.19750856662671	0.344913209946487	26.888038510446	-2.11194488650397	-2.23676604239157	30.138210654627	-0.189171017720754	0.00841078860406663	30.259965172756	5	2
-2.11194488650397	-2.23676604239157	30.138210654627	-2.68869144212314	-1.42597305995496	35.3533377101719	-0.305549992582322	0.29489405286845	34.9365170994971	5	2
-2.68869144212314	-1.42597305995496	35.3533377101719	-2.87189444755749	-0.956299748142319	40.0005222400839	-0.426274359088772	0.592074111673376	39.7876834674936	5	2
-2.87189444755749	-0.956299748142319	40.0005222400839	-2.04021538641305	-1.8152642144937	43.702149146349	-0.520163630026206	0.823195797094248	43.5605131510774	5	2
-2.04021538641305	-1.8152642144937	43.702149146349	-1.36694774344849	-0.887785358337614	47.9891094221309	-0.624938236564625	1.08111327169691	47.7707572150385	5	2
-1.36694774344849	-0.887785358337614	47.9891094221309	-1.44570854112623	1.31186595484003	54.1965681734284	-0.782996692974344	1.47019645953826	54.1221499794089	5	2
0.66812	-1.503	30.237	0.826319764550584	-0.914762222145224	34.6655631089102	2.02095562488243	-0.834410098011806	30.2840152890917	6	2
0.826319764550584	-0.914762222145224	34.6655631089102	0.816440672568278	-0.670500529832969	39.048489668198	2.22866481650879	-2.08943663642552	34.6124354731301	6	2
0.816440672568278	-0.670500529832969	39.048489668198	0.807170111363109	-0.441284831394821	43.1614373964319	2.68104128152658	-0.730076254027521	39.4667303441957	6	2
0.807170111363109	-0.441284831394821	43.1614373964319	0.796464229545812	-0.176580664749584	47.9111749068903	2.3743355871544	2.31823297383128	42.8345825293609	6	2
0.796464229545812	-0.176580664749584	47.9111749068903	0.786149638930975	0.0784487816409092	52.4873134057443	1.94653737523437	3.08840151477463	48.0849551904536	6	2
0.786149638930975	0.0784487816409092	52.4873134057443	0.774997914948862	0.354176447396895	57.4348518344368	2.65990207697028	2.04123344263368	53.1780182453924	6	2
0.774997914948862	0.354176447396895	57.4348518344368	0.766302223176253	0.569178432600339	61.292754816797	1.84718751155578	2.04619608192899	57.8976120588358	6	2
0.766302223176253	0.569178432600339	61.292754816797	0.747862324883949	1.02510705144619	69.4737415026845	1.58264446075204	3.48361788144391	62.5831847490963	6	2
0.747862324883949	1.02510705144619	69.4737415026845	0.743278033032828	1.13845419788572	71.5075938593373	0.19629948155676	2.4315421881776	70.1077128238246	6	2
2.22866481650879	-2.08943663642552	34.6124354731301	2.02095562488243	-0.834410098011806	30.2840152890917	0.826319764550584	-0.914762222145224	34.6655631089102	6	2
2.68104128152658	-0.730076254027521	39.4667303441957	2.22866481650879	-2.08943663642552	34.6124354731301	0.816440672568278	-0.670500529832969	39.048489668198	6	2
2.3743355871544	2.31823297383128	42.8345825293609	2.68104128152658	-0.730076254027521	39.4667303441957	0.807170111363109	-0.441284831394821	43.1614373964319	6	2
1.94653737523437	3.08840151477463	48.0849551904536	2.3743355871544	2.31823297383128	42.8345825293609	0.796464229545812	-0.176580664749584	47.9111749068903	6	2
2.65990207697028	2.04123344263368	53.1780182453924	1.94653737523437	3.08840151477463	48.0849551904536	0.786149638930975	0.0784487816409092	52.4873134057443	6	2
1.84718751155578	2.04619608192899	57.8976120588358	2.65990207697028	2.04123344263368	53.1780182453924	0.774997914948862	0.354176447396895	57.4348518344368	6	2
1.58264446075204	3.48361788144391	62.5831847490963	1.84718751155578	2.04619608192899	57.8976120588358	0.766302223176253	0.569178432600339	61.292754816797	6	2
0.19629948155676	2.4315421881776	70.1077128238246	1.58264446075204	3.48361788144391	62.5831847490963	0.747862324883949	1.02510705144619	69.4737415026845	6	2
0.826319764550584	-0.914762222145224	34.6655631089102	0.66812	-1.503	30.237	-2.92023452908593	-0.994261351052248	30.6369695201578	6	2
0.816440672568278	-0.670500529832969	39.048489668198	0.826319764550584	-0.914762222145224	34.6655631089102	-1.20298070328721	-0.162680941410643	34.7358849291508	6	2
0.807170111363109	-0.441284831394821	43.1614373964319	0.816440672568278	-0.670500529832969	39.048489668198	-2.47655557412199	-0.46174186057504	39.045408403283	6	2
0.796464229545812	-0.176580664749584	47.9111749068903	0.807170111363109	-0.441284831394821	43.1614373964319	-3.06103226211973	-1.0704696589557	42.3653310087243	6	2
0.786149638930975	0.0784487816409092	52.4873134057443	0.796464229545812	-0.176580664749584	47.9111749068903	-2.38739173945132	-0.920583786348072	46.8777637332846	6	2
0.774997914948862	0.354176447396895	57.4348518344368	0.786149638930975	0.0784487816409092	52.4873134057443	-1.78974417817268	0.697730651172737	50.906254794694	6	2
0.766302223176253	0.569178432600339	61.292754816797	0.774997914948862	0.354176447396895	57.4348518344368	-0.827206138445967	0.0425719350209355	56.2695595281239	6	2
0.747862324883949	1.02510705144619	69.4737415026845	0.766302223176253	0.569178432600339	61.292754816797	0.439474150689205	0.355694516973913	60.3339866546205	6	2
0.743278033032828	1.13845419788572	71.5075938593373	0.747862324883949	1.02510705144619	69.4737415026845	-0.262441103346288	1.93024199301799	68.436081919559	6	2
-2.92023452908593	-0.994261351052248	30.6369695201578	-1.20298070328721	-0.162680941410643	34.7358849291508	0.826319764550584	-0.914762222145224	34.6655631089102	6	2
-1.20298070328721	-0.162680941410643	34.7358849291508	-2.47655557412199	-0.46174186057504	39.045408403283	0.816440672568278	-0.670500529832969	39.048489668198	6	2
-2.47655557412199	-0.46174186057504	39.045408403283	-3.06103226211973	-1.0704696589557	42.3653310087243	0.807170111363109	-0.441284831394821	43.1614373964319	6	2
-3.06103226211973	-1.0704696589557	42.3653310087243	-2.38739173945132	-0.920583786348072	46.8777637332846	0.796464229545812	-0.176580664749584	47.9111749068903	6	2
-2.38739173945132	-0.920583786348072	46.8777637332846	-1.78974417817268	0.697730651172737	50.906254794694	0.786149638930975	0.0784487816409092	52.4873134057443	6	2
-1.78974417817268	0.697730651172737	50.906254794694	-0.827206138445967	0.0425719350209355	56.2695595281239	0.774997914948862	0.354176447396895	57.4348518344368	6	2
-0.827206138445967	0.0425719350209355	56.2695595281239	0.439474150689205	0.355694516973913	60.3339866546205	0.766302223176253	0.569178432600339	61.292754816797	6	2
0.439474150689205	0.355694516973913	60.3339866546205	-0.262441103346288	1.93024199301799	68.436081919559	0.747862324883949	1.02510705144619	69.4737415026845	6	2
0.48025	-0.065238	32.487	0.48025	-0.0652379999999998	36.5079518069164	0.89608979090416	-0.034704529059744	32.5882347008546	7	2
0.48025	-0.0652379999999998	36.5079518069164	0.48025	-0.065238	41.1136476283965	2.29652576765665	0.904610640369078	35.568272464695	7	2
2.29652576765665	0.904610640369078	35.568272464695	0.89608979090416	-0.034704529059744	32.5882347008546	0.48025	-0.0652379999999998	36.5079518069164	7	2
0.48025	-0.0652379999999998	36.5079518069164	0.48025	-0.065238	32.487	-3.54086856736165	-1.454845237716	33.2821715025393	7	2
0.48025	-0.065238	41.1136476283965	0.48025	-0.0652379999999998	36.5079518069164	-1.38131788472932	0.253580969065893	37.5368504975114	7	2
-3.54086856736165	-1.454845237716	33.2821715025393	-1.38131788472932	0.253580969065893	37.5368504975114	0.48025	-0.0652379999999998	36.5079518069164	7	2
1.6541	2.9057	32.832	1.20694255381046	3.64504498368638	37.9374557224028	2.99329304685269	2.7053495429712	32.9876885597266	8	2
1.20694255381046	3.64504498368638	37.9374557224028	1.84269414743869	4.16759890945485	42.7698236591252	2.72936971143839	1.19724108959665	37.7443073447339	8	2
1.84269414743869	4.16759890945485	42.7698236591252	2.31888783397994	4.55900473969143	46.3893869061144	4.38805520873147	2.47590967970231	43.4205996863371	8	2
2.31888783397994	4.55900473969143	46.3893869061144	3.12140523088004	5.21863126749037	52.4893469790572	4.64401701401689	2.69655541359819	47.7257207767753	8	2
3.12140523088004	5.21863126749037	52.4893469790572	3.65559614337484	5.65770772633324	56.5497489717543	4.7357521427463	3.36223780111369	53.9345683413896	8	2
3.65559614337484	5.65770772633324	56.5497489717543	4.27051466966319	6.16313798110605	61.223764105832	5.66805368405636	4.21323576026183	58.8166940959661	8	2
4.27051466966319	6.16313798110605	61.223764105832	4.96759563487551	6.7361013815929	66.5222985324108	5.89273419985508	4.98799518399717	62.6123091005178	8	2
4.96759563487551	6.7361013815929	66.5222985324108	5.51617132089757	7.18700135759766	70.6920396428809	5.62389740293132	4.88552240414514	67.6394253996355	8	2
5.51617132089757	7.18700135759766	70.6920396428809	5.97034922599582	7.56031138888194	74.144260239984	6.22837500722858	6.16314200569582	70.7134857777224	8	2
2.72936971143839	1.19724108959665	37.7443073447339	2.99329304685269	2.7053495429712	32.9876885597266	1.20694255381046	3.64504498368638	37.9374557224028	8	2
4.38805520873147	2.47590967970231	43.4205996863371	2.72936971143839	1.19724108959665	37.7443073447339	1.84269414743869	4.16759890945485	42.7698236591252	8	2
4.64401701401689	2.69655541359819	47.7257207767753	4.38805520873147	2.47590967970231	43.4205996863371	2.31888783397994	4.55900473969143	46.3893869061144	8	2
4.7357521427463	3.36223780111369	53.9345683413896	4.64401701401689	2.69655541359819	47.7257207767753	3.12140523088004	5.21863126749037	52.4893469790572	8	2
5.66805368405636	4.21323576026183	58.8166940959661	4.7357521427463	3.36223780111369	53.9345683413896	3.65559614337484	5.65770772633324	56.5497489717543	8	2
5.89273419985508	4.98799518399717	62.6123091005178	5.66805368405636	4.21323576026183	58.8166940959661	4.27051466966319	6.16313798110605	61.223764105832	8	2
5.62389740293132	4.88552240414514	67.6394253996355	5.89273419985508	4.98799518399717	62.6123091005178	4.96759563487551	6.7361013815929	66.5222985324108	8	2
6.22837500722858	6.16314200569582	70.7134857777224	5.62389740293132	4.88552240414514	67.6394253996355	5.51617132089757	7.18700135759766	70.6920396428809	8	2
1.20694255381046	3.64504498368638	37.9374557224028	1.6541	2.9057	32.832	0.312661995619527	0.432495948582004	33.0342160541434	8	2
1.84269414743869	4.16759890945485	42.7698236591252	1.20694255381046	3.64504498368638	37.9374557224028	-1.20039312197543	3.58419928321574	37.5698085712881	8	2
2.31888783397994	4.55900473969143	46.3893869061144	1.84269414743869	4.16759890945485	42.7698236591252	-0.596212520422403	5.04488584515892	42.0945051062143	8	2
3.12140523088004	5.21863126749037	52.4893469790572	2.31888783397994	4.55900473969143	46.3893869061144	-1.15816766181657	5.25422939835667	45.0423890161253	8	2
3.65559614337484	5.65770772633324	56.5497489717543	3.12140523088004	5.21863126749037	52.4893469790572	0.254162219066661	5.8807525175816	50.6276832603945	8	2
4.27051466966319	6.16313798110605	61.223764105832	3.65559614337484	5.65770772633324	56.5497489717543	2.21884481802077	7.17107533134025	54.6743042748334	8	2
4.96759563487551	6.7361013815929	66.5222985324108	4.27051466966319	6.16313798110605	61.223764105832	2.20969899301124	6.96807583750244	59.429637846561	8	2
5.51617132089757	7.18700135759766	70.6920396428809	4.96759563487551	6.7361013815929	66.5222985324108	3.7090103434094	6.48054514654936	66.4401823048091	8	2
5.97034922599582	7.56031138888194	74.144260239984	5.51617132089757	7.18700135759766	70.6920396428809	4.99357482708372	7.11623059283548	71.1532807983609	8	2
0.312661995619527	0.432495948582004	33.0342160541434	-1.20039312197543	3.58419928321574	37.5698085712881	1.20694255381046	3.64504498368638	37.9374557224028	8	2
-1.20039312197543	3.58419928321574	37.5698085712881	-0.596212520422403	5.04488584515892	42.0945051062143	1.84269414743869	4.16759890945485	42.7698236591252	8	2
-0.596212520422403	5.04488584515892	42.0945051062143	-1.15816766181657	5.25422939835667	45.0423890161253	2.31888783397994	4.55900473969143	46.3893869061144	8	2
-1.15816766181657	5.25422939835667	45.0423890161253	0.254162219066661	5.8807525175816	50.6276832603945	3.12140523088004	5.21863126749037	52.4893469790572	8	2
0.254162219066661	5.8807525175816	50.6276832603945	2.21884481802077	7.17107533134025	54.6743042748334	3.65559614337484	5.65770772633324	56.5497489717543	8	2
2.21884481802077	7.17107533134025	54.6743042748334	2.20969899301124	6.96807583750244	59.429637846561	4.27051466966319	6.16313798110605	61.223764105832	8	2
2.20969899301124	6.96807583750244	59.429637846561	3.7090103434094	6.48054514654936	66.4401823048091	4.96759563487551	6.7361013815929	66.5222985324108	8	2
3.7090103434094	6.48054514654936	66.4401823048091	4.99357482708372	7.11623059283548	71.1532807983609	5.51617132089757	7.18700135759766	70.6920396428809	8	2
