-0.3475	-0.70784	0.031499	-0.41155	-0.34074	1.0263	-0.22515	-0.60134	1.8261	0	0
-0.41155	-0.34074	0	-0.087748	-0.21784	1.0423	-0.37868	0.45443	1.0936	0	0
-0.41155	-0.34074	0	-0.087748	-0.21784	1.0423	-0.1292	-0.21974	1.7978	0	0
-0.41155	-0.34074	0	-0.37868	0.45443	1.0936	-0.36431	0.45368	1.7658	0	0
-0.41155	-0.34074	0	-0.22515	-0.60134	1.8261	-0.1292	-0.21974	1.7978	0	0
-0.087748	-0.21784	0.015999	-0.37868	0.45443	1.0936	0.077885	0.65153	1.042	0	0
-0.087748	-0.21784	0.015999	0.077885	0.65153	1.042	0.58995	0.54246	1.7331	0	0
-0.087748	-0.21784	0.015999	-0.1292	-0.21974	1.7978	0.58995	0.54246	1.7331	0	0
-0.37868	0.45443	0.0673	0.077885	0.65153	1.042	0.090202	1.1281	1.0615	0	0
-0.37868	0.45443	0.0673	-0.36431	0.45368	1.7658	-0.23335	1.161	2.1406	0	0
-0.37868	0.45443	0.0673	0.090202	1.1281	1.0615	-0.23335	1.161	2.1406	0	0
-0.22515	-0.60134	0.79975	-0.1292	-0.21974	1.7978	0.21832	-0.029304	2.3827	0	0
-0.22515	-0.60134	0.79975	-0.15305	-0.60444	2.5182	0.21832	-0.029304	2.3827	0	0
0.077885	0.65153	0.015633	0.090202	1.1281	1.0615	0.65045	1.0875	1.0299	0	0
0.077885	0.65153	0.015633	0.65045	1.0875	1.0299	0.58995	0.54246	1.7331	0	0
-0.1292	-0.21974	0.77145	-0.36431	0.45368	1.7658	-0.53225	-0.15794	2.129	0	0
-0.1292	-0.21974	0.77145	-0.36431	0.45368	1.7658	0.17911	0.61674	1.8577	0	0
-0.1292	-0.21974	0.77145	-0.53225	-0.15794	2.129	-0.15305	-0.60444	2.5182	0	0
-0.1292	-0.21974	0.77145	0.58995	0.54246	1.7331	0.21832	-0.029304	2.3827	0	0
-0.36431	0.45368	0.7395	-0.53225	-0.15794	2.129	-0.33152	0.41281	2.5918	0	0
-0.36431	0.45368	0.7395	-0.33152	0.41281	2.5918	-0.23335	1.161	2.1406	0	0
0.090202	1.1281	0.03515	0.65045	1.0875	1.0299	0.2262	1.2084	1.817	0	0
0.090202	1.1281	0.03515	0.2262	1.2084	1.817	-0.23335	1.161	2.1406	0	0
-0.53225	-0.15794	1.1027	-0.33152	0.41281	2.5918	-0.13415	-0.24834	3.0499	0	0
0.65045	1.0875	0.003549	0.58995	0.54246	1.7331	0.65255	1.1118	1.7913	0	0
0.65045	1.0875	0.003549	0.2262	1.2084	1.817	0.65255	1.1118	1.7913	0	0
0.58995	0.54246	0.7068	0.17911	0.61674	1.8577	0.21832	-0.029304	2.3827	0	0
0.58995	0.54246	0.7068	0.17911	0.61674	1.8577	0.65255	1.1118	1.7913	0	0
0.17911	0.61674	0.83138	0.21832	-0.029304	2.3827	0.1928	0.65786	2.5434	0	0
0.17911	0.61674	0.83138	0.2262	1.2084	1.817	0.65255	1.1118	1.7913	0	0
0.17911	0.61674	0.83138	0.2262	1.2084	1.817	-0.23335	1.161	2.1406	0	0
0.17911	0.61674	0.83138	0.1928	0.65786	2.5434	-0.23335	1.161	2.1406	0	0
-0.15305	-0.60444	1.4919	0.21832	-0.029304	2.3827	-0.13415	-0.24834	3.0499	0	0
-0.15305	-0.60444	1.4919	-0.13415	-0.24834	3.0499	-0.20925	-0.38654	3.2845	0	0
0.21832	-0.029304	1.3563	0.1928	0.65786	2.5434	0.019302	0.37346	3.2258	0	0
0.21832	-0.029304	1.3563	-0.13415	-0.24834	3.0499	0.019302	0.37346	3.2258	0	0
-0.33152	0.41281	1.5654	0.019302	0.37346	3.2258	-0.19325	0.5944	3.2322	0	0
-0.33152	0.41281	1.5654	-0.19325	0.5944	3.2322	-0.24735	1.2865	3.1824	0	0
-0.33152	0.41281	1.5654	-0.23335	1.161	2.1406	-0.24735	1.2865	3.1824	0	0
0.1928	0.65786	1.5171	0.19635	1.1336	2.5602	0.59565	1.1524	2.462	0	0
0.1928	0.65786	1.5171	0.19635	1.1336	2.5602	-0.23335	1.161	2.1406	0	0
0.1928	0.65786	1.5171	0.59565	1.1524	2.462	0.58445	0.89706	3.0215	0	0
0.1928	0.65786	1.5171	0.019302	0.37346	3.2258	0.58445	0.89706	3.0215	0	0
-0.13415	-0.24834	2.0236	-0.20925	-0.38654	3.2845	0.019302	0.37346	3.2258	0	0
0.19635	1.1336	1.5339	0.58445	0.89706	3.0215	0.088202	1.1438	3.2618	0	0
0.19635	1.1336	1.5339	0.088202	1.1438	3.2618	-0.24735	1.2865	3.1824	0	0
0.19635	1.1336	1.5339	-0.23335	1.161	2.1406	-0.24735	1.2865	3.1824	0	0
-0.20925	-0.38654	2.2582	0.019302	0.37346	3.2258	-0.16545	-0.28084	4.0561	0	0
-0.20925	-0.38654	2.2582	-0.35048	-0.63784	3.8856	-0.16545	-0.28084	4.0561	0	0
0.019302	0.37346	2.1995	-0.19325	0.5944	3.2322	0.19198	0.45409	3.8968	0	0
0.019302	0.37346	2.1995	0.58445	0.89706	3.0215	0.5727	0.89226	3.8548	0	0
0.019302	0.37346	2.1995	-0.16545	-0.28084	4.0561	0.19198	0.45409	3.8968	0	0
-0.19325	0.5944	2.2059	0.19198	0.45409	3.8968	-0.17965	0.74516	4.0608	0	0
-0.19325	0.5944	2.2059	-0.24735	1.2865	3.1824	-0.17965	0.74516	4.0608	0	0
0.58445	0.89706	1.9952	0.088202	1.1438	3.2618	0.5727	0.89226	3.8548	0	0
0.088202	1.1438	2.2354	-0.24735	1.2865	3.1824	0.11245	1.1443	4.0705	0	0
0.088202	1.1438	2.2354	0.5727	0.89226	3.8548	0.11245	1.1443	4.0705	0	0
-0.35048	-0.63784	2.8592	-0.16545	-0.28084	4.0561	-0.2666	-0.57164	4.7374	0	0
-0.16545	-0.28084	3.0298	0.19198	0.45409	3.8968	0.12835	-0.030738	4.352	0	0
-0.16545	-0.28084	3.0298	0.12835	-0.030738	4.352	-0.15805	-0.24374	4.5619	0	0
-0.16545	-0.28084	3.0298	-0.15805	-0.24374	4.5619	-0.2666	-0.57164	4.7374	0	0
0.19198	0.45409	2.8704	0.5727	0.89226	3.8548	0.2311	0.63296	4.6118	0	0
0.19198	0.45409	2.8704	-0.17965	0.74516	4.0608	-0.1763	0.49556	4.57	0	0
0.19198	0.45409	2.8704	0.12835	-0.030738	4.352	0.2311	0.63296	4.6118	0	0
-0.24735	1.2865	2.1561	-0.17965	0.74516	4.0608	-0.41335	1.134	4.6148	0	0
-0.24735	1.2865	2.1561	0.11245	1.1443	4.0705	-0.41335	1.134	4.6148	0	0
0.5727	0.89226	2.8285	0.11245	1.1443	4.0705	0.23795	1.2918	4.5479	0	0
0.5727	0.89226	2.8285	0.2311	0.63296	4.6118	0.60185	0.89616	4.6843	0	0
0.5727	0.89226	2.8285	0.23795	1.2918	4.5479	0.60185	0.89616	4.6843	0	0
-0.17965	0.74516	3.0345	-0.1763	0.49556	4.57	-0.41335	1.134	4.6148	0	0
0.12835	-0.030738	3.3257	-0.1763	0.49556	4.57	-0.15805	-0.24374	4.5619	0	0
0.12835	-0.030738	3.3257	0.2311	0.63296	4.6118	-0.13315	-0.26594	5.0635	0	0
0.11245	1.1443	3.0442	-0.41335	1.134	4.6148	0.23795	1.2918	4.5479	0	0
-0.1763	0.49556	3.5437	-0.15805	-0.24374	4.5619	-0.13315	-0.26594	5.0635	0	0
-0.1763	0.49556	3.5437	-0.13315	-0.26594	5.0635	-0.39075	0.5507	5.3515	0	0
-0.1763	0.49556	3.5437	-0.41335	1.134	4.6148	-0.39075	0.5507	5.3515	0	0
-0.15805	-0.24374	3.5356	-0.2666	-0.57164	4.7374	-0.13315	-0.26594	5.0635	0	0
-0.2666	-0.57164	3.7111	-0.13315	-0.26594	5.0635	-0.40125	-0.59064	5.3859	0	0
0.2311	0.63296	3.5854	-0.13315	-0.26594	5.0635	0.035852	0.38686	5.6041	0	0
0.2311	0.63296	3.5854	0.035852	0.38686	5.6041	0.60185	0.89616	4.6843	0	0
-0.13315	-0.26594	4.0372	-0.36955	-0.2854	5.3799	-0.40125	-0.59064	5.3859	0	0
-0.13315	-0.26594	4.0372	-0.36955	-0.2854	5.3799	0.035852	0.38686	5.6041	0	0
-0.41335	1.134	3.5884	0.23795	1.2918	4.5479	-0.40672	1.1238	5.295	0	0
-0.41335	1.134	3.5884	-0.39075	0.5507	5.3515	-0.40672	1.1238	5.295	0	0
0.23795	1.2918	3.5216	0.2735	1.0969	5.3112	0.60185	0.89616	4.6843	0	0
0.23795	1.2918	3.5216	0.2735	1.0969	5.3112	-0.40672	1.1238	5.295	0	0
-0.36955	-0.2854	4.3535	-0.40125	-0.59064	5.3859	-0.32761	-0.32944	6.058	0	0
-0.36955	-0.2854	4.3535	0.035852	0.38686	5.6041	-0.32761	-0.32944	6.058	0	0
-0.40125	-0.59064	4.3596	-0.32761	-0.32944	6.058	-0.45215	-0.71554	6.0998	0	0
-0.39075	0.5507	4.3252	0.035852	0.38686	5.6041	0.2735	1.0969	5.3112	0	0
-0.39075	0.5507	4.3252	0.2735	1.0969	5.3112	-0.40672	1.1238	5.295	0	0
0.035852	0.38686	4.5778	0.2735	1.0969	5.3112	0.32645	1.112	6.0266	0	0
0.035852	0.38686	4.5778	-0.32761	-0.32944	6.058	-0.1037	0.50781	6.0765	0	0
0.035852	0.38686	4.5778	0.32645	1.112	6.0266	-0.1037	0.50781	6.0765	0	0
0.2735	1.0969	4.2849	0.60185	0.89616	4.6843	0.32645	1.112	6.0266	0	0
-0.32761	-0.32944	5.0317	-0.45215	-0.71554	6.0998	-0.3167	-0.29826	6.6523	0	0
-0.32761	-0.32944	5.0317	-0.1037	0.50781	6.0765	-0.3167	-0.29826	6.6523	0	0
0.32645	1.112	5.0003	-0.1037	0.50781	6.0765	0.30095	1.1021	6.8031	0	0
-0.45215	-0.71554	5.0735	-0.3167	-0.29826	6.6523	-0.59195	-0.91369	6.7385	0	0
-0.1037	0.50781	5.0502	-0.3167	-0.29826	6.6523	-0.13598	0.39563	6.7364	0	0
-0.1037	0.50781	5.0502	-0.13598	0.39563	6.7364	0.30095	1.1021	6.8031	0	0
-0.3167	-0.29826	5.6259	-0.13598	0.39563	6.7364	-0.42788	-0.25034	7.4039	0	0
-0.3167	-0.29826	5.6259	-0.59195	-0.91369	6.7385	-0.42788	-0.25034	7.4039	0	0
-0.13598	0.39563	5.7101	0.30095	1.1021	6.8031	-0.11615	0.77816	7.5529	0	0
-0.13598	0.39563	5.7101	-0.42788	-0.25034	7.4039	-0.11615	0.77816	7.5529	0	0
-0.59195	-0.91369	5.7121	-0.42788	-0.25034	7.4039	-0.56585	-0.73734	7.548	0	0
-0.59195	-0.91369	5.7121	-0.94701	-1.0701	7.415	-0.56585	-0.73734	7.548	0	0
0.30095	1.1021	5.7767	-0.11615	0.77816	7.5529	0.2734	1.0952	7.5373	0	0
-0.42788	-0.25034	6.3776	-0.56585	-0.73734	7.548	-0.4124	-0.22374	8.0443	0	0
-0.42788	-0.25034	6.3776	-0.54988	0.3956	7.5862	-0.11615	0.77816	7.5529	0	0
-0.42788	-0.25034	6.3776	-0.54988	0.3956	7.5862	-0.4124	-0.22374	8.0443	0	0
-0.94701	-1.0701	6.3887	-0.56585	-0.73734	7.548	-0.62795	-0.78214	8.0021	0	0
-0.94701	-1.0701	6.3887	-0.62795	-0.78214	8.0021	-1.0538	-0.90764	8.1021	0	0
-0.56585	-0.73734	6.5217	-0.4124	-0.22374	8.0443	-0.62795	-0.78214	8.0021	0	0
-0.54988	0.3956	6.5599	-0.11615	0.77816	7.5529	-0.51378	1.1669	7.4114	0	0
-0.54988	0.3956	6.5599	-0.51378	1.1669	7.4114	-0.4791	1.2056	8.0208	0	0
-0.54988	0.3956	6.5599	-0.4124	-0.22374	8.0443	-0.4438	0.46864	8.0486	0	0
-0.54988	0.3956	6.5599	-0.4438	0.46864	8.0486	-0.4791	1.2056	8.0208	0	0
-0.11615	0.77816	6.5266	-0.51378	1.1669	7.4114	0.2734	1.0952	7.5373	0	0
-0.51378	1.1669	6.385	0.2734	1.0952	7.5373	0.026352	1.5502	7.4657	0	0
-0.51378	1.1669	6.385	0.026352	1.5502	7.4657	-0.28695	1.5502	7.7489	0	0
-0.51378	1.1669	6.385	-0.28695	1.5502	7.7489	-0.4791	1.2056	8.0208	0	0
0.2734	1.0952	6.511	-0.4124	-0.22374	8.0443	0.2581	1.0921	8.0847	0	0
0.2734	1.0952	6.511	0.026352	1.5502	7.4657	0.2581	1.0921	8.0847	0	0
-0.4124	-0.22374	7.0179	-0.62795	-0.78214	8.0021	-0.89135	-0.40644	8.3197	0	0
-0.4124	-0.22374	7.0179	-0.4438	0.46864	8.0486	-0.89135	-0.40644	8.3197	0	0
-0.4124	-0.22374	7.0179	0.2581	1.0921	8.0847	0.18565	0.81736	8.7878	0	0
-0.4124	-0.22374	7.0179	0.18565	0.81736	8.7878	-0.4245	-0.22426	8.8192	0	0
-0.62795	-0.78214	6.9758	-1.0538	-0.90764	8.1021	-0.89135	-0.40644	8.3197	0	0
-0.4438	0.46864	7.0223	-0.4791	1.2056	8.0208	-0.46324	0.48506	8.815	0	0
-0.4438	0.46864	7.0223	-0.89135	-0.40644	8.3197	-0.46324	0.48506	8.815	0	0
-1.0538	-0.90764	7.0758	-0.89135	-0.40644	8.3197	-0.54655	-0.74849	8.802	0	0
-1.0538	-0.90764	7.0758	-0.54655	-0.74849	8.802	-0.85995	-1.0273	9.7054	0	0
0.026352	1.5502	6.4394	-0.28695	1.5502	7.7489	-0.034448	1.5586	8.1141	0	0
0.026352	1.5502	6.4394	0.2581	1.0921	8.0847	-0.034448	1.5586	8.1141	0	0
-0.28695	1.5502	6.7226	-0.31265	1.5695	7.8874	-0.4791	1.2056	8.0208	0	0
-0.28695	1.5502	6.7226	-0.31265	1.5695	7.8874	-0.034448	1.5586	8.1141	0	0
0.2581	1.0921	7.0584	-0.034448	1.5586	8.1141	0.038052	1.586	8.4944	0	0
0.2581	1.0921	7.0584	0.038052	1.586	8.4944	0.15865	1.3202	8.8175	0	0
0.2581	1.0921	7.0584	0.18565	0.81736	8.7878	0.15865	1.3202	8.8175	0	0
-0.31265	1.5695	6.8611	-0.4791	1.2056	8.0208	-0.16725	1.5609	8.5345	0	0
-0.31265	1.5695	6.8611	-0.034448	1.5586	8.1141	-0.16725	1.5609	8.5345	0	0
-0.4791	1.2056	6.9945	-0.16725	1.5609	8.5345	-0.43757	1.192	8.8144	0	0
-0.4791	1.2056	6.9945	-0.46324	0.48506	8.815	-0.43757	1.192	8.8144	0	0
-0.89135	-0.40644	7.2934	-0.54655	-0.74849	8.802	-0.4245	-0.22426	8.8192	0	0
-0.89135	-0.40644	7.2934	-0.4245	-0.22426	8.8192	-0.46324	0.48506	8.815	0	0
-0.034448	1.5586	7.0878	0.038052	1.586	8.4944	-0.16725	1.5609	8.5345	0	0
0.038052	1.586	7.4681	-0.16725	1.5609	8.5345	-0.2822	1.5457	9.3801	0	0
0.038052	1.586	7.4681	0.15865	1.3202	8.8175	-0.2822	1.5457	9.3801	0	0
-0.16725	1.5609	7.5082	-0.43757	1.192	8.8144	-0.2822	1.5457	9.3801	0	0
0.18565	0.81736	7.7615	-0.4245	-0.22426	8.8192	0.099852	0.53146	9.6678	0	0
0.18565	0.81736	7.7615	0.15865	1.3202	8.8175	0.1686	1.0787	9.5365	0	0
0.18565	0.81736	7.7615	0.1686	1.0787	9.5365	0.099852	0.53146	9.6678	0	0
-0.54655	-0.74849	7.7756	-0.4245	-0.22426	8.8192	-0.54215	-0.73694	9.5497	0	0
-0.54655	-0.74849	7.7756	-0.54215	-0.73694	9.5497	-0.85995	-1.0273	9.7054	0	0
-0.4245	-0.22426	7.7929	-0.54215	-0.73694	9.5497	-0.40325	-0.23239	9.5557	0	0
-0.4245	-0.22426	7.7929	-0.40325	-0.23239	9.5557	0.099852	0.53146	9.6678	0	0
-0.46324	0.48506	7.7886	-0.43757	1.192	8.8144	-0.50717	0.49754	9.5691	0	0
-0.46324	0.48506	7.7886	-0.40325	-0.23239	9.5557	-0.50717	0.49754	9.5691	0	0
-0.43757	1.192	7.7881	-0.2822	1.5457	9.3801	-0.4315	1.1788	9.5592	0	0
-0.43757	1.192	7.7881	-0.50717	0.49754	9.5691	-0.4315	1.1788	9.5592	0	0
0.15865	1.3202	7.7912	-0.2822	1.5457	9.3801	0.1686	1.0787	9.5365	0	0
-0.54215	-0.73694	8.5234	-0.40325	-0.23239	9.5557	-0.39457	-0.35364	10.274	0	0
-0.54215	-0.73694	8.5234	-0.85995	-1.0273	9.7054	-0.65628	-0.8273	10.225	0	0
-0.54215	-0.73694	8.5234	-0.65628	-0.8273	10.225	-0.39457	-0.35364	10.274	0	0
-0.40325	-0.23239	8.5294	-0.50717	0.49754	9.5691	-0.50472	0.53016	10.263	0	0
-0.40325	-0.23239	8.5294	-0.39457	-0.35364	10.274	-0.50472	0.53016	10.263	0	0
-0.2822	1.5457	8.3537	0.1686	1.0787	9.5365	-0.016698	1.5936	10.331	0	0
-0.2822	1.5457	8.3537	-0.4315	1.1788	9.5592	-0.25145	1.5798	10.313	0	0
-0.2822	1.5457	8.3537	-0.25145	1.5798	10.313	-0.016698	1.5936	10.331	0	0
0.1686	1.0787	8.5102	0.099852	0.53146	9.6678	0.23665	0.83626	10.139	0	0
0.1686	1.0787	8.5102	0.23665	0.83626	10.139	0.10795	1.333	10.31	0	0
0.1686	1.0787	8.5102	-0.016698	1.5936	10.331	0.10795	1.333	10.31	0	0
-0.50717	0.49754	8.5427	-0.4315	1.1788	9.5592	-0.50472	0.53016	10.263	0	0
0.099852	0.53146	8.6415	-0.39457	-0.35364	10.274	0.23665	0.83626	10.139	0	0
-0.65628	-0.8273	9.1986	-0.39457	-0.35364	10.274	-0.42485	-0.68119	11.11	0	0
-0.39457	-0.35364	9.2478	0.23665	0.83626	10.139	0.17135	0.54336	11.136	0	0
-0.39457	-0.35364	9.2478	-0.50472	0.53016	10.263	-0.35848	-0.20897	10.899	0	0
-0.39457	-0.35364	9.2478	-0.35848	-0.20897	10.899	-0.42485	-0.68119	11.11	0	0
-0.4315	1.1788	8.5329	-0.50472	0.53016	10.263	-0.4806	1.1799	10.32	0	0
-0.4315	1.1788	8.5329	-0.4806	1.1799	10.32	-0.25145	1.5798	10.313	0	0
0.23665	0.83626	9.1124	0.10795	1.333	10.31	0.21739	1.0475	10.913	0	0
0.23665	0.83626	9.1124	0.21739	1.0475	10.913	0.17135	0.54336	11.136	0	0
-0.50472	0.53016	9.2364	-0.4806	1.1799	10.32	-0.40839	0.43862	10.972	0	0
-0.50472	0.53016	9.2364	-0.35848	-0.20897	10.899	-0.40839	0.43862	10.972	0	0
-0.4806	1.1799	9.2938	-0.25145	1.5798	10.313	-0.36515	1.6128	11.053	0	0
-0.4806	1.1799	9.2938	-0.36515	1.6128	11.053	-0.52258	1.2767	11.081	0	0
-0.4806	1.1799	9.2938	-0.52258	1.2767	11.081	-0.40839	0.43862	10.972	0	0
-0.35848	-0.20897	9.8729	-0.40839	0.43862	10.972	-0.3805	-0.25454	11.548	0	0
-0.35848	-0.20897	9.8729	-0.42485	-0.68119	11.11	-0.3805	-0.25454	11.548	0	0
-0.25145	1.5798	9.2866	-0.016698	1.5936	10.331	-0.36515	1.6128	11.053	0	0
-0.016698	1.5936	9.3044	0.10795	1.333	10.31	-0.012848	1.6031	11.064	0	0
-0.016698	1.5936	9.3044	-0.012848	1.6031	11.064	-0.36515	1.6128	11.053	0	0
0.10795	1.333	9.284	0.21739	1.0475	10.913	-0.012848	1.6031	11.064	0	0
0.21739	1.0475	9.8871	-0.012848	1.6031	11.064	0.2639	1.1164	11.541	0	0
0.21739	1.0475	9.8871	0.17135	0.54336	11.136	0.2639	1.1164	11.541	0	0
-0.36515	1.6128	10.026	-0.52258	1.2767	11.081	-0.51385	1.2237	11.577	0	0
-0.52258	1.2767	10.054	-0.40839	0.43862	10.972	-0.47425	0.49099	11.542	0	0
-0.52258	1.2767	10.054	-0.47425	0.49099	11.542	-0.51385	1.2237	11.577	0	0
-0.40839	0.43862	9.946	-0.3805	-0.25454	11.548	-0.47425	0.49099	11.542	0	0
0.17135	0.54336	10.11	0.14235	0.54886	11.383	0.2639	1.1164	11.541	0	0
-0.42485	-0.68119	10.083	-0.3805	-0.25454	11.548	-0.73568	-0.83094	11.678	0	0
-0.3805	-0.25454	10.522	-0.73568	-0.83094	11.678	-0.96105	-0.55514	11.959	0	0
-0.3805	-0.25454	10.522	-0.47425	0.49099	11.542	-0.45897	0.4671	12.308	0	0
-0.3805	-0.25454	10.522	-0.96105	-0.55514	11.959	-0.37735	-0.30974	12.377	0	0
-0.3805	-0.25454	10.522	-0.37735	-0.30974	12.377	-0.45897	0.4671	12.308	0	0
-0.73568	-0.83094	10.652	-0.96105	-0.55514	11.959	-0.86515	-0.80664	12.027	0	0
-0.47425	0.49099	10.516	-0.51385	1.2237	11.577	-0.46937	1.2148	12.265	0	0
-0.47425	0.49099	10.516	-0.45897	0.4671	12.308	-0.46937	1.2148	12.265	0	0
-0.96105	-0.55514	10.932	-0.86515	-0.80664	12.027	-0.37735	-0.30974	12.377	0	0
-0.86515	-0.80664	11.001	-0.68505	-0.91876	12.451	-0.37735	-0.30974	12.377	0	0
-0.68505	-0.91876	11.424	-0.37735	-0.30974	12.377	-0.6718	-0.79579	12.916	0	0
-0.37735	-0.30974	11.351	-0.45897	0.4671	12.308	-0.45517	0.47934	13.071	0	0
-0.37735	-0.30974	11.351	-0.6718	-0.79579	12.916	-0.38811	-0.35657	12.961	0	0
-0.37735	-0.30974	11.351	-0.38811	-0.35657	12.961	-0.45517	0.47934	13.071	0	0
-0.45897	0.4671	11.282	-0.46937	1.2148	12.265	-0.3675	1.1734	13.003	0	0
-0.45897	0.4671	11.282	-0.45517	0.47934	13.071	-0.3675	1.1734	13.003	0	0
-0.6718	-0.79579	11.89	-0.38811	-0.35657	12.961	-0.42152	-0.31249	13.655	0	0
-0.6718	-0.79579	11.89	-0.42152	-0.31249	13.655	-0.48425	-0.71459	13.816	0	0
-0.38811	-0.35657	11.934	-0.45517	0.47934	13.071	-0.42152	-0.31249	13.655	0	0
-0.46937	1.2148	11.239	0.3201	1.1734	12.319	0.44915	1.7967	12.608	0	0
-0.46937	1.2148	11.239	-0.3675	1.1734	13.003	0.27305	1.7982	12.942	0	0
-0.46937	1.2148	11.239	0.44915	1.7967	12.608	0.27305	1.7982	12.942	0	0
-0.45517	0.47934	12.045	-0.3675	1.1734	13.003	-0.41085	1.0843	13.778	0	0
-0.45517	0.47934	12.045	-0.42152	-0.31249	13.655	-0.4279	0.48226	13.809	0	0
-0.45517	0.47934	12.045	-0.4279	0.48226	13.809	-0.41085	1.0843	13.778	0	0
-0.3675	1.1734	11.976	0.27305	1.7982	12.942	0.2212	1.1343	13.055	0	0
-0.42152	-0.31249	12.628	-0.48425	-0.71459	13.816	-0.34132	-0.30249	14.365	0	0
-0.42152	-0.31249	12.628	-0.4279	0.48226	13.809	-0.34132	-0.30249	14.365	0	0
-0.48425	-0.71459	12.79	-0.34132	-0.30249	14.365	-0.3805	-0.66844	14.533	0	0
-0.4279	0.48226	12.782	-0.34132	-0.30249	14.365	-0.45917	0.47431	14.571	0	0
-0.4279	0.48226	12.782	-0.41085	1.0843	13.778	-0.43095	1.0746	14.544	0	0
-0.4279	0.48226	12.782	-0.45917	0.47431	14.571	-0.43095	1.0746	14.544	0	0
-0.34132	-0.30249	13.339	-0.3805	-0.66844	14.533	-0.88565	-0.52164	15.158	0	0
-0.34132	-0.30249	13.339	-0.45917	0.47431	14.571	-0.88565	-0.52164	15.158	0	0
-0.3805	-0.66844	13.506	-0.45015	-0.71134	15.077	-0.88565	-0.52164	15.158	0	0
-0.45917	0.47431	13.544	-0.88565	-0.52164	15.158	-0.42075	0.48256	15.058	0	0
-0.45917	0.47431	13.544	-0.43095	1.0746	14.544	-0.42075	0.48256	15.058	0	0
-0.45015	-0.71134	14.05	-0.88565	-0.52164	15.158	-0.96415	-0.59844	15.237	0	0
-0.45015	-0.71134	14.05	-0.96415	-0.59844	15.237	-0.41911	-0.86022	15.823	0	0
-0.88565	-0.52164	14.132	-0.96415	-0.59844	15.237	-0.9813	-0.23194	15.939	0	0
-0.88565	-0.52164	14.132	-0.42075	0.48256	15.058	-0.9813	-0.23194	15.939	0	0
-0.36742	-0.36009	14.155	-0.42075	0.48256	15.058	0.16885	0.67156	15.048	0	0
-0.96415	-0.59844	14.211	-0.41911	-0.86022	15.823	-0.88385	-0.74594	16.35	0	0
-0.96415	-0.59844	14.211	-0.88385	-0.74594	16.35	-0.9813	-0.23194	15.939	0	0
-0.43095	1.0746	13.518	-0.42075	0.48256	15.058	-0.24235	1.0866	15.056	0	0
-0.42075	0.48256	14.032	0.16885	0.67156	15.048	-0.24235	1.0866	15.056	0	0
-0.42075	0.48256	14.032	-0.2845	1.1115	15.833	-0.41087	0.47619	15.805	0	0
-0.42075	0.48256	14.032	-0.41087	0.47619	15.805	-0.9813	-0.23194	15.939	0	0
0.16885	0.67156	14.021	-0.24235	1.0866	15.056	0.038752	1.0985	14.99	0	0
-0.2845	1.1115	14.806	0.086652	1.0978	15.893	-0.40285	1.0613	16.442	0	0
-0.2845	1.1115	14.806	-0.41087	0.47619	15.805	-0.40285	1.0613	16.442	0	0
0.15923	0.66041	14.794	0.086652	1.0978	15.893	0.19095	0.60506	16.561	0	0
0.086652	1.0978	14.867	-0.40285	1.0613	16.442	0.098052	1.2044	16.563	0	0
0.086652	1.0978	14.867	0.098052	1.2044	16.563	0.19095	0.60506	16.561	0	0
-0.41087	0.47619	14.779	-0.33885	0.3976	16.548	-0.40285	1.0613	16.442	0	0
-0.41087	0.47619	14.779	-0.33885	0.3976	16.548	-0.9813	-0.23194	15.939	0	0
-0.41911	-0.86022	14.797	-0.88385	-0.74594	16.35	-0.40575	-0.89959	16.375	0	0
0.0025521	-0.12704	15.073	-0.3584	-0.28179	16.533	-0.13335	-0.68374	16.621	0	0
0.0025521	-0.12704	15.073	-0.3584	-0.28179	16.533	-0.33885	0.3976	16.548	0	0
0.0025521	-0.12704	15.073	-0.13335	-0.68374	16.621	0.14772	-0.31664	17.336	0	0
0.0025521	-0.12704	15.073	-0.33885	0.3976	16.548	0.19095	0.60506	16.561	0	0
0.0025521	-0.12704	15.073	0.19095	0.60506	16.561	0.14772	-0.31664	17.336	0	0
-0.88385	-0.74594	15.324	-0.40575	-0.89959	16.375	-0.62545	-0.83467	17.168	0	0
-0.88385	-0.74594	15.324	-0.3584	-0.28179	16.533	-0.97425	-0.35344	16.392	0	0
-0.88385	-0.74594	15.324	-0.62545	-0.83467	17.168	-0.8889	-0.31899	17.315	0	0
-0.88385	-0.74594	15.324	-0.9813	-0.23194	15.939	-0.97425	-0.35344	16.392	0	0
-0.40575	-0.89959	15.348	-0.13335	-0.68374	16.621	-0.62545	-0.83467	17.168	0	0
-0.3584	-0.28179	15.506	-0.13335	-0.68374	16.621	-0.62545	-0.83467	17.168	0	0
-0.3584	-0.28179	15.506	-0.33885	0.3976	16.548	-0.97425	-0.35344	16.392	0	0
-0.3584	-0.28179	15.506	-0.62545	-0.83467	17.168	-0.42971	-0.24287	17.25	0	0
-0.13335	-0.68374	15.594	0.14772	-0.31664	17.336	0.13693	-0.69866	17.265	0	0
-0.33885	0.3976	15.521	-0.40285	1.0613	16.442	-0.38725	0.43935	17.265	0	0
-0.33885	0.3976	15.521	-0.42971	-0.24287	17.25	-0.38725	0.43935	17.265	0	0
-0.33885	0.3976	15.521	-0.9813	-0.23194	15.939	-0.97425	-0.35344	16.392	0	0
-0.40285	1.0613	15.416	0.098052	1.2044	16.563	-0.15665	1.2386	17.304	0	0
-0.40285	1.0613	15.416	-0.38725	0.43935	17.265	-0.15665	1.2386	17.304	0	0
0.098052	1.2044	15.537	0.19095	0.60506	16.561	0.2491	0.60551	17.313	0	0
0.098052	1.2044	15.537	0.2491	0.60551	17.313	0.062652	1.2484	17.309	0	0
0.098052	1.2044	15.537	-0.15665	1.2386	17.304	0.062652	1.2484	17.309	0	0
-0.62545	-0.83467	16.142	-0.8889	-0.31899	17.315	-0.29075	-0.65094	18.07	0	0
-0.62545	-0.83467	16.142	-0.29075	-0.65094	18.07	0.13693	-0.69866	17.265	0	0
-0.42971	-0.24287	16.224	-0.38725	0.43935	17.265	-0.62165	0.4732	17.91	0	0
-0.42971	-0.24287	16.224	-0.55715	-0.25834	18.062	-0.62165	0.4732	17.91	0	0
-0.42971	-0.24287	16.224	-0.55715	-0.25834	18.062	-0.29075	-0.65094	18.07	0	0
-0.38725	0.43935	16.239	0.2491	0.60551	17.313	-0.15665	1.2386	17.304	0	0
-0.38725	0.43935	16.239	-0.62165	0.4732	17.91	-0.38205	1.0578	18.07	0	0
0.19095	0.60506	15.535	0.2491	0.60551	17.313	0.14772	-0.31664	17.336	0	0
-0.8889	-0.31899	16.288	-0.9936	0.070962	17.954	-0.34635	-0.56554	18.285	0	0
-0.8889	-0.31899	16.288	-0.29075	-0.65094	18.07	-0.34635	-0.56554	18.285	0	0
0.2491	0.60551	16.286	0.062652	1.2484	17.309	0.10355	1.2579	18.077	0	0
0.2491	0.60551	16.286	0.10355	1.2579	18.077	0.21259	0.4143	18.048	0	0
0.2491	0.60551	16.286	0.21259	0.4143	18.048	0.14772	-0.31664	17.336	0	0
-0.15665	1.2386	16.278	0.062652	1.2484	17.309	-0.073448	1.5697	17.597	0	0
0.062652	1.2484	16.282	-0.073448	1.5697	17.597	0.10355	1.2579	18.077	0	0
-0.9936	0.070962	16.928	-0.55715	-0.25834	18.062	-0.62165	0.4732	17.91	0	0
-0.9936	0.070962	16.928	-0.62165	0.4732	17.91	-0.57545	0.52846	18.614	0	0
-0.073448	1.5697	16.57	0.10355	1.2579	18.077	-0.23995	1.5602	18.699	0	0
-0.62165	0.4732	16.884	-0.38205	1.0578	18.07	-0.57545	0.52846	18.614	0	0
-0.38205	1.0578	17.044	-0.57545	0.52846	18.614	-0.45155	1.1916	18.521	0	0
0.10355	1.2579	17.05	0.21259	0.4143	18.048	0.16085	1.0296	18.564	0	0
0.10355	1.2579	17.05	-0.23995	1.5602	18.699	0.16085	1.0296	18.564	0	0
0.022952	-0.076438	17.013	0.21259	0.4143	18.048	0.14772	-0.31664	17.336	0	0
0.022952	-0.076438	17.013	0.21259	0.4143	18.048	0.083602	0.26871	18.527	0	0
0.022952	-0.076438	17.013	-0.29075	-0.65094	18.07	-0.34635	-0.56554	18.285	0	0
0.022952	-0.076438	17.013	-0.29075	-0.65094	18.07	0.14772	-0.31664	17.336	0	0
0.022952	-0.076438	17.013	-0.34635	-0.56554	18.285	-0.33482	-0.38494	18.527	0	0
0.022952	-0.076438	17.013	-0.33482	-0.38494	18.527	0.083602	0.26871	18.527	0	0
0.21259	0.4143	17.022	0.083602	0.26871	18.527	0.16085	1.0296	18.564	0	0
-0.29075	-0.65094	17.044	0.14772	-0.31664	17.336	0.13693	-0.69866	17.265	0	0
-0.34635	-0.56554	17.259	-0.33482	-0.38494	18.527	-0.30967	-0.65984	19.43	0	0
-0.33482	-0.38494	17.501	0.083602	0.26871	18.527	-0.3333	-0.25534	19.303	0	0
-0.33482	-0.38494	17.501	-0.3333	-0.25534	19.303	-0.30967	-0.65984	19.43	0	0
0.083602	0.26871	17.501	0.16085	1.0296	18.564	0.012912	0.41294	19.344	0	0
0.083602	0.26871	17.501	-0.3333	-0.25534	19.303	0.012912	0.41294	19.344	0	0
-0.57545	0.52846	17.588	-0.45155	1.1916	18.521	-0.46765	1.1308	19.26	0	0
-0.57545	0.52846	17.588	-0.3333	-0.25534	19.303	-0.70147	0.45576	19.303	0	0
-0.57545	0.52846	17.588	-0.70147	0.45576	19.303	-0.46765	1.1308	19.26	0	0
-0.45155	1.1916	17.494	-0.23995	1.5602	18.699	-0.46765	1.1308	19.26	0	0
-0.23995	1.5602	17.673	0.16085	1.0296	18.564	0.26243	1.0638	19.343	0	0
-0.23995	1.5602	17.673	-0.46765	1.1308	19.26	-0.2114	1.6082	19.361	0	0
-0.23995	1.5602	17.673	0.26243	1.0638	19.343	-0.015798	1.6102	19.449	0	0
-0.23995	1.5602	17.673	-0.2114	1.6082	19.361	-0.015798	1.6102	19.449	0	0
0.16085	1.0296	17.538	0.012912	0.41294	19.344	0.26243	1.0638	19.343	0	0
-0.3333	-0.25534	18.277	-0.30967	-0.65984	19.43	-0.35305	-0.28614	20.053	0	0
-0.3333	-0.25534	18.277	-0.70147	0.45576	19.303	-0.70195	0.43951	20.061	0	0
-0.3333	-0.25534	18.277	0.012912	0.41294	19.344	-0.35305	-0.28614	20.053	0	0
-0.3333	-0.25534	18.277	-0.70195	0.43951	20.061	-0.10255	0.48991	20.051	0	0
-0.30967	-0.65984	18.403	-0.35305	-0.28614	20.053	-0.2813	-0.69894	20.021	0	0
-0.70147	0.45576	18.277	-0.46765	1.1308	19.26	-0.501	1.2706	20.018	0	0
-0.70147	0.45576	18.277	-0.70195	0.43951	20.061	-0.501	1.2706	20.018	0	0
-0.46765	1.1308	18.234	-0.2114	1.6082	19.361	-0.501	1.2706	20.018	0	0
0.012912	0.41294	18.317	0.26243	1.0638	19.343	0.28835	1.1383	19.911	0	0
0.012912	0.41294	18.317	-0.35305	-0.28614	20.053	-0.10255	0.48991	20.051	0	0
0.012912	0.41294	18.317	-0.10255	0.48991	20.051	0.28835	1.1383	19.911	0	0
0.26243	1.0638	18.316	-0.015798	1.6102	19.449	0.28835	1.1383	19.911	0	0
-0.2114	1.6082	18.335	-0.015798	1.6102	19.449	-0.26135	1.6477	20.091	0	0
-0.2114	1.6082	18.335	-0.501	1.2706	20.018	-0.26135	1.6477	20.091	0	0
-0.015798	1.6102	18.423	0.045752	1.7212	20.087	-0.26135	1.6477	20.091	0	0
-0.015798	1.6102	18.423	0.045752	1.7212	20.087	0.28835	1.1383	19.911	0	0
-0.70195	0.43951	19.035	-0.501	1.2706	20.018	-0.44551	1.2559	20.727	0	0
-0.70195	0.43951	19.035	-0.48658	0.37955	20.803	-0.44551	1.2559	20.727	0	0
-0.70195	0.43951	19.035	-0.48658	0.37955	20.803	-1.3729	0.25606	21.372	0	0
-0.35305	-0.28614	19.026	-0.2813	-0.69894	20.021	-0.30075	-0.65276	20.777	0	0
-0.35305	-0.28614	19.026	-0.10255	0.48991	20.051	-0.38382	-0.26259	20.793	0	0
-0.35305	-0.28614	19.026	-0.30075	-0.65276	20.777	-0.38382	-0.26259	20.793	0	0
-0.10255	0.48991	19.024	0.28835	1.1383	19.911	0.051352	0.73821	20.576	0	0
-0.10255	0.48991	19.024	-0.38382	-0.26259	20.793	0.051352	0.73821	20.576	0	0
-0.501	1.2706	18.992	-0.26135	1.6477	20.091	-0.44551	1.2559	20.727	0	0
0.045752	1.7212	19.061	-0.26135	1.6477	20.091	-0.44551	1.2559	20.727	0	0
0.045752	1.7212	19.061	0.28835	1.1383	19.911	0.58715	1.316	20.14	0	0
0.045752	1.7212	19.061	-0.44551	1.2559	20.727	0.34502	1.172	20.878	0	0
0.045752	1.7212	19.061	0.58715	1.316	20.14	0.34502	1.172	20.878	0	0
0.28835	1.1383	18.885	0.58715	1.316	20.14	0.051352	0.73821	20.576	0	0
-0.30075	-0.65276	19.751	-0.38382	-0.26259	20.793	-0.423	-0.26574	21.556	0	0
-0.30075	-0.65276	19.751	-0.3939	-0.77024	21.538	-0.423	-0.26574	21.556	0	0
-0.38382	-0.26259	19.767	0.051352	0.73821	20.576	0.2381	0.44926	21.314	0	0
-0.38382	-0.26259	19.767	-0.423	-0.26574	21.556	0.2381	0.44926	21.314	0	0
-0.48658	0.37955	19.777	-0.44551	1.2559	20.727	-0.54335	1.2539	21.341	0	0
-0.48658	0.37955	19.777	-0.39635	0.5562	21.475	0.2381	0.44926	21.314	0	0
-0.48658	0.37955	19.777	-0.39635	0.5562	21.475	-1.3729	0.25606	21.372	0	0
-0.44551	1.2559	19.701	0.34502	1.172	20.878	-0.54335	1.2539	21.341	0	0
0.58715	1.316	19.114	0.051352	0.73821	20.576	0.656	1.2231	20.593	0	0
0.051352	0.73821	19.55	0.34502	1.172	20.878	0.656	1.2231	20.593	0	0
0.051352	0.73821	19.55	0.34502	1.172	20.878	0.2381	0.44926	21.314	0	0
-0.3939	-0.77024	20.511	-0.423	-0.26574	21.556	-0.59085	-0.65714	22.028	0	0
0.34502	1.172	19.851	-0.54335	1.2539	21.341	0.95315	1.598	21.969	0	0
0.34502	1.172	19.851	0.656	1.2231	20.593	0.85285	1.191	21.302	0	0
0.34502	1.172	19.851	0.3645	0.98856	21.495	0.85285	1.191	21.302	0	0
0.34502	1.172	19.851	0.3645	0.98856	21.495	0.2381	0.44926	21.314	0	0
-0.54335	1.2539	20.315	-0.25505	1.1246	22.068	0.95315	1.598	21.969	0	0
0.3645	0.98856	20.468	0.19025	1.0859	22.049	0.21475	0.67251	22.012	0	0
0.3645	0.98856	20.468	0.19025	1.0859	22.049	0.95315	1.598	21.969	0	0
0.3645	0.98856	20.468	0.85285	1.191	21.302	0.95315	1.598	21.969	0	0
0.3645	0.98856	20.468	0.21475	0.67251	22.012	0.2381	0.44926	21.314	0	0
-0.39635	0.5562	20.449	-0.423	-0.26574	21.556	-0.415	0.47006	22.041	0	0
-0.39635	0.5562	20.449	-0.423	-0.26574	21.556	-1.105	-0.074787	21.691	0	0
-0.39635	0.5562	20.449	-0.415	0.47006	22.041	0.2381	0.44926	21.314	0	0
-0.39635	0.5562	20.449	-1.105	-0.074787	21.691	-1.3729	0.25606	21.372	0	0
-0.423	-0.26574	20.53	-0.415	0.47006	22.041	-0.35988	-0.3019	22.122	0	0
-0.423	-0.26574	20.53	-0.59085	-0.65714	22.028	-1.105	-0.074787	21.691	0	0
-0.423	-0.26574	20.53	-0.35988	-0.3019	22.122	0.3372	-0.36624	22.18	0	0
-0.423	-0.26574	20.53	0.2381	0.44926	21.314	0.3372	-0.36624	22.18	0	0
-0.415	0.47006	21.015	-0.35988	-0.3019	22.122	-0.47126	0.4628	22.806	0	0
-0.415	0.47006	21.015	-0.25505	1.1246	22.068	0.21475	0.67251	22.012	0	0
-0.415	0.47006	21.015	-0.25505	1.1246	22.068	-0.26585	1.0335	22.716	0	0
-0.415	0.47006	21.015	0.21475	0.67251	22.012	0.2381	0.44926	21.314	0	0
-0.415	0.47006	21.015	-0.47126	0.4628	22.806	-0.26585	1.0335	22.716	0	0
-0.59085	-0.65714	21.002	-0.35988	-0.3019	22.122	-0.6199	-0.31859	22.825	0	0
-0.59085	-0.65714	21.002	-1.105	-0.074787	21.691	-1.1567	-0.12344	22.002	0	0
-0.59085	-0.65714	21.002	-1.1567	-0.12344	22.002	-1.1862	-0.4681	22.686	0	0
-0.59085	-0.65714	21.002	-0.6199	-0.31859	22.825	-1.1862	-0.4681	22.686	0	0
-0.35988	-0.3019	21.095	-0.56622	-0.76911	22.772	0.154	-0.21294	22.793	0	0
-0.35988	-0.3019	21.095	-0.47126	0.4628	22.806	-0.6199	-0.31859	22.825	0	0
-0.35988	-0.3019	21.095	0.154	-0.21294	22.793	0.3372	-0.36624	22.18	0	0
-0.25505	1.1246	21.041	0.19025	1.0859	22.049	0.21475	0.67251	22.012	0	0
-0.25505	1.1246	21.041	0.19025	1.0859	22.049	0.011352	1.0912	22.825	0	0
-0.25505	1.1246	21.041	-0.26585	1.0335	22.716	0.011352	1.0912	22.825	0	0
0.19025	1.0859	21.022	0.95315	1.598	21.969	0.011352	1.0912	22.825	0	0
0.85285	1.191	20.275	0.2381	0.44926	21.314	0.65595	-0.22354	22.245	0	0
-0.56622	-0.76911	21.746	-0.61585	-0.67474	23.591	-0.6199	-0.31859	22.825	0	0
-0.56622	-0.76911	21.746	-0.61585	-0.67474	23.591	-1.0935	-0.92016	22.872	0	0
-0.56622	-0.76911	21.746	-0.6199	-0.31859	22.825	-1.1862	-0.4681	22.686	0	0
-0.56622	-0.76911	21.746	-1.1862	-0.4681	22.686	-1.0935	-0.92016	22.872	0	0
-0.56622	-0.76911	21.746	0.154	-0.21294	22.793	0.3931	-0.63109	22.812	0	0
-0.47126	0.4628	21.78	-0.26585	1.0335	22.716	-0.45125	0.44716	23.551	0	0
-0.47126	0.4628	21.78	-0.6199	-0.31859	22.825	-0.45125	0.44716	23.551	0	0
-0.26585	1.0335	21.69	0.011352	1.0912	22.825	-0.19085	1.1827	23.58	0	0
-0.26585	1.0335	21.69	-0.45125	0.44716	23.551	-0.19085	1.1827	23.58	0	0
-0.61585	-0.67474	22.565	0.059185	-0.32804	23.606	-0.69795	-0.32734	23.565	0	0
-0.61585	-0.67474	22.565	0.059185	-0.32804	23.606	0.34065	-0.69554	23.591	0	0
-0.61585	-0.67474	22.565	-0.6199	-0.31859	22.825	-0.69795	-0.32734	23.565	0	0
-0.61585	-0.67474	22.565	-1.0935	-0.92016	22.872	-1.2522	-1.1001	23.588	0	0
-0.61585	-0.67474	22.565	-1.2522	-1.1001	23.588	-0.88495	-0.79124	24.23	0	0
-0.61585	-0.67474	22.565	-0.65755	-0.88027	24.238	-0.88495	-0.79124	24.23	0	0
-0.61585	-0.67474	22.565	-0.65755	-0.88027	24.238	0.20085	-0.77226	24.295	0	0
-0.61585	-0.67474	22.565	0.20085	-0.77226	24.295	0.34065	-0.69554	23.591	0	0
0.059185	-0.32804	22.58	0.2188	0.55101	23.55	-0.45125	0.44716	23.551	0	0
0.059185	-0.32804	22.58	0.2188	0.55101	23.55	0.25115	-0.20677	24.211	0	0
0.059185	-0.32804	22.58	-0.45125	0.44716	23.551	-0.56201	-0.20524	24.273	0	0
0.059185	-0.32804	22.58	-0.56201	-0.20524	24.273	0.20085	-0.77226	24.295	0	0
0.059185	-0.32804	22.58	0.20085	-0.77226	24.295	0.25115	-0.20677	24.211	0	0
0.059185	-0.32804	22.58	0.34065	-0.69554	23.591	0.3931	-0.63109	22.812	0	0
0.011352	1.0912	21.799	0.036752	1.1831	23.557	-0.19085	1.1827	23.58	0	0
0.2381	0.44926	20.288	0.3372	-0.36624	22.18	0.65595	-0.22354	22.245	0	0
-1.105	-0.074787	20.664	-1.1567	-0.12344	22.002	-1.5789	-0.13094	22.108	0	0
-1.105	-0.074787	20.664	-1.3729	0.25606	21.372	-1.5789	-0.13094	22.108	0	0
-1.1567	-0.12344	20.976	-1.1862	-0.4681	22.686	-1.5789	-0.13094	22.108	0	0
0.2188	0.55101	22.524	0.036752	1.1831	23.557	0.35425	0.57406	24.307	0	0
0.2188	0.55101	22.524	0.35425	0.57406	24.307	0.25115	-0.20677	24.211	0	0
0.2188	0.55101	22.524	0.84775	-0.62624	23.106	0.88052	-0.3274	22.704	0	0
-0.6199	-0.31859	21.799	-0.69795	-0.32734	23.565	-0.45125	0.44716	23.551	0	0
-1.1862	-0.4681	21.66	-1.0935	-0.92016	22.872	-1.7044	-0.7402	22.887	0	0
-1.1862	-0.4681	21.66	-1.5789	-0.13094	22.108	-1.7044	-0.7402	22.887	0	0
-1.0935	-0.92016	21.846	-1.2522	-1.1001	23.588	-1.7044	-0.7402	22.887	0	0
-0.69795	-0.32734	22.539	-0.45125	0.44716	23.551	-0.9193	-0.076787	24.143	0	0
-0.69795	-0.32734	22.539	-0.88495	-0.79124	24.23	-0.9193	-0.076787	24.143	0	0
-0.45125	0.44716	22.525	-0.19085	1.1827	23.58	-0.48988	0.57153	24.206	0	0
-0.45125	0.44716	22.525	-0.48988	0.57153	24.206	-0.9193	-0.076787	24.143	0	0
0.036752	1.1831	22.53	-0.19085	1.1827	23.58	-0.070648	1.5571	24.502	0	0
0.036752	1.1831	22.53	0.35425	0.57406	24.307	0.092302	1.2865	24.319	0	0
0.036752	1.1831	22.53	0.092302	1.2865	24.319	-0.070648	1.5571	24.502	0	0
-1.2522	-1.1001	22.562	-0.88495	-0.79124	24.23	-1.895	-1.1264	23.905	0	0
-1.2522	-1.1001	22.562	-1.7044	-0.7402	22.887	-1.8615	-0.94627	23.51	0	0
-1.2522	-1.1001	22.562	-1.8615	-0.94627	23.51	-1.895	-1.1264	23.905	0	0
-0.65755	-0.88027	23.212	-0.88495	-0.79124	24.23	-0.56235	-0.98259	24.845	0	0
-0.65755	-0.88027	23.212	-0.56235	-0.98259	24.845	0.20085	-0.77226	24.295	0	0
-0.88495	-0.79124	23.204	-0.56235	-0.98259	24.845	-0.90285	-0.61954	24.875	0	0
-0.88495	-0.79124	23.204	-0.90285	-0.61954	24.875	-1.895	-1.1264	23.905	0	0
-0.88495	-0.79124	23.204	-0.9193	-0.076787	24.143	-0.9921	-0.30204	24.834	0	0
-0.19085	1.1827	22.553	-0.48988	0.57153	24.206	-0.22925	1.1973	24.317	0	0
-0.19085	1.1827	22.553	-0.22925	1.1973	24.317	-0.070648	1.5571	24.502	0	0
0.35425	0.57406	23.28	0.092302	1.2865	24.319	0.19245	1.2739	25.036	0	0
0.35425	0.57406	23.28	0.19245	1.2739	25.036	0.66172	0.44816	24.975	0	0
0.35425	0.57406	23.28	0.25115	-0.20677	24.211	0.6572	-0.24529	24.815	0	0
0.35425	0.57406	23.28	0.66172	0.44816	24.975	0.6572	-0.24529	24.815	0	0
-0.56201	-0.20524	23.247	-0.48988	0.57153	24.206	0.17749	-0.20924	24.888	0	0
-0.56201	-0.20524	23.247	-0.60445	-0.36564	25.114	-0.89945	0.26706	24.422	0	0
-0.56201	-0.20524	23.247	0.20085	-0.77226	24.295	0.17749	-0.20924	24.888	0	0
-0.48988	0.57153	23.179	-0.22925	1.1973	24.317	-0.44528	1.1017	24.921	0	0
-0.48988	0.57153	23.179	-0.4588	0.81476	25.072	-0.44528	1.1017	24.921	0	0
-0.48988	0.57153	23.179	-0.4588	0.81476	25.072	-0.89945	0.26706	24.422	0	0
-0.48988	0.57153	23.179	-0.9193	-0.076787	24.143	-0.89945	0.26706	24.422	0	0
-0.48988	0.57153	23.179	0.23865	0.44446	25.084	0.17749	-0.20924	24.888	0	0
-0.56235	-0.98259	23.818	-0.90285	-0.61954	24.875	-0.60445	-0.36564	25.114	0	0
-0.56235	-0.98259	23.818	-0.60445	-0.36564	25.114	0.10852	-0.74714	24.903	0	0
-0.56235	-0.98259	23.818	0.20085	-0.77226	24.295	0.10852	-0.74714	24.903	0	0
-0.90285	-0.61954	23.848	-0.60445	-0.36564	25.114	-0.9921	-0.30204	24.834	0	0
0.092302	1.2865	23.292	-0.070648	1.5571	24.502	0.19245	1.2739	25.036	0	0
-0.22925	1.1973	23.291	-0.070648	1.5571	24.502	-0.44528	1.1017	24.921	0	0
-0.070648	1.5571	23.476	0.19245	1.2739	25.036	-0.018081	1.6022	25.037	0	0
-0.070648	1.5571	23.476	-0.018081	1.6022	25.037	-0.44528	1.1017	24.921	0	0
-0.60445	-0.36564	24.087	-0.42345	-0.73714	25.519	-0.62845	-0.29764	25.565	0	0
-0.60445	-0.36564	24.087	-0.62845	-0.29764	25.565	-0.89475	-0.064838	25.368	0	0
-0.60445	-0.36564	24.087	0.10852	-0.74714	24.903	0.17749	-0.20924	24.888	0	0
-0.60445	-0.36564	24.087	-0.4588	0.81476	25.072	-0.89945	0.26706	24.422	0	0
-0.60445	-0.36564	24.087	-0.9921	-0.30204	24.834	-0.89475	-0.064838	25.368	0	0
-0.60445	-0.36564	24.087	0.10345	0.32781	25.549	0.17749	-0.20924	24.888	0	0
-0.42345	-0.73714	24.492	-0.62845	-0.29764	25.565	-0.1227	-0.41594	26.058	0	0
-0.42345	-0.73714	24.492	0.10852	-0.74714	24.903	0.15392	-0.8914	25.526	0	0
-0.42345	-0.73714	24.492	-0.1227	-0.41594	26.058	0.15392	-0.8914	25.526	0	0
-0.62845	-0.29764	24.539	-0.89475	-0.064838	25.368	-0.53875	-0.15177	26.196	0	0
-0.62845	-0.29764	24.539	-0.4519	0.44011	25.569	-0.1227	-0.41594	26.058	0	0
-0.62845	-0.29764	24.539	-0.53875	-0.15177	26.196	-0.39071	-0.69007	26.436	0	0
0.20085	-0.77226	23.269	0.10852	-0.74714	24.903	0.6572	-0.24529	24.815	0	0
0.20085	-0.77226	23.269	0.25115	-0.20677	24.211	0.6572	-0.24529	24.815	0	0
0.20085	-0.77226	23.269	0.34065	-0.69554	23.591	0.77965	-0.91354	23.662	0	0
0.10852	-0.74714	23.876	0.17749	-0.20924	24.888	0.6572	-0.24529	24.815	0	0
-0.4588	0.81476	24.045	0.23865	0.44446	25.084	0.19245	1.2739	25.036	0	0
-0.4588	0.81476	24.045	0.23865	0.44446	25.084	-0.4519	0.44011	25.569	0	0
-0.4588	0.81476	24.045	0.19245	1.2739	25.036	-0.44528	1.1017	24.921	0	0
-0.4588	0.81476	24.045	-0.4519	0.44011	25.569	-0.5612	1.2395	25.561	0	0
-0.9193	-0.076787	23.116	-0.9921	-0.30204	24.834	-0.89945	0.26706	24.422	0	0
0.23865	0.44446	24.058	0.19245	1.2739	25.036	0.3303	1.0826	25.548	0	0
0.23865	0.44446	24.058	0.10345	0.32781	25.549	-0.4519	0.44011	25.569	0	0
0.23865	0.44446	24.058	0.10345	0.32781	25.549	0.81262	0.58566	25.648	0	0
0.23865	0.44446	24.058	0.17749	-0.20924	24.888	0.66172	0.44816	24.975	0	0
0.23865	0.44446	24.058	0.66172	0.44816	24.975	0.81262	0.58566	25.648	0	0
0.19245	1.2739	24.009	-0.018081	1.6022	25.037	0.075752	1.721	25.588	0	0
0.19245	1.2739	24.009	0.075752	1.721	25.588	0.3303	1.0826	25.548	0	0
0.19245	1.2739	24.009	0.66172	0.44816	24.975	0.81262	0.58566	25.648	0	0
-0.9921	-0.30204	23.807	-0.89475	-0.064838	25.368	-1.0342	0.36408	24.889	0	0
-0.9921	-0.30204	23.807	-0.89945	0.26706	24.422	-1.0342	0.36408	24.889	0	0
-0.89475	-0.064838	24.341	-0.53875	-0.15177	26.196	-1.1659	0.45924	25.541	0	0
-0.89475	-0.064838	24.341	-1.0342	0.36408	24.889	-1.1659	0.45924	25.541	0	0
-0.018081	1.6022	24.011	0.075752	1.721	25.588	-0.20965	1.5844	25.621	0	0
-0.018081	1.6022	24.011	-0.20965	1.5844	25.621	-0.5612	1.2395	25.561	0	0
-0.018081	1.6022	24.011	-0.44528	1.1017	24.921	-0.5612	1.2395	25.561	0	0
0.075752	1.721	24.562	-0.20965	1.5844	25.621	-0.44435	1.6571	26.418	0	0
0.075752	1.721	24.562	0.3303	1.0826	25.548	0.1939	1.1617	26.29	0	0
0.075752	1.721	24.562	-0.44435	1.6571	26.418	0.37085	2.2796	26.511	0	0
-0.20965	1.5844	24.595	-0.5612	1.2395	25.561	-0.44435	1.6571	26.418	0	0
0.10345	0.32781	24.523	-0.4519	0.44011	25.569	0.11317	0.45303	26.287	0	0
0.10345	0.32781	24.523	0.17749	-0.20924	24.888	0.26805	-0.25924	25.715	0	0
0.10345	0.32781	24.523	0.26805	-0.25924	25.715	0.11317	0.45303	26.287	0	0
-0.4519	0.44011	24.542	-0.53875	-0.15177	26.196	-1.1918	0.54756	26.238	0	0
-0.4519	0.44011	24.542	-0.5612	1.2395	25.561	-0.5522	1.2715	26.074	0	0
-0.4519	0.44011	24.542	-0.5522	1.2715	26.074	0.11317	0.45303	26.287	0	0
-0.53875	-0.15177	25.169	-0.39071	-0.69007	26.436	-0.1227	-0.41594	26.058	0	0
-0.53875	-0.15177	25.169	-0.1227	-0.41594	26.058	0.11317	0.45303	26.287	0	0
-0.53875	-0.15177	25.169	0.11317	0.45303	26.287	-1.171	0.66716	27.045	0	0
-0.53875	-0.15177	25.169	-1.1918	0.54756	26.238	-1.171	0.66716	27.045	0	0
-0.44528	1.1017	23.895	-0.5612	1.2395	25.561	-1.0336	0.96496	25.703	0	0
-0.44528	1.1017	23.895	-0.89945	0.26706	24.422	-1.0342	0.36408	24.889	0	0
-0.44528	1.1017	23.895	-1.0342	0.36408	24.889	-1.0336	0.96496	25.703	0	0
-0.5612	1.2395	24.535	-0.5522	1.2715	26.074	-1.0336	0.96496	25.703	0	0
0.3303	1.0826	24.521	0.1939	1.1617	26.29	0.81262	0.58566	25.648	0	0
-0.5522	1.2715	25.047	-0.44435	1.6571	26.418	0.1939	1.1617	26.29	0	0
-0.5522	1.2715	25.047	-0.44435	1.6571	26.418	-1.0762	1.135	26.383	0	0
-0.5522	1.2715	25.047	0.11317	0.45303	26.287	0.1939	1.1617	26.29	0	0
-0.5522	1.2715	25.047	-1.0336	0.96496	25.703	-1.0762	1.135	26.383	0	0
-0.44435	1.6571	25.392	0.1939	1.1617	26.29	0.2694	1.8699	26.383	0	0
-0.44435	1.6571	25.392	0.2694	1.8699	26.383	-0.44275	1.8337	27.102	0	0
-0.44435	1.6571	25.392	-0.44275	1.8337	27.102	-1.1561	1.2942	27.092	0	0
-0.44435	1.6571	25.392	-1.1561	1.2942	27.092	-1.0762	1.135	26.383	0	0
-0.1227	-0.41594	25.032	0.15392	-0.8914	25.526	0.26805	-0.25924	25.715	0	0
-0.1227	-0.41594	25.032	0.26805	-0.25924	25.715	0.11317	0.45303	26.287	0	0
0.34065	-0.69554	22.564	0.77965	-0.91354	23.662	0.84775	-0.62624	23.106	0	0
0.34065	-0.69554	22.564	0.3931	-0.63109	22.812	0.84775	-0.62624	23.106	0	0
0.17749	-0.20924	23.862	0.15392	-0.8914	25.526	0.26805	-0.25924	25.715	0	0
0.17749	-0.20924	23.862	0.66172	0.44816	24.975	0.6572	-0.24529	24.815	0	0
0.154	-0.21294	21.767	0.3931	-0.63109	22.812	0.3372	-0.36624	22.18	0	0
0.11317	0.45303	25.26	0.1939	1.1617	26.29	0.72342	1.0219	26.401	0	0
0.11317	0.45303	25.26	-1.171	0.66716	27.045	-0.29025	1.3411	27.202	0	0
0.11317	0.45303	25.26	-0.29025	1.3411	27.202	0.8639	0.62481	26.575	0	0
0.11317	0.45303	25.26	0.72342	1.0219	26.401	0.8639	0.62481	26.575	0	0
0.1939	1.1617	25.264	0.2694	1.8699	26.383	0.72342	1.0219	26.401	0	0
0.2694	1.8699	25.357	0.37085	2.2796	26.511	0.30568	1.9962	27.098	0	0
0.2694	1.8699	25.357	0.37085	2.2796	26.511	0.72342	1.0219	26.401	0	0
0.2694	1.8699	25.357	-0.44275	1.8337	27.102	0.30568	1.9962	27.098	0	0
0.37085	2.2796	25.485	0.30568	1.9962	27.098	0.44235	2.2929	27.586	0	0
0.37085	2.2796	25.485	0.72342	1.0219	26.401	1.1543	1.0309	27.023	0	0
-1.1918	0.54756	25.212	-1.5835	0.40701	26.386	-1.1659	0.45924	25.541	0	0
-1.1918	0.54756	25.212	-1.5835	0.40701	26.386	-1.6032	0.93386	26.667	0	0
-1.1918	0.54756	25.212	-1.1659	0.45924	25.541	-1.0336	0.96496	25.703	0	0
-1.1918	0.54756	25.212	-1.6032	0.93386	26.667	-1.0762	1.135	26.383	0	0
-1.1918	0.54756	25.212	-1.0336	0.96496	25.703	-1.0762	1.135	26.383	0	0
-1.171	0.66716	26.019	-0.29025	1.3411	27.202	-1.1561	1.2942	27.092	0	0
-0.44275	1.8337	26.075	-0.40083	1.9232	27.751	0.10825	2.1963	27.576	0	0
-0.44275	1.8337	26.075	-0.40083	1.9232	27.751	-1.4209	1.5539	27.532	0	0
-0.44275	1.8337	26.075	0.30568	1.9962	27.098	0.10825	2.1963	27.576	0	0
-0.44275	1.8337	26.075	-1.1561	1.2942	27.092	-1.4209	1.5539	27.532	0	0
-0.29025	1.3411	26.176	-0.40083	1.9232	27.751	-1.3147	1.1609	27.813	0	0
-0.29025	1.3411	26.176	0.30568	1.9962	27.098	1.1543	1.0309	27.023	0	0
-0.29025	1.3411	26.176	-1.3147	1.1609	27.813	-1.1561	1.2942	27.092	0	0
-0.29025	1.3411	26.176	0.8639	0.62481	26.575	1.1543	1.0309	27.023	0	0
-0.40083	1.9232	26.724	-1.3147	1.1609	27.813	-0.71142	1.9394	28.343	0	0
-0.40083	1.9232	26.724	-0.71142	1.9394	28.343	0.11445	2.2429	28.089	0	0
-0.40083	1.9232	26.724	-1.2985	1.9022	28.368	-1.7246	2.1012	28.149	0	0
-0.40083	1.9232	26.724	0.10825	2.1963	27.576	0.11445	2.2429	28.089	0	0
-0.40083	1.9232	26.724	-1.4209	1.5539	27.532	-1.6492	1.7615	27.739	0	0
-0.40083	1.9232	26.724	-1.7246	2.1012	28.149	-1.6492	1.7615	27.739	0	0
0.30568	1.9962	26.072	0.10825	2.1963	27.576	0.44235	2.2929	27.586	0	0
-1.3147	1.1609	26.787	-0.71142	1.9394	28.343	-1.2985	1.9022	28.368	0	0
-1.3147	1.1609	26.787	-1.2985	1.9022	28.368	-1.7044	1.4623	28.538	0	0
-0.71142	1.9394	27.317	-1.2985	1.9022	28.368	-1.1185	2.4661	28.989	0	0
-0.71142	1.9394	27.317	0.11445	2.2429	28.089	-0.72875	2.4381	29.56	0	0
-0.71142	1.9394	27.317	-1.1185	2.4661	28.989	-0.72875	2.4381	29.56	0	0
-1.2985	1.9022	27.342	-1.7246	2.1012	28.149	-1.7316	2.4308	28.501	0	0
-1.2985	1.9022	27.342	-1.7316	2.4308	28.501	-1.1185	2.4661	28.989	0	0
0.3931	-0.63109	21.785	0.3372	-0.36624	22.18	0.65595	-0.22354	22.245	0	0
0.3931	-0.63109	21.785	0.84775	-0.62624	23.106	0.88052	-0.3274	22.704	0	0
0.3931	-0.63109	21.785	0.65595	-0.22354	22.245	0.88052	-0.3274	22.704	0	0
0.72342	1.0219	25.375	0.8639	0.62481	26.575	1.1543	1.0309	27.023	0	0
-1.0342	0.36408	23.863	-1.1659	0.45924	25.541	-1.0336	0.96496	25.703	0	0
-1.1561	1.2942	26.066	-1.4209	1.5539	27.532	-1.7671	1.1124	26.986	0	0
-1.1561	1.2942	26.066	-1.6032	0.93386	26.667	-1.7671	1.1124	26.986	0	0
-1.1561	1.2942	26.066	-1.6032	0.93386	26.667	-1.0762	1.135	26.383	0	0
0.10825	2.1963	26.55	0.44235	2.2929	27.586	0.11445	2.2429	28.089	0	0
-1.4209	1.5539	26.505	-1.7671	1.1124	26.986	-1.6492	1.7615	27.739	0	0
-1.7316	2.4308	27.475	-1.1185	2.4661	28.989	-1.7713	2.7764	28.897	0	0
-1.1185	2.4661	27.962	-1.7713	2.7764	28.897	-1.6864	2.9906	29.15	0	0
-1.1185	2.4661	27.962	-0.72875	2.4381	29.56	-1.1639	2.6667	29.562	0	0
-1.1185	2.4661	27.962	-1.1639	2.6667	29.562	-1.6864	2.9906	29.15	0	0
-1.1639	2.6667	28.535	-1.6947	2.9989	29.58	-1.6864	2.9906	29.15	0	0
-0.41205	2.6872	12.111	-2.05862801605268	8.48560817888046	18.2982039945879	0.175712948635255	2.44352984198859	11.6714829777969	1	1
-2.05862801605268	8.48560817888046	18.2982039945879	-1.71947161681357	11.3054196671241	20.9063780048151	0.165553367784202	6.9677576457223	19.2085376295866	1	1
-1.71947161681357	11.3054196671241	20.9063780048151	-1.99309373796339	16.2576952592428	22.781540438985	0.116225645109269	10.0678930485436	21.6645574085203	1	1
-1.99309373796339	16.2576952592428	22.781540438985	-1.65502001132133	19.7244460911336	23.2721507374289	-1.11493387675586	15.8195515138996	24.7878016200331	1	1
-1.65502001132133	19.7244460911336	23.2721507374289	0.00196908991936057	25.4534519414006	21.1152325456618	-1.26367310954333	20.3446939659513	23.5931444854254	1	1
0.165553367784202	6.9677576457223	19.2085376295866	0.175712948635255	2.44352984198859	11.6714829777969	-2.05862801605268	8.48560817888046	18.2982039945879	1	1
0.116225645109269	10.0678930485436	21.6645574085203	0.165553367784202	6.9677576457223	19.2085376295866	-1.71947161681357	11.3054196671241	20.9063780048151	1	1
-1.11493387675586	15.8195515138996	24.7878016200331	0.116225645109269	10.0678930485436	21.6645574085203	-1.99309373796339	16.2576952592428	22.781540438985	1	1
-1.26367310954333	20.3446939659513	23.5931444854254	-1.11493387675586	15.8195515138996	24.7878016200331	-1.65502001132133	19.7244460911336	23.2721507374289	1	1
-2.05862801605268	8.48560817888046	18.2982039945879	-0.41205	2.6872	12.111	-1.76469145311349	1.82270220796518	12.3933613100019	1	1
-1.71947161681357	11.3054196671241	20.9063780048151	-2.05862801605268	8.48560817888046	18.2982039945879	-3.16282958013962	8.49369727065786	18.7130913557622	1	1
-1.99309373796339	16.2576952592428	22.781540438985	-1.71947161681357	11.3054196671241	20.9063780048151	-3.68088195914964	10.7039261748728	21.5203742651917	1	1
-1.65502001132133	19.7244460911336	23.2721507374289	-1.99309373796339	16.2576952592428	22.781540438985	-3.87690418356124	16.5219699456445	23.8481830479144	1	1
0.00196908991936057	25.4534519414006	21.1152325456618	-1.65502001132133	19.7244460911336	23.2721507374289	-3.6969209834468	20.3405050772598	23.7344653874738	1	1
-1.76469145311349	1.82270220796518	12.3933613100019	-3.16282958013962	8.49369727065786	18.7130913557622	-2.05862801605268	8.48560817888046	18.2982039945879	1	1
-3.16282958013962	8.49369727065786	18.7130913557622	-3.68088195914964	10.7039261748728	21.5203742651917	-1.71947161681357	11.3054196671241	20.9063780048151	1	1
-3.68088195914964	10.7039261748728	21.5203742651917	-3.87690418356124	16.5219699456445	23.8481830479144	-1.99309373796339	16.2576952592428	22.781540438985	1	1
-3.87690418356124	16.5219699456445	23.8481830479144	-3.6969209834468	20.3405050772598	23.7344653874738	-1.65502001132133	19.7244460911336	23.2721507374289	1	1
0.12035	-1.5779	16.987	-0.604734875740394	-4.94454727303858	22.7435345102339	0.708817123253991	-1.82007116146035	16.3106496130657	2	1
-0.604734875740394	-4.94454727303858	22.7435345102339	-1.00610727479409	-7.71829069134605	26.735327366179	0.727447967410602	-4.24306611725173	22.8301388432091	2	1
-1.00610727479409	-7.71829069134605	26.735327366179	-0.762992264747995	-10.6262360466433	29.5211181022171	1.24988066485868	-8.00033031930263	26.8822398380911	2	1
-0.762992264747995	-10.6262360466433	29.5211181022171	-1.32988087761618	-14.2953525979676	33.5652428722876	0.550253899620223	-10.40501641716	30.406174161065	2	1
-1.32988087761618	-14.2953525979676	33.5652428722876	-1.46223389256073	-19.0740833653453	35.6388706166894	0.869041370097091	-14.1758022048248	33.0069998476908	2	1
-1.46223389256073	-19.0740833653453	35.6388706166894	-0.805849138164319	-22.5196655708896	37.0466717670771	1.47674731450749	-18.6087580289154	37.4036744034533	2	1
-0.805849138164319	-22.5196655708896	37.0466717670771	-0.496970155512874	-26.0440499210576	37.1866947968511	1.89439377873352	-22.7362140684215	38.2660634588479	2	1
-0.496970155512874	-26.0440499210576	37.1866947968511	-0.172959485361409	-29.5394772704798	32.7296177029992	1.45195554592087	-25.6834716129831	37.3388056003372	2	1
0.727447967410602	-4.24306611725173	22.8301388432091	0.708817123253991	-1.82007116146035	16.3106496130657	-0.604734875740394	-4.94454727303858	22.7435345102339	2	1
1.24988066485868	-8.00033031930263	26.8822398380911	0.727447967410602	-4.24306611725173	22.8301388432091	-1.00610727479409	-7.71829069134605	26.735327366179	2	1
0.550253899620223	-10.40501641716	30.406174161065	1.24988066485868	-8.00033031930263	26.8822398380911	-0.762992264747995	-10.6262360466433	29.5211181022171	2	1
0.869041370097091	-14.1758022048248	33.0069998476908	0.550253899620223	-10.40501641716	30.406174161065	-1.32988087761618	-14.2953525979676	33.5652428722876	2	1
1.47674731450749	-18.6087580289154	37.4036744034533	0.869041370097091	-14.1758022048248	33.0069998476908	-1.46223389256073	-19.0740833653453	35.6388706166894	2	1
1.89439377873352	-22.7362140684215	38.2660634588479	1.47674731450749	-18.6087580289154	37.4036744034533	-0.805849138164319	-22.5196655708896	37.0466717670771	2	1
1.45195554592087	-25.6834716129831	37.3388056003372	1.89439377873352	-22.7362140684215	38.2660634588479	-0.496970155512874	-26.0440499210576	37.1866947968511	2	1
-0.604734875740394	-4.94454727303858	22.7435345102339	0.12035	-1.5779	16.987	-1.32662155747016	-1.75059439083849	16.3373906929967	2	1
-1.00610727479409	-7.71829069134605	26.735327366179	-0.604734875740394	-4.94454727303858	22.7435345102339	-1.81901665425956	-4.21624350924597	23.4021578047672	2	1
-0.762992264747995	-10.6262360466433	29.5211181022171	-1.00610727479409	-7.71829069134605	26.735327366179	-1.58118798059421	-7.6255600978732	27.3259772107152	2	1
-1.32988087761618	-14.2953525979676	33.5652428722876	-0.762992264747995	-10.6262360466433	29.5211181022171	-2.63879776844635	-8.34726490739506	31.4156829549653	2	1
-1.46223389256073	-19.0740833653453	35.6388706166894	-1.32988087761618	-14.2953525979676	33.5652428722876	-2.13040810584067	-14.9214075635359	33.1922823154474	2	1
-0.805849138164319	-22.5196655708896	37.0466717670771	-1.46223389256073	-19.0740833653453	35.6388706166894	-2.39280324762026	-18.8153047107586	35.4956720016319	2	1
-0.496970155512874	-26.0440499210576	37.1866947968511	-0.805849138164319	-22.5196655708896	37.0466717670771	-0.902805576649703	-22.9085287248996	38.7138415684139	2	1
-1.32662155747016	-1.75059439083849	16.3373906929967	-1.81901665425956	-4.21624350924597	23.4021578047672	-0.604734875740394	-4.94454727303858	22.7435345102339	2	1
-1.81901665425956	-4.21624350924597	23.4021578047672	-1.58118798059421	-7.6255600978732	27.3259772107152	-1.00610727479409	-7.71829069134605	26.735327366179	2	1
-1.58118798059421	-7.6255600978732	27.3259772107152	-2.63879776844635	-8.34726490739506	31.4156829549653	-0.762992264747995	-10.6262360466433	29.5211181022171	2	1
-2.63879776844635	-8.34726490739506	31.4156829549653	-2.13040810584067	-14.9214075635359	33.1922823154474	-1.32988087761618	-14.2953525979676	33.5652428722876	2	1
-2.13040810584067	-14.9214075635359	33.1922823154474	-2.39280324762026	-18.8153047107586	35.4956720016319	-1.46223389256073	-19.0740833653453	35.6388706166894	2	1
-2.39280324762026	-18.8153047107586	35.4956720016319	-0.902805576649703	-22.9085287248996	38.7138415684139	-0.805849138164319	-22.5196655708896	37.0466717670771	2	1
0.0037021	2.3981	21.682	0.30674391559248	4.56361017977505	27.2389976772028	1.08276809040784	1.91541995126616	21.4280288497411	3	2
0.30674391559248	4.56361017977505	27.2389976772028	0.471738418802944	6.60083336667872	32.4113089249094	1.08430710729629	4.64598801666933	27.5055127141069	3	2
0.471738418802944	6.60083336667872	32.4113089249094	0.761750837573706	9.0655891853565	35.9439269758389	2.26879385697945	5.57471926188083	32.5486039668995	3	2
0.761750837573706	9.0655891853565	35.9439269758389	1.30352933285671	12.2810367140615	39.4313184669385	2.23529581067388	8.91786430993575	35.9382583399233	3	2
1.30352933285671	12.2810367140615	39.4313184669385	1.56481658172423	15.3910422829146	41.5299162714932	3.3635446226447	11.3018979883437	40.3700524290596	3	2
1.56481658172423	15.3910422829146	41.5299162714932	2.28260393847371	18.7751947025404	43.4937214734498	3.45523486588167	14.7612616067199	41.7070297120193	3	2
2.28260393847371	18.7751947025404	43.4937214734498	3.4124678704931	24.1399944707616	44.4012978239656	4.28365876258556	18.4923155914901	43.4708197392335	3	2
3.4124678704931	24.1399944707616	44.4012978239656	4.04845218583199	27.5347429403166	43.8521491472881	5.47432548874307	24.3308549980808	43.9000592468628	3	2
4.04845218583199	27.5347429403166	43.8521491472881	5.37833984012802	30.909283329871	42.8746175231362	6.90073872701122	27.8626465902908	44.1644198204891	3	2
5.37833984012802	30.909283329871	42.8746175231362	5.14866352644705	34.1015893622942	41.5020494970303	6.60809025128559	31.0983509570953	43.1810166070016	3	2
5.14866352644705	34.1015893622942	41.5020494970303	5.16863446701973	39.675112769246	38.0425202293852	7.31891439390836	34.1109528067546	41.4758390374523	3	2
1.08430710729629	4.64598801666933	27.5055127141069	1.08276809040784	1.91541995126616	21.4280288497411	0.30674391559248	4.56361017977505	27.2389976772028	3	2
2.26879385697945	5.57471926188083	32.5486039668995	1.08430710729629	4.64598801666933	27.5055127141069	0.471738418802944	6.60083336667872	32.4113089249094	3	2
2.23529581067388	8.91786430993575	35.9382583399233	2.26879385697945	5.57471926188083	32.5486039668995	0.761750837573706	9.0655891853565	35.9439269758389	3	2
3.3635446226447	11.3018979883437	40.3700524290596	2.23529581067388	8.91786430993575	35.9382583399233	1.30352933285671	12.2810367140615	39.4313184669385	3	2
3.45523486588167	14.7612616067199	41.7070297120193	3.3635446226447	11.3018979883437	40.3700524290596	1.56481658172423	15.3910422829146	41.5299162714932	3	2
4.28365876258556	18.4923155914901	43.4708197392335	3.45523486588167	14.7612616067199	41.7070297120193	2.28260393847371	18.7751947025404	43.4937214734498	3	2
5.47432548874307	24.3308549980808	43.9000592468628	4.28365876258556	18.4923155914901	43.4708197392335	3.4124678704931	24.1399944707616	44.4012978239656	3	2
6.90073872701122	27.8626465902908	44.1644198204891	5.47432548874307	24.3308549980808	43.9000592468628	4.04845218583199	27.5347429403166	43.8521491472881	3	2
6.60809025128559	31.0983509570953	43.1810166070016	6.90073872701122	27.8626465902908	44.1644198204891	5.37833984012802	30.909283329871	42.8746175231362	3	2
7.31891439390836	34.1109528067546	41.4758390374523	6.60809025128559	31.0983509570953	43.1810166070016	5.14866352644705	34.1015893622942	41.5020494970303	3	2
0.30674391559248	4.56361017977505	27.2389976772028	0.0037021	2.3981	21.682	-1.46801330286893	1.89766916128589	21.6960004959428	3	2
0.471738418802944	6.60083336667872	32.4113089249094	0.30674391559248	4.56361017977505	27.2389976772028	-1.33359409804391	4.60538525366507	27.1060076993063	3	2
0.761750837573706	9.0655891853565	35.9439269758389	0.471738418802944	6.60083336667872	32.4113089249094	-2.20619280002096	6.13169194979428	32.2666359463959	3	2
1.30352933285671	12.2810367140615	39.4313184669385	0.761750837573706	9.0655891853565	35.9439269758389	-1.26150847668058	9.34332624255787	35.2425017949818	3	2
1.56481658172423	15.3910422829146	41.5299162714932	1.30352933285671	12.2810367140615	39.4313184669385	-1.68214042104251	10.6042780002681	40.8195386715059	3	2
2.28260393847371	18.7751947025404	43.4937214734498	1.56481658172423	15.3910422829146	41.5299162714932	-1.39007952677759	16.1943861949161	40.5252960910216	3	2
3.4124678704931	24.1399944707616	44.4012978239656	2.28260393847371	18.7751947025404	43.4937214734498	-0.239641511608559	18.9297674066767	43.1659340862987	3	2
4.04845218583199	27.5347429403166	43.8521491472881	3.4124678704931	24.1399944707616	44.4012978239656	2.13167828843813	23.865042046176	43.8544259461789	3	2
5.37833984012802	30.909283329871	42.8746175231362	4.04845218583199	27.5347429403166	43.8521491472881	3.13434092260599	28.343782909399	44.5971245944476	3	2
5.14866352644705	34.1015893622942	41.5020494970303	5.37833984012802	30.909283329871	42.8746175231362	3.93164002355542	31.3546173705826	43.5056621118242	3	2
5.16863446701973	39.675112769246	38.0425202293852	5.14866352644705	34.1015893622942	41.5020494970303	4.62981073434278	35.1161622149269	42.9438263684034	3	2
-1.46801330286893	1.89766916128589	21.6960004959428	-1.33359409804391	4.60538525366507	27.1060076993063	0.30674391559248	4.56361017977505	27.2389976772028	3	2
-1.33359409804391	4.60538525366507	27.1060076993063	-2.20619280002096	6.13169194979428	32.2666359463959	0.471738418802944	6.60083336667872	32.4113089249094	3	2
-2.20619280002096	6.13169194979428	32.2666359463959	-1.26150847668058	9.34332624255787	35.2425017949818	0.761750837573706	9.0655891853565	35.9439269758389	3	2
-1.26150847668058	9.34332624255787	35.2425017949818	-1.68214042104251	10.6042780002681	40.8195386715059	1.30352933285671	12.2810367140615	39.4313184669385	3	2
-1.68214042104251	10.6042780002681	40.8195386715059	-1.39007952677759	16.1943861949161	40.5252960910216	1.56481658172423	15.3910422829146	41.5299162714932	3	2
-1.39007952677759	16.1943861949161	40.5252960910216	-0.239641511608559	18.9297674066767	43.1659340862987	2.28260393847371	18.7751947025404	43.4937214734498	3	2
-0.239641511608559	18.9297674066767	43.1659340862987	2.13167828843813	23.865042046176	43.8544259461789	3.4124678704931	24.1399944707616	44.4012978239656	3	2
2.13167828843813	23.865042046176	43.8544259461789	3.13434092260599	28.343782909399	44.5971245944476	4.04845218583199	27.5347429403166	43.8521491472881	3	2
3.13434092260599	28.343782909399	44.5971245944476	3.93164002355542	31.3546173705826	43.5056621118242	5.37833984012802	30.909283329871	42.8746175231362	3	2
3.93164002355542	31.3546173705826	43.5056621118242	4.62981073434278	35.1161622149269	42.9438263684034	5.14866352644705	34.1015893622942	41.5020494970303	3	2
0.23953	-1.8413	25.174	0.569879767254924	-3.15846108018076	29.4601668236936	0.989183003114201	-2.56301895284541	25.4638039870767	4	2
0.569879767254924	-3.15846108018076	29.4601668236936	0.968328524555791	-4.46887294211002	34.1674057439547	1.12792190003717	-2.45719944774866	29.8009992802151	4	2
0.968328524555791	-4.46887294211002	34.1674057439547	1.65704976334526	-6.03651622543509	38.621247594704	1.5617607545934	-2.33472480133342	34.3429691842615	4	2
1.65704976334526	-6.03651622543509	38.621247594704	2.4023437169856	-8.30726888523821	42.1082142608286	2.91872814990343	-5.89256293978567	39.227914645435	4	2
2.4023437169856	-8.30726888523821	42.1082142608286	2.52465651694083	-11.171112759459	46.3983230709936	2.59796394602319	-8.12373894870808	42.5028914686688	4	2
2.52465651694083	-11.171112759459	46.3983230709936	3.75807168595151	-14.0793597597217	49.2983809835735	4.45254051680519	-10.0577594211522	47.8696819215627	4	2
3.75807168595151	-14.0793597597217	49.2983809835735	5.13607300752222	-16.6312421530596	52.0292801795017	4.34936243143532	-13.6161598792128	49.7336602215366	4	2
5.13607300752222	-16.6312421530596	52.0292801795017	6.96445141302134	-19.9409127110636	53.882545431371	7.50398002774949	-16.0260080766395	53.0437483240475	4	2
6.96445141302134	-19.9409127110636	53.882545431371	9.1255635056966	-23.6004396007817	54.6869264519842	10.026019760014	-19.9873853758629	54.2245686880642	4	2
9.1255635056966	-23.6004396007817	54.6869264519842	11.3572589138289	-27.4609540052609	55.7045349907307	11.2645354130389	-24.1907383353604	54.0766637351523	4	2
11.3572589138289	-27.4609540052609	55.7045349907307	13.9759999971985	-32.2738058532325	56.9010458464058	12.5682026576636	-26.6556192292966	56.932008879614	4	2
1.12792190003717	-2.45719944774866	29.8009992802151	0.989183003114201	-2.56301895284541	25.4638039870767	0.569879767254924	-3.15846108018076	29.4601668236936	4	2
1.5617607545934	-2.33472480133342	34.3429691842615	1.12792190003717	-2.45719944774866	29.8009992802151	0.968328524555791	-4.46887294211002	34.1674057439547	4	2
2.91872814990343	-5.89256293978567	39.227914645435	1.5617607545934	-2.33472480133342	34.3429691842615	1.65704976334526	-6.03651622543509	38.621247594704	4	2
2.59796394602319	-8.12373894870808	42.5028914686688	2.91872814990343	-5.89256293978567	39.227914645435	2.4023437169856	-8.30726888523821	42.1082142608286	4	2
4.45254051680519	-10.0577594211522	47.8696819215627	2.59796394602319	-8.12373894870808	42.5028914686688	2.52465651694083	-11.171112759459	46.3983230709936	4	2
4.34936243143532	-13.6161598792128	49.7336602215366	4.45254051680519	-10.0577594211522	47.8696819215627	3.75807168595151	-14.0793597597217	49.2983809835735	4	2
7.50398002774949	-16.0260080766395	53.0437483240475	4.34936243143532	-13.6161598792128	49.7336602215366	5.13607300752222	-16.6312421530596	52.0292801795017	4	2
10.026019760014	-19.9873853758629	54.2245686880642	7.50398002774949	-16.0260080766395	53.0437483240475	6.96445141302134	-19.9409127110636	53.882545431371	4	2
11.2645354130389	-24.1907383353604	54.0766637351523	10.026019760014	-19.9873853758629	54.2245686880642	9.1255635056966	-23.6004396007817	54.6869264519842	4	2
12.5682026576636	-26.6556192292966	56.932008879614	11.2645354130389	-24.1907383353604	54.0766637351523	11.3572589138289	-27.4609540052609	55.7045349907307	4	2
0.569879767254924	-3.15846108018076	29.4601668236936	0.23953	-1.8413	25.174	-1.68584395719821	-2.10784288360542	24.8641165621686	4	2
0.968328524555791	-4.46887294211002	34.1674057439547	0.569879767254924	-3.15846108018076	29.4601668236936	-1.54778638636021	-2.64331214005644	29.3134770018869	4	2
1.65704976334526	-6.03651622543509	38.621247594704	0.968328524555791	-4.46887294211002	34.1674057439547	-2.34009518602489	-4.03685778546653	33.8414792711147	4	2
2.4023437169856	-8.30726888523821	42.1082142608286	1.65704976334526	-6.03651622543509	38.621247594704	-1.38429389331071	-6.96201525657223	37.6699928822412	4	2
2.52465651694083	-11.171112759459	46.3983230709936	2.4023437169856	-8.30726888523821	42.1082142608286	-1.83108033178273	-6.77575823000551	42.2013578930246	4	2
3.75807168595151	-14.0793597597217	49.2983809835735	2.52465651694083	-11.171112759459	46.3983230709936	-0.077282635597034	-11.1172446195016	45.675852511048	4	2
5.13607300752222	-16.6312421530596	52.0292801795017	3.75807168595151	-14.0793597597217	49.2983809835735	2.60599314157433	-13.6283331290874	49.1437936424214	4	2
6.96445141302134	-19.9409127110636	53.882545431371	5.13607300752222	-16.6312421530596	52.0292801795017	4.44406798175689	-16.7244345597891	51.3538844217096	4	2
9.1255635056966	-23.6004396007817	54.6869264519842	6.96445141302134	-19.9409127110636	53.882545431371	5.18170644958138	-19.6705276977095	53.6545031109939	4	2
11.3572589138289	-27.4609540052609	55.7045349907307	9.1255635056966	-23.6004396007817	54.6869264519842	7.82975853522664	-23.4153844373456	54.6173972855072	4	2
13.9759999971985	-32.2738058532325	56.9010458464058	11.3572589138289	-27.4609540052609	55.7045349907307	10.5522017780636	-27.3120567535363	55.3468555021068	4	2
-1.68584395719821	-2.10784288360542	24.8641165621686	-1.54778638636021	-2.64331214005644	29.3134770018869	0.569879767254924	-3.15846108018076	29.4601668236936	4	2
-1.54778638636021	-2.64331214005644	29.3134770018869	-2.34009518602489	-4.03685778546653	33.8414792711147	0.968328524555791	-4.46887294211002	34.1674057439547	4	2
-2.34009518602489	-4.03685778546653	33.8414792711147	-1.38429389331071	-6.96201525657223	37.6699928822412	1.65704976334526	-6.03651622543509	38.621247594704	4	2
-1.38429389331071	-6.96201525657223	37.6699928822412	-1.83108033178273	-6.77575823000551	42.2013578930246	2.4023437169856	-8.30726888523821	42.1082142608286	4	2
-1.83108033178273	-6.77575823000551	42.2013578930246	-0.077282635597034	-11.1172446195016	45.675852511048	2.52465651694083	-11.171112759459	46.3983230709936	4	2
-0.077282635597034	-11.1172446195016	45.675852511048	2.60599314157433	-13.6283331290874	49.1437936424214	3.75807168595151	-14.0793597597217	49.2983809835735	4	2
2.60599314157433	-13.6283331290874	49.1437936424214	4.44406798175689	-16.7244345597891	51.3538844217096	5.13607300752222	-16.6312421530596	52.0292801795017	4	2
4.44406798175689	-16.7244345597891	51.3538844217096	5.18170644958138	-19.6705276977095	53.6545031109939	6.96445141302134	-19.9409127110636	53.882545431371	4	2
5.18170644958138	-19.6705276977095	53.6545031109939	7.82975853522664	-23.4153844373456	54.6173972855072	9.1255635056966	-23.6004396007817	54.6869264519842	4	2
7.82975853522664	-23.4153844373456	54.6173972855072	10.5522017780636	-27.3120567535363	55.3468555021068	11.3572589138289	-27.4609540052609	55.7045349907307	4	2
-0.096448	-0.21984	26.534	-0.506114522860986	0.579618162972058	30.15843822334	0.75823709812518	1.23125056121246	26.2139431636305	5	2
-0.506114522860986	0.579618162972058	30.15843822334	-0.717541641275314	2.11052441843577	34.5830714579236	2.38746830657864	2.26942712070668	29.448257890233	5	2
-0.717541641275314	2.11052441843577	34.5830714579236	-1.18510171404492	3.90842988261737	39.0759134326894	0.950983952231309	1.9496359051091	34.1861469656169	5	2
-1.18510171404492	3.90842988261737	39.0759134326894	-1.72941875555898	5.60844782765138	42.4091002253669	-0.107837480716953	3.89696694906875	39.465203233669	5	2
-1.72941875555898	5.60844782765138	42.4091002253669	-2.30792635065104	7.74804670457984	45.9995180044376	1.43223765740055	6.33820793437346	42.2075777473926	5	2
-2.30792635065104	7.74804670457984	45.9995180044376	-3.93264519370329	12.1616375673312	50.2886977194028	0.91448303874589	7.66780381317672	45.5292161141525	5	2
-3.93264519370329	12.1616375673312	50.2886977194028	-5.39885545758002	14.7644382931894	52.1448495676023	-1.88764799082806	11.2981519679326	50.6374606042742	5	2
2.38746830657864	2.26942712070668	29.448257890233	0.75823709812518	1.23125056121246	26.2139431636305	-0.506114522860986	0.579618162972058	30.15843822334	5	2
0.950983952231309	1.9496359051091	34.1861469656169	2.38746830657864	2.26942712070668	29.448257890233	-0.717541641275314	2.11052441843577	34.5830714579236	5	2
-0.107837480716953	3.89696694906875	39.465203233669	0.950983952231309	1.9496359051091	34.1861469656169	-1.18510171404492	3.90842988261737	39.0759134326894	5	2
1.43223765740055	6.33820793437346	42.2075777473926	-0.107837480716953	3.89696694906875	39.465203233669	-1.72941875555898	5.60844782765138	42.4091002253669	5	2
0.91448303874589	7.66780381317672	45.5292161141525	1.43223765740055	6.33820793437346	42.2075777473926	-2.30792635065104	7.74804670457984	45.9995180044376	5	2
-1.88764799082806	11.2981519679326	50.6374606042742	0.91448303874589	7.66780381317672	45.5292161141525	-3.93264519370329	12.1616375673312	50.2886977194028	5	2
-0.506114522860986	0.579618162972058	30.15843822334	-0.096448	-0.21984	26.534	-1.21781759071747	0.389608356484515	26.7005135676047	5	2
-0.717541641275314	2.11052441843577	34.5830714579236	-0.506114522860986	0.579618162972058	30.15843822334	-2.47809059849655	-1.58337315932787	30.5891137536133	5	2
-1.18510171404492	3.90842988261737	39.0759134326894	-0.717541641275314	2.11052441843577	34.5830714579236	-3.16480137022227	0.605218939449214	35.3310430108636	5	2
-1.72941875555898	5.60844782765138	42.4091002253669	-1.18510171404492	3.90842988261737	39.0759134326894	-3.68581186208359	2.52294539202212	39.5766139937201	5	2
-2.30792635065104	7.74804670457984	45.9995180044376	-1.72941875555898	5.60844782765138	42.4091002253669	-3.36243869669581	3.2980368460246	43.5437086590689	5	2
-3.93264519370329	12.1616375673312	50.2886977194028	-2.30792635065104	7.74804670457984	45.9995180044376	-3.24039815403222	6.33713929241576	47.2702084546258	5	2
-5.39885545758002	14.7644382931894	52.1448495676023	-3.93264519370329	12.1616375673312	50.2886977194028	-4.58259713303681	11.9562107876046	50.2168929512619	5	2
-1.21781759071747	0.389608356484515	26.7005135676047	-2.47809059849655	-1.58337315932787	30.5891137536133	-0.506114522860986	0.579618162972058	30.15843822334	5	2
-2.47809059849655	-1.58337315932787	30.5891137536133	-3.16480137022227	0.605218939449214	35.3310430108636	-0.717541641275314	2.11052441843577	34.5830714579236	5	2
-3.16480137022227	0.605218939449214	35.3310430108636	-3.68581186208359	2.52294539202212	39.5766139937201	-1.18510171404492	3.90842988261737	39.0759134326894	5	2
-3.68581186208359	2.52294539202212	39.5766139937201	-3.36243869669581	3.2980368460246	43.5437086590689	-1.72941875555898	5.60844782765138	42.4091002253669	5	2
-3.36243869669581	3.2980368460246	43.5437086590689	-3.24039815403222	6.33713929241576	47.2702084546258	-2.30792635065104	7.74804670457984	45.9995180044376	5	2
-3.24039815403222	6.33713929241576	47.2702084546258	-4.58259713303681	11.9562107876046	50.2168929512619	-3.93264519370329	12.1616375673312	50.2886977194028	5	2
0.66812	-1.503	30.237	0.65507524002915	-1.68035128852716	34.7037212150631	2.01415571005086	-0.853002274538283	30.4493156766762	6	2
0.65507524002915	-1.68035128852716	34.7037212150631	0.477873962649824	-2.1887291117933	39.0603206103491	2.06547644661453	-2.8294112964275	34.504513522675	6	2
0.477873962649824	-2.1887291117933	39.0603206103491	0.592676339292436	-3.4340141056042	42.9852474241135	2.35450456822412	-2.36676317630927	39.3793369155653	6	2
0.592676339292436	-3.4340141056042	42.9852474241135	1.2129950469476	-5.72189642466189	47.1096853888641	2.15254496116229	-0.837815500663745	43.9874165396879	6	2
1.2129950469476	-5.72189642466189	47.1096853888641	2.13363635391143	-8.36824390812924	50.7367302673648	2.51038131328588	-3.18197580597248	49.0790935706978	6	2
2.13363635391143	-8.36824390812924	50.7367302673648	4.03299883524681	-11.2463066914211	54.2953063013883	4.2502560305208	-6.93161944528738	51.8754033097059	6	2
4.03299883524681	-11.2463066914211	54.2953063013883	5.62753022400554	-14.4618588072947	55.7261840496127	5.56762597067149	-10.6114913168784	55.507163139246	6	2
5.62753022400554	-14.4618588072947	55.7261840496127	11.0884381156168	-20.403965055919	57.1427335261219	7.87310108958733	-13.8419582986848	58.0496978126612	6	2
11.0884381156168	-20.403965055919	57.1427335261219	12.3964351400408	-21.9600412171126	57.2738623355531	11.6084638040434	-20.7723530942417	58.6520593811304	6	2
2.06547644661453	-2.8294112964275	34.504513522675	2.01415571005086	-0.853002274538283	30.4493156766762	0.65507524002915	-1.68035128852716	34.7037212150631	6	2
2.35450456822412	-2.36676317630927	39.3793369155653	2.06547644661453	-2.8294112964275	34.504513522675	0.477873962649824	-2.1887291117933	39.0603206103491	6	2
2.15254496116229	-0.837815500663745	43.9874165396879	2.35450456822412	-2.36676317630927	39.3793369155653	0.592676339292436	-3.4340141056042	42.9852474241135	6	2
2.51038131328588	-3.18197580597248	49.0790935706978	2.15254496116229	-0.837815500663745	43.9874165396879	1.2129950469476	-5.72189642466189	47.1096853888641	6	2
4.2502560305208	-6.93161944528738	51.8754033097059	2.51038131328588	-3.18197580597248	49.0790935706978	2.13363635391143	-8.36824390812924	50.7367302673648	6	2
5.56762597067149	-10.6114913168784	55.507163139246	4.2502560305208	-6.93161944528738	51.8754033097059	4.03299883524681	-11.2463066914211	54.2953063013883	6	2
7.87310108958733	-13.8419582986848	58.0496978126612	5.56762597067149	-10.6114913168784	55.507163139246	5.62753022400554	-14.4618588072947	55.7261840496127	6	2
11.6084638040434	-20.7723530942417	58.6520593811304	7.87310108958733	-13.8419582986848	58.0496978126612	11.0884381156168	-20.403965055919	57.1427335261219	6	2
0.65507524002915	-1.68035128852716	34.7037212150631	0.66812	-1.503	30.237	-2.93579915334262	-1.06818971568908	30.5801990810414	6	2
0.477873962649824	-2.1887291117933	39.0603206103491	0.65507524002915	-1.68035128852716	34.7037212150631	-1.37992612342679	-0.9502716521951	34.8236585959988	6	2
0.592676339292436	-3.4340141056042	42.9852474241135	0.477873962649824	-2.1887291117933	39.0603206103491	-2.81439385924284	-2.03851837212097	39.2210168440238	6	2
1.2129950469476	-5.72189642466189	47.1096853888641	0.592676339292436	-3.4340141056042	42.9852474241135	-3.35742085416403	-3.75846450830356	42.4522252590625	6	2
2.13363635391143	-8.36824390812924	50.7367302673648	1.2129950469476	-5.72189642466189	47.1096853888641	-2.14195360729286	-5.95874034544933	46.4413721280379	6	2
4.03299883524681	-11.2463066914211	54.2953063013883	2.13363635391143	-8.36824390812924	50.7367302673648	-0.805871720514264	-7.44721809158493	50.9084540226959	6	2
5.62753022400554	-14.4618588072947	55.7261840496127	4.03299883524681	-11.2463066914211	54.2953063013883	2.07354028497766	-10.820805311644	54.2561639255673	6	2
11.0884381156168	-20.403965055919	57.1427335261219	5.62753022400554	-14.4618588072947	55.7261840496127	4.71115351436556	-14.0047390365505	55.5747786295505	6	2
12.3964351400408	-21.9600412171126	57.2738623355531	11.0884381156168	-20.403965055919	57.1427335261219	10.0659686345859	-19.8699439889508	58.4021370954334	6	2
-2.93579915334262	-1.06818971568908	30.5801990810414	-1.37992612342679	-0.9502716521951	34.8236585959988	0.65507524002915	-1.68035128852716	34.7037212150631	6	2
-1.37992612342679	-0.9502716521951	34.8236585959988	-2.81439385924284	-2.03851837212097	39.2210168440238	0.477873962649824	-2.1887291117933	39.0603206103491	6	2
-2.81439385924284	-2.03851837212097	39.2210168440238	-3.35742085416403	-3.75846450830356	42.4522252590625	0.592676339292436	-3.4340141056042	42.9852474241135	6	2
-3.35742085416403	-3.75846450830356	42.4522252590625	-2.14195360729286	-5.95874034544933	46.4413721280379	1.2129950469476	-5.72189642466189	47.1096853888641	6	2
-2.14195360729286	-5.95874034544933	46.4413721280379	-0.805871720514264	-7.44721809158493	50.9084540226959	2.13363635391143	-8.36824390812924	50.7367302673648	6	2
-0.805871720514264	-7.44721809158493	50.9084540226959	2.07354028497766	-10.820805311644	54.2561639255673	4.03299883524681	-11.2463066914211	54.2953063013883	6	2
2.07354028497766	-10.820805311644	54.2561639255673	4.71115351436556	-14.0047390365505	55.5747786295505	5.62753022400554	-14.4618588072947	55.7261840496127	6	2
4.71115351436556	-14.0047390365505	55.5747786295505	10.0659686345859	-19.8699439889508	58.4021370954334	11.0884381156168	-20.403965055919	57.1427335261219	6	2
0.48025	-0.065238	32.487	-1.2776	-1.5731	35.774	0.80535	-0.11254	32.763	7	2
-1.2776	-1.5731	35.774	-3.7106	-3.0051	39.413	0.6961	-0.59294	36.29	7	2
0.6961	-0.59294	36.29	0.80535	-0.11254	32.763	-1.2776	-1.5731	35.774	7	2
-1.2776	-1.5731	35.774	0.48025	-0.065238	32.487	-3.3403	-1.2828	30.858	7	2
-3.7106	-3.0051	39.413	-1.2776	-1.5731	35.774	-3.4174	-1.3611	35.729	7	2
-3.3403	-1.2828	30.858	-3.4174	-1.3611	35.729	-1.2776	-1.5731	35.774	7	2
1.6541	2.9057	32.832	1.51898741287868	4.46703990163125	37.7672022471602	3.00121189484884	2.72572883051758	32.9355237697918	8	2
1.51898741287868	4.46703990163125	37.7672022471602	2.44885498771498	5.76398841165077	42.4021017526108	3.03742898892822	2.01179996372813	37.881073566858	8	2
2.44885498771498	5.76398841165077	42.4021017526108	3.47331950006752	7.17495660672998	45.6333303526027	5.1068687518075	4.27981779855268	43.1066478768006	8	2
3.47331950006752	7.17495660672998	45.6333303526027	5.84199696397184	10.0639849593112	50.5660310803961	6.15790033865234	5.82869345714381	46.914475411981	8	2
5.84199696397184	10.0639849593112	50.5660310803961	8.01069873960487	12.5498537601527	53.0322430184438	8.13965192919167	9.07645798208427	51.939548306371	8	2
8.01069873960487	12.5498537601527	53.0322430184438	10.9559092077312	15.8613746912488	54.717344330339	11.2094741806733	12.5380628406683	54.0536251515532	8	2
10.9559092077312	15.8613746912488	54.717344330339	13.7830918681751	20.432552655266	54.7241432838892	13.3786188927962	16.0723063870223	54.8804381732967	8	2
13.7830918681751	20.432552655266	54.7241432838892	15.2281189460659	24.1359199179662	53.2791676225984	15.8101395838632	21.0704075536593	55.4906716179508	8	2
15.2281189460659	24.1359199179662	53.2791676225984	15.9557605771534	27.119196902314	51.5957006370685	16.4433840918285	23.9746876242858	53.5096383864038	8	2
3.03742898892822	2.01179996372813	37.881073566858	3.00121189484884	2.72572883051758	32.9355237697918	1.51898741287868	4.46703990163125	37.7672022471602	8	2
5.1068687518075	4.27981779855268	43.1066478768006	3.03742898892822	2.01179996372813	37.881073566858	2.44885498771498	5.76398841165077	42.4021017526108	8	2
6.15790033865234	5.82869345714381	46.914475411981	5.1068687518075	4.27981779855268	43.1066478768006	3.47331950006752	7.17495660672998	45.6333303526027	8	2
8.13965192919167	9.07645798208427	51.939548306371	6.15790033865234	5.82869345714381	46.914475411981	5.84199696397184	10.0639849593112	50.5660310803961	8	2
11.2094741806733	12.5380628406683	54.0536251515532	8.13965192919167	9.07645798208427	51.939548306371	8.01069873960487	12.5498537601527	53.0322430184438	8	2
13.3786188927962	16.0723063870223	54.8804381732967	11.2094741806733	12.5380628406683	54.0536251515532	10.9559092077312	15.8613746912488	54.717344330339	8	2
15.8101395838632	21.0704075536593	55.4906716179508	13.3786188927962	16.0723063870223	54.8804381732967	13.7830918681751	20.432552655266	54.7241432838892	8	2
16.4433840918285	23.9746876242858	53.5096383864038	15.8101395838632	21.0704075536593	55.4906716179508	15.2281189460659	24.1359199179662	53.2791676225984	8	2
1.51898741287868	4.46703990163125	37.7672022471602	1.6541	2.9057	32.832	0.338605624081379	0.50581452389567	33.5154543003083	8	2
2.44885498771498	5.76398841165077	42.4021017526108	1.51898741287868	4.46703990163125	37.7672022471602	-0.906129572615713	4.36089962707299	37.5630612868331	8	2
3.47331950006752	7.17495660672998	45.6333303526027	2.44885498771498	5.76398841165077	42.4021017526108	-0.0870879503566506	6.45939175480329	41.8928269199547	8	2
5.84199696397184	10.0639849593112	50.5660310803961	3.47331950006752	7.17495660672998	45.6333303526027	-0.266482621423486	7.50916749368234	45.0949636210582	8	2
8.01069873960487	12.5498537601527	53.0322430184438	5.84199696397184	10.0639849593112	50.5660310803961	2.39488414911426	10.0178583557922	50.0755574133227	8	2
10.9559092077312	15.8613746912488	54.717344330339	8.01069873960487	12.5498537601527	53.0322430184438	5.47254028507783	12.726131016735	51.8496582736898	8	2
13.7830918681751	20.432552655266	54.7241432838892	10.9559092077312	15.8613746912488	54.717344330339	8.1860308091104	15.2810333527805	55.040999745431	8	2
15.2281189460659	24.1359199179662	53.2791676225984	13.7830918681751	20.432552655266	54.7241432838892	13.0688248203885	20.7943468391046	55.7316235829456	8	2
15.9557605771534	27.119196902314	51.5957006370685	15.2281189460659	24.1359199179662	53.2791676225984	15.0279382872451	24.7639881833681	53.5164795646264	8	2
0.338605624081379	0.50581452389567	33.5154543003083	-0.906129572615713	4.36089962707299	37.5630612868331	1.51898741287868	4.46703990163125	37.7672022471602	8	2
-0.906129572615713	4.36089962707299	37.5630612868331	-0.0870879503566506	6.45939175480329	41.8928269199547	2.44885498771498	5.76398841165077	42.4021017526108	8	2
-0.0870879503566506	6.45939175480329	41.8928269199547	-0.266482621423486	7.50916749368234	45.0949636210582	3.47331950006752	7.17495660672998	45.6333303526027	8	2
-0.266482621423486	7.50916749368234	45.0949636210582	2.39488414911426	10.0178583557922	50.0755574133227	5.84199696397184	10.0639849593112	50.5660310803961	8	2
2.39488414911426	10.0178583557922	50.0755574133227	5.47254028507783	12.726131016735	51.8496582736898	8.01069873960487	12.5498537601527	53.0322430184438	8	2
5.47254028507783	12.726131016735	51.8496582736898	8.1860308091104	15.2810333527805	55.040999745431	10.9559092077312	15.8613746912488	54.717344330339	8	2
8.1860308091104	15.2810333527805	55.040999745431	13.0688248203885	20.7943468391046	55.7316235829456	13.7830918681751	20.432552655266	54.7241432838892	8	2
13.0688248203885	20.7943468391046	55.7316235829456	15.0279382872451	24.7639881833681	53.5164795646264	15.2281189460659	24.1359199179662	53.2791676225984	8	2
