-0.3475	-0.70784	0.031499	-0.41155	-0.34074	1.0263	-0.22515	-0.60134	1.8261	0	0
-0.41155	-0.34074	0	-0.087748	-0.21784	1.0423	-0.37868	0.45443	1.0936	0	0
-0.41155	-0.34074	0	-0.087748	-0.21784	1.0423	-0.1292	-0.21974	1.7978	0	0
-0.41155	-0.34074	0	-0.37868	0.45443	1.0936	-0.36431	0.45368	1.7658	0	0
-0.41155	-0.34074	0	-0.22515	-0.60134	1.8261	-0.1292	-0.21974	1.7978	0	0
-0.087748	-0.21784	0.015999	-0.37868	0.45443	1.0936	0.077885	0.65153	1.042	0	0
-0.087748	-0.21784	0.015999	0.077885	0.65153	1.042	0.58995	0.54246	1.7331	0	0
-0.087748	-0.21784	0.015999	-0.1292	-0.21974	1.7978	0.58995	0.54246	1.7331	0	0
-0.37868	0.45443	0.0673	0.077885	0.65153	1.042	0.090202	1.1281	1.0615	0	0
-0.37868	0.45443	0.0673	-0.36431	0.45368	1.7658	-0.23335	1.161	2.1406	0	0
-0.37868	0.45443	0.0673	0.090202	1.1281	1.0615	-0.23335	1.161	2.1406	0	0
-0.22515	-0.60134	0.79975	-0.1292	-0.21974	1.7978	0.21832	-0.029304	2.3827	0	0
-0.22515	-0.60134	0.79975	-0.15305	-0.60444	2.5182	0.21832	-0.029304	2.3827	0	0
0.077885	0.65153	0.015633	0.090202	1.1281	1.0615	0.65045	1.0875	1.0299	0	0
0.077885	0.65153	0.015633	0.65045	1.0875	1.0299	0.58995	0.54246	1.7331	0	0
-0.1292	-0.21974	0.77145	-0.36431	0.45368	1.7658	-0.53225	-0.15794	2.129	0	0
-0.1292	-0.21974	0.77145	-0.36431	0.45368	1.7658	0.17911	0.61674	1.8577	0	0
-0.1292	-0.21974	0.77145	-0.53225	-0.15794	2.129	-0.15305	-0.60444	2.5182	0	0
-0.1292	-0.21974	0.77145	0.58995	0.54246	1.7331	0.21832	-0.029304	2.3827	0	0
-0.36431	0.45368	0.7395	-0.53225	-0.15794	2.129	-0.33152	0.41281	2.5918	0	0
-0.36431	0.45368	0.7395	-0.33152	0.41281	2.5918	-0.23335	1.161	2.1406	0	0
0.090202	1.1281	0.03515	0.65045	1.0875	1.0299	0.2262	1.2084	1.817	0	0
0.090202	1.1281	0.03515	0.2262	1.2084	1.817	-0.23335	1.161	2.1406	0	0
-0.53225	-0.15794	1.1027	-0.33152	0.41281	2.5918	-0.13415	-0.24834	3.0499	0	0
0.65045	1.0875	0.003549	0.58995	0.54246	1.7331	0.65255	1.1118	1.7913	0	0
0.65045	1.0875	0.003549	0.2262	1.2084	1.817	0.65255	1.1118	1.7913	0	0
0.58995	0.54246	0.7068	0.17911	0.61674	1.8577	0.21832	-0.029304	2.3827	0	0
0.58995	0.54246	0.7068	0.17911	0.61674	1.8577	0.65255	1.1118	1.7913	0	0
0.17911	0.61674	0.83138	0.21832	-0.029304	2.3827	0.1928	0.65786	2.5434	0	0
0.17911	0.61674	0.83138	0.2262	1.2084	1.817	0.65255	1.1118	1.7913	0	0
0.17911	0.61674	0.83138	0.2262	1.2084	1.817	-0.23335	1.161	2.1406	0	0
0.17911	0.61674	0.83138	0.1928	0.65786	2.5434	-0.23335	1.161	2.1406	0	0
-0.15305	-0.60444	1.4919	0.21832	-0.029304	2.3827	-0.13415	-0.24834	3.0499	0	0
-0.15305	-0.60444	1.4919	-0.13415	-0.24834	3.0499	-0.20925	-0.38654	3.2845	0	0
0.21832	-0.029304	1.3563	0.1928	0.65786	2.5434	0.019302	0.37346	3.2258	0	0
0.21832	-0.029304	1.3563	-0.13415	-0.24834	3.0499	0.019302	0.37346	3.2258	0	0
-0.33152	0.41281	1.5654	0.019302	0.37346	3.2258	-0.19325	0.5944	3.2322	0	0
-0.33152	0.41281	1.5654	-0.19325	0.5944	3.2322	-0.24735	1.2865	3.1824	0	0
-0.33152	0.41281	1.5654	-0.23335	1.161	2.1406	-0.24735	1.2865	3.1824	0	0
0.1928	0.65786	1.5171	0.19635	1.1336	2.5602	0.59565	1.1524	2.462	0	0
0.1928	0.65786	1.5171	0.19635	1.1336	2.5602	-0.23335	1.161	2.1406	0	0
0.1928	0.65786	1.5171	0.59565	1.1524	2.462	0.58445	0.89706	3.0215	0	0
0.1928	0.65786	1.5171	0.019302	0.37346	3.2258	0.58445	0.89706	3.0215	0	0
-0.13415	-0.24834	2.0236	-0.20925	-0.38654	3.2845	0.019302	0.37346	3.2258	0	0
0.19635	1.1336	1.5339	0.58445	0.89706	3.0215	0.088202	1.1438	3.2618	0	0
0.19635	1.1336	1.5339	0.088202	1.1438	3.2618	-0.24735	1.2865	3.1824	0	0
0.19635	1.1336	1.5339	-0.23335	1.161	2.1406	-0.24735	1.2865	3.1824	0	0
-0.20925	-0.38654	2.2582	0.019302	0.37346	3.2258	-0.16545	-0.28084	4.0561	0	0
-0.20925	-0.38654	2.2582	-0.35048	-0.63784	3.8856	-0.16545	-0.28084	4.0561	0	0
0.019302	0.37346	2.1995	-0.19325	0.5944	3.2322	0.19198	0.45409	3.8968	0	0
0.019302	0.37346	2.1995	0.58445	0.89706	3.0215	0.5727	0.89226	3.8548	0	0
0.019302	0.37346	2.1995	-0.16545	-0.28084	4.0561	0.19198	0.45409	3.8968	0	0
-0.19325	0.5944	2.2059	0.19198	0.45409	3.8968	-0.17965	0.74516	4.0608	0	0
-0.19325	0.5944	2.2059	-0.24735	1.2865	3.1824	-0.17965	0.74516	4.0608	0	0
0.58445	0.89706	1.9952	0.088202	1.1438	3.2618	0.5727	0.89226	3.8548	0	0
0.088202	1.1438	2.2354	-0.24735	1.2865	3.1824	0.11245	1.1443	4.0705	0	0
0.088202	1.1438	2.2354	0.5727	0.89226	3.8548	0.11245	1.1443	4.0705	0	0
-0.35048	-0.63784	2.8592	-0.16545	-0.28084	4.0561	-0.2666	-0.57164	4.7374	0	0
-0.16545	-0.28084	3.0298	0.19198	0.45409	3.8968	0.12835	-0.030738	4.352	0	0
-0.16545	-0.28084	3.0298	0.12835	-0.030738	4.352	-0.15805	-0.24374	4.5619	0	0
-0.16545	-0.28084	3.0298	-0.15805	-0.24374	4.5619	-0.2666	-0.57164	4.7374	0	0
0.19198	0.45409	2.8704	0.5727	0.89226	3.8548	0.2311	0.63296	4.6118	0	0
0.19198	0.45409	2.8704	-0.17965	0.74516	4.0608	-0.1763	0.49556	4.57	0	0
0.19198	0.45409	2.8704	0.12835	-0.030738	4.352	0.2311	0.63296	4.6118	0	0
-0.24735	1.2865	2.1561	-0.17965	0.74516	4.0608	-0.41335	1.134	4.6148	0	0
-0.24735	1.2865	2.1561	0.11245	1.1443	4.0705	-0.41335	1.134	4.6148	0	0
0.5727	0.89226	2.8285	0.11245	1.1443	4.0705	0.23795	1.2918	4.5479	0	0
0.5727	0.89226	2.8285	0.2311	0.63296	4.6118	0.60185	0.89616	4.6843	0	0
0.5727	0.89226	2.8285	0.23795	1.2918	4.5479	0.60185	0.89616	4.6843	0	0
-0.17965	0.74516	3.0345	-0.1763	0.49556	4.57	-0.41335	1.134	4.6148	0	0
0.12835	-0.030738	3.3257	-0.1763	0.49556	4.57	-0.15805	-0.24374	4.5619	0	0
0.12835	-0.030738	3.3257	0.2311	0.63296	4.6118	-0.13315	-0.26594	5.0635	0	0
0.11245	1.1443	3.0442	-0.41335	1.134	4.6148	0.23795	1.2918	4.5479	0	0
-0.1763	0.49556	3.5437	-0.15805	-0.24374	4.5619	-0.13315	-0.26594	5.0635	0	0
-0.1763	0.49556	3.5437	-0.13315	-0.26594	5.0635	-0.39075	0.5507	5.3515	0	0
-0.1763	0.49556	3.5437	-0.41335	1.134	4.6148	-0.39075	0.5507	5.3515	0	0
-0.15805	-0.24374	3.5356	-0.2666	-0.57164	4.7374	-0.13315	-0.26594	5.0635	0	0
-0.2666	-0.57164	3.7111	-0.13315	-0.26594	5.0635	-0.40125	-0.59064	5.3859	0	0
0.2311	0.63296	3.5854	-0.13315	-0.26594	5.0635	0.035852	0.38686	5.6041	0	0
0.2311	0.63296	3.5854	0.035852	0.38686	5.6041	0.60185	0.89616	4.6843	0	0
-0.13315	-0.26594	4.0372	-0.36955	-0.2854	5.3799	-0.40125	-0.59064	5.3859	0	0
-0.13315	-0.26594	4.0372	-0.36955	-0.2854	5.3799	0.035852	0.38686	5.6041	0	0
-0.41335	1.134	3.5884	0.23795	1.2918	4.5479	-0.40672	1.1238	5.295	0	0
-0.41335	1.134	3.5884	-0.39075	0.5507	5.3515	-0.40672	1.1238	5.295	0	0
0.23795	1.2918	3.5216	0.2735	1.0969	5.3112	0.60185	0.89616	4.6843	0	0
0.23795	1.2918	3.5216	0.2735	1.0969	5.3112	-0.40672	1.1238	5.295	0	0
-0.36955	-0.2854	4.3535	-0.40125	-0.59064	5.3859	-0.32761	-0.32944	6.058	0	0
-0.36955	-0.2854	4.3535	0.035852	0.38686	5.6041	-0.32761	-0.32944	6.058	0	0
-0.40125	-0.59064	4.3596	-0.32761	-0.32944	6.058	-0.45215	-0.71554	6.0998	0	0
-0.39075	0.5507	4.3252	0.035852	0.38686	5.6041	0.2735	1.0969	5.3112	0	0
-0.39075	0.5507	4.3252	0.2735	1.0969	5.3112	-0.40672	1.1238	5.295	0	0
0.035852	0.38686	4.5778	0.2735	1.0969	5.3112	0.32645	1.112	6.0266	0	0
0.035852	0.38686	4.5778	-0.32761	-0.32944	6.058	-0.1037	0.50781	6.0765	0	0
0.035852	0.38686	4.5778	0.32645	1.112	6.0266	-0.1037	0.50781	6.0765	0	0
0.2735	1.0969	4.2849	0.60185	0.89616	4.6843	0.32645	1.112	6.0266	0	0
-0.32761	-0.32944	5.0317	-0.45215	-0.71554	6.0998	-0.3167	-0.29826	6.6523	0	0
-0.32761	-0.32944	5.0317	-0.1037	0.50781	6.0765	-0.3167	-0.29826	6.6523	0	0
0.32645	1.112	5.0003	-0.1037	0.50781	6.0765	0.30095	1.1021	6.8031	0	0
-0.45215	-0.71554	5.0735	-0.3167	-0.29826	6.6523	-0.59195	-0.91369	6.7385	0	0
-0.1037	0.50781	5.0502	-0.3167	-0.29826	6.6523	-0.13598	0.39563	6.7364	0	0
-0.1037	0.50781	5.0502	-0.13598	0.39563	6.7364	0.30095	1.1021	6.8031	0	0
-0.3167	-0.29826	5.6259	-0.13598	0.39563	6.7364	-0.42788	-0.25034	7.4039	0	0
-0.3167	-0.29826	5.6259	-0.59195	-0.91369	6.7385	-0.42788	-0.25034	7.4039	0	0
-0.13598	0.39563	5.7101	0.30095	1.1021	6.8031	-0.11615	0.77816	7.5529	0	0
-0.13598	0.39563	5.7101	-0.42788	-0.25034	7.4039	-0.11615	0.77816	7.5529	0	0
-0.59195	-0.91369	5.7121	-0.42788	-0.25034	7.4039	-0.56585	-0.73734	7.548	0	0
-0.59195	-0.91369	5.7121	-0.94701	-1.0701	7.415	-0.56585	-0.73734	7.548	0	0
0.30095	1.1021	5.7767	-0.11615	0.77816	7.5529	0.2734	1.0952	7.5373	0	0
-0.42788	-0.25034	6.3776	-0.56585	-0.73734	7.548	-0.4124	-0.22374	8.0443	0	0
-0.42788	-0.25034	6.3776	-0.54988	0.3956	7.5862	-0.11615	0.77816	7.5529	0	0
-0.42788	-0.25034	6.3776	-0.54988	0.3956	7.5862	-0.4124	-0.22374	8.0443	0	0
-0.94701	-1.0701	6.3887	-0.56585	-0.73734	7.548	-0.62795	-0.78214	8.0021	0	0
-0.94701	-1.0701	6.3887	-0.62795	-0.78214	8.0021	-1.0538	-0.90764	8.1021	0	0
-0.56585	-0.73734	6.5217	-0.4124	-0.22374	8.0443	-0.62795	-0.78214	8.0021	0	0
-0.54988	0.3956	6.5599	-0.11615	0.77816	7.5529	-0.51378	1.1669	7.4114	0	0
-0.54988	0.3956	6.5599	-0.51378	1.1669	7.4114	-0.4791	1.2056	8.0208	0	0
-0.54988	0.3956	6.5599	-0.4124	-0.22374	8.0443	-0.4438	0.46864	8.0486	0	0
-0.54988	0.3956	6.5599	-0.4438	0.46864	8.0486	-0.4791	1.2056	8.0208	0	0
-0.11615	0.77816	6.5266	-0.51378	1.1669	7.4114	0.2734	1.0952	7.5373	0	0
-0.51378	1.1669	6.385	0.2734	1.0952	7.5373	0.026352	1.5502	7.4657	0	0
-0.51378	1.1669	6.385	0.026352	1.5502	7.4657	-0.28695	1.5502	7.7489	0	0
-0.51378	1.1669	6.385	-0.28695	1.5502	7.7489	-0.4791	1.2056	8.0208	0	0
0.2734	1.0952	6.511	-0.4124	-0.22374	8.0443	0.2581	1.0921	8.0847	0	0
0.2734	1.0952	6.511	0.026352	1.5502	7.4657	0.2581	1.0921	8.0847	0	0
-0.4124	-0.22374	7.0179	-0.62795	-0.78214	8.0021	-0.89135	-0.40644	8.3197	0	0
-0.4124	-0.22374	7.0179	-0.4438	0.46864	8.0486	-0.89135	-0.40644	8.3197	0	0
-0.4124	-0.22374	7.0179	0.2581	1.0921	8.0847	0.18565	0.81736	8.7878	0	0
-0.4124	-0.22374	7.0179	0.18565	0.81736	8.7878	-0.4245	-0.22426	8.8192	0	0
-0.62795	-0.78214	6.9758	-1.0538	-0.90764	8.1021	-0.89135	-0.40644	8.3197	0	0
-0.4438	0.46864	7.0223	-0.4791	1.2056	8.0208	-0.46324	0.48506	8.815	0	0
-0.4438	0.46864	7.0223	-0.89135	-0.40644	8.3197	-0.46324	0.48506	8.815	0	0
-1.0538	-0.90764	7.0758	-0.89135	-0.40644	8.3197	-0.54655	-0.74849	8.802	0	0
-1.0538	-0.90764	7.0758	-0.54655	-0.74849	8.802	-0.85995	-1.0273	9.7054	0	0
0.026352	1.5502	6.4394	-0.28695	1.5502	7.7489	-0.034448	1.5586	8.1141	0	0
0.026352	1.5502	6.4394	0.2581	1.0921	8.0847	-0.034448	1.5586	8.1141	0	0
-0.28695	1.5502	6.7226	-0.31265	1.5695	7.8874	-0.4791	1.2056	8.0208	0	0
-0.28695	1.5502	6.7226	-0.31265	1.5695	7.8874	-0.034448	1.5586	8.1141	0	0
0.2581	1.0921	7.0584	-0.034448	1.5586	8.1141	0.038052	1.586	8.4944	0	0
0.2581	1.0921	7.0584	0.038052	1.586	8.4944	0.15865	1.3202	8.8175	0	0
0.2581	1.0921	7.0584	0.18565	0.81736	8.7878	0.15865	1.3202	8.8175	0	0
-0.31265	1.5695	6.8611	-0.4791	1.2056	8.0208	-0.16725	1.5609	8.5345	0	0
-0.31265	1.5695	6.8611	-0.034448	1.5586	8.1141	-0.16725	1.5609	8.5345	0	0
-0.4791	1.2056	6.9945	-0.16725	1.5609	8.5345	-0.43757	1.192	8.8144	0	0
-0.4791	1.2056	6.9945	-0.46324	0.48506	8.815	-0.43757	1.192	8.8144	0	0
-0.89135	-0.40644	7.2934	-0.54655	-0.74849	8.802	-0.4245	-0.22426	8.8192	0	0
-0.89135	-0.40644	7.2934	-0.4245	-0.22426	8.8192	-0.46324	0.48506	8.815	0	0
-0.034448	1.5586	7.0878	0.038052	1.586	8.4944	-0.16725	1.5609	8.5345	0	0
0.038052	1.586	7.4681	-0.16725	1.5609	8.5345	-0.2822	1.5457	9.3801	0	0
0.038052	1.586	7.4681	0.15865	1.3202	8.8175	-0.2822	1.5457	9.3801	0	0
-0.16725	1.5609	7.5082	-0.43757	1.192	8.8144	-0.2822	1.5457	9.3801	0	0
0.18565	0.81736	7.7615	-0.4245	-0.22426	8.8192	0.099852	0.53146	9.6678	0	0
0.18565	0.81736	7.7615	0.15865	1.3202	8.8175	0.1686	1.0787	9.5365	0	0
0.18565	0.81736	7.7615	0.1686	1.0787	9.5365	0.099852	0.53146	9.6678	0	0
-0.54655	-0.74849	7.7756	-0.4245	-0.22426	8.8192	-0.54215	-0.73694	9.5497	0	0
-0.54655	-0.74849	7.7756	-0.54215	-0.73694	9.5497	-0.85995	-1.0273	9.7054	0	0
-0.4245	-0.22426	7.7929	-0.54215	-0.73694	9.5497	-0.40325	-0.23239	9.5557	0	0
-0.4245	-0.22426	7.7929	-0.40325	-0.23239	9.5557	0.099852	0.53146	9.6678	0	0
-0.46324	0.48506	7.7886	-0.43757	1.192	8.8144	-0.50717	0.49754	9.5691	0	0
-0.46324	0.48506	7.7886	-0.40325	-0.23239	9.5557	-0.50717	0.49754	9.5691	0	0
-0.43757	1.192	7.7881	-0.2822	1.5457	9.3801	-0.4315	1.1788	9.5592	0	0
-0.43757	1.192	7.7881	-0.50717	0.49754	9.5691	-0.4315	1.1788	9.5592	0	0
0.15865	1.3202	7.7912	-0.2822	1.5457	9.3801	0.1686	1.0787	9.5365	0	0
-0.54215	-0.73694	8.5234	-0.40325	-0.23239	9.5557	-0.39457	-0.35364	10.274	0	0
-0.54215	-0.73694	8.5234	-0.85995	-1.0273	9.7054	-0.65628	-0.8273	10.225	0	0
-0.54215	-0.73694	8.5234	-0.65628	-0.8273	10.225	-0.39457	-0.35364	10.274	0	0
-0.40325	-0.23239	8.5294	-0.50717	0.49754	9.5691	-0.50472	0.53016	10.263	0	0
-0.40325	-0.23239	8.5294	-0.39457	-0.35364	10.274	-0.50472	0.53016	10.263	0	0
-0.2822	1.5457	8.3537	0.1686	1.0787	9.5365	-0.016698	1.5936	10.331	0	0
-0.2822	1.5457	8.3537	-0.4315	1.1788	9.5592	-0.25145	1.5798	10.313	0	0
-0.2822	1.5457	8.3537	-0.25145	1.5798	10.313	-0.016698	1.5936	10.331	0	0
0.1686	1.0787	8.5102	0.099852	0.53146	9.6678	0.23665	0.83626	10.139	0	0
0.1686	1.0787	8.5102	0.23665	0.83626	10.139	0.10795	1.333	10.31	0	0
0.1686	1.0787	8.5102	-0.016698	1.5936	10.331	0.10795	1.333	10.31	0	0
-0.50717	0.49754	8.5427	-0.4315	1.1788	9.5592	-0.50472	0.53016	10.263	0	0
0.099852	0.53146	8.6415	-0.39457	-0.35364	10.274	0.23665	0.83626	10.139	0	0
-0.65628	-0.8273	9.1986	-0.39457	-0.35364	10.274	-0.42485	-0.68119	11.11	0	0
-0.39457	-0.35364	9.2478	0.23665	0.83626	10.139	0.17135	0.54336	11.136	0	0
-0.39457	-0.35364	9.2478	-0.50472	0.53016	10.263	-0.35848	-0.20897	10.899	0	0
-0.39457	-0.35364	9.2478	-0.35848	-0.20897	10.899	-0.42485	-0.68119	11.11	0	0
-0.4315	1.1788	8.5329	-0.50472	0.53016	10.263	-0.4806	1.1799	10.32	0	0
-0.4315	1.1788	8.5329	-0.4806	1.1799	10.32	-0.25145	1.5798	10.313	0	0
0.23665	0.83626	9.1124	0.10795	1.333	10.31	0.21739	1.0475	10.913	0	0
0.23665	0.83626	9.1124	0.21739	1.0475	10.913	0.17135	0.54336	11.136	0	0
-0.50472	0.53016	9.2364	-0.4806	1.1799	10.32	-0.40839	0.43862	10.972	0	0
-0.50472	0.53016	9.2364	-0.35848	-0.20897	10.899	-0.40839	0.43862	10.972	0	0
-0.4806	1.1799	9.2938	-0.25145	1.5798	10.313	-0.36515	1.6128	11.053	0	0
-0.4806	1.1799	9.2938	-0.36515	1.6128	11.053	-0.52258	1.2767	11.081	0	0
-0.4806	1.1799	9.2938	-0.52258	1.2767	11.081	-0.40839	0.43862	10.972	0	0
-0.35848	-0.20897	9.8729	-0.40839	0.43862	10.972	-0.3805	-0.25454	11.548	0	0
-0.35848	-0.20897	9.8729	-0.42485	-0.68119	11.11	-0.3805	-0.25454	11.548	0	0
-0.25145	1.5798	9.2866	-0.016698	1.5936	10.331	-0.36515	1.6128	11.053	0	0
-0.016698	1.5936	9.3044	0.10795	1.333	10.31	-0.012848	1.6031	11.064	0	0
-0.016698	1.5936	9.3044	-0.012848	1.6031	11.064	-0.36515	1.6128	11.053	0	0
0.10795	1.333	9.284	0.21739	1.0475	10.913	-0.012848	1.6031	11.064	0	0
0.21739	1.0475	9.8871	-0.012848	1.6031	11.064	0.2639	1.1164	11.541	0	0
0.21739	1.0475	9.8871	0.17135	0.54336	11.136	0.2639	1.1164	11.541	0	0
-0.36515	1.6128	10.026	-0.52258	1.2767	11.081	-0.51385	1.2237	11.577	0	0
-0.52258	1.2767	10.054	-0.40839	0.43862	10.972	-0.47425	0.49099	11.542	0	0
-0.52258	1.2767	10.054	-0.47425	0.49099	11.542	-0.51385	1.2237	11.577	0	0
-0.40839	0.43862	9.946	-0.3805	-0.25454	11.548	-0.47425	0.49099	11.542	0	0
0.17135	0.54336	10.11	0.14235	0.54886	11.383	0.2639	1.1164	11.541	0	0
-0.42485	-0.68119	10.083	-0.3805	-0.25454	11.548	-0.73568	-0.83094	11.678	0	0
-0.3805	-0.25454	10.522	-0.73568	-0.83094	11.678	-0.96105	-0.55514	11.959	0	0
-0.3805	-0.25454	10.522	-0.47425	0.49099	11.542	-0.45897	0.4671	12.308	0	0
-0.3805	-0.25454	10.522	-0.96105	-0.55514	11.959	-0.37735	-0.30974	12.377	0	0
-0.3805	-0.25454	10.522	-0.37735	-0.30974	12.377	-0.45897	0.4671	12.308	0	0
-0.73568	-0.83094	10.652	-0.96105	-0.55514	11.959	-0.86515	-0.80664	12.027	0	0
-0.47425	0.49099	10.516	-0.51385	1.2237	11.577	-0.46937	1.2148	12.265	0	0
-0.47425	0.49099	10.516	-0.45897	0.4671	12.308	-0.46937	1.2148	12.265	0	0
-0.96105	-0.55514	10.932	-0.86515	-0.80664	12.027	-0.37735	-0.30974	12.377	0	0
-0.86515	-0.80664	11.001	-0.68505	-0.91876	12.451	-0.37735	-0.30974	12.377	0	0
-0.68505	-0.91876	11.424	-0.37735	-0.30974	12.377	-0.6718	-0.79579	12.916	0	0
-0.37735	-0.30974	11.351	-0.45897	0.4671	12.308	-0.45517	0.47934	13.071	0	0
-0.37735	-0.30974	11.351	-0.6718	-0.79579	12.916	-0.38811	-0.35657	12.961	0	0
-0.37735	-0.30974	11.351	-0.38811	-0.35657	12.961	-0.45517	0.47934	13.071	0	0
-0.45897	0.4671	11.282	-0.46937	1.2148	12.265	-0.3675	1.1734	13.003	0	0
-0.45897	0.4671	11.282	-0.45517	0.47934	13.071	-0.3675	1.1734	13.003	0	0
-0.6718	-0.79579	11.89	-0.38811	-0.35657	12.961	-0.42152	-0.31249	13.655	0	0
-0.6718	-0.79579	11.89	-0.42152	-0.31249	13.655	-0.48425	-0.71459	13.816	0	0
-0.38811	-0.35657	11.934	-0.45517	0.47934	13.071	-0.42152	-0.31249	13.655	0	0
-0.46937	1.2148	11.239	0.3201	1.1734	12.319	0.44915	1.7967	12.608	0	0
-0.46937	1.2148	11.239	-0.3675	1.1734	13.003	0.27305	1.7982	12.942	0	0
-0.46937	1.2148	11.239	0.44915	1.7967	12.608	0.27305	1.7982	12.942	0	0
-0.45517	0.47934	12.045	-0.3675	1.1734	13.003	-0.41085	1.0843	13.778	0	0
-0.45517	0.47934	12.045	-0.42152	-0.31249	13.655	-0.4279	0.48226	13.809	0	0
-0.45517	0.47934	12.045	-0.4279	0.48226	13.809	-0.41085	1.0843	13.778	0	0
-0.3675	1.1734	11.976	0.27305	1.7982	12.942	0.2212	1.1343	13.055	0	0
-0.42152	-0.31249	12.628	-0.48425	-0.71459	13.816	-0.34132	-0.30249	14.365	0	0
-0.42152	-0.31249	12.628	-0.4279	0.48226	13.809	-0.34132	-0.30249	14.365	0	0
-0.48425	-0.71459	12.79	-0.34132	-0.30249	14.365	-0.3805	-0.66844	14.533	0	0
-0.4279	0.48226	12.782	-0.34132	-0.30249	14.365	-0.45917	0.47431	14.571	0	0
-0.4279	0.48226	12.782	-0.41085	1.0843	13.778	-0.43095	1.0746	14.544	0	0
-0.4279	0.48226	12.782	-0.45917	0.47431	14.571	-0.43095	1.0746	14.544	0	0
-0.34132	-0.30249	13.339	-0.3805	-0.66844	14.533	-0.88565	-0.52164	15.158	0	0
-0.34132	-0.30249	13.339	-0.45917	0.47431	14.571	-0.88565	-0.52164	15.158	0	0
-0.3805	-0.66844	13.506	-0.45015	-0.71134	15.077	-0.88565	-0.52164	15.158	0	0
-0.45917	0.47431	13.544	-0.88565	-0.52164	15.158	-0.42075	0.48256	15.058	0	0
-0.45917	0.47431	13.544	-0.43095	1.0746	14.544	-0.42075	0.48256	15.058	0	0
-0.45015	-0.71134	14.05	-0.88565	-0.52164	15.158	-0.96415	-0.59844	15.237	0	0
-0.45015	-0.71134	14.05	-0.96415	-0.59844	15.237	-0.41911	-0.86022	15.823	0	0
-0.88565	-0.52164	14.132	-0.96415	-0.59844	15.237	-0.9813	-0.23194	15.939	0	0
-0.88565	-0.52164	14.132	-0.42075	0.48256	15.058	-0.9813	-0.23194	15.939	0	0
-0.36742	-0.36009	14.155	-0.42075	0.48256	15.058	0.16885	0.67156	15.048	0	0
-0.96415	-0.59844	14.211	-0.41911	-0.86022	15.823	-0.88385	-0.74594	16.35	0	0
-0.96415	-0.59844	14.211	-0.88385	-0.74594	16.35	-0.9813	-0.23194	15.939	0	0
-0.43095	1.0746	13.518	-0.42075	0.48256	15.058	-0.24235	1.0866	15.056	0	0
-0.42075	0.48256	14.032	0.16885	0.67156	15.048	-0.24235	1.0866	15.056	0	0
-0.42075	0.48256	14.032	-0.2845	1.1115	15.833	-0.41087	0.47619	15.805	0	0
-0.42075	0.48256	14.032	-0.41087	0.47619	15.805	-0.9813	-0.23194	15.939	0	0
0.16885	0.67156	14.021	-0.24235	1.0866	15.056	0.038752	1.0985	14.99	0	0
-0.2845	1.1115	14.806	0.086652	1.0978	15.893	-0.40285	1.0613	16.442	0	0
-0.2845	1.1115	14.806	-0.41087	0.47619	15.805	-0.40285	1.0613	16.442	0	0
0.15923	0.66041	14.794	0.086652	1.0978	15.893	0.19095	0.60506	16.561	0	0
0.086652	1.0978	14.867	-0.40285	1.0613	16.442	0.098052	1.2044	16.563	0	0
0.086652	1.0978	14.867	0.098052	1.2044	16.563	0.19095	0.60506	16.561	0	0
-0.41087	0.47619	14.779	-0.33885	0.3976	16.548	-0.40285	1.0613	16.442	0	0
-0.41087	0.47619	14.779	-0.33885	0.3976	16.548	-0.9813	-0.23194	15.939	0	0
-0.41911	-0.86022	14.797	-0.88385	-0.74594	16.35	-0.40575	-0.89959	16.375	0	0
0.0025521	-0.12704	15.073	-0.3584	-0.28179	16.533	-0.13335	-0.68374	16.621	0	0
0.0025521	-0.12704	15.073	-0.3584	-0.28179	16.533	-0.33885	0.3976	16.548	0	0
0.0025521	-0.12704	15.073	-0.13335	-0.68374	16.621	0.14772	-0.31664	17.336	0	0
0.0025521	-0.12704	15.073	-0.33885	0.3976	16.548	0.19095	0.60506	16.561	0	0
0.0025521	-0.12704	15.073	0.19095	0.60506	16.561	0.14772	-0.31664	17.336	0	0
-0.88385	-0.74594	15.324	-0.40575	-0.89959	16.375	-0.62545	-0.83467	17.168	0	0
-0.88385	-0.74594	15.324	-0.3584	-0.28179	16.533	-0.97425	-0.35344	16.392	0	0
-0.88385	-0.74594	15.324	-0.62545	-0.83467	17.168	-0.8889	-0.31899	17.315	0	0
-0.88385	-0.74594	15.324	-0.9813	-0.23194	15.939	-0.97425	-0.35344	16.392	0	0
-0.40575	-0.89959	15.348	-0.13335	-0.68374	16.621	-0.62545	-0.83467	17.168	0	0
-0.3584	-0.28179	15.506	-0.13335	-0.68374	16.621	-0.62545	-0.83467	17.168	0	0
-0.3584	-0.28179	15.506	-0.33885	0.3976	16.548	-0.97425	-0.35344	16.392	0	0
-0.3584	-0.28179	15.506	-0.62545	-0.83467	17.168	-0.42971	-0.24287	17.25	0	0
-0.13335	-0.68374	15.594	0.14772	-0.31664	17.336	0.13693	-0.69866	17.265	0	0
-0.33885	0.3976	15.521	-0.40285	1.0613	16.442	-0.38725	0.43935	17.265	0	0
-0.33885	0.3976	15.521	-0.42971	-0.24287	17.25	-0.38725	0.43935	17.265	0	0
-0.33885	0.3976	15.521	-0.9813	-0.23194	15.939	-0.97425	-0.35344	16.392	0	0
-0.40285	1.0613	15.416	0.098052	1.2044	16.563	-0.15665	1.2386	17.304	0	0
-0.40285	1.0613	15.416	-0.38725	0.43935	17.265	-0.15665	1.2386	17.304	0	0
0.098052	1.2044	15.537	0.19095	0.60506	16.561	0.2491	0.60551	17.313	0	0
0.098052	1.2044	15.537	0.2491	0.60551	17.313	0.062652	1.2484	17.309	0	0
0.098052	1.2044	15.537	-0.15665	1.2386	17.304	0.062652	1.2484	17.309	0	0
-0.62545	-0.83467	16.142	-0.8889	-0.31899	17.315	-0.29075	-0.65094	18.07	0	0
-0.62545	-0.83467	16.142	-0.29075	-0.65094	18.07	0.13693	-0.69866	17.265	0	0
-0.42971	-0.24287	16.224	-0.38725	0.43935	17.265	-0.62165	0.4732	17.91	0	0
-0.42971	-0.24287	16.224	-0.55715	-0.25834	18.062	-0.62165	0.4732	17.91	0	0
-0.42971	-0.24287	16.224	-0.55715	-0.25834	18.062	-0.29075	-0.65094	18.07	0	0
-0.38725	0.43935	16.239	0.2491	0.60551	17.313	-0.15665	1.2386	17.304	0	0
-0.38725	0.43935	16.239	-0.62165	0.4732	17.91	-0.38205	1.0578	18.07	0	0
0.19095	0.60506	15.535	0.2491	0.60551	17.313	0.14772	-0.31664	17.336	0	0
-0.8889	-0.31899	16.288	-0.9936	0.070962	17.954	-0.34635	-0.56554	18.285	0	0
-0.8889	-0.31899	16.288	-0.29075	-0.65094	18.07	-0.34635	-0.56554	18.285	0	0
0.2491	0.60551	16.286	0.062652	1.2484	17.309	0.10355	1.2579	18.077	0	0
0.2491	0.60551	16.286	0.10355	1.2579	18.077	0.21259	0.4143	18.048	0	0
0.2491	0.60551	16.286	0.21259	0.4143	18.048	0.14772	-0.31664	17.336	0	0
-0.15665	1.2386	16.278	0.062652	1.2484	17.309	-0.073448	1.5697	17.597	0	0
0.062652	1.2484	16.282	-0.073448	1.5697	17.597	0.10355	1.2579	18.077	0	0
-0.9936	0.070962	16.928	-0.55715	-0.25834	18.062	-0.62165	0.4732	17.91	0	0
-0.9936	0.070962	16.928	-0.62165	0.4732	17.91	-0.57545	0.52846	18.614	0	0
-0.073448	1.5697	16.57	0.10355	1.2579	18.077	-0.23995	1.5602	18.699	0	0
-0.62165	0.4732	16.884	-0.38205	1.0578	18.07	-0.57545	0.52846	18.614	0	0
-0.38205	1.0578	17.044	-0.57545	0.52846	18.614	-0.45155	1.1916	18.521	0	0
0.10355	1.2579	17.05	0.21259	0.4143	18.048	0.16085	1.0296	18.564	0	0
0.10355	1.2579	17.05	-0.23995	1.5602	18.699	0.16085	1.0296	18.564	0	0
0.022952	-0.076438	17.013	0.21259	0.4143	18.048	0.14772	-0.31664	17.336	0	0
0.022952	-0.076438	17.013	0.21259	0.4143	18.048	0.083602	0.26871	18.527	0	0
0.022952	-0.076438	17.013	-0.29075	-0.65094	18.07	-0.34635	-0.56554	18.285	0	0
0.022952	-0.076438	17.013	-0.29075	-0.65094	18.07	0.14772	-0.31664	17.336	0	0
0.022952	-0.076438	17.013	-0.34635	-0.56554	18.285	-0.33482	-0.38494	18.527	0	0
0.022952	-0.076438	17.013	-0.33482	-0.38494	18.527	0.083602	0.26871	18.527	0	0
0.21259	0.4143	17.022	0.083602	0.26871	18.527	0.16085	1.0296	18.564	0	0
-0.29075	-0.65094	17.044	0.14772	-0.31664	17.336	0.13693	-0.69866	17.265	0	0
-0.34635	-0.56554	17.259	-0.33482	-0.38494	18.527	-0.30967	-0.65984	19.43	0	0
-0.33482	-0.38494	17.501	0.083602	0.26871	18.527	-0.3333	-0.25534	19.303	0	0
-0.33482	-0.38494	17.501	-0.3333	-0.25534	19.303	-0.30967	-0.65984	19.43	0	0
0.083602	0.26871	17.501	0.16085	1.0296	18.564	0.012912	0.41294	19.344	0	0
0.083602	0.26871	17.501	-0.3333	-0.25534	19.303	0.012912	0.41294	19.344	0	0
-0.57545	0.52846	17.588	-0.45155	1.1916	18.521	-0.46765	1.1308	19.26	0	0
-0.57545	0.52846	17.588	-0.3333	-0.25534	19.303	-0.70147	0.45576	19.303	0	0
-0.57545	0.52846	17.588	-0.70147	0.45576	19.303	-0.46765	1.1308	19.26	0	0
-0.45155	1.1916	17.494	-0.23995	1.5602	18.699	-0.46765	1.1308	19.26	0	0
-0.23995	1.5602	17.673	0.16085	1.0296	18.564	0.26243	1.0638	19.343	0	0
-0.23995	1.5602	17.673	-0.46765	1.1308	19.26	-0.2114	1.6082	19.361	0	0
-0.23995	1.5602	17.673	0.26243	1.0638	19.343	-0.015798	1.6102	19.449	0	0
-0.23995	1.5602	17.673	-0.2114	1.6082	19.361	-0.015798	1.6102	19.449	0	0
0.16085	1.0296	17.538	0.012912	0.41294	19.344	0.26243	1.0638	19.343	0	0
-0.3333	-0.25534	18.277	-0.30967	-0.65984	19.43	-0.35305	-0.28614	20.053	0	0
-0.3333	-0.25534	18.277	-0.70147	0.45576	19.303	-0.70195	0.43951	20.061	0	0
-0.3333	-0.25534	18.277	0.012912	0.41294	19.344	-0.35305	-0.28614	20.053	0	0
-0.3333	-0.25534	18.277	-0.70195	0.43951	20.061	-0.10255	0.48991	20.051	0	0
-0.30967	-0.65984	18.403	-0.35305	-0.28614	20.053	-0.2813	-0.69894	20.021	0	0
-0.70147	0.45576	18.277	-0.46765	1.1308	19.26	-0.501	1.2706	20.018	0	0
-0.70147	0.45576	18.277	-0.70195	0.43951	20.061	-0.501	1.2706	20.018	0	0
-0.46765	1.1308	18.234	-0.2114	1.6082	19.361	-0.501	1.2706	20.018	0	0
0.012912	0.41294	18.317	0.26243	1.0638	19.343	0.28835	1.1383	19.911	0	0
0.012912	0.41294	18.317	-0.35305	-0.28614	20.053	-0.10255	0.48991	20.051	0	0
0.012912	0.41294	18.317	-0.10255	0.48991	20.051	0.28835	1.1383	19.911	0	0
0.26243	1.0638	18.316	-0.015798	1.6102	19.449	0.28835	1.1383	19.911	0	0
-0.2114	1.6082	18.335	-0.015798	1.6102	19.449	-0.26135	1.6477	20.091	0	0
-0.2114	1.6082	18.335	-0.501	1.2706	20.018	-0.26135	1.6477	20.091	0	0
-0.015798	1.6102	18.423	0.045752	1.7212	20.087	-0.26135	1.6477	20.091	0	0
-0.015798	1.6102	18.423	0.045752	1.7212	20.087	0.28835	1.1383	19.911	0	0
-0.70195	0.43951	19.035	-0.501	1.2706	20.018	-0.44551	1.2559	20.727	0	0
-0.70195	0.43951	19.035	-0.48658	0.37955	20.803	-0.44551	1.2559	20.727	0	0
-0.70195	0.43951	19.035	-0.48658	0.37955	20.803	-1.3729	0.25606	21.372	0	0
-0.35305	-0.28614	19.026	-0.2813	-0.69894	20.021	-0.30075	-0.65276	20.777	0	0
-0.35305	-0.28614	19.026	-0.10255	0.48991	20.051	-0.38382	-0.26259	20.793	0	0
-0.35305	-0.28614	19.026	-0.30075	-0.65276	20.777	-0.38382	-0.26259	20.793	0	0
-0.10255	0.48991	19.024	0.28835	1.1383	19.911	0.051352	0.73821	20.576	0	0
-0.10255	0.48991	19.024	-0.38382	-0.26259	20.793	0.051352	0.73821	20.576	0	0
-0.501	1.2706	18.992	-0.26135	1.6477	20.091	-0.44551	1.2559	20.727	0	0
0.045752	1.7212	19.061	-0.26135	1.6477	20.091	-0.44551	1.2559	20.727	0	0
0.045752	1.7212	19.061	0.28835	1.1383	19.911	0.58715	1.316	20.14	0	0
0.045752	1.7212	19.061	-0.44551	1.2559	20.727	0.34502	1.172	20.878	0	0
0.045752	1.7212	19.061	0.58715	1.316	20.14	0.34502	1.172	20.878	0	0
0.28835	1.1383	18.885	0.58715	1.316	20.14	0.051352	0.73821	20.576	0	0
-0.30075	-0.65276	19.751	-0.38382	-0.26259	20.793	-0.423	-0.26574	21.556	0	0
-0.30075	-0.65276	19.751	-0.3939	-0.77024	21.538	-0.423	-0.26574	21.556	0	0
-0.38382	-0.26259	19.767	0.051352	0.73821	20.576	0.2381	0.44926	21.314	0	0
-0.38382	-0.26259	19.767	-0.423	-0.26574	21.556	0.2381	0.44926	21.314	0	0
-0.48658	0.37955	19.777	-0.44551	1.2559	20.727	-0.54335	1.2539	21.341	0	0
-0.48658	0.37955	19.777	-0.39635	0.5562	21.475	0.2381	0.44926	21.314	0	0
-0.48658	0.37955	19.777	-0.39635	0.5562	21.475	-1.3729	0.25606	21.372	0	0
-0.44551	1.2559	19.701	0.34502	1.172	20.878	-0.54335	1.2539	21.341	0	0
0.58715	1.316	19.114	0.051352	0.73821	20.576	0.656	1.2231	20.593	0	0
0.051352	0.73821	19.55	0.34502	1.172	20.878	0.656	1.2231	20.593	0	0
0.051352	0.73821	19.55	0.34502	1.172	20.878	0.2381	0.44926	21.314	0	0
-0.3939	-0.77024	20.511	-0.423	-0.26574	21.556	-0.59085	-0.65714	22.028	0	0
0.34502	1.172	19.851	-0.54335	1.2539	21.341	0.95315	1.598	21.969	0	0
0.34502	1.172	19.851	0.656	1.2231	20.593	0.85285	1.191	21.302	0	0
0.34502	1.172	19.851	0.3645	0.98856	21.495	0.85285	1.191	21.302	0	0
0.34502	1.172	19.851	0.3645	0.98856	21.495	0.2381	0.44926	21.314	0	0
-0.54335	1.2539	20.315	-0.25505	1.1246	22.068	0.95315	1.598	21.969	0	0
0.3645	0.98856	20.468	0.19025	1.0859	22.049	0.21475	0.67251	22.012	0	0
0.3645	0.98856	20.468	0.19025	1.0859	22.049	0.95315	1.598	21.969	0	0
0.3645	0.98856	20.468	0.85285	1.191	21.302	0.95315	1.598	21.969	0	0
0.3645	0.98856	20.468	0.21475	0.67251	22.012	0.2381	0.44926	21.314	0	0
-0.39635	0.5562	20.449	-0.423	-0.26574	21.556	-0.415	0.47006	22.041	0	0
-0.39635	0.5562	20.449	-0.423	-0.26574	21.556	-1.105	-0.074787	21.691	0	0
-0.39635	0.5562	20.449	-0.415	0.47006	22.041	0.2381	0.44926	21.314	0	0
-0.39635	0.5562	20.449	-1.105	-0.074787	21.691	-1.3729	0.25606	21.372	0	0
-0.423	-0.26574	20.53	-0.415	0.47006	22.041	-0.35988	-0.3019	22.122	0	0
-0.423	-0.26574	20.53	-0.59085	-0.65714	22.028	-1.105	-0.074787	21.691	0	0
-0.423	-0.26574	20.53	-0.35988	-0.3019	22.122	0.3372	-0.36624	22.18	0	0
-0.423	-0.26574	20.53	0.2381	0.44926	21.314	0.3372	-0.36624	22.18	0	0
-0.415	0.47006	21.015	-0.35988	-0.3019	22.122	-0.47126	0.4628	22.806	0	0
-0.415	0.47006	21.015	-0.25505	1.1246	22.068	0.21475	0.67251	22.012	0	0
-0.415	0.47006	21.015	-0.25505	1.1246	22.068	-0.26585	1.0335	22.716	0	0
-0.415	0.47006	21.015	0.21475	0.67251	22.012	0.2381	0.44926	21.314	0	0
-0.415	0.47006	21.015	-0.47126	0.4628	22.806	-0.26585	1.0335	22.716	0	0
-0.59085	-0.65714	21.002	-0.35988	-0.3019	22.122	-0.6199	-0.31859	22.825	0	0
-0.59085	-0.65714	21.002	-1.105	-0.074787	21.691	-1.1567	-0.12344	22.002	0	0
-0.59085	-0.65714	21.002	-1.1567	-0.12344	22.002	-1.1862	-0.4681	22.686	0	0
-0.59085	-0.65714	21.002	-0.6199	-0.31859	22.825	-1.1862	-0.4681	22.686	0	0
-0.35988	-0.3019	21.095	-0.56622	-0.76911	22.772	0.154	-0.21294	22.793	0	0
-0.35988	-0.3019	21.095	-0.47126	0.4628	22.806	-0.6199	-0.31859	22.825	0	0
-0.35988	-0.3019	21.095	0.154	-0.21294	22.793	0.3372	-0.36624	22.18	0	0
-0.25505	1.1246	21.041	0.19025	1.0859	22.049	0.21475	0.67251	22.012	0	0
-0.25505	1.1246	21.041	0.19025	1.0859	22.049	0.011352	1.0912	22.825	0	0
-0.25505	1.1246	21.041	-0.26585	1.0335	22.716	0.011352	1.0912	22.825	0	0
0.19025	1.0859	21.022	0.95315	1.598	21.969	0.011352	1.0912	22.825	0	0
0.85285	1.191	20.275	0.2381	0.44926	21.314	0.65595	-0.22354	22.245	0	0
-0.56622	-0.76911	21.746	-0.61585	-0.67474	23.591	-0.6199	-0.31859	22.825	0	0
-0.56622	-0.76911	21.746	-0.61585	-0.67474	23.591	-1.0935	-0.92016	22.872	0	0
-0.56622	-0.76911	21.746	-0.6199	-0.31859	22.825	-1.1862	-0.4681	22.686	0	0
-0.56622	-0.76911	21.746	-1.1862	-0.4681	22.686	-1.0935	-0.92016	22.872	0	0
-0.56622	-0.76911	21.746	0.154	-0.21294	22.793	0.3931	-0.63109	22.812	0	0
-0.47126	0.4628	21.78	-0.26585	1.0335	22.716	-0.45125	0.44716	23.551	0	0
-0.47126	0.4628	21.78	-0.6199	-0.31859	22.825	-0.45125	0.44716	23.551	0	0
-0.26585	1.0335	21.69	0.011352	1.0912	22.825	-0.19085	1.1827	23.58	0	0
-0.26585	1.0335	21.69	-0.45125	0.44716	23.551	-0.19085	1.1827	23.58	0	0
-0.61585	-0.67474	22.565	0.059185	-0.32804	23.606	-0.69795	-0.32734	23.565	0	0
-0.61585	-0.67474	22.565	0.059185	-0.32804	23.606	0.34065	-0.69554	23.591	0	0
-0.61585	-0.67474	22.565	-0.6199	-0.31859	22.825	-0.69795	-0.32734	23.565	0	0
-0.61585	-0.67474	22.565	-1.0935	-0.92016	22.872	-1.2522	-1.1001	23.588	0	0
-0.61585	-0.67474	22.565	-1.2522	-1.1001	23.588	-0.88495	-0.79124	24.23	0	0
-0.61585	-0.67474	22.565	-0.65755	-0.88027	24.238	-0.88495	-0.79124	24.23	0	0
-0.61585	-0.67474	22.565	-0.65755	-0.88027	24.238	0.20085	-0.77226	24.295	0	0
-0.61585	-0.67474	22.565	0.20085	-0.77226	24.295	0.34065	-0.69554	23.591	0	0
0.059185	-0.32804	22.58	0.2188	0.55101	23.55	-0.45125	0.44716	23.551	0	0
0.059185	-0.32804	22.58	0.2188	0.55101	23.55	0.25115	-0.20677	24.211	0	0
0.059185	-0.32804	22.58	-0.45125	0.44716	23.551	-0.56201	-0.20524	24.273	0	0
0.059185	-0.32804	22.58	-0.56201	-0.20524	24.273	0.20085	-0.77226	24.295	0	0
0.059185	-0.32804	22.58	0.20085	-0.77226	24.295	0.25115	-0.20677	24.211	0	0
0.059185	-0.32804	22.58	0.34065	-0.69554	23.591	0.3931	-0.63109	22.812	0	0
0.011352	1.0912	21.799	0.036752	1.1831	23.557	-0.19085	1.1827	23.58	0	0
0.2381	0.44926	20.288	0.3372	-0.36624	22.18	0.65595	-0.22354	22.245	0	0
-1.105	-0.074787	20.664	-1.1567	-0.12344	22.002	-1.5789	-0.13094	22.108	0	0
-1.105	-0.074787	20.664	-1.3729	0.25606	21.372	-1.5789	-0.13094	22.108	0	0
-1.1567	-0.12344	20.976	-1.1862	-0.4681	22.686	-1.5789	-0.13094	22.108	0	0
0.2188	0.55101	22.524	0.036752	1.1831	23.557	0.35425	0.57406	24.307	0	0
0.2188	0.55101	22.524	0.35425	0.57406	24.307	0.25115	-0.20677	24.211	0	0
0.2188	0.55101	22.524	0.84775	-0.62624	23.106	0.88052	-0.3274	22.704	0	0
-0.6199	-0.31859	21.799	-0.69795	-0.32734	23.565	-0.45125	0.44716	23.551	0	0
-1.1862	-0.4681	21.66	-1.0935	-0.92016	22.872	-1.7044	-0.7402	22.887	0	0
-1.1862	-0.4681	21.66	-1.5789	-0.13094	22.108	-1.7044	-0.7402	22.887	0	0
-1.0935	-0.92016	21.846	-1.2522	-1.1001	23.588	-1.7044	-0.7402	22.887	0	0
-0.69795	-0.32734	22.539	-0.45125	0.44716	23.551	-0.9193	-0.076787	24.143	0	0
-0.69795	-0.32734	22.539	-0.88495	-0.79124	24.23	-0.9193	-0.076787	24.143	0	0
-0.45125	0.44716	22.525	-0.19085	1.1827	23.58	-0.48988	0.57153	24.206	0	0
-0.45125	0.44716	22.525	-0.48988	0.57153	24.206	-0.9193	-0.076787	24.143	0	0
0.036752	1.1831	22.53	-0.19085	1.1827	23.58	-0.070648	1.5571	24.502	0	0
0.036752	1.1831	22.53	0.35425	0.57406	24.307	0.092302	1.2865	24.319	0	0
0.036752	1.1831	22.53	0.092302	1.2865	24.319	-0.070648	1.5571	24.502	0	0
-1.2522	-1.1001	22.562	-0.88495	-0.79124	24.23	-1.895	-1.1264	23.905	0	0
-1.2522	-1.1001	22.562	-1.7044	-0.7402	22.887	-1.8615	-0.94627	23.51	0	0
-1.2522	-1.1001	22.562	-1.8615	-0.94627	23.51	-1.895	-1.1264	23.905	0	0
-0.65755	-0.88027	23.212	-0.88495	-0.79124	24.23	-0.56235	-0.98259	24.845	0	0
-0.65755	-0.88027	23.212	-0.56235	-0.98259	24.845	0.20085	-0.77226	24.295	0	0
-0.88495	-0.79124	23.204	-0.56235	-0.98259	24.845	-0.90285	-0.61954	24.875	0	0
-0.88495	-0.79124	23.204	-0.90285	-0.61954	24.875	-1.895	-1.1264	23.905	0	0
-0.88495	-0.79124	23.204	-0.9193	-0.076787	24.143	-0.9921	-0.30204	24.834	0	0
-0.19085	1.1827	22.553	-0.48988	0.57153	24.206	-0.22925	1.1973	24.317	0	0
-0.19085	1.1827	22.553	-0.22925	1.1973	24.317	-0.070648	1.5571	24.502	0	0
0.35425	0.57406	23.28	0.092302	1.2865	24.319	0.19245	1.2739	25.036	0	0
0.35425	0.57406	23.28	0.19245	1.2739	25.036	0.66172	0.44816	24.975	0	0
0.35425	0.57406	23.28	0.25115	-0.20677	24.211	0.6572	-0.24529	24.815	0	0
0.35425	0.57406	23.28	0.66172	0.44816	24.975	0.6572	-0.24529	24.815	0	0
-0.56201	-0.20524	23.247	-0.48988	0.57153	24.206	0.17749	-0.20924	24.888	0	0
-0.56201	-0.20524	23.247	-0.60445	-0.36564	25.114	-0.89945	0.26706	24.422	0	0
-0.56201	-0.20524	23.247	0.20085	-0.77226	24.295	0.17749	-0.20924	24.888	0	0
-0.48988	0.57153	23.179	-0.22925	1.1973	24.317	-0.44528	1.1017	24.921	0	0
-0.48988	0.57153	23.179	-0.4588	0.81476	25.072	-0.44528	1.1017	24.921	0	0
-0.48988	0.57153	23.179	-0.4588	0.81476	25.072	-0.89945	0.26706	24.422	0	0
-0.48988	0.57153	23.179	-0.9193	-0.076787	24.143	-0.89945	0.26706	24.422	0	0
-0.48988	0.57153	23.179	0.23865	0.44446	25.084	0.17749	-0.20924	24.888	0	0
-0.56235	-0.98259	23.818	-0.90285	-0.61954	24.875	-0.60445	-0.36564	25.114	0	0
-0.56235	-0.98259	23.818	-0.60445	-0.36564	25.114	0.10852	-0.74714	24.903	0	0
-0.56235	-0.98259	23.818	0.20085	-0.77226	24.295	0.10852	-0.74714	24.903	0	0
-0.90285	-0.61954	23.848	-0.60445	-0.36564	25.114	-0.9921	-0.30204	24.834	0	0
0.092302	1.2865	23.292	-0.070648	1.5571	24.502	0.19245	1.2739	25.036	0	0
-0.22925	1.1973	23.291	-0.070648	1.5571	24.502	-0.44528	1.1017	24.921	0	0
-0.070648	1.5571	23.476	0.19245	1.2739	25.036	-0.018081	1.6022	25.037	0	0
-0.070648	1.5571	23.476	-0.018081	1.6022	25.037	-0.44528	1.1017	24.921	0	0
-0.60445	-0.36564	24.087	-0.42345	-0.73714	25.519	-0.62845	-0.29764	25.565	0	0
-0.60445	-0.36564	24.087	-0.62845	-0.29764	25.565	-0.89475	-0.064838	25.368	0	0
-0.60445	-0.36564	24.087	0.10852	-0.74714	24.903	0.17749	-0.20924	24.888	0	0
-0.60445	-0.36564	24.087	-0.4588	0.81476	25.072	-0.89945	0.26706	24.422	0	0
-0.60445	-0.36564	24.087	-0.9921	-0.30204	24.834	-0.89475	-0.064838	25.368	0	0
-0.60445	-0.36564	24.087	0.10345	0.32781	25.549	0.17749	-0.20924	24.888	0	0
-0.42345	-0.73714	24.492	-0.62845	-0.29764	25.565	-0.1227	-0.41594	26.058	0	0
-0.42345	-0.73714	24.492	0.10852	-0.74714	24.903	0.15392	-0.8914	25.526	0	0
-0.42345	-0.73714	24.492	-0.1227	-0.41594	26.058	0.15392	-0.8914	25.526	0	0
-0.62845	-0.29764	24.539	-0.89475	-0.064838	25.368	-0.53875	-0.15177	26.196	0	0
-0.62845	-0.29764	24.539	-0.4519	0.44011	25.569	-0.1227	-0.41594	26.058	0	0
-0.62845	-0.29764	24.539	-0.53875	-0.15177	26.196	-0.39071	-0.69007	26.436	0	0
0.20085	-0.77226	23.269	0.10852	-0.74714	24.903	0.6572	-0.24529	24.815	0	0
0.20085	-0.77226	23.269	0.25115	-0.20677	24.211	0.6572	-0.24529	24.815	0	0
0.20085	-0.77226	23.269	0.34065	-0.69554	23.591	0.77965	-0.91354	23.662	0	0
0.10852	-0.74714	23.876	0.17749	-0.20924	24.888	0.6572	-0.24529	24.815	0	0
-0.4588	0.81476	24.045	0.23865	0.44446	25.084	0.19245	1.2739	25.036	0	0
-0.4588	0.81476	24.045	0.23865	0.44446	25.084	-0.4519	0.44011	25.569	0	0
-0.4588	0.81476	24.045	0.19245	1.2739	25.036	-0.44528	1.1017	24.921	0	0
-0.4588	0.81476	24.045	-0.4519	0.44011	25.569	-0.5612	1.2395	25.561	0	0
-0.9193	-0.076787	23.116	-0.9921	-0.30204	24.834	-0.89945	0.26706	24.422	0	0
0.23865	0.44446	24.058	0.19245	1.2739	25.036	0.3303	1.0826	25.548	0	0
0.23865	0.44446	24.058	0.10345	0.32781	25.549	-0.4519	0.44011	25.569	0	0
0.23865	0.44446	24.058	0.10345	0.32781	25.549	0.81262	0.58566	25.648	0	0
0.23865	0.44446	24.058	0.17749	-0.20924	24.888	0.66172	0.44816	24.975	0	0
0.23865	0.44446	24.058	0.66172	0.44816	24.975	0.81262	0.58566	25.648	0	0
0.19245	1.2739	24.009	-0.018081	1.6022	25.037	0.075752	1.721	25.588	0	0
0.19245	1.2739	24.009	0.075752	1.721	25.588	0.3303	1.0826	25.548	0	0
0.19245	1.2739	24.009	0.66172	0.44816	24.975	0.81262	0.58566	25.648	0	0
-0.9921	-0.30204	23.807	-0.89475	-0.064838	25.368	-1.0342	0.36408	24.889	0	0
-0.9921	-0.30204	23.807	-0.89945	0.26706	24.422	-1.0342	0.36408	24.889	0	0
-0.89475	-0.064838	24.341	-0.53875	-0.15177	26.196	-1.1659	0.45924	25.541	0	0
-0.89475	-0.064838	24.341	-1.0342	0.36408	24.889	-1.1659	0.45924	25.541	0	0
-0.018081	1.6022	24.011	0.075752	1.721	25.588	-0.20965	1.5844	25.621	0	0
-0.018081	1.6022	24.011	-0.20965	1.5844	25.621	-0.5612	1.2395	25.561	0	0
-0.018081	1.6022	24.011	-0.44528	1.1017	24.921	-0.5612	1.2395	25.561	0	0
0.075752	1.721	24.562	-0.20965	1.5844	25.621	-0.44435	1.6571	26.418	0	0
0.075752	1.721	24.562	0.3303	1.0826	25.548	0.1939	1.1617	26.29	0	0
0.075752	1.721	24.562	-0.44435	1.6571	26.418	0.37085	2.2796	26.511	0	0
-0.20965	1.5844	24.595	-0.5612	1.2395	25.561	-0.44435	1.6571	26.418	0	0
0.10345	0.32781	24.523	-0.4519	0.44011	25.569	0.11317	0.45303	26.287	0	0
0.10345	0.32781	24.523	0.17749	-0.20924	24.888	0.26805	-0.25924	25.715	0	0
0.10345	0.32781	24.523	0.26805	-0.25924	25.715	0.11317	0.45303	26.287	0	0
-0.4519	0.44011	24.542	-0.53875	-0.15177	26.196	-1.1918	0.54756	26.238	0	0
-0.4519	0.44011	24.542	-0.5612	1.2395	25.561	-0.5522	1.2715	26.074	0	0
-0.4519	0.44011	24.542	-0.5522	1.2715	26.074	0.11317	0.45303	26.287	0	0
-0.53875	-0.15177	25.169	-0.39071	-0.69007	26.436	-0.1227	-0.41594	26.058	0	0
-0.53875	-0.15177	25.169	-0.1227	-0.41594	26.058	0.11317	0.45303	26.287	0	0
-0.53875	-0.15177	25.169	0.11317	0.45303	26.287	-1.171	0.66716	27.045	0	0
-0.53875	-0.15177	25.169	-1.1918	0.54756	26.238	-1.171	0.66716	27.045	0	0
-0.44528	1.1017	23.895	-0.5612	1.2395	25.561	-1.0336	0.96496	25.703	0	0
-0.44528	1.1017	23.895	-0.89945	0.26706	24.422	-1.0342	0.36408	24.889	0	0
-0.44528	1.1017	23.895	-1.0342	0.36408	24.889	-1.0336	0.96496	25.703	0	0
-0.5612	1.2395	24.535	-0.5522	1.2715	26.074	-1.0336	0.96496	25.703	0	0
0.3303	1.0826	24.521	0.1939	1.1617	26.29	0.81262	0.58566	25.648	0	0
-0.5522	1.2715	25.047	-0.44435	1.6571	26.418	0.1939	1.1617	26.29	0	0
-0.5522	1.2715	25.047	-0.44435	1.6571	26.418	-1.0762	1.135	26.383	0	0
-0.5522	1.2715	25.047	0.11317	0.45303	26.287	0.1939	1.1617	26.29	0	0
-0.5522	1.2715	25.047	-1.0336	0.96496	25.703	-1.0762	1.135	26.383	0	0
-0.44435	1.6571	25.392	0.1939	1.1617	26.29	0.2694	1.8699	26.383	0	0
-0.44435	1.6571	25.392	0.2694	1.8699	26.383	-0.44275	1.8337	27.102	0	0
-0.44435	1.6571	25.392	-0.44275	1.8337	27.102	-1.1561	1.2942	27.092	0	0
-0.44435	1.6571	25.392	-1.1561	1.2942	27.092	-1.0762	1.135	26.383	0	0
-0.1227	-0.41594	25.032	0.15392	-0.8914	25.526	0.26805	-0.25924	25.715	0	0
-0.1227	-0.41594	25.032	0.26805	-0.25924	25.715	0.11317	0.45303	26.287	0	0
0.34065	-0.69554	22.564	0.77965	-0.91354	23.662	0.84775	-0.62624	23.106	0	0
0.34065	-0.69554	22.564	0.3931	-0.63109	22.812	0.84775	-0.62624	23.106	0	0
0.17749	-0.20924	23.862	0.15392	-0.8914	25.526	0.26805	-0.25924	25.715	0	0
0.17749	-0.20924	23.862	0.66172	0.44816	24.975	0.6572	-0.24529	24.815	0	0
0.154	-0.21294	21.767	0.3931	-0.63109	22.812	0.3372	-0.36624	22.18	0	0
0.11317	0.45303	25.26	0.1939	1.1617	26.29	0.72342	1.0219	26.401	0	0
0.11317	0.45303	25.26	-1.171	0.66716	27.045	-0.29025	1.3411	27.202	0	0
0.11317	0.45303	25.26	-0.29025	1.3411	27.202	0.8639	0.62481	26.575	0	0
0.11317	0.45303	25.26	0.72342	1.0219	26.401	0.8639	0.62481	26.575	0	0
0.1939	1.1617	25.264	0.2694	1.8699	26.383	0.72342	1.0219	26.401	0	0
0.2694	1.8699	25.357	0.37085	2.2796	26.511	0.30568	1.9962	27.098	0	0
0.2694	1.8699	25.357	0.37085	2.2796	26.511	0.72342	1.0219	26.401	0	0
0.2694	1.8699	25.357	-0.44275	1.8337	27.102	0.30568	1.9962	27.098	0	0
0.37085	2.2796	25.485	0.30568	1.9962	27.098	0.44235	2.2929	27.586	0	0
0.37085	2.2796	25.485	0.72342	1.0219	26.401	1.1543	1.0309	27.023	0	0
-1.1918	0.54756	25.212	-1.5835	0.40701	26.386	-1.1659	0.45924	25.541	0	0
-1.1918	0.54756	25.212	-1.5835	0.40701	26.386	-1.6032	0.93386	26.667	0	0
-1.1918	0.54756	25.212	-1.1659	0.45924	25.541	-1.0336	0.96496	25.703	0	0
-1.1918	0.54756	25.212	-1.6032	0.93386	26.667	-1.0762	1.135	26.383	0	0
-1.1918	0.54756	25.212	-1.0336	0.96496	25.703	-1.0762	1.135	26.383	0	0
-1.171	0.66716	26.019	-0.29025	1.3411	27.202	-1.1561	1.2942	27.092	0	0
-0.44275	1.8337	26.075	-0.40083	1.9232	27.751	0.10825	2.1963	27.576	0	0
-0.44275	1.8337	26.075	-0.40083	1.9232	27.751	-1.4209	1.5539	27.532	0	0
-0.44275	1.8337	26.075	0.30568	1.9962	27.098	0.10825	2.1963	27.576	0	0
-0.44275	1.8337	26.075	-1.1561	1.2942	27.092	-1.4209	1.5539	27.532	0	0
-0.29025	1.3411	26.176	-0.40083	1.9232	27.751	-1.3147	1.1609	27.813	0	0
-0.29025	1.3411	26.176	0.30568	1.9962	27.098	1.1543	1.0309	27.023	0	0
-0.29025	1.3411	26.176	-1.3147	1.1609	27.813	-1.1561	1.2942	27.092	0	0
-0.29025	1.3411	26.176	0.8639	0.62481	26.575	1.1543	1.0309	27.023	0	0
-0.40083	1.9232	26.724	-1.3147	1.1609	27.813	-0.71142	1.9394	28.343	0	0
-0.40083	1.9232	26.724	-0.71142	1.9394	28.343	0.11445	2.2429	28.089	0	0
-0.40083	1.9232	26.724	-1.2985	1.9022	28.368	-1.7246	2.1012	28.149	0	0
-0.40083	1.9232	26.724	0.10825	2.1963	27.576	0.11445	2.2429	28.089	0	0
-0.40083	1.9232	26.724	-1.4209	1.5539	27.532	-1.6492	1.7615	27.739	0	0
-0.40083	1.9232	26.724	-1.7246	2.1012	28.149	-1.6492	1.7615	27.739	0	0
0.30568	1.9962	26.072	0.10825	2.1963	27.576	0.44235	2.2929	27.586	0	0
-1.3147	1.1609	26.787	-0.71142	1.9394	28.343	-1.2985	1.9022	28.368	0	0
-1.3147	1.1609	26.787	-1.2985	1.9022	28.368	-1.7044	1.4623	28.538	0	0
-0.71142	1.9394	27.317	-1.2985	1.9022	28.368	-1.1185	2.4661	28.989	0	0
-0.71142	1.9394	27.317	0.11445	2.2429	28.089	-0.72875	2.4381	29.56	0	0
-0.71142	1.9394	27.317	-1.1185	2.4661	28.989	-0.72875	2.4381	29.56	0	0
-1.2985	1.9022	27.342	-1.7246	2.1012	28.149	-1.7316	2.4308	28.501	0	0
-1.2985	1.9022	27.342	-1.7316	2.4308	28.501	-1.1185	2.4661	28.989	0	0
0.3931	-0.63109	21.785	0.3372	-0.36624	22.18	0.65595	-0.22354	22.245	0	0
0.3931	-0.63109	21.785	0.84775	-0.62624	23.106	0.88052	-0.3274	22.704	0	0
0.3931	-0.63109	21.785	0.65595	-0.22354	22.245	0.88052	-0.3274	22.704	0	0
0.72342	1.0219	25.375	0.8639	0.62481	26.575	1.1543	1.0309	27.023	0	0
-1.0342	0.36408	23.863	-1.1659	0.45924	25.541	-1.0336	0.96496	25.703	0	0
-1.1561	1.2942	26.066	-1.4209	1.5539	27.532	-1.7671	1.1124	26.986	0	0
-1.1561	1.2942	26.066	-1.6032	0.93386	26.667	-1.7671	1.1124	26.986	0	0
-1.1561	1.2942	26.066	-1.6032	0.93386	26.667	-1.0762	1.135	26.383	0	0
0.10825	2.1963	26.55	0.44235	2.2929	27.586	0.11445	2.2429	28.089	0	0
-1.4209	1.5539	26.505	-1.7671	1.1124	26.986	-1.6492	1.7615	27.739	0	0
-1.7316	2.4308	27.475	-1.1185	2.4661	28.989	-1.7713	2.7764	28.897	0	0
-1.1185	2.4661	27.962	-1.7713	2.7764	28.897	-1.6864	2.9906	29.15	0	0
-1.1185	2.4661	27.962	-0.72875	2.4381	29.56	-1.1639	2.6667	29.562	0	0
-1.1185	2.4661	27.962	-1.1639	2.6667	29.562	-1.6864	2.9906	29.15	0	0
-1.1639	2.6667	28.535	-1.6947	2.9989	29.58	-1.6864	2.9906	29.15	0	0
-0.41205	2.6872	12.111	-2.57852591479531	11.0257540648528	11.487182670456	0.218517981990479	2.23954366078498	12.1128613299167	1	1
-2.57852591479531	11.0257540648528	11.487182670456	-3.54565159735515	14.7481262991616	11.2087074949381	-0.649227882084304	11.3716986627702	13.5457481497095	1	1
-3.54565159735515	14.7481262991616	11.2087074949381	-4.87555715302628	19.866802810347	10.8257731052139	-1.80777272329257	14.2941889298048	12.70864431398	1	1
-4.87555715302628	19.866802810347	10.8257731052139	-5.75779704148776	23.2624579191189	10.5717400335888	-4.39546330081106	20.0838888487172	12.9961652713926	1	1
-5.75779704148776	23.2624579191189	10.5717400335888	-7.34839661705444	29.3845202350748	10.1137411364732	-5.80059403206507	23.8639840238527	11.0982678798812	1	1
-0.649227882084304	11.3716986627702	13.5457481497095	0.218517981990479	2.23954366078498	12.1128613299167	-2.57852591479531	11.0257540648528	11.487182670456	1	1
-1.80777272329257	14.2941889298048	12.70864431398	-0.649227882084304	11.3716986627702	13.5457481497095	-3.54565159735515	14.7481262991616	11.2087074949381	1	1
-4.39546330081106	20.0838888487172	12.9961652713926	-1.80777272329257	14.2941889298048	12.70864431398	-4.87555715302628	19.866802810347	10.8257731052139	1	1
-5.80059403206507	23.8639840238527	11.0982678798812	-4.39546330081106	20.0838888487172	12.9961652713926	-5.75779704148776	23.2624579191189	10.5717400335888	1	1
-2.57852591479531	11.0257540648528	11.487182670456	-0.41205	2.6872	12.111	-1.8619912852961	2.22990722310167	12.6986026105205	1	1
-3.54565159735515	14.7481262991616	11.2087074949381	-2.57852591479531	11.0257540648528	11.487182670456	-3.74965068420279	10.925104880313	11.5861501708375	1	1
-4.87555715302628	19.866802810347	10.8257731052139	-3.54565159735515	14.7481262991616	11.2087074949381	-5.50693063242268	14.0206903564481	11.667115452824	1	1
-5.75779704148776	23.2624579191189	10.5717400335888	-4.87555715302628	19.866802810347	10.8257731052139	-6.94129066145364	19.6152766712329	11.4782982261883	1	1
-7.34839661705444	29.3845202350748	10.1137411364732	-5.75779704148776	23.2624579191189	10.5717400335888	-7.83240294173358	22.5910206555646	10.6600884901463	1	1
-1.8619912852961	2.22990722310167	12.6986026105205	-3.74965068420279	10.925104880313	11.5861501708375	-2.57852591479531	11.0257540648528	11.487182670456	1	1
-3.74965068420279	10.925104880313	11.5861501708375	-5.50693063242268	14.0206903564481	11.667115452824	-3.54565159735515	14.7481262991616	11.2087074949381	1	1
-5.50693063242268	14.0206903564481	11.667115452824	-6.94129066145364	19.6152766712329	11.4782982261883	-4.87555715302628	19.866802810347	10.8257731052139	1	1
-6.94129066145364	19.6152766712329	11.4782982261883	-7.83240294173358	22.5910206555646	10.6600884901463	-5.75779704148776	23.2624579191189	10.5717400335888	1	1
0.12035	-1.5779	16.987	-1.04529518681323	-8.09675325960749	18.0563806542873	0.79141584381977	-1.25086331414989	16.4346342589673	2	1
-1.04529518681323	-8.09675325960749	18.0563806542873	-1.72910321832192	-12.9076799220703	18.4765636888672	0.229443301598512	-7.76988737104937	18.7929183159577	2	1
-1.72910321832192	-12.9076799220703	18.4765636888672	-2.29471295235624	-16.8870232825316	18.824116808286	0.417470113458214	-13.6410320042059	18.68876374758	2	1
-2.29471295235624	-16.8870232825316	18.824116808286	-3.06438737039104	-22.3020623117889	19.2970626025827	-1.08951754416303	-17.3495212337229	19.7677679690514	2	1
-3.06438737039104	-22.3020623117889	19.2970626025827	-3.79495304778934	-27.441952067575	19.7459770480768	-0.812163394347287	-22.2548756143101	19.0030435558957	2	1
-3.79495304778934	-27.441952067575	19.7459770480768	-4.32483780326758	-31.1699525892104	20.0715780563645	-1.22895637638808	-28.3749439808918	21.870561191396	2	1
-4.32483780326758	-31.1699525892104	20.0715780563645	-4.82123494161095	-34.6623512127794	20.3766017564894	-1.92767858204728	-31.8766465731609	21.6776080813537	2	1
-4.82123494161095	-34.6623512127794	20.3766017564894	-5.61665255254608	-40.25850629712	20.8653661027981	-2.84471369605674	-34.6914395590658	20.5863240406729	2	1
0.229443301598512	-7.76988737104937	18.7929183159577	0.79141584381977	-1.25086331414989	16.4346342589673	-1.04529518681323	-8.09675325960749	18.0563806542873	2	1
0.417470113458214	-13.6410320042059	18.68876374758	0.229443301598512	-7.76988737104937	18.7929183159577	-1.72910321832192	-12.9076799220703	18.4765636888672	2	1
-1.08951754416303	-17.3495212337229	19.7677679690514	0.417470113458214	-13.6410320042059	18.68876374758	-2.29471295235624	-16.8870232825316	18.824116808286	2	1
-0.812163394347287	-22.2548756143101	19.0030435558957	-1.08951754416303	-17.3495212337229	19.7677679690514	-3.06438737039104	-22.3020623117889	19.2970626025827	2	1
-1.22895637638808	-28.3749439808918	21.870561191396	-0.812163394347287	-22.2548756143101	19.0030435558957	-3.79495304778934	-27.441952067575	19.7459770480768	2	1
-1.92767858204728	-31.8766465731609	21.6776080813537	-1.22895637638808	-28.3749439808918	21.870561191396	-4.32483780326758	-31.1699525892104	20.0715780563645	2	1
-2.84471369605674	-34.6914395590658	20.5863240406729	-1.92767858204728	-31.8766465731609	21.6776080813537	-4.82123494161095	-34.6623512127794	20.3766017564894	2	1
-1.04529518681323	-8.09675325960749	18.0563806542873	0.12035	-1.5779	16.987	-1.23552582185889	-1.12854409062645	16.2762100768092	2	1
-1.72910321832192	-12.9076799220703	18.4765636888672	-1.04529518681323	-8.09675325960749	18.0563806542873	-2.36193929192448	-8.06420939951734	18.8954756737852	2	1
-2.29471295235624	-16.8870232825316	18.824116808286	-1.72910321832192	-12.9076799220703	18.4765636888672	-2.40886331891288	-13.0830522827439	18.9185532371105	2	1
-3.06438737039104	-22.3020623117889	19.2970626025827	-2.29471295235624	-16.8870232825316	18.824116808286	-4.46805615373304	-16.4084518426953	21.5350724384102	2	1
-3.79495304778934	-27.441952067575	19.7459770480768	-3.06438737039104	-22.3020623117889	19.2970626025827	-3.85950905950389	-22.6954453263057	18.676643757453	2	1
-4.32483780326758	-31.1699525892104	20.0715780563645	-3.79495304778934	-27.441952067575	19.7459770480768	-4.58299829331333	-26.8862760765507	19.5922225554392	2	1
-4.82123494161095	-34.6623512127794	20.3766017564894	-4.32483780326758	-31.1699525892104	20.0715780563645	-4.72833743314748	-31.4193806031831	21.7193171026132	2	1
-1.23552582185889	-1.12854409062645	16.2762100768092	-2.36193929192448	-8.06420939951734	18.8954756737852	-1.04529518681323	-8.09675325960749	18.0563806542873	2	1
-2.36193929192448	-8.06420939951734	18.8954756737852	-2.40886331891288	-13.0830522827439	18.9185532371105	-1.72910321832192	-12.9076799220703	18.4765636888672	2	1
-2.40886331891288	-13.0830522827439	18.9185532371105	-4.46805615373304	-16.4084518426953	21.5350724384102	-2.29471295235624	-16.8870232825316	18.824116808286	2	1
-4.46805615373304	-16.4084518426953	21.5350724384102	-3.85950905950389	-22.6954453263057	18.676643757453	-3.06438737039104	-22.3020623117889	19.2970626025827	2	1
-3.85950905950389	-22.6954453263057	18.676643757453	-4.58299829331333	-26.8862760765507	19.5922225554392	-3.79495304778934	-27.441952067575	19.7459770480768	2	1
-4.58299829331333	-26.8862760765507	19.5922225554392	-4.72833743314748	-31.4193806031831	21.7193171026132	-4.32483780326758	-31.1699525892104	20.0715780563645	2	1
0.0037021	2.3981	21.682	0.699421460578337	8.01744257174704	23.5794866265174	1.07522416524938	1.84906664584388	21.7927593155098	3	2
0.699421460578337	8.01744257174704	23.5794866265174	1.22957692027982	13.266473400612	25.3392922091526	1.49320057940747	8.24244912547638	23.620810364123	3	2
1.22957692027982	13.266473400612	25.3392922091526	1.72514525733699	17.5392156906443	25.7088921127995	3.07146300895679	12.6346715115972	26.0530501105979	3	2
1.72514525733699	17.5392156906443	25.7088921127995	2.27318636772068	22.2643731591742	26.1176267442234	3.20224028666252	17.4329233187464	25.6998496563783	3	2
2.27318636772068	22.2643731591742	26.1176267442234	2.70489619594107	25.9865335599245	26.4396003228043	4.3805581629853	21.7733195175986	27.3014542348733	3	2
2.70489619594107	25.9865335599245	26.4396003228043	3.16152073283876	29.9235061701099	26.7801555443958	4.63883917884832	25.6227897729458	26.7990848931243	3	2
3.16152073283876	29.9235061701099	26.7801555443958	3.79941116722942	35.4233358234996	27.2559007150581	5.17834363544864	29.8146425946816	26.8532280525862	3	2
3.79941116722942	35.4233358234996	27.2559007150581	4.20084819544968	38.8844870694553	27.5552965316504	5.87247271296336	35.8496086874502	27.0117041486232	3	2
4.20084819544968	38.8844870694553	27.5552965316504	4.6320567808453	42.6023258030311	27.8768962782371	6.84236291529482	39.7457313705051	28.3434783182648	3	2
4.6320567808453	42.6023258030311	27.8768962782371	5.03180239699613	46.0488938576517	28.1750306225134	5.78782032236833	42.395050540359	28.3898881315548	3	2
5.03180239699613	46.0488938576517	28.1750306225134	5.78480795948947	52.5412350160895	28.7366298259569	7.17243119073651	45.8064598750724	28.4390336935189	3	2
1.49320057940747	8.24244912547638	23.620810364123	1.07522416524938	1.84906664584388	21.7927593155098	0.699421460578337	8.01744257174704	23.5794866265174	3	2
3.07146300895679	12.6346715115972	26.0530501105979	1.49320057940747	8.24244912547638	23.620810364123	1.22957692027982	13.266473400612	25.3392922091526	3	2
3.20224028666252	17.4329233187464	25.6998496563783	3.07146300895679	12.6346715115972	26.0530501105979	1.72514525733699	17.5392156906443	25.7088921127995	3	2
4.3805581629853	21.7733195175986	27.3014542348733	3.20224028666252	17.4329233187464	25.6998496563783	2.27318636772068	22.2643731591742	26.1176267442234	3	2
4.63883917884832	25.6227897729458	26.7990848931243	4.3805581629853	21.7733195175986	27.3014542348733	2.70489619594107	25.9865335599245	26.4396003228043	3	2
5.17834363544864	29.8146425946816	26.8532280525862	4.63883917884832	25.6227897729458	26.7990848931243	3.16152073283876	29.9235061701099	26.7801555443958	3	2
5.87247271296336	35.8496086874502	27.0117041486232	5.17834363544864	29.8146425946816	26.8532280525862	3.79941116722942	35.4233358234996	27.2559007150581	3	2
6.84236291529482	39.7457313705051	28.3434783182648	5.87247271296336	35.8496086874502	27.0117041486232	4.20084819544968	38.8844870694553	27.5552965316504	3	2
5.78782032236833	42.395050540359	28.3898881315548	6.84236291529482	39.7457313705051	28.3434783182648	4.6320567808453	42.6023258030311	27.8768962782371	3	2
7.17243119073651	45.8064598750724	28.4390336935189	5.78782032236833	42.395050540359	28.3898881315548	5.03180239699613	46.0488938576517	28.1750306225134	3	2
0.699421460578337	8.01744257174704	23.5794866265174	0.0037021	2.3981	21.682	-1.44002852287168	2.14381193382511	22.1992549982823	3	2
1.22957692027982	13.266473400612	25.3392922091526	0.699421460578337	8.01744257174704	23.5794866265174	-0.94662258221786	8.00902972785738	23.6041548901944	3	2
1.72514525733699	17.5392156906443	25.7088921127995	1.22957692027982	13.266473400612	25.3392922091526	-1.42985662426129	12.9600300229453	25.8351200330529	3	2
2.27318636772068	22.2643731591742	26.1176267442234	1.72514525733699	17.5392156906443	25.7088921127995	-0.34137640916093	17.2670165722212	25.1448803648506	3	2
2.70489619594107	25.9865335599245	26.4396003228043	2.27318636772068	22.2643731591742	26.1176267442234	-0.63127816263251	21.5847291351318	28.2982387666848	3	2
3.16152073283876	29.9235061701099	26.7801555443958	2.70489619594107	25.9865335599245	26.4396003228043	-0.305365460969098	26.0855417932063	25.2930593132111	3	2
3.79941116722942	35.4233358234996	27.2559007150581	3.16152073283876	29.9235061701099	26.7801555443958	0.651569126185021	29.8303027511208	26.3506029196278	3	2
4.20084819544968	38.8844870694553	27.5552965316504	3.79941116722942	35.4233358234996	27.2559007150581	2.59266289098142	35.2069412741138	26.5403438432662	3	2
4.6320567808453	42.6023258030311	27.8768962782371	4.20084819544968	38.8844870694553	27.5552965316504	3.06678590431377	39.155883482956	28.3831734527942	3	2
5.03180239699613	46.0488938576517	28.1750306225134	4.6320567808453	42.6023258030311	27.8768962782371	3.14485400335047	42.982463988755	28.454133576379	3	2
5.78480795948947	52.5412350160895	28.7366298259569	5.03180239699613	46.0488938576517	28.1750306225134	4.28998550286055	46.0906574629037	29.8558787229827	3	2
-1.44002852287168	2.14381193382511	22.1992549982823	-0.94662258221786	8.00902972785738	23.6041548901944	0.699421460578337	8.01744257174704	23.5794866265174	3	2
-0.94662258221786	8.00902972785738	23.6041548901944	-1.42985662426129	12.9600300229453	25.8351200330529	1.22957692027982	13.266473400612	25.3392922091526	3	2
-1.42985662426129	12.9600300229453	25.8351200330529	-0.34137640916093	17.2670165722212	25.1448803648506	1.72514525733699	17.5392156906443	25.7088921127995	3	2
-0.34137640916093	17.2670165722212	25.1448803648506	-0.63127816263251	21.5847291351318	28.2982387666848	2.27318636772068	22.2643731591742	26.1176267442234	3	2
-0.63127816263251	21.5847291351318	28.2982387666848	-0.305365460969098	26.0855417932063	25.2930593132111	2.70489619594107	25.9865335599245	26.4396003228043	3	2
-0.305365460969098	26.0855417932063	25.2930593132111	0.651569126185021	29.8303027511208	26.3506029196278	3.16152073283876	29.9235061701099	26.7801555443958	3	2
0.651569126185021	29.8303027511208	26.3506029196278	2.59266289098142	35.2069412741138	26.5403438432662	3.79941116722942	35.4233358234996	27.2559007150581	3	2
2.59266289098142	35.2069412741138	26.5403438432662	3.06678590431377	39.155883482956	28.3831734527942	4.20084819544968	38.8844870694553	27.5552965316504	3	2
3.06678590431377	39.155883482956	28.3831734527942	3.14485400335047	42.982463988755	28.454133576379	4.6320567808453	42.6023258030311	27.8768962782371	3	2
3.14485400335047	42.982463988755	28.454133576379	4.28998550286055	46.0906574629037	29.8558787229827	5.03180239699613	46.0488938576517	28.1750306225134	3	2
0.23953	-1.8413	25.174	1.46614641442101	-5.81100425999084	26.892176527742	0.954624166728198	-2.46074045565073	24.6526766094692	4	2
1.46614641442101	-5.81100425999084	26.892176527742	2.8623549346944	-10.0743329382827	28.8692120006838	2.16330845816338	-5.52147452917514	27.4833476385371	4	2
2.8623549346944	-10.0743329382827	28.8692120006838	4.44820729190851	-14.2970778446538	30.425504838435	3.70830972906475	-8.68753717069426	30.3853685245561	4	2
4.44820729190851	-14.2970778446538	30.425504838435	5.85317408731696	-18.0381678344897	31.8042837335987	5.81578974262975	-14.396064856019	30.7425531345355	4	2
5.85317408731696	-18.0381678344897	31.8042837335987	7.56796870183781	-22.6042550815151	33.4871154074636	6.16170799541624	-18.0491437014817	32.168161416202	4	2
7.56796870183781	-22.6042550815151	33.4871154074636	8.99318445358249	-26.3992631910544	34.8857658282297	9.70707946415257	-22.1365123007035	35.0124386773142	4	2
8.99318445358249	-26.3992631910544	34.8857658282297	10.3171208962011	-29.9245887637628	36.1850247371137	9.66082871121825	-26.19186772278	35.4004357758517	4	2
10.3171208962011	-29.9245887637628	36.1850247371137	11.716603641603	-33.651076042239	37.5584218023055	12.6900442681078	-29.7361976631978	37.3409577041524	4	2
11.716603641603	-33.651076042239	37.5584218023055	13.1541669765127	-37.4789628076501	38.9691896532699	14.6480042764436	-34.0840235489515	38.4020965823525	4	2
13.1541669765127	-37.4789628076501	38.9691896532699	14.6742642241953	-41.5266176102175	40.4609530248676	15.255063633575	-38.3785263605689	38.6988331282799	4	2
14.6742642241953	-41.5266176102175	40.4609530248676	16.5381788211129	-46.4897756458564	42.2901251569181	15.7921938199648	-40.7669452510801	41.8006441555635	4	2
2.16330845816338	-5.52147452917514	27.4833476385371	0.954624166728198	-2.46074045565073	24.6526766094692	1.46614641442101	-5.81100425999084	26.892176527742	4	2
3.70830972906475	-8.68753717069426	30.3853685245561	2.16330845816338	-5.52147452917514	27.4833476385371	2.8623549346944	-10.0743329382827	28.8692120006838	4	2
5.81578974262975	-14.396064856019	30.7425531345355	3.70830972906475	-8.68753717069426	30.3853685245561	4.44820729190851	-14.2970778446538	30.425504838435	4	2
6.16170799541624	-18.0491437014817	32.168161416202	5.81578974262975	-14.396064856019	30.7425531345355	5.85317408731696	-18.0381678344897	31.8042837335987	4	2
9.70707946415257	-22.1365123007035	35.0124386773142	6.16170799541624	-18.0491437014817	32.168161416202	7.56796870183781	-22.6042550815151	33.4871154074636	4	2
9.66082871121825	-26.19186772278	35.4004357758517	9.70707946415257	-22.1365123007035	35.0124386773142	8.99318445358249	-26.3992631910544	34.8857658282297	4	2
12.6900442681078	-29.7361976631978	37.3409577041524	9.66082871121825	-26.19186772278	35.4004357758517	10.3171208962011	-29.9245887637628	36.1850247371137	4	2
14.6480042764436	-34.0840235489515	38.4020965823525	12.6900442681078	-29.7361976631978	37.3409577041524	11.716603641603	-33.651076042239	37.5584218023055	4	2
15.255063633575	-38.3785263605689	38.6988331282799	14.6480042764436	-34.0840235489515	38.4020965823525	13.1541669765127	-37.4789628076501	38.9691896532699	4	2
15.7921938199648	-40.7669452510801	41.8006441555635	15.255063633575	-38.3785263605689	38.6988331282799	14.6742642241953	-41.5266176102175	40.4609530248676	4	2
1.46614641442101	-5.81100425999084	26.892176527742	0.23953	-1.8413	25.174	-1.72023198280332	-2.00606990892832	25.253508344031	4	2
2.8623549346944	-10.0743329382827	28.8692120006838	1.46614641442101	-5.81100425999084	26.892176527742	-0.554170140660713	-5.58396602270647	27.6910387990839	4	2
4.44820729190851	-14.2970778446538	30.425504838435	2.8623549346944	-10.0743329382827	28.8692120006838	-0.358091101999279	-9.90269183391751	29.7845257534682	4	2
5.85317408731696	-18.0381678344897	31.8042837335987	4.44820729190851	-14.2970778446538	30.425504838435	1.24235286492252	-14.820229713521	29.747260975525	4	2
7.56796870183781	-22.6042550815151	33.4871154074636	5.85317408731696	-18.0381678344897	31.8042837335987	1.83171320290088	-17.8197175425896	33.8182876127112	4	2
8.99318445358249	-26.3992631910544	34.8857658282297	7.56796870183781	-22.6042550815151	33.4871154074636	4.90465216210822	-22.279923778552	33.1764595607117	4	2
10.3171208962011	-29.9245887637628	36.1850247371137	8.99318445358249	-26.3992631910544	34.8857658282297	7.88407899532356	-25.8560332953972	35.0572114549585	4	2
11.716603641603	-33.651076042239	37.5584218023055	10.3171208962011	-29.9245887637628	36.1850247371137	9.64813004066013	-29.840946051585	35.4856176011035	4	2
13.1541669765127	-37.4789628076501	38.9691896532699	11.716603641603	-33.651076042239	37.5584218023055	10.0506805371668	-33.1618091593672	37.0211983037217	4	2
14.6742642241953	-41.5266176102175	40.4609530248676	13.1541669765127	-37.4789628076501	38.9691896532699	11.9178674742418	-37.131799427451	38.7060711093899	4	2
16.5381788211129	-46.4897756458564	42.2901251569181	14.6742642241953	-41.5266176102175	40.4609530248676	13.9474224329367	-41.3198486012583	39.9843299165167	4	2
-1.72023198280332	-2.00606990892832	25.253508344031	-0.554170140660713	-5.58396602270647	27.6910387990839	1.46614641442101	-5.81100425999084	26.892176527742	4	2
-0.554170140660713	-5.58396602270647	27.6910387990839	-0.358091101999279	-9.90269183391751	29.7845257534682	2.8623549346944	-10.0743329382827	28.8692120006838	4	2
-0.358091101999279	-9.90269183391751	29.7845257534682	1.24235286492252	-14.820229713521	29.747260975525	4.44820729190851	-14.2970778446538	30.425504838435	4	2
1.24235286492252	-14.820229713521	29.747260975525	1.83171320290088	-17.8197175425896	33.8182876127112	5.85317408731696	-18.0381678344897	31.8042837335987	4	2
1.83171320290088	-17.8197175425896	33.8182876127112	4.90465216210822	-22.279923778552	33.1764595607117	7.56796870183781	-22.6042550815151	33.4871154074636	4	2
4.90465216210822	-22.279923778552	33.1764595607117	7.88407899532356	-25.8560332953972	35.0572114549585	8.99318445358249	-26.3992631910544	34.8857658282297	4	2
7.88407899532356	-25.8560332953972	35.0572114549585	9.64813004066013	-29.840946051585	35.4856176011035	10.3171208962011	-29.9245887637628	36.1850247371137	4	2
9.64813004066013	-29.840946051585	35.4856176011035	10.0506805371668	-33.1618091593672	37.0211983037217	11.716603641603	-33.651076042239	37.5584218023055	4	2
10.0506805371668	-33.1618091593672	37.0211983037217	11.9178674742418	-37.131799427451	38.7060711093899	13.1541669765127	-37.4789628076501	38.9691896532699	4	2
11.9178674742418	-37.131799427451	38.7060711093899	13.9474224329367	-41.3198486012583	39.9843299165167	14.6742642241953	-41.5266176102175	40.4609530248676	4	2
-0.096448	-0.21984	26.534	-1.35725216939475	2.88380732526641	28.183623767987	0.986668282233042	0.643971945269523	25.524408570423	5	2
-1.35725216939475	2.88380732526641	28.183623767987	-2.93971896504252	6.77927258216895	30.2541077507643	1.71026448567489	4.22000940438945	27.4504542210078	5	2
-2.93971896504252	6.77927258216895	30.2541077507643	-4.58127236117195	10.8201878415346	32.4019000601558	-1.24187608034884	6.63015182138705	30.50411647081	5	2
-4.58127236117195	10.8201878415346	32.4019000601558	-5.85793469560819	13.9628722771703	34.0722724952269	-3.63767688306826	11.1164100510882	32.9798759702675	5	2
-5.85793469560819	13.9628722771703	34.0722724952269	-7.28261072554682	17.4699133046542	35.9363045929287	-2.73354902727622	14.8354879757351	34.2867216366101	5	2
-7.28261072554682	17.4699133046542	35.9363045929287	-9.43181559126453	22.7604842710688	38.7483030894622	-4.02695016134081	17.359796654839	35.9266259252887	5	2
-9.43181559126453	22.7604842710688	38.7483030894622	-10.6193334225031	25.6837269364218	40.3020397337975	-7.48073717782848	21.7407250274448	39.1984592842071	5	2
1.71026448567489	4.22000940438945	27.4504542210078	0.986668282233042	0.643971945269523	25.524408570423	-1.35725216939475	2.88380732526641	28.183623767987	5	2
-1.24187608034884	6.63015182138705	30.50411647081	1.71026448567489	4.22000940438945	27.4504542210078	-2.93971896504252	6.77927258216895	30.2541077507643	5	2
-3.63767688306826	11.1164100510882	32.9798759702675	-1.24187608034884	6.63015182138705	30.50411647081	-4.58127236117195	10.8201878415346	32.4019000601558	5	2
-2.73354902727622	14.8354879757351	34.2867216366101	-3.63767688306826	11.1164100510882	32.9798759702675	-5.85793469560819	13.9628722771703	34.0722724952269	5	2
-4.02695016134081	17.359796654839	35.9266259252887	-2.73354902727622	14.8354879757351	34.2867216366101	-7.28261072554682	17.4699133046542	35.9363045929287	5	2
-7.48073717782848	21.7407250274448	39.1984592842071	-4.02695016134081	17.359796654839	35.9266259252887	-9.43181559126453	22.7604842710688	38.7483030894622	5	2
-1.35725216939475	2.88380732526641	28.183623767987	-0.096448	-0.21984	26.534	-1.13645967040823	0.194632739705099	25.8990103151546	5	2
-2.93971896504252	6.77927258216895	30.2541077507643	-1.35725216939475	2.88380732526641	28.183623767987	-3.49559703068539	1.16928890304007	29.2974506619154	5	2
-4.58127236117195	10.8201878415346	32.4019000601558	-2.93971896504252	6.77927258216895	30.2541077507643	-5.58995851644163	5.71590512673815	31.0664907792247	5	2
-5.85793469560819	13.9628722771703	34.0722724952269	-4.58127236117195	10.8201878415346	32.4019000601558	-7.19300622445742	9.68072647218716	32.9535281822931	5	2
-7.28261072554682	17.4699133046542	35.9363045929287	-5.85793469560819	13.9628722771703	34.0722724952269	-7.77649678398246	12.3054016658296	35.7646081639389	5	2
-9.43181559126453	22.7604842710688	38.7483030894622	-7.28261072554682	17.4699133046542	35.9363045929287	-8.38650535215468	16.3918459481427	37.3833723308632	5	2
-10.6193334225031	25.6837269364218	40.3020397337975	-9.43181559126453	22.7604842710688	38.7483030894622	-10.0994510796814	22.6142740014634	38.6965438229657	5	2
-1.13645967040823	0.194632739705099	25.8990103151546	-3.49559703068539	1.16928890304007	29.2974506619154	-1.35725216939475	2.88380732526641	28.183623767987	5	2
-3.49559703068539	1.16928890304007	29.2974506619154	-5.58995851644163	5.71590512673815	31.0664907792247	-2.93971896504252	6.77927258216895	30.2541077507643	5	2
-5.58995851644163	5.71590512673815	31.0664907792247	-7.19300622445742	9.68072647218716	32.9535281822931	-4.58127236117195	10.8201878415346	32.4019000601558	5	2
-7.19300622445742	9.68072647218716	32.9535281822931	-7.77649678398246	12.3054016658296	35.7646081639389	-5.85793469560819	13.9628722771703	34.0722724952269	5	2
-7.77649678398246	12.3054016658296	35.7646081639389	-8.38650535215468	16.3918459481427	37.3833723308632	-7.28261072554682	17.4699133046542	35.9363045929287	5	2
-8.38650535215468	16.3918459481427	37.3833723308632	-10.0994510796814	22.6142740014634	38.6965438229657	-9.43181559126453	22.7604842710688	38.7483030894622	5	2
0.66812	-1.503	30.237	0.289075993573433	-5.0168794753675	32.9741881068321	1.96121821600896	-1.29053424284271	30.9867615808976	6	2
0.289075993573433	-5.0168794753675	32.9741881068321	-0.229352382430275	-8.65563868491461	35.3742860274991	1.76119668331109	-5.65878298926286	32.096649091349	6	2
-0.229352382430275	-8.65563868491461	35.3742860274991	-0.715846687660645	-12.0702581685066	37.6265430883499	1.5763264367928	-9.16511090548738	35.7419435028397	6	2
-0.715846687660645	-12.0702581685066	37.6265430883499	-1.2776627871736	-16.0135483138748	40.2275072999012	0.697207156700427	-10.487457556413	40.0089371164847	6	2
-1.2776627871736	-16.0135483138748	40.2275072999012	-1.8189449688934	-19.8127144376106	42.7334084021019	-0.367027828690493	-14.5767930433928	43.2473507933841	6	2
-1.8189449688934	-19.8127144376106	42.7334084021019	-2.40415767508572	-23.9202213233565	45.4426887275871	-0.165031456029088	-19.5285067962265	44.9749126087774	6	2
-2.40415767508572	-23.9202213233565	45.4426887275871	-2.8604843670506	-27.1230995410749	47.5552828586652	-1.50198201437971	-23.5263407039662	47.2475724177174	6	2
-2.8604843670506	-27.1230995410749	47.5552828586652	-3.82816100600432	-33.9150546979262	52.035204862422	-2.38377792041673	-26.8019443946264	50.7949111854409	6	2
-3.82816100600432	-33.9150546979262	52.035204862422	-4.06873240505194	-35.603583787684	53.1489458174927	-4.53691568849977	-33.7088556371665	53.4978564775999	6	2
1.76119668331109	-5.65878298926286	32.096649091349	1.96121821600896	-1.29053424284271	30.9867615808976	0.289075993573433	-5.0168794753675	32.9741881068321	6	2
1.5763264367928	-9.16511090548738	35.7419435028397	1.76119668331109	-5.65878298926286	32.096649091349	-0.229352382430275	-8.65563868491461	35.3742860274991	6	2
0.697207156700427	-10.487457556413	40.0089371164847	1.5763264367928	-9.16511090548738	35.7419435028397	-0.715846687660645	-12.0702581685066	37.6265430883499	6	2
-0.367027828690493	-14.5767930433928	43.2473507933841	0.697207156700427	-10.487457556413	40.0089371164847	-1.2776627871736	-16.0135483138748	40.2275072999012	6	2
-0.165031456029088	-19.5285067962265	44.9749126087774	-0.367027828690493	-14.5767930433928	43.2473507933841	-1.8189449688934	-19.8127144376106	42.7334084021019	6	2
-1.50198201437971	-23.5263407039662	47.2475724177174	-0.165031456029088	-19.5285067962265	44.9749126087774	-2.40415767508572	-23.9202213233565	45.4426887275871	6	2
-2.38377792041673	-26.8019443946264	50.7949111854409	-1.50198201437971	-23.5263407039662	47.2475724177174	-2.8604843670506	-27.1230995410749	47.5552828586652	6	2
-4.53691568849977	-33.7088556371665	53.4978564775999	-2.38377792041673	-26.8019443946264	50.7949111854409	-3.82816100600432	-33.9150546979262	52.035204862422	6	2
0.289075993573433	-5.0168794753675	32.9741881068321	0.66812	-1.503	30.237	-2.96771209931293	-1.35677567041794	30.4702857634834	6	2
-0.229352382430275	-8.65563868491461	35.3742860274991	0.289075993573433	-5.0168794753675	32.9741881068321	-1.77944122449157	-4.56423713913618	33.4269388484325	6	2
-0.715846687660645	-12.0702581685066	37.6265430883499	-0.229352382430275	-8.65563868491461	35.3742860274991	-3.50767661138279	-8.33485203068416	35.1816720891911	6	2
-1.2776627871736	-16.0135483138748	40.2275072999012	-0.715846687660645	-12.0702581685066	37.6265430883499	-4.42139659788773	-11.4575124017175	36.253192798694	6	2
-1.8189449688934	-19.8127144376106	42.7334084021019	-1.2776627871736	-16.0135483138748	40.2275072999012	-4.27055702630646	-15.2994658343007	38.7138731249003	6	2
-2.40415767508572	-23.9202213233565	45.4426887275871	-1.8189449688934	-19.8127144376106	42.7334084021019	-4.23518186147016	-17.9743743675398	42.1849647967758	6	2
-2.8604843670506	-27.1230995410749	47.5552828586652	-2.40415767508572	-23.9202213233565	45.4426887275871	-3.84174200861542	-22.9748742812246	44.4122851105892	6	2
-3.82816100600432	-33.9150546979262	52.035204862422	-2.8604843670506	-27.1230995410749	47.5552828586652	-3.06298900176502	-26.387313597063	46.8558264429296	6	2
-4.06873240505194	-35.603583787684	53.1489458174927	-3.82816100600432	-33.9150546979262	52.035204862422	-4.77152207793481	-32.4987823368379	52.1799880699551	6	2
-2.96771209931293	-1.35677567041794	30.4702857634834	-1.77944122449157	-4.56423713913618	33.4269388484325	0.289075993573433	-5.0168794753675	32.9741881068321	6	2
-1.77944122449157	-4.56423713913618	33.4269388484325	-3.50767661138279	-8.33485203068416	35.1816720891911	-0.229352382430275	-8.65563868491461	35.3742860274991	6	2
-3.50767661138279	-8.33485203068416	35.1816720891911	-4.42139659788773	-11.4575124017175	36.253192798694	-0.715846687660645	-12.0702581685066	37.6265430883499	6	2
-4.42139659788773	-11.4575124017175	36.253192798694	-4.27055702630646	-15.2994658343007	38.7138731249003	-1.2776627871736	-16.0135483138748	40.2275072999012	6	2
-4.27055702630646	-15.2994658343007	38.7138731249003	-4.23518186147016	-17.9743743675398	42.1849647967758	-1.8189449688934	-19.8127144376106	42.7334084021019	6	2
-4.23518186147016	-17.9743743675398	42.1849647967758	-3.84174200861542	-22.9748742812246	44.4122851105892	-2.40415767508572	-23.9202213233565	45.4426887275871	6	2
-3.84174200861542	-22.9748742812246	44.4122851105892	-3.06298900176502	-26.387313597063	46.8558264429296	-2.8604843670506	-27.1230995410749	47.5552828586652	6	2
-3.06298900176502	-26.387313597063	46.8558264429296	-4.77152207793481	-32.4987823368379	52.1799880699551	-3.82816100600432	-33.9150546979262	52.035204862422	6	2
0.48025	-0.065238	32.487	0.48025	-0.0652379999999998	36.5079518069164	0.89608979090416	-0.034704529059744	32.5882347008546	7	2
0.48025	-0.0652379999999998	36.5079518069164	0.48025	-0.065238	41.1136476283965	2.29652576765665	0.904610640369078	35.568272464695	7	2
2.29652576765665	0.904610640369078	35.568272464695	0.89608979090416	-0.034704529059744	32.5882347008546	0.48025	-0.0652379999999998	36.5079518069164	7	2
0.48025	-0.0652379999999998	36.5079518069164	0.48025	-0.065238	32.487	-3.54086856736165	-1.454845237716	33.2821715025393	7	2
0.48025	-0.065238	41.1136476283965	0.48025	-0.0652379999999998	36.5079518069164	-1.38131788472932	0.253580969065893	37.5368504975114	7	2
-3.54086856736165	-1.454845237716	33.2821715025393	-1.38131788472932	0.253580969065893	37.5368504975114	0.48025	-0.0652379999999998	36.5079518069164	7	2
1.6541	2.9057	32.832	2.75960199720052	7.50645622750421	34.9351325182372	2.98507402399534	2.68490911257953	32.6381526851315	8	2
2.75960199720052	7.50645622750421	34.9351325182372	4.82194263513696	11.576888601087	36.726041213622	4.53731384451833	5.6935366767517	36.3135003720431	8	2
4.82194263513696	11.576888601087	36.726041213622	6.36668684203401	14.6257432437176	38.0674761741653	7.69320446517979	10.6957035022807	37.5883364907637	8	2
6.36668684203401	14.6257432437176	38.0674761741653	8.97000590071319	19.7639022753972	40.3281632077654	9.28408914514625	14.2362570368649	39.480910186232	8	2
8.97000590071319	19.7639022753972	40.3281632077654	10.7028896847193	23.1840871489944	41.8329760305264	11.2602207493515	19.588369387622	42.0208183978103	8	2
10.7028896847193	23.1840871489944	41.8329760305264	12.6976490820917	27.1211347342554	43.5651980913443	13.5577079471746	23.8345376569113	43.4768895425767	8	2
12.6976490820917	27.1211347342554	43.5651980913443	14.9589385808484	31.5842315730938	45.5288712846135	14.8589757051156	27.2867329468674	44.6795851249139	8	2
14.9589385808484	31.5842315730938	45.5288712846135	16.7384857209673	35.0965157012408	47.0742059342158	16.2507692808549	31.3141914408213	47.3623376108608	8	2
16.7384857209673	35.0965157012408	47.0742059342158	18.2118120325717	38.0044131674939	48.3536225611566	17.5852522805704	34.4073096399014	47.6774997254576	8	2
4.53731384451833	5.6935366767517	36.3135003720431	2.98507402399534	2.68490911257953	32.6381526851315	2.75960199720052	7.50645622750421	34.9351325182372	8	2
7.69320446517979	10.6957035022807	37.5883364907637	4.53731384451833	5.6935366767517	36.3135003720431	4.82194263513696	11.576888601087	36.726041213622	8	2
9.28408914514625	14.2362570368649	39.480910186232	7.69320446517979	10.6957035022807	37.5883364907637	6.36668684203401	14.6257432437176	38.0674761741653	8	2
11.2602207493515	19.588369387622	42.0208183978103	9.28408914514625	14.2362570368649	39.480910186232	8.97000590071319	19.7639022753972	40.3281632077654	8	2
13.5577079471746	23.8345376569113	43.4768895425767	11.2602207493515	19.588369387622	42.0208183978103	10.7028896847193	23.1840871489944	41.8329760305264	8	2
14.8589757051156	27.2867329468674	44.6795851249139	13.5577079471746	23.8345376569113	43.4768895425767	12.6976490820917	27.1211347342554	43.5651980913443	8	2
16.2507692808549	31.3141914408213	47.3623376108608	14.8589757051156	27.2867329468674	44.6795851249139	14.9589385808484	31.5842315730938	45.5288712846135	8	2
17.5852522805704	34.4073096399014	47.6774997254576	16.2507692808549	31.3141914408213	47.3623376108608	16.7384857209673	35.0965157012408	47.0742059342158	8	2
2.75960199720052	7.50645622750421	34.9351325182372	1.6541	2.9057	32.832	0.899373779114372	1.89162820537674	35.3537319958626	8	2
4.82194263513696	11.576888601087	36.726041213622	2.75960199720052	7.50645622750421	34.9351325182372	0.411540373763909	7.59302307985223	35.5779734593096	8	2
6.36668684203401	14.6257432437176	38.0674761741653	4.82194263513696	11.576888601087	36.726041213622	2.18274354775147	11.9560550995661	36.4714548951076	8	2
8.97000590071319	19.7639022753972	40.3281632077654	6.36668684203401	14.6257432437176	38.0674761741653	2.57608224645606	14.5411819521931	37.9587483007425	8	2
10.7028896847193	23.1840871489944	41.8329760305264	8.97000590071319	19.7639022753972	40.3281632077654	5.58622539894831	19.1414123507435	39.7916796110167	8	2
12.6976490820917	27.1211347342554	43.5651980913443	10.7028896847193	23.1840871489944	41.8329760305264	8.49827909244759	22.7878148651205	40.1434526943523	8	2
14.9589385808484	31.5842315730938	45.5288712846135	12.6976490820917	27.1211347342554	43.5651980913443	10.0612806904298	26.49469255776	42.6871849120847	8	2
16.7384857209673	35.0965157012408	47.0742059342158	14.9589385808484	31.5842315730938	45.5288712846135	13.8056351961055	31.5905078603864	46.0997836342422	8	2
18.2118120325717	38.0044131674939	48.3536225611566	16.7384857209673	35.0965157012408	47.0742059342158	16.4135247210361	35.5172576899707	47.5305342452413	8	2
0.899373779114372	1.89162820537674	35.3537319958626	0.411540373763909	7.59302307985223	35.5779734593096	2.75960199720052	7.50645622750421	34.9351325182372	8	2
0.411540373763909	7.59302307985223	35.5779734593096	2.18274354775147	11.9560550995661	36.4714548951076	4.82194263513696	11.576888601087	36.726041213622	8	2
2.18274354775147	11.9560550995661	36.4714548951076	2.57608224645606	14.5411819521931	37.9587483007425	6.36668684203401	14.6257432437176	38.0674761741653	8	2
2.57608224645606	14.5411819521931	37.9587483007425	5.58622539894831	19.1414123507435	39.7916796110167	8.97000590071319	19.7639022753972	40.3281632077654	8	2
5.58622539894831	19.1414123507435	39.7916796110167	8.49827909244759	22.7878148651205	40.1434526943523	10.7028896847193	23.1840871489944	41.8329760305264	8	2
8.49827909244759	22.7878148651205	40.1434526943523	10.0612806904298	26.49469255776	42.6871849120847	12.6976490820917	27.1211347342554	43.5651980913443	8	2
10.0612806904298	26.49469255776	42.6871849120847	13.8056351961055	31.5905078603864	46.0997836342422	14.9589385808484	31.5842315730938	45.5288712846135	8	2
13.8056351961055	31.5905078603864	46.0997836342422	16.4135247210361	35.5172576899707	47.5305342452413	16.7384857209673	35.0965157012408	47.0742059342158	8	2
