-0.3475	-0.70784	0.031499	-0.41155	-0.34074	1.0263	-0.22515	-0.60134	1.8261	0	0
-0.41155	-0.34074	0	-0.087748	-0.21784	1.0423	-0.37868	0.45443	1.0936	0	0
-0.41155	-0.34074	0	-0.087748	-0.21784	1.0423	-0.1292	-0.21974	1.7978	0	0
-0.41155	-0.34074	0	-0.37868	0.45443	1.0936	-0.36431	0.45368	1.7658	0	0
-0.41155	-0.34074	0	-0.22515	-0.60134	1.8261	-0.1292	-0.21974	1.7978	0	0
-0.087748	-0.21784	0.015999	-0.37868	0.45443	1.0936	0.077885	0.65153	1.042	0	0
-0.087748	-0.21784	0.015999	0.077885	0.65153	1.042	0.58995	0.54246	1.7331	0	0
-0.087748	-0.21784	0.015999	-0.1292	-0.21974	1.7978	0.58995	0.54246	1.7331	0	0
-0.37868	0.45443	0.0673	0.077885	0.65153	1.042	0.090202	1.1281	1.0615	0	0
-0.37868	0.45443	0.0673	-0.36431	0.45368	1.7658	-0.23335	1.161	2.1406	0	0
-0.37868	0.45443	0.0673	0.090202	1.1281	1.0615	-0.23335	1.161	2.1406	0	0
-0.22515	-0.60134	0.79975	-0.1292	-0.21974	1.7978	0.21832	-0.029304	2.3827	0	0
-0.22515	-0.60134	0.79975	-0.15305	-0.60444	2.5182	0.21832	-0.029304	2.3827	0	0
0.077885	0.65153	0.015633	0.090202	1.1281	1.0615	0.65045	1.0875	1.0299	0	0
0.077885	0.65153	0.015633	0.65045	1.0875	1.0299	0.58995	0.54246	1.7331	0	0
-0.1292	-0.21974	0.77145	-0.36431	0.45368	1.7658	-0.53225	-0.15794	2.129	0	0
-0.1292	-0.21974	0.77145	-0.36431	0.45368	1.7658	0.17911	0.61674	1.8577	0	0
-0.1292	-0.21974	0.77145	-0.53225	-0.15794	2.129	-0.15305	-0.60444	2.5182	0	0
-0.1292	-0.21974	0.77145	0.58995	0.54246	1.7331	0.21832	-0.029304	2.3827	0	0
-0.36431	0.45368	0.7395	-0.53225	-0.15794	2.129	-0.33152	0.41281	2.5918	0	0
-0.36431	0.45368	0.7395	-0.33152	0.41281	2.5918	-0.23335	1.161	2.1406	0	0
0.090202	1.1281	0.03515	0.65045	1.0875	1.0299	0.2262	1.2084	1.817	0	0
0.090202	1.1281	0.03515	0.2262	1.2084	1.817	-0.23335	1.161	2.1406	0	0
-0.53225	-0.15794	1.1027	-0.33152	0.41281	2.5918	-0.13415	-0.24834	3.0499	0	0
0.65045	1.0875	0.003549	0.58995	0.54246	1.7331	0.65255	1.1118	1.7913	0	0
0.65045	1.0875	0.003549	0.2262	1.2084	1.817	0.65255	1.1118	1.7913	0	0
0.58995	0.54246	0.7068	0.17911	0.61674	1.8577	0.21832	-0.029304	2.3827	0	0
0.58995	0.54246	0.7068	0.17911	0.61674	1.8577	0.65255	1.1118	1.7913	0	0
0.17911	0.61674	0.83138	0.21832	-0.029304	2.3827	0.1928	0.65786	2.5434	0	0
0.17911	0.61674	0.83138	0.2262	1.2084	1.817	0.65255	1.1118	1.7913	0	0
0.17911	0.61674	0.83138	0.2262	1.2084	1.817	-0.23335	1.161	2.1406	0	0
0.17911	0.61674	0.83138	0.1928	0.65786	2.5434	-0.23335	1.161	2.1406	0	0
-0.15305	-0.60444	1.4919	0.21832	-0.029304	2.3827	-0.13415	-0.24834	3.0499	0	0
-0.15305	-0.60444	1.4919	-0.13415	-0.24834	3.0499	-0.20925	-0.38654	3.2845	0	0
0.21832	-0.029304	1.3563	0.1928	0.65786	2.5434	0.019302	0.37346	3.2258	0	0
0.21832	-0.029304	1.3563	-0.13415	-0.24834	3.0499	0.019302	0.37346	3.2258	0	0
-0.33152	0.41281	1.5654	0.019302	0.37346	3.2258	-0.19325	0.5944	3.2322	0	0
-0.33152	0.41281	1.5654	-0.19325	0.5944	3.2322	-0.24735	1.2865	3.1824	0	0
-0.33152	0.41281	1.5654	-0.23335	1.161	2.1406	-0.24735	1.2865	3.1824	0	0
0.1928	0.65786	1.5171	0.19635	1.1336	2.5602	0.59565	1.1524	2.462	0	0
0.1928	0.65786	1.5171	0.19635	1.1336	2.5602	-0.23335	1.161	2.1406	0	0
0.1928	0.65786	1.5171	0.59565	1.1524	2.462	0.58445	0.89706	3.0215	0	0
0.1928	0.65786	1.5171	0.019302	0.37346	3.2258	0.58445	0.89706	3.0215	0	0
-0.13415	-0.24834	2.0236	-0.20925	-0.38654	3.2845	0.019302	0.37346	3.2258	0	0
0.19635	1.1336	1.5339	0.58445	0.89706	3.0215	0.088202	1.1438	3.2618	0	0
0.19635	1.1336	1.5339	0.088202	1.1438	3.2618	-0.24735	1.2865	3.1824	0	0
0.19635	1.1336	1.5339	-0.23335	1.161	2.1406	-0.24735	1.2865	3.1824	0	0
-0.20925	-0.38654	2.2582	0.019302	0.37346	3.2258	-0.16545	-0.28084	4.0561	0	0
-0.20925	-0.38654	2.2582	-0.35048	-0.63784	3.8856	-0.16545	-0.28084	4.0561	0	0
0.019302	0.37346	2.1995	-0.19325	0.5944	3.2322	0.19198	0.45409	3.8968	0	0
0.019302	0.37346	2.1995	0.58445	0.89706	3.0215	0.5727	0.89226	3.8548	0	0
0.019302	0.37346	2.1995	-0.16545	-0.28084	4.0561	0.19198	0.45409	3.8968	0	0
-0.19325	0.5944	2.2059	0.19198	0.45409	3.8968	-0.17965	0.74516	4.0608	0	0
-0.19325	0.5944	2.2059	-0.24735	1.2865	3.1824	-0.17965	0.74516	4.0608	0	0
0.58445	0.89706	1.9952	0.088202	1.1438	3.2618	0.5727	0.89226	3.8548	0	0
0.088202	1.1438	2.2354	-0.24735	1.2865	3.1824	0.11245	1.1443	4.0705	0	0
0.088202	1.1438	2.2354	0.5727	0.89226	3.8548	0.11245	1.1443	4.0705	0	0
-0.35048	-0.63784	2.8592	-0.16545	-0.28084	4.0561	-0.2666	-0.57164	4.7374	0	0
-0.16545	-0.28084	3.0298	0.19198	0.45409	3.8968	0.12835	-0.030738	4.352	0	0
-0.16545	-0.28084	3.0298	0.12835	-0.030738	4.352	-0.15805	-0.24374	4.5619	0	0
-0.16545	-0.28084	3.0298	-0.15805	-0.24374	4.5619	-0.2666	-0.57164	4.7374	0	0
0.19198	0.45409	2.8704	0.5727	0.89226	3.8548	0.2311	0.63296	4.6118	0	0
0.19198	0.45409	2.8704	-0.17965	0.74516	4.0608	-0.1763	0.49556	4.57	0	0
0.19198	0.45409	2.8704	0.12835	-0.030738	4.352	0.2311	0.63296	4.6118	0	0
-0.24735	1.2865	2.1561	-0.17965	0.74516	4.0608	-0.41335	1.134	4.6148	0	0
-0.24735	1.2865	2.1561	0.11245	1.1443	4.0705	-0.41335	1.134	4.6148	0	0
0.5727	0.89226	2.8285	0.11245	1.1443	4.0705	0.23795	1.2918	4.5479	0	0
0.5727	0.89226	2.8285	0.2311	0.63296	4.6118	0.60185	0.89616	4.6843	0	0
0.5727	0.89226	2.8285	0.23795	1.2918	4.5479	0.60185	0.89616	4.6843	0	0
-0.17965	0.74516	3.0345	-0.1763	0.49556	4.57	-0.41335	1.134	4.6148	0	0
0.12835	-0.030738	3.3257	-0.1763	0.49556	4.57	-0.15805	-0.24374	4.5619	0	0
0.12835	-0.030738	3.3257	0.2311	0.63296	4.6118	-0.13315	-0.26594	5.0635	0	0
0.11245	1.1443	3.0442	-0.41335	1.134	4.6148	0.23795	1.2918	4.5479	0	0
-0.1763	0.49556	3.5437	-0.15805	-0.24374	4.5619	-0.13315	-0.26594	5.0635	0	0
-0.1763	0.49556	3.5437	-0.13315	-0.26594	5.0635	-0.39075	0.5507	5.3515	0	0
-0.1763	0.49556	3.5437	-0.41335	1.134	4.6148	-0.39075	0.5507	5.3515	0	0
-0.15805	-0.24374	3.5356	-0.2666	-0.57164	4.7374	-0.13315	-0.26594	5.0635	0	0
-0.2666	-0.57164	3.7111	-0.13315	-0.26594	5.0635	-0.40125	-0.59064	5.3859	0	0
0.2311	0.63296	3.5854	-0.13315	-0.26594	5.0635	0.035852	0.38686	5.6041	0	0
0.2311	0.63296	3.5854	0.035852	0.38686	5.6041	0.60185	0.89616	4.6843	0	0
-0.13315	-0.26594	4.0372	-0.36955	-0.2854	5.3799	-0.40125	-0.59064	5.3859	0	0
-0.13315	-0.26594	4.0372	-0.36955	-0.2854	5.3799	0.035852	0.38686	5.6041	0	0
-0.41335	1.134	3.5884	0.23795	1.2918	4.5479	-0.40672	1.1238	5.295	0	0
-0.41335	1.134	3.5884	-0.39075	0.5507	5.3515	-0.40672	1.1238	5.295	0	0
0.23795	1.2918	3.5216	0.2735	1.0969	5.3112	0.60185	0.89616	4.6843	0	0
0.23795	1.2918	3.5216	0.2735	1.0969	5.3112	-0.40672	1.1238	5.295	0	0
-0.36955	-0.2854	4.3535	-0.40125	-0.59064	5.3859	-0.32761	-0.32944	6.058	0	0
-0.36955	-0.2854	4.3535	0.035852	0.38686	5.6041	-0.32761	-0.32944	6.058	0	0
-0.40125	-0.59064	4.3596	-0.32761	-0.32944	6.058	-0.45215	-0.71554	6.0998	0	0
-0.39075	0.5507	4.3252	0.035852	0.38686	5.6041	0.2735	1.0969	5.3112	0	0
-0.39075	0.5507	4.3252	0.2735	1.0969	5.3112	-0.40672	1.1238	5.295	0	0
0.035852	0.38686	4.5778	0.2735	1.0969	5.3112	0.32645	1.112	6.0266	0	0
0.035852	0.38686	4.5778	-0.32761	-0.32944	6.058	-0.1037	0.50781	6.0765	0	0
0.035852	0.38686	4.5778	0.32645	1.112	6.0266	-0.1037	0.50781	6.0765	0	0
0.2735	1.0969	4.2849	0.60185	0.89616	4.6843	0.32645	1.112	6.0266	0	0
-0.32761	-0.32944	5.0317	-0.45215	-0.71554	6.0998	-0.3167	-0.29826	6.6523	0	0
-0.32761	-0.32944	5.0317	-0.1037	0.50781	6.0765	-0.3167	-0.29826	6.6523	0	0
0.32645	1.112	5.0003	-0.1037	0.50781	6.0765	0.30095	1.1021	6.8031	0	0
-0.45215	-0.71554	5.0735	-0.3167	-0.29826	6.6523	-0.59195	-0.91369	6.7385	0	0
-0.1037	0.50781	5.0502	-0.3167	-0.29826	6.6523	-0.13598	0.39563	6.7364	0	0
-0.1037	0.50781	5.0502	-0.13598	0.39563	6.7364	0.30095	1.1021	6.8031	0	0
-0.3167	-0.29826	5.6259	-0.13598	0.39563	6.7364	-0.42788	-0.25034	7.4039	0	0
-0.3167	-0.29826	5.6259	-0.59195	-0.91369	6.7385	-0.42788	-0.25034	7.4039	0	0
-0.13598	0.39563	5.7101	0.30095	1.1021	6.8031	-0.11615	0.77816	7.5529	0	0
-0.13598	0.39563	5.7101	-0.42788	-0.25034	7.4039	-0.11615	0.77816	7.5529	0	0
-0.59195	-0.91369	5.7121	-0.42788	-0.25034	7.4039	-0.56585	-0.73734	7.548	0	0
-0.59195	-0.91369	5.7121	-0.94701	-1.0701	7.415	-0.56585	-0.73734	7.548	0	0
0.30095	1.1021	5.7767	-0.11615	0.77816	7.5529	0.2734	1.0952	7.5373	0	0
-0.42788	-0.25034	6.3776	-0.56585	-0.73734	7.548	-0.4124	-0.22374	8.0443	0	0
-0.42788	-0.25034	6.3776	-0.54988	0.3956	7.5862	-0.11615	0.77816	7.5529	0	0
-0.42788	-0.25034	6.3776	-0.54988	0.3956	7.5862	-0.4124	-0.22374	8.0443	0	0
-0.94701	-1.0701	6.3887	-0.56585	-0.73734	7.548	-0.62795	-0.78214	8.0021	0	0
-0.94701	-1.0701	6.3887	-0.62795	-0.78214	8.0021	-1.0538	-0.90764	8.1021	0	0
-0.56585	-0.73734	6.5217	-0.4124	-0.22374	8.0443	-0.62795	-0.78214	8.0021	0	0
-0.54988	0.3956	6.5599	-0.11615	0.77816	7.5529	-0.51378	1.1669	7.4114	0	0
-0.54988	0.3956	6.5599	-0.51378	1.1669	7.4114	-0.4791	1.2056	8.0208	0	0
-0.54988	0.3956	6.5599	-0.4124	-0.22374	8.0443	-0.4438	0.46864	8.0486	0	0
-0.54988	0.3956	6.5599	-0.4438	0.46864	8.0486	-0.4791	1.2056	8.0208	0	0
-0.11615	0.77816	6.5266	-0.51378	1.1669	7.4114	0.2734	1.0952	7.5373	0	0
-0.51378	1.1669	6.385	0.2734	1.0952	7.5373	0.026352	1.5502	7.4657	0	0
-0.51378	1.1669	6.385	0.026352	1.5502	7.4657	-0.28695	1.5502	7.7489	0	0
-0.51378	1.1669	6.385	-0.28695	1.5502	7.7489	-0.4791	1.2056	8.0208	0	0
0.2734	1.0952	6.511	-0.4124	-0.22374	8.0443	0.2581	1.0921	8.0847	0	0
0.2734	1.0952	6.511	0.026352	1.5502	7.4657	0.2581	1.0921	8.0847	0	0
-0.4124	-0.22374	7.0179	-0.62795	-0.78214	8.0021	-0.89135	-0.40644	8.3197	0	0
-0.4124	-0.22374	7.0179	-0.4438	0.46864	8.0486	-0.89135	-0.40644	8.3197	0	0
-0.4124	-0.22374	7.0179	0.2581	1.0921	8.0847	0.18565	0.81736	8.7878	0	0
-0.4124	-0.22374	7.0179	0.18565	0.81736	8.7878	-0.4245	-0.22426	8.8192	0	0
-0.62795	-0.78214	6.9758	-1.0538	-0.90764	8.1021	-0.89135	-0.40644	8.3197	0	0
-0.4438	0.46864	7.0223	-0.4791	1.2056	8.0208	-0.46324	0.48506	8.815	0	0
-0.4438	0.46864	7.0223	-0.89135	-0.40644	8.3197	-0.46324	0.48506	8.815	0	0
-1.0538	-0.90764	7.0758	-0.89135	-0.40644	8.3197	-0.54655	-0.74849	8.802	0	0
-1.0538	-0.90764	7.0758	-0.54655	-0.74849	8.802	-0.85995	-1.0273	9.7054	0	0
0.026352	1.5502	6.4394	-0.28695	1.5502	7.7489	-0.034448	1.5586	8.1141	0	0
0.026352	1.5502	6.4394	0.2581	1.0921	8.0847	-0.034448	1.5586	8.1141	0	0
-0.28695	1.5502	6.7226	-0.31265	1.5695	7.8874	-0.4791	1.2056	8.0208	0	0
-0.28695	1.5502	6.7226	-0.31265	1.5695	7.8874	-0.034448	1.5586	8.1141	0	0
0.2581	1.0921	7.0584	-0.034448	1.5586	8.1141	0.038052	1.586	8.4944	0	0
0.2581	1.0921	7.0584	0.038052	1.586	8.4944	0.15865	1.3202	8.8175	0	0
0.2581	1.0921	7.0584	0.18565	0.81736	8.7878	0.15865	1.3202	8.8175	0	0
-0.31265	1.5695	6.8611	-0.4791	1.2056	8.0208	-0.16725	1.5609	8.5345	0	0
-0.31265	1.5695	6.8611	-0.034448	1.5586	8.1141	-0.16725	1.5609	8.5345	0	0
-0.4791	1.2056	6.9945	-0.16725	1.5609	8.5345	-0.43757	1.192	8.8144	0	0
-0.4791	1.2056	6.9945	-0.46324	0.48506	8.815	-0.43757	1.192	8.8144	0	0
-0.89135	-0.40644	7.2934	-0.54655	-0.74849	8.802	-0.4245	-0.22426	8.8192	0	0
-0.89135	-0.40644	7.2934	-0.4245	-0.22426	8.8192	-0.46324	0.48506	8.815	0	0
-0.034448	1.5586	7.0878	0.038052	1.586	8.4944	-0.16725	1.5609	8.5345	0	0
0.038052	1.586	7.4681	-0.16725	1.5609	8.5345	-0.2822	1.5457	9.3801	0	0
0.038052	1.586	7.4681	0.15865	1.3202	8.8175	-0.2822	1.5457	9.3801	0	0
-0.16725	1.5609	7.5082	-0.43757	1.192	8.8144	-0.2822	1.5457	9.3801	0	0
0.18565	0.81736	7.7615	-0.4245	-0.22426	8.8192	0.099852	0.53146	9.6678	0	0
0.18565	0.81736	7.7615	0.15865	1.3202	8.8175	0.1686	1.0787	9.5365	0	0
0.18565	0.81736	7.7615	0.1686	1.0787	9.5365	0.099852	0.53146	9.6678	0	0
-0.54655	-0.74849	7.7756	-0.4245	-0.22426	8.8192	-0.54215	-0.73694	9.5497	0	0
-0.54655	-0.74849	7.7756	-0.54215	-0.73694	9.5497	-0.85995	-1.0273	9.7054	0	0
-0.4245	-0.22426	7.7929	-0.54215	-0.73694	9.5497	-0.40325	-0.23239	9.5557	0	0
-0.4245	-0.22426	7.7929	-0.40325	-0.23239	9.5557	0.099852	0.53146	9.6678	0	0
-0.46324	0.48506	7.7886	-0.43757	1.192	8.8144	-0.50717	0.49754	9.5691	0	0
-0.46324	0.48506	7.7886	-0.40325	-0.23239	9.5557	-0.50717	0.49754	9.5691	0	0
-0.43757	1.192	7.7881	-0.2822	1.5457	9.3801	-0.4315	1.1788	9.5592	0	0
-0.43757	1.192	7.7881	-0.50717	0.49754	9.5691	-0.4315	1.1788	9.5592	0	0
0.15865	1.3202	7.7912	-0.2822	1.5457	9.3801	0.1686	1.0787	9.5365	0	0
-0.54215	-0.73694	8.5234	-0.40325	-0.23239	9.5557	-0.39457	-0.35364	10.274	0	0
-0.54215	-0.73694	8.5234	-0.85995	-1.0273	9.7054	-0.65628	-0.8273	10.225	0	0
-0.54215	-0.73694	8.5234	-0.65628	-0.8273	10.225	-0.39457	-0.35364	10.274	0	0
-0.40325	-0.23239	8.5294	-0.50717	0.49754	9.5691	-0.50472	0.53016	10.263	0	0
-0.40325	-0.23239	8.5294	-0.39457	-0.35364	10.274	-0.50472	0.53016	10.263	0	0
-0.2822	1.5457	8.3537	0.1686	1.0787	9.5365	-0.016698	1.5936	10.331	0	0
-0.2822	1.5457	8.3537	-0.4315	1.1788	9.5592	-0.25145	1.5798	10.313	0	0
-0.2822	1.5457	8.3537	-0.25145	1.5798	10.313	-0.016698	1.5936	10.331	0	0
0.1686	1.0787	8.5102	0.099852	0.53146	9.6678	0.23665	0.83626	10.139	0	0
0.1686	1.0787	8.5102	0.23665	0.83626	10.139	0.10795	1.333	10.31	0	0
0.1686	1.0787	8.5102	-0.016698	1.5936	10.331	0.10795	1.333	10.31	0	0
-0.50717	0.49754	8.5427	-0.4315	1.1788	9.5592	-0.50472	0.53016	10.263	0	0
0.099852	0.53146	8.6415	-0.39457	-0.35364	10.274	0.23665	0.83626	10.139	0	0
-0.65628	-0.8273	9.1986	-0.39457	-0.35364	10.274	-0.42485	-0.68119	11.11	0	0
-0.39457	-0.35364	9.2478	0.23665	0.83626	10.139	0.17135	0.54336	11.136	0	0
-0.39457	-0.35364	9.2478	-0.50472	0.53016	10.263	-0.35848	-0.20897	10.899	0	0
-0.39457	-0.35364	9.2478	-0.35848	-0.20897	10.899	-0.42485	-0.68119	11.11	0	0
-0.4315	1.1788	8.5329	-0.50472	0.53016	10.263	-0.4806	1.1799	10.32	0	0
-0.4315	1.1788	8.5329	-0.4806	1.1799	10.32	-0.25145	1.5798	10.313	0	0
0.23665	0.83626	9.1124	0.10795	1.333	10.31	0.21739	1.0475	10.913	0	0
0.23665	0.83626	9.1124	0.21739	1.0475	10.913	0.17135	0.54336	11.136	0	0
-0.50472	0.53016	9.2364	-0.4806	1.1799	10.32	-0.40839	0.43862	10.972	0	0
-0.50472	0.53016	9.2364	-0.35848	-0.20897	10.899	-0.40839	0.43862	10.972	0	0
-0.4806	1.1799	9.2938	-0.25145	1.5798	10.313	-0.36515	1.6128	11.053	0	0
-0.4806	1.1799	9.2938	-0.36515	1.6128	11.053	-0.52258	1.2767	11.081	0	0
-0.4806	1.1799	9.2938	-0.52258	1.2767	11.081	-0.40839	0.43862	10.972	0	0
-0.35848	-0.20897	9.8729	-0.40839	0.43862	10.972	-0.3805	-0.25454	11.548	0	0
-0.35848	-0.20897	9.8729	-0.42485	-0.68119	11.11	-0.3805	-0.25454	11.548	0	0
-0.25145	1.5798	9.2866	-0.016698	1.5936	10.331	-0.36515	1.6128	11.053	0	0
-0.016698	1.5936	9.3044	0.10795	1.333	10.31	-0.012848	1.6031	11.064	0	0
-0.016698	1.5936	9.3044	-0.012848	1.6031	11.064	-0.36515	1.6128	11.053	0	0
0.10795	1.333	9.284	0.21739	1.0475	10.913	-0.012848	1.6031	11.064	0	0
0.21739	1.0475	9.8871	-0.012848	1.6031	11.064	0.2639	1.1164	11.541	0	0
0.21739	1.0475	9.8871	0.17135	0.54336	11.136	0.2639	1.1164	11.541	0	0
-0.36515	1.6128	10.026	-0.52258	1.2767	11.081	-0.51385	1.2237	11.577	0	0
-0.52258	1.2767	10.054	-0.40839	0.43862	10.972	-0.47425	0.49099	11.542	0	0
-0.52258	1.2767	10.054	-0.47425	0.49099	11.542	-0.51385	1.2237	11.577	0	0
-0.40839	0.43862	9.946	-0.3805	-0.25454	11.548	-0.47425	0.49099	11.542	0	0
0.17135	0.54336	10.11	0.14235	0.54886	11.383	0.2639	1.1164	11.541	0	0
-0.42485	-0.68119	10.083	-0.3805	-0.25454	11.548	-0.73568	-0.83094	11.678	0	0
-0.3805	-0.25454	10.522	-0.73568	-0.83094	11.678	-0.96105	-0.55514	11.959	0	0
-0.3805	-0.25454	10.522	-0.47425	0.49099	11.542	-0.45897	0.4671	12.308	0	0
-0.3805	-0.25454	10.522	-0.96105	-0.55514	11.959	-0.37735	-0.30974	12.377	0	0
-0.3805	-0.25454	10.522	-0.37735	-0.30974	12.377	-0.45897	0.4671	12.308	0	0
-0.73568	-0.83094	10.652	-0.96105	-0.55514	11.959	-0.86515	-0.80664	12.027	0	0
-0.47425	0.49099	10.516	-0.51385	1.2237	11.577	-0.46937	1.2148	12.265	0	0
-0.47425	0.49099	10.516	-0.45897	0.4671	12.308	-0.46937	1.2148	12.265	0	0
-0.96105	-0.55514	10.932	-0.86515	-0.80664	12.027	-0.37735	-0.30974	12.377	0	0
-0.86515	-0.80664	11.001	-0.68505	-0.91876	12.451	-0.37735	-0.30974	12.377	0	0
-0.68505	-0.91876	11.424	-0.37735	-0.30974	12.377	-0.6718	-0.79579	12.916	0	0
-0.37735	-0.30974	11.351	-0.45897	0.4671	12.308	-0.45517	0.47934	13.071	0	0
-0.37735	-0.30974	11.351	-0.6718	-0.79579	12.916	-0.38811	-0.35657	12.961	0	0
-0.37735	-0.30974	11.351	-0.38811	-0.35657	12.961	-0.45517	0.47934	13.071	0	0
-0.45897	0.4671	11.282	-0.46937	1.2148	12.265	-0.3675	1.1734	13.003	0	0
-0.45897	0.4671	11.282	-0.45517	0.47934	13.071	-0.3675	1.1734	13.003	0	0
-0.6718	-0.79579	11.89	-0.38811	-0.35657	12.961	-0.42152	-0.31249	13.655	0	0
-0.6718	-0.79579	11.89	-0.42152	-0.31249	13.655	-0.48425	-0.71459	13.816	0	0
-0.38811	-0.35657	11.934	-0.45517	0.47934	13.071	-0.42152	-0.31249	13.655	0	0
-0.46937	1.2148	11.239	0.3201	1.1734	12.319	0.44915	1.7967	12.608	0	0
-0.46937	1.2148	11.239	-0.3675	1.1734	13.003	0.27305	1.7982	12.942	0	0
-0.46937	1.2148	11.239	0.44915	1.7967	12.608	0.27305	1.7982	12.942	0	0
-0.45517	0.47934	12.045	-0.3675	1.1734	13.003	-0.41085	1.0843	13.778	0	0
-0.45517	0.47934	12.045	-0.42152	-0.31249	13.655	-0.4279	0.48226	13.809	0	0
-0.45517	0.47934	12.045	-0.4279	0.48226	13.809	-0.41085	1.0843	13.778	0	0
-0.3675	1.1734	11.976	0.27305	1.7982	12.942	0.2212	1.1343	13.055	0	0
-0.42152	-0.31249	12.628	-0.48425	-0.71459	13.816	-0.34132	-0.30249	14.365	0	0
-0.42152	-0.31249	12.628	-0.4279	0.48226	13.809	-0.34132	-0.30249	14.365	0	0
-0.48425	-0.71459	12.79	-0.34132	-0.30249	14.365	-0.3805	-0.66844	14.533	0	0
-0.4279	0.48226	12.782	-0.34132	-0.30249	14.365	-0.45917	0.47431	14.571	0	0
-0.4279	0.48226	12.782	-0.41085	1.0843	13.778	-0.43095	1.0746	14.544	0	0
-0.4279	0.48226	12.782	-0.45917	0.47431	14.571	-0.43095	1.0746	14.544	0	0
-0.34132	-0.30249	13.339	-0.3805	-0.66844	14.533	-0.88565	-0.52164	15.158	0	0
-0.34132	-0.30249	13.339	-0.45917	0.47431	14.571	-0.88565	-0.52164	15.158	0	0
-0.3805	-0.66844	13.506	-0.45015	-0.71134	15.077	-0.88565	-0.52164	15.158	0	0
-0.45917	0.47431	13.544	-0.88565	-0.52164	15.158	-0.42075	0.48256	15.058	0	0
-0.45917	0.47431	13.544	-0.43095	1.0746	14.544	-0.42075	0.48256	15.058	0	0
-0.45015	-0.71134	14.05	-0.88565	-0.52164	15.158	-0.96415	-0.59844	15.237	0	0
-0.45015	-0.71134	14.05	-0.96415	-0.59844	15.237	-0.41911	-0.86022	15.823	0	0
-0.88565	-0.52164	14.132	-0.96415	-0.59844	15.237	-0.9813	-0.23194	15.939	0	0
-0.88565	-0.52164	14.132	-0.42075	0.48256	15.058	-0.9813	-0.23194	15.939	0	0
-0.36742	-0.36009	14.155	-0.42075	0.48256	15.058	0.16885	0.67156	15.048	0	0
-0.96415	-0.59844	14.211	-0.41911	-0.86022	15.823	-0.88385	-0.74594	16.35	0	0
-0.96415	-0.59844	14.211	-0.88385	-0.74594	16.35	-0.9813	-0.23194	15.939	0	0
-0.43095	1.0746	13.518	-0.42075	0.48256	15.058	-0.24235	1.0866	15.056	0	0
-0.42075	0.48256	14.032	0.16885	0.67156	15.048	-0.24235	1.0866	15.056	0	0
-0.42075	0.48256	14.032	-0.2845	1.1115	15.833	-0.41087	0.47619	15.805	0	0
-0.42075	0.48256	14.032	-0.41087	0.47619	15.805	-0.9813	-0.23194	15.939	0	0
0.16885	0.67156	14.021	-0.24235	1.0866	15.056	0.038752	1.0985	14.99	0	0
-0.2845	1.1115	14.806	0.086652	1.0978	15.893	-0.40285	1.0613	16.442	0	0
-0.2845	1.1115	14.806	-0.41087	0.47619	15.805	-0.40285	1.0613	16.442	0	0
0.15923	0.66041	14.794	0.086652	1.0978	15.893	0.19095	0.60506	16.561	0	0
0.086652	1.0978	14.867	-0.40285	1.0613	16.442	0.098052	1.2044	16.563	0	0
0.086652	1.0978	14.867	0.098052	1.2044	16.563	0.19095	0.60506	16.561	0	0
-0.41087	0.47619	14.779	-0.33885	0.3976	16.548	-0.40285	1.0613	16.442	0	0
-0.41087	0.47619	14.779	-0.33885	0.3976	16.548	-0.9813	-0.23194	15.939	0	0
-0.41911	-0.86022	14.797	-0.88385	-0.74594	16.35	-0.40575	-0.89959	16.375	0	0
0.0025521	-0.12704	15.073	-0.3584	-0.28179	16.533	-0.13335	-0.68374	16.621	0	0
0.0025521	-0.12704	15.073	-0.3584	-0.28179	16.533	-0.33885	0.3976	16.548	0	0
0.0025521	-0.12704	15.073	-0.13335	-0.68374	16.621	0.14772	-0.31664	17.336	0	0
0.0025521	-0.12704	15.073	-0.33885	0.3976	16.548	0.19095	0.60506	16.561	0	0
0.0025521	-0.12704	15.073	0.19095	0.60506	16.561	0.14772	-0.31664	17.336	0	0
-0.88385	-0.74594	15.324	-0.40575	-0.89959	16.375	-0.62545	-0.83467	17.168	0	0
-0.88385	-0.74594	15.324	-0.3584	-0.28179	16.533	-0.97425	-0.35344	16.392	0	0
-0.88385	-0.74594	15.324	-0.62545	-0.83467	17.168	-0.8889	-0.31899	17.315	0	0
-0.88385	-0.74594	15.324	-0.9813	-0.23194	15.939	-0.97425	-0.35344	16.392	0	0
-0.40575	-0.89959	15.348	-0.13335	-0.68374	16.621	-0.62545	-0.83467	17.168	0	0
-0.3584	-0.28179	15.506	-0.13335	-0.68374	16.621	-0.62545	-0.83467	17.168	0	0
-0.3584	-0.28179	15.506	-0.33885	0.3976	16.548	-0.97425	-0.35344	16.392	0	0
-0.3584	-0.28179	15.506	-0.62545	-0.83467	17.168	-0.42971	-0.24287	17.25	0	0
-0.13335	-0.68374	15.594	0.14772	-0.31664	17.336	0.13693	-0.69866	17.265	0	0
-0.33885	0.3976	15.521	-0.40285	1.0613	16.442	-0.38725	0.43935	17.265	0	0
-0.33885	0.3976	15.521	-0.42971	-0.24287	17.25	-0.38725	0.43935	17.265	0	0
-0.33885	0.3976	15.521	-0.9813	-0.23194	15.939	-0.97425	-0.35344	16.392	0	0
-0.40285	1.0613	15.416	0.098052	1.2044	16.563	-0.15665	1.2386	17.304	0	0
-0.40285	1.0613	15.416	-0.38725	0.43935	17.265	-0.15665	1.2386	17.304	0	0
0.098052	1.2044	15.537	0.19095	0.60506	16.561	0.2491	0.60551	17.313	0	0
0.098052	1.2044	15.537	0.2491	0.60551	17.313	0.062652	1.2484	17.309	0	0
0.098052	1.2044	15.537	-0.15665	1.2386	17.304	0.062652	1.2484	17.309	0	0
-0.62545	-0.83467	16.142	-0.8889	-0.31899	17.315	-0.29075	-0.65094	18.07	0	0
-0.62545	-0.83467	16.142	-0.29075	-0.65094	18.07	0.13693	-0.69866	17.265	0	0
-0.42971	-0.24287	16.224	-0.38725	0.43935	17.265	-0.62165	0.4732	17.91	0	0
-0.42971	-0.24287	16.224	-0.55715	-0.25834	18.062	-0.62165	0.4732	17.91	0	0
-0.42971	-0.24287	16.224	-0.55715	-0.25834	18.062	-0.29075	-0.65094	18.07	0	0
-0.38725	0.43935	16.239	0.2491	0.60551	17.313	-0.15665	1.2386	17.304	0	0
-0.38725	0.43935	16.239	-0.62165	0.4732	17.91	-0.38205	1.0578	18.07	0	0
0.19095	0.60506	15.535	0.2491	0.60551	17.313	0.14772	-0.31664	17.336	0	0
-0.8889	-0.31899	16.288	-0.9936	0.070962	17.954	-0.34635	-0.56554	18.285	0	0
-0.8889	-0.31899	16.288	-0.29075	-0.65094	18.07	-0.34635	-0.56554	18.285	0	0
0.2491	0.60551	16.286	0.062652	1.2484	17.309	0.10355	1.2579	18.077	0	0
0.2491	0.60551	16.286	0.10355	1.2579	18.077	0.21259	0.4143	18.048	0	0
0.2491	0.60551	16.286	0.21259	0.4143	18.048	0.14772	-0.31664	17.336	0	0
-0.15665	1.2386	16.278	0.062652	1.2484	17.309	-0.073448	1.5697	17.597	0	0
0.062652	1.2484	16.282	-0.073448	1.5697	17.597	0.10355	1.2579	18.077	0	0
-0.9936	0.070962	16.928	-0.55715	-0.25834	18.062	-0.62165	0.4732	17.91	0	0
-0.9936	0.070962	16.928	-0.62165	0.4732	17.91	-0.57545	0.52846	18.614	0	0
-0.073448	1.5697	16.57	0.10355	1.2579	18.077	-0.23995	1.5602	18.699	0	0
-0.62165	0.4732	16.884	-0.38205	1.0578	18.07	-0.57545	0.52846	18.614	0	0
-0.38205	1.0578	17.044	-0.57545	0.52846	18.614	-0.45155	1.1916	18.521	0	0
0.10355	1.2579	17.05	0.21259	0.4143	18.048	0.16085	1.0296	18.564	0	0
0.10355	1.2579	17.05	-0.23995	1.5602	18.699	0.16085	1.0296	18.564	0	0
0.022952	-0.076438	17.013	0.21259	0.4143	18.048	0.14772	-0.31664	17.336	0	0
0.022952	-0.076438	17.013	0.21259	0.4143	18.048	0.083602	0.26871	18.527	0	0
0.022952	-0.076438	17.013	-0.29075	-0.65094	18.07	-0.34635	-0.56554	18.285	0	0
0.022952	-0.076438	17.013	-0.29075	-0.65094	18.07	0.14772	-0.31664	17.336	0	0
0.022952	-0.076438	17.013	-0.34635	-0.56554	18.285	-0.33482	-0.38494	18.527	0	0
0.022952	-0.076438	17.013	-0.33482	-0.38494	18.527	0.083602	0.26871	18.527	0	0
0.21259	0.4143	17.022	0.083602	0.26871	18.527	0.16085	1.0296	18.564	0	0
-0.29075	-0.65094	17.044	0.14772	-0.31664	17.336	0.13693	-0.69866	17.265	0	0
-0.34635	-0.56554	17.259	-0.33482	-0.38494	18.527	-0.30967	-0.65984	19.43	0	0
-0.33482	-0.38494	17.501	0.083602	0.26871	18.527	-0.3333	-0.25534	19.303	0	0
-0.33482	-0.38494	17.501	-0.3333	-0.25534	19.303	-0.30967	-0.65984	19.43	0	0
0.083602	0.26871	17.501	0.16085	1.0296	18.564	0.012912	0.41294	19.344	0	0
0.083602	0.26871	17.501	-0.3333	-0.25534	19.303	0.012912	0.41294	19.344	0	0
-0.57545	0.52846	17.588	-0.45155	1.1916	18.521	-0.46765	1.1308	19.26	0	0
-0.57545	0.52846	17.588	-0.3333	-0.25534	19.303	-0.70147	0.45576	19.303	0	0
-0.57545	0.52846	17.588	-0.70147	0.45576	19.303	-0.46765	1.1308	19.26	0	0
-0.45155	1.1916	17.494	-0.23995	1.5602	18.699	-0.46765	1.1308	19.26	0	0
-0.23995	1.5602	17.673	0.16085	1.0296	18.564	0.26243	1.0638	19.343	0	0
-0.23995	1.5602	17.673	-0.46765	1.1308	19.26	-0.2114	1.6082	19.361	0	0
-0.23995	1.5602	17.673	0.26243	1.0638	19.343	-0.015798	1.6102	19.449	0	0
-0.23995	1.5602	17.673	-0.2114	1.6082	19.361	-0.015798	1.6102	19.449	0	0
0.16085	1.0296	17.538	0.012912	0.41294	19.344	0.26243	1.0638	19.343	0	0
-0.3333	-0.25534	18.277	-0.30967	-0.65984	19.43	-0.35305	-0.28614	20.053	0	0
-0.3333	-0.25534	18.277	-0.70147	0.45576	19.303	-0.70195	0.43951	20.061	0	0
-0.3333	-0.25534	18.277	0.012912	0.41294	19.344	-0.35305	-0.28614	20.053	0	0
-0.3333	-0.25534	18.277	-0.70195	0.43951	20.061	-0.10255	0.48991	20.051	0	0
-0.30967	-0.65984	18.403	-0.35305	-0.28614	20.053	-0.2813	-0.69894	20.021	0	0
-0.70147	0.45576	18.277	-0.46765	1.1308	19.26	-0.501	1.2706	20.018	0	0
-0.70147	0.45576	18.277	-0.70195	0.43951	20.061	-0.501	1.2706	20.018	0	0
-0.46765	1.1308	18.234	-0.2114	1.6082	19.361	-0.501	1.2706	20.018	0	0
0.012912	0.41294	18.317	0.26243	1.0638	19.343	0.28835	1.1383	19.911	0	0
0.012912	0.41294	18.317	-0.35305	-0.28614	20.053	-0.10255	0.48991	20.051	0	0
0.012912	0.41294	18.317	-0.10255	0.48991	20.051	0.28835	1.1383	19.911	0	0
0.26243	1.0638	18.316	-0.015798	1.6102	19.449	0.28835	1.1383	19.911	0	0
-0.2114	1.6082	18.335	-0.015798	1.6102	19.449	-0.26135	1.6477	20.091	0	0
-0.2114	1.6082	18.335	-0.501	1.2706	20.018	-0.26135	1.6477	20.091	0	0
-0.015798	1.6102	18.423	0.045752	1.7212	20.087	-0.26135	1.6477	20.091	0	0
-0.015798	1.6102	18.423	0.045752	1.7212	20.087	0.28835	1.1383	19.911	0	0
-0.70195	0.43951	19.035	-0.501	1.2706	20.018	-0.44551	1.2559	20.727	0	0
-0.70195	0.43951	19.035	-0.48658	0.37955	20.803	-0.44551	1.2559	20.727	0	0
-0.70195	0.43951	19.035	-0.48658	0.37955	20.803	-1.3729	0.25606	21.372	0	0
-0.35305	-0.28614	19.026	-0.2813	-0.69894	20.021	-0.30075	-0.65276	20.777	0	0
-0.35305	-0.28614	19.026	-0.10255	0.48991	20.051	-0.38382	-0.26259	20.793	0	0
-0.35305	-0.28614	19.026	-0.30075	-0.65276	20.777	-0.38382	-0.26259	20.793	0	0
-0.10255	0.48991	19.024	0.28835	1.1383	19.911	0.051352	0.73821	20.576	0	0
-0.10255	0.48991	19.024	-0.38382	-0.26259	20.793	0.051352	0.73821	20.576	0	0
-0.501	1.2706	18.992	-0.26135	1.6477	20.091	-0.44551	1.2559	20.727	0	0
0.045752	1.7212	19.061	-0.26135	1.6477	20.091	-0.44551	1.2559	20.727	0	0
0.045752	1.7212	19.061	0.28835	1.1383	19.911	0.58715	1.316	20.14	0	0
0.045752	1.7212	19.061	-0.44551	1.2559	20.727	0.34502	1.172	20.878	0	0
0.045752	1.7212	19.061	0.58715	1.316	20.14	0.34502	1.172	20.878	0	0
0.28835	1.1383	18.885	0.58715	1.316	20.14	0.051352	0.73821	20.576	0	0
-0.30075	-0.65276	19.751	-0.38382	-0.26259	20.793	-0.423	-0.26574	21.556	0	0
-0.30075	-0.65276	19.751	-0.3939	-0.77024	21.538	-0.423	-0.26574	21.556	0	0
-0.38382	-0.26259	19.767	0.051352	0.73821	20.576	0.2381	0.44926	21.314	0	0
-0.38382	-0.26259	19.767	-0.423	-0.26574	21.556	0.2381	0.44926	21.314	0	0
-0.48658	0.37955	19.777	-0.44551	1.2559	20.727	-0.54335	1.2539	21.341	0	0
-0.48658	0.37955	19.777	-0.39635	0.5562	21.475	0.2381	0.44926	21.314	0	0
-0.48658	0.37955	19.777	-0.39635	0.5562	21.475	-1.3729	0.25606	21.372	0	0
-0.44551	1.2559	19.701	0.34502	1.172	20.878	-0.54335	1.2539	21.341	0	0
0.58715	1.316	19.114	0.051352	0.73821	20.576	0.656	1.2231	20.593	0	0
0.051352	0.73821	19.55	0.34502	1.172	20.878	0.656	1.2231	20.593	0	0
0.051352	0.73821	19.55	0.34502	1.172	20.878	0.2381	0.44926	21.314	0	0
-0.3939	-0.77024	20.511	-0.423	-0.26574	21.556	-0.59085	-0.65714	22.028	0	0
0.34502	1.172	19.851	-0.54335	1.2539	21.341	0.95315	1.598	21.969	0	0
0.34502	1.172	19.851	0.656	1.2231	20.593	0.85285	1.191	21.302	0	0
0.34502	1.172	19.851	0.3645	0.98856	21.495	0.85285	1.191	21.302	0	0
0.34502	1.172	19.851	0.3645	0.98856	21.495	0.2381	0.44926	21.314	0	0
-0.54335	1.2539	20.315	-0.25505	1.1246	22.068	0.95315	1.598	21.969	0	0
0.3645	0.98856	20.468	0.19025	1.0859	22.049	0.21475	0.67251	22.012	0	0
0.3645	0.98856	20.468	0.19025	1.0859	22.049	0.95315	1.598	21.969	0	0
0.3645	0.98856	20.468	0.85285	1.191	21.302	0.95315	1.598	21.969	0	0
0.3645	0.98856	20.468	0.21475	0.67251	22.012	0.2381	0.44926	21.314	0	0
-0.39635	0.5562	20.449	-0.423	-0.26574	21.556	-0.415	0.47006	22.041	0	0
-0.39635	0.5562	20.449	-0.423	-0.26574	21.556	-1.105	-0.074787	21.691	0	0
-0.39635	0.5562	20.449	-0.415	0.47006	22.041	0.2381	0.44926	21.314	0	0
-0.39635	0.5562	20.449	-1.105	-0.074787	21.691	-1.3729	0.25606	21.372	0	0
-0.423	-0.26574	20.53	-0.415	0.47006	22.041	-0.35988	-0.3019	22.122	0	0
-0.423	-0.26574	20.53	-0.59085	-0.65714	22.028	-1.105	-0.074787	21.691	0	0
-0.423	-0.26574	20.53	-0.35988	-0.3019	22.122	0.3372	-0.36624	22.18	0	0
-0.423	-0.26574	20.53	0.2381	0.44926	21.314	0.3372	-0.36624	22.18	0	0
-0.415	0.47006	21.015	-0.35988	-0.3019	22.122	-0.47126	0.4628	22.806	0	0
-0.415	0.47006	21.015	-0.25505	1.1246	22.068	0.21475	0.67251	22.012	0	0
-0.415	0.47006	21.015	-0.25505	1.1246	22.068	-0.26585	1.0335	22.716	0	0
-0.415	0.47006	21.015	0.21475	0.67251	22.012	0.2381	0.44926	21.314	0	0
-0.415	0.47006	21.015	-0.47126	0.4628	22.806	-0.26585	1.0335	22.716	0	0
-0.59085	-0.65714	21.002	-0.35988	-0.3019	22.122	-0.6199	-0.31859	22.825	0	0
-0.59085	-0.65714	21.002	-1.105	-0.074787	21.691	-1.1567	-0.12344	22.002	0	0
-0.59085	-0.65714	21.002	-1.1567	-0.12344	22.002	-1.1862	-0.4681	22.686	0	0
-0.59085	-0.65714	21.002	-0.6199	-0.31859	22.825	-1.1862	-0.4681	22.686	0	0
-0.35988	-0.3019	21.095	-0.56622	-0.76911	22.772	0.154	-0.21294	22.793	0	0
-0.35988	-0.3019	21.095	-0.47126	0.4628	22.806	-0.6199	-0.31859	22.825	0	0
-0.35988	-0.3019	21.095	0.154	-0.21294	22.793	0.3372	-0.36624	22.18	0	0
-0.25505	1.1246	21.041	0.19025	1.0859	22.049	0.21475	0.67251	22.012	0	0
-0.25505	1.1246	21.041	0.19025	1.0859	22.049	0.011352	1.0912	22.825	0	0
-0.25505	1.1246	21.041	-0.26585	1.0335	22.716	0.011352	1.0912	22.825	0	0
0.19025	1.0859	21.022	0.95315	1.598	21.969	0.011352	1.0912	22.825	0	0
0.85285	1.191	20.275	0.2381	0.44926	21.314	0.65595	-0.22354	22.245	0	0
-0.56622	-0.76911	21.746	-0.61585	-0.67474	23.591	-0.6199	-0.31859	22.825	0	0
-0.56622	-0.76911	21.746	-0.61585	-0.67474	23.591	-1.0935	-0.92016	22.872	0	0
-0.56622	-0.76911	21.746	-0.6199	-0.31859	22.825	-1.1862	-0.4681	22.686	0	0
-0.56622	-0.76911	21.746	-1.1862	-0.4681	22.686	-1.0935	-0.92016	22.872	0	0
-0.56622	-0.76911	21.746	0.154	-0.21294	22.793	0.3931	-0.63109	22.812	0	0
-0.47126	0.4628	21.78	-0.26585	1.0335	22.716	-0.45125	0.44716	23.551	0	0
-0.47126	0.4628	21.78	-0.6199	-0.31859	22.825	-0.45125	0.44716	23.551	0	0
-0.26585	1.0335	21.69	0.011352	1.0912	22.825	-0.19085	1.1827	23.58	0	0
-0.26585	1.0335	21.69	-0.45125	0.44716	23.551	-0.19085	1.1827	23.58	0	0
-0.61585	-0.67474	22.565	0.059185	-0.32804	23.606	-0.69795	-0.32734	23.565	0	0
-0.61585	-0.67474	22.565	0.059185	-0.32804	23.606	0.34065	-0.69554	23.591	0	0
-0.61585	-0.67474	22.565	-0.6199	-0.31859	22.825	-0.69795	-0.32734	23.565	0	0
-0.61585	-0.67474	22.565	-1.0935	-0.92016	22.872	-1.2522	-1.1001	23.588	0	0
-0.61585	-0.67474	22.565	-1.2522	-1.1001	23.588	-0.88495	-0.79124	24.23	0	0
-0.61585	-0.67474	22.565	-0.65755	-0.88027	24.238	-0.88495	-0.79124	24.23	0	0
-0.61585	-0.67474	22.565	-0.65755	-0.88027	24.238	0.20085	-0.77226	24.295	0	0
-0.61585	-0.67474	22.565	0.20085	-0.77226	24.295	0.34065	-0.69554	23.591	0	0
0.059185	-0.32804	22.58	0.2188	0.55101	23.55	-0.45125	0.44716	23.551	0	0
0.059185	-0.32804	22.58	0.2188	0.55101	23.55	0.25115	-0.20677	24.211	0	0
0.059185	-0.32804	22.58	-0.45125	0.44716	23.551	-0.56201	-0.20524	24.273	0	0
0.059185	-0.32804	22.58	-0.56201	-0.20524	24.273	0.20085	-0.77226	24.295	0	0
0.059185	-0.32804	22.58	0.20085	-0.77226	24.295	0.25115	-0.20677	24.211	0	0
0.059185	-0.32804	22.58	0.34065	-0.69554	23.591	0.3931	-0.63109	22.812	0	0
0.011352	1.0912	21.799	0.036752	1.1831	23.557	-0.19085	1.1827	23.58	0	0
0.2381	0.44926	20.288	0.3372	-0.36624	22.18	0.65595	-0.22354	22.245	0	0
-1.105	-0.074787	20.664	-1.1567	-0.12344	22.002	-1.5789	-0.13094	22.108	0	0
-1.105	-0.074787	20.664	-1.3729	0.25606	21.372	-1.5789	-0.13094	22.108	0	0
-1.1567	-0.12344	20.976	-1.1862	-0.4681	22.686	-1.5789	-0.13094	22.108	0	0
0.2188	0.55101	22.524	0.036752	1.1831	23.557	0.35425	0.57406	24.307	0	0
0.2188	0.55101	22.524	0.35425	0.57406	24.307	0.25115	-0.20677	24.211	0	0
0.2188	0.55101	22.524	0.84775	-0.62624	23.106	0.88052	-0.3274	22.704	0	0
-0.6199	-0.31859	21.799	-0.69795	-0.32734	23.565	-0.45125	0.44716	23.551	0	0
-1.1862	-0.4681	21.66	-1.0935	-0.92016	22.872	-1.7044	-0.7402	22.887	0	0
-1.1862	-0.4681	21.66	-1.5789	-0.13094	22.108	-1.7044	-0.7402	22.887	0	0
-1.0935	-0.92016	21.846	-1.2522	-1.1001	23.588	-1.7044	-0.7402	22.887	0	0
-0.69795	-0.32734	22.539	-0.45125	0.44716	23.551	-0.9193	-0.076787	24.143	0	0
-0.69795	-0.32734	22.539	-0.88495	-0.79124	24.23	-0.9193	-0.076787	24.143	0	0
-0.45125	0.44716	22.525	-0.19085	1.1827	23.58	-0.48988	0.57153	24.206	0	0
-0.45125	0.44716	22.525	-0.48988	0.57153	24.206	-0.9193	-0.076787	24.143	0	0
0.036752	1.1831	22.53	-0.19085	1.1827	23.58	-0.070648	1.5571	24.502	0	0
0.036752	1.1831	22.53	0.35425	0.57406	24.307	0.092302	1.2865	24.319	0	0
0.036752	1.1831	22.53	0.092302	1.2865	24.319	-0.070648	1.5571	24.502	0	0
-1.2522	-1.1001	22.562	-0.88495	-0.79124	24.23	-1.895	-1.1264	23.905	0	0
-1.2522	-1.1001	22.562	-1.7044	-0.7402	22.887	-1.8615	-0.94627	23.51	0	0
-1.2522	-1.1001	22.562	-1.8615	-0.94627	23.51	-1.895	-1.1264	23.905	0	0
-0.65755	-0.88027	23.212	-0.88495	-0.79124	24.23	-0.56235	-0.98259	24.845	0	0
-0.65755	-0.88027	23.212	-0.56235	-0.98259	24.845	0.20085	-0.77226	24.295	0	0
-0.88495	-0.79124	23.204	-0.56235	-0.98259	24.845	-0.90285	-0.61954	24.875	0	0
-0.88495	-0.79124	23.204	-0.90285	-0.61954	24.875	-1.895	-1.1264	23.905	0	0
-0.88495	-0.79124	23.204	-0.9193	-0.076787	24.143	-0.9921	-0.30204	24.834	0	0
-0.19085	1.1827	22.553	-0.48988	0.57153	24.206	-0.22925	1.1973	24.317	0	0
-0.19085	1.1827	22.553	-0.22925	1.1973	24.317	-0.070648	1.5571	24.502	0	0
0.35425	0.57406	23.28	0.092302	1.2865	24.319	0.19245	1.2739	25.036	0	0
0.35425	0.57406	23.28	0.19245	1.2739	25.036	0.66172	0.44816	24.975	0	0
0.35425	0.57406	23.28	0.25115	-0.20677	24.211	0.6572	-0.24529	24.815	0	0
0.35425	0.57406	23.28	0.66172	0.44816	24.975	0.6572	-0.24529	24.815	0	0
-0.56201	-0.20524	23.247	-0.48988	0.57153	24.206	0.17749	-0.20924	24.888	0	0
-0.56201	-0.20524	23.247	-0.60445	-0.36564	25.114	-0.89945	0.26706	24.422	0	0
-0.56201	-0.20524	23.247	0.20085	-0.77226	24.295	0.17749	-0.20924	24.888	0	0
-0.48988	0.57153	23.179	-0.22925	1.1973	24.317	-0.44528	1.1017	24.921	0	0
-0.48988	0.57153	23.179	-0.4588	0.81476	25.072	-0.44528	1.1017	24.921	0	0
-0.48988	0.57153	23.179	-0.4588	0.81476	25.072	-0.89945	0.26706	24.422	0	0
-0.48988	0.57153	23.179	-0.9193	-0.076787	24.143	-0.89945	0.26706	24.422	0	0
-0.48988	0.57153	23.179	0.23865	0.44446	25.084	0.17749	-0.20924	24.888	0	0
-0.56235	-0.98259	23.818	-0.90285	-0.61954	24.875	-0.60445	-0.36564	25.114	0	0
-0.56235	-0.98259	23.818	-0.60445	-0.36564	25.114	0.10852	-0.74714	24.903	0	0
-0.56235	-0.98259	23.818	0.20085	-0.77226	24.295	0.10852	-0.74714	24.903	0	0
-0.90285	-0.61954	23.848	-0.60445	-0.36564	25.114	-0.9921	-0.30204	24.834	0	0
0.092302	1.2865	23.292	-0.070648	1.5571	24.502	0.19245	1.2739	25.036	0	0
-0.22925	1.1973	23.291	-0.070648	1.5571	24.502	-0.44528	1.1017	24.921	0	0
-0.070648	1.5571	23.476	0.19245	1.2739	25.036	-0.018081	1.6022	25.037	0	0
-0.070648	1.5571	23.476	-0.018081	1.6022	25.037	-0.44528	1.1017	24.921	0	0
-0.60445	-0.36564	24.087	-0.42345	-0.73714	25.519	-0.62845	-0.29764	25.565	0	0
-0.60445	-0.36564	24.087	-0.62845	-0.29764	25.565	-0.89475	-0.064838	25.368	0	0
-0.60445	-0.36564	24.087	0.10852	-0.74714	24.903	0.17749	-0.20924	24.888	0	0
-0.60445	-0.36564	24.087	-0.4588	0.81476	25.072	-0.89945	0.26706	24.422	0	0
-0.60445	-0.36564	24.087	-0.9921	-0.30204	24.834	-0.89475	-0.064838	25.368	0	0
-0.60445	-0.36564	24.087	0.10345	0.32781	25.549	0.17749	-0.20924	24.888	0	0
-0.42345	-0.73714	24.492	-0.62845	-0.29764	25.565	-0.1227	-0.41594	26.058	0	0
-0.42345	-0.73714	24.492	0.10852	-0.74714	24.903	0.15392	-0.8914	25.526	0	0
-0.42345	-0.73714	24.492	-0.1227	-0.41594	26.058	0.15392	-0.8914	25.526	0	0
-0.62845	-0.29764	24.539	-0.89475	-0.064838	25.368	-0.53875	-0.15177	26.196	0	0
-0.62845	-0.29764	24.539	-0.4519	0.44011	25.569	-0.1227	-0.41594	26.058	0	0
-0.62845	-0.29764	24.539	-0.53875	-0.15177	26.196	-0.39071	-0.69007	26.436	0	0
0.20085	-0.77226	23.269	0.10852	-0.74714	24.903	0.6572	-0.24529	24.815	0	0
0.20085	-0.77226	23.269	0.25115	-0.20677	24.211	0.6572	-0.24529	24.815	0	0
0.20085	-0.77226	23.269	0.34065	-0.69554	23.591	0.77965	-0.91354	23.662	0	0
0.10852	-0.74714	23.876	0.17749	-0.20924	24.888	0.6572	-0.24529	24.815	0	0
-0.4588	0.81476	24.045	0.23865	0.44446	25.084	0.19245	1.2739	25.036	0	0
-0.4588	0.81476	24.045	0.23865	0.44446	25.084	-0.4519	0.44011	25.569	0	0
-0.4588	0.81476	24.045	0.19245	1.2739	25.036	-0.44528	1.1017	24.921	0	0
-0.4588	0.81476	24.045	-0.4519	0.44011	25.569	-0.5612	1.2395	25.561	0	0
-0.9193	-0.076787	23.116	-0.9921	-0.30204	24.834	-0.89945	0.26706	24.422	0	0
0.23865	0.44446	24.058	0.19245	1.2739	25.036	0.3303	1.0826	25.548	0	0
0.23865	0.44446	24.058	0.10345	0.32781	25.549	-0.4519	0.44011	25.569	0	0
0.23865	0.44446	24.058	0.10345	0.32781	25.549	0.81262	0.58566	25.648	0	0
0.23865	0.44446	24.058	0.17749	-0.20924	24.888	0.66172	0.44816	24.975	0	0
0.23865	0.44446	24.058	0.66172	0.44816	24.975	0.81262	0.58566	25.648	0	0
0.19245	1.2739	24.009	-0.018081	1.6022	25.037	0.075752	1.721	25.588	0	0
0.19245	1.2739	24.009	0.075752	1.721	25.588	0.3303	1.0826	25.548	0	0
0.19245	1.2739	24.009	0.66172	0.44816	24.975	0.81262	0.58566	25.648	0	0
-0.9921	-0.30204	23.807	-0.89475	-0.064838	25.368	-1.0342	0.36408	24.889	0	0
-0.9921	-0.30204	23.807	-0.89945	0.26706	24.422	-1.0342	0.36408	24.889	0	0
-0.89475	-0.064838	24.341	-0.53875	-0.15177	26.196	-1.1659	0.45924	25.541	0	0
-0.89475	-0.064838	24.341	-1.0342	0.36408	24.889	-1.1659	0.45924	25.541	0	0
-0.018081	1.6022	24.011	0.075752	1.721	25.588	-0.20965	1.5844	25.621	0	0
-0.018081	1.6022	24.011	-0.20965	1.5844	25.621	-0.5612	1.2395	25.561	0	0
-0.018081	1.6022	24.011	-0.44528	1.1017	24.921	-0.5612	1.2395	25.561	0	0
0.075752	1.721	24.562	-0.20965	1.5844	25.621	-0.44435	1.6571	26.418	0	0
0.075752	1.721	24.562	0.3303	1.0826	25.548	0.1939	1.1617	26.29	0	0
0.075752	1.721	24.562	-0.44435	1.6571	26.418	0.37085	2.2796	26.511	0	0
-0.20965	1.5844	24.595	-0.5612	1.2395	25.561	-0.44435	1.6571	26.418	0	0
0.10345	0.32781	24.523	-0.4519	0.44011	25.569	0.11317	0.45303	26.287	0	0
0.10345	0.32781	24.523	0.17749	-0.20924	24.888	0.26805	-0.25924	25.715	0	0
0.10345	0.32781	24.523	0.26805	-0.25924	25.715	0.11317	0.45303	26.287	0	0
-0.4519	0.44011	24.542	-0.53875	-0.15177	26.196	-1.1918	0.54756	26.238	0	0
-0.4519	0.44011	24.542	-0.5612	1.2395	25.561	-0.5522	1.2715	26.074	0	0
-0.4519	0.44011	24.542	-0.5522	1.2715	26.074	0.11317	0.45303	26.287	0	0
-0.53875	-0.15177	25.169	-0.39071	-0.69007	26.436	-0.1227	-0.41594	26.058	0	0
-0.53875	-0.15177	25.169	-0.1227	-0.41594	26.058	0.11317	0.45303	26.287	0	0
-0.53875	-0.15177	25.169	0.11317	0.45303	26.287	-1.171	0.66716	27.045	0	0
-0.53875	-0.15177	25.169	-1.1918	0.54756	26.238	-1.171	0.66716	27.045	0	0
-0.44528	1.1017	23.895	-0.5612	1.2395	25.561	-1.0336	0.96496	25.703	0	0
-0.44528	1.1017	23.895	-0.89945	0.26706	24.422	-1.0342	0.36408	24.889	0	0
-0.44528	1.1017	23.895	-1.0342	0.36408	24.889	-1.0336	0.96496	25.703	0	0
-0.5612	1.2395	24.535	-0.5522	1.2715	26.074	-1.0336	0.96496	25.703	0	0
0.3303	1.0826	24.521	0.1939	1.1617	26.29	0.81262	0.58566	25.648	0	0
-0.5522	1.2715	25.047	-0.44435	1.6571	26.418	0.1939	1.1617	26.29	0	0
-0.5522	1.2715	25.047	-0.44435	1.6571	26.418	-1.0762	1.135	26.383	0	0
-0.5522	1.2715	25.047	0.11317	0.45303	26.287	0.1939	1.1617	26.29	0	0
-0.5522	1.2715	25.047	-1.0336	0.96496	25.703	-1.0762	1.135	26.383	0	0
-0.44435	1.6571	25.392	0.1939	1.1617	26.29	0.2694	1.8699	26.383	0	0
-0.44435	1.6571	25.392	0.2694	1.8699	26.383	-0.44275	1.8337	27.102	0	0
-0.44435	1.6571	25.392	-0.44275	1.8337	27.102	-1.1561	1.2942	27.092	0	0
-0.44435	1.6571	25.392	-1.1561	1.2942	27.092	-1.0762	1.135	26.383	0	0
-0.1227	-0.41594	25.032	0.15392	-0.8914	25.526	0.26805	-0.25924	25.715	0	0
-0.1227	-0.41594	25.032	0.26805	-0.25924	25.715	0.11317	0.45303	26.287	0	0
0.34065	-0.69554	22.564	0.77965	-0.91354	23.662	0.84775	-0.62624	23.106	0	0
0.34065	-0.69554	22.564	0.3931	-0.63109	22.812	0.84775	-0.62624	23.106	0	0
0.17749	-0.20924	23.862	0.15392	-0.8914	25.526	0.26805	-0.25924	25.715	0	0
0.17749	-0.20924	23.862	0.66172	0.44816	24.975	0.6572	-0.24529	24.815	0	0
0.154	-0.21294	21.767	0.3931	-0.63109	22.812	0.3372	-0.36624	22.18	0	0
0.11317	0.45303	25.26	0.1939	1.1617	26.29	0.72342	1.0219	26.401	0	0
0.11317	0.45303	25.26	-1.171	0.66716	27.045	-0.29025	1.3411	27.202	0	0
0.11317	0.45303	25.26	-0.29025	1.3411	27.202	0.8639	0.62481	26.575	0	0
0.11317	0.45303	25.26	0.72342	1.0219	26.401	0.8639	0.62481	26.575	0	0
0.1939	1.1617	25.264	0.2694	1.8699	26.383	0.72342	1.0219	26.401	0	0
0.2694	1.8699	25.357	0.37085	2.2796	26.511	0.30568	1.9962	27.098	0	0
0.2694	1.8699	25.357	0.37085	2.2796	26.511	0.72342	1.0219	26.401	0	0
0.2694	1.8699	25.357	-0.44275	1.8337	27.102	0.30568	1.9962	27.098	0	0
0.37085	2.2796	25.485	0.30568	1.9962	27.098	0.44235	2.2929	27.586	0	0
0.37085	2.2796	25.485	0.72342	1.0219	26.401	1.1543	1.0309	27.023	0	0
-1.1918	0.54756	25.212	-1.5835	0.40701	26.386	-1.1659	0.45924	25.541	0	0
-1.1918	0.54756	25.212	-1.5835	0.40701	26.386	-1.6032	0.93386	26.667	0	0
-1.1918	0.54756	25.212	-1.1659	0.45924	25.541	-1.0336	0.96496	25.703	0	0
-1.1918	0.54756	25.212	-1.6032	0.93386	26.667	-1.0762	1.135	26.383	0	0
-1.1918	0.54756	25.212	-1.0336	0.96496	25.703	-1.0762	1.135	26.383	0	0
-1.171	0.66716	26.019	-0.29025	1.3411	27.202	-1.1561	1.2942	27.092	0	0
-0.44275	1.8337	26.075	-0.40083	1.9232	27.751	0.10825	2.1963	27.576	0	0
-0.44275	1.8337	26.075	-0.40083	1.9232	27.751	-1.4209	1.5539	27.532	0	0
-0.44275	1.8337	26.075	0.30568	1.9962	27.098	0.10825	2.1963	27.576	0	0
-0.44275	1.8337	26.075	-1.1561	1.2942	27.092	-1.4209	1.5539	27.532	0	0
-0.29025	1.3411	26.176	-0.40083	1.9232	27.751	-1.3147	1.1609	27.813	0	0
-0.29025	1.3411	26.176	0.30568	1.9962	27.098	1.1543	1.0309	27.023	0	0
-0.29025	1.3411	26.176	-1.3147	1.1609	27.813	-1.1561	1.2942	27.092	0	0
-0.29025	1.3411	26.176	0.8639	0.62481	26.575	1.1543	1.0309	27.023	0	0
-0.40083	1.9232	26.724	-1.3147	1.1609	27.813	-0.71142	1.9394	28.343	0	0
-0.40083	1.9232	26.724	-0.71142	1.9394	28.343	0.11445	2.2429	28.089	0	0
-0.40083	1.9232	26.724	-1.2985	1.9022	28.368	-1.7246	2.1012	28.149	0	0
-0.40083	1.9232	26.724	0.10825	2.1963	27.576	0.11445	2.2429	28.089	0	0
-0.40083	1.9232	26.724	-1.4209	1.5539	27.532	-1.6492	1.7615	27.739	0	0
-0.40083	1.9232	26.724	-1.7246	2.1012	28.149	-1.6492	1.7615	27.739	0	0
0.30568	1.9962	26.072	0.10825	2.1963	27.576	0.44235	2.2929	27.586	0	0
-1.3147	1.1609	26.787	-0.71142	1.9394	28.343	-1.2985	1.9022	28.368	0	0
-1.3147	1.1609	26.787	-1.2985	1.9022	28.368	-1.7044	1.4623	28.538	0	0
-0.71142	1.9394	27.317	-1.2985	1.9022	28.368	-1.1185	2.4661	28.989	0	0
-0.71142	1.9394	27.317	0.11445	2.2429	28.089	-0.72875	2.4381	29.56	0	0
-0.71142	1.9394	27.317	-1.1185	2.4661	28.989	-0.72875	2.4381	29.56	0	0
-1.2985	1.9022	27.342	-1.7246	2.1012	28.149	-1.7316	2.4308	28.501	0	0
-1.2985	1.9022	27.342	-1.7316	2.4308	28.501	-1.1185	2.4661	28.989	0	0
0.3931	-0.63109	21.785	0.3372	-0.36624	22.18	0.65595	-0.22354	22.245	0	0
0.3931	-0.63109	21.785	0.84775	-0.62624	23.106	0.88052	-0.3274	22.704	0	0
0.3931	-0.63109	21.785	0.65595	-0.22354	22.245	0.88052	-0.3274	22.704	0	0
0.72342	1.0219	25.375	0.8639	0.62481	26.575	1.1543	1.0309	27.023	0	0
-1.0342	0.36408	23.863	-1.1659	0.45924	25.541	-1.0336	0.96496	25.703	0	0
-1.1561	1.2942	26.066	-1.4209	1.5539	27.532	-1.7671	1.1124	26.986	0	0
-1.1561	1.2942	26.066	-1.6032	0.93386	26.667	-1.7671	1.1124	26.986	0	0
-1.1561	1.2942	26.066	-1.6032	0.93386	26.667	-1.0762	1.135	26.383	0	0
0.10825	2.1963	26.55	0.44235	2.2929	27.586	0.11445	2.2429	28.089	0	0
-1.4209	1.5539	26.505	-1.7671	1.1124	26.986	-1.6492	1.7615	27.739	0	0
-1.7316	2.4308	27.475	-1.1185	2.4661	28.989	-1.7713	2.7764	28.897	0	0
-1.1185	2.4661	27.962	-1.7713	2.7764	28.897	-1.6864	2.9906	29.15	0	0
-1.1185	2.4661	27.962	-0.72875	2.4381	29.56	-1.1639	2.6667	29.562	0	0
-1.1185	2.4661	27.962	-1.1639	2.6667	29.562	-1.6864	2.9906	29.15	0	0
-1.1639	2.6667	28.535	-1.6947	2.9989	29.58	-1.6864	2.9906	29.15	0	0
-2.5015236363424	10.7293798205736	14.4714434962711	-3.43427511672494	14.3194491101167	15.5251572772022	-0.397455745988318	10.4026523168023	16.3544485008543	1	1
-3.43427511672494	14.3194491101167	15.5251572772022	-4.71691231496154	19.256194333106	16.9741311144374	-1.5806825701059	13.4201411238676	16.6349015695127	1	1
-4.71691231496154	19.256194333106	16.9741311144374	-5.56779506666021	22.5311588870325	17.9353591588611	-4.04879559624671	18.7495987339244	19.0442034704345	1	1
-5.56779506666021	22.5311588870325	17.9353591588611	-7.10186053049806	28.4356269320621	19.6683673117224	-5.55631500270733	22.9237779134138	18.6329373396087	1	1
-0.397455745988318	10.4026523168023	16.3544485008543	0.209702716749256	2.27347275517645	11.9103287050781	-2.5015236363424	10.7293798205736	14.4714434962711	1	1
-1.5806825701059	13.4201411238676	16.6349015695127	-0.397455745988318	10.4026523168023	16.3544485008543	-3.43427511672494	14.3194491101167	15.5251572772022	1	1
-4.04879559624671	18.7495987339244	19.0442034704345	-1.5806825701059	13.4201411238676	16.6349015695127	-4.71691231496154	19.256194333106	16.9741311144374	1	1
-5.55631500270733	22.9237779134138	18.6329373396087	-4.04879559624671	18.7495987339244	19.0442034704345	-5.56779506666021	22.5311588870325	17.9353591588611	1	1
-2.5015236363424	10.7293798205736	14.4714434962711	-0.41205	2.6872	12.111	-1.81263647796121	2.03994539314923	12.6364923730775	1	1
-3.43427511672494	14.3194491101167	15.5251572772022	-2.5015236363424	10.7293798205736	14.4714434962711	-3.6611477776483	10.5844658424352	14.6318487325967	1	1
-4.71691231496154	19.256194333106	16.9741311144374	-3.43427511672494	14.3194491101167	15.5251572772022	-5.35932603023683	13.4525746681349	15.8837992187342	1	1
-5.56779506666021	22.5311588870325	17.9353591588611	-4.71691231496154	19.256194333106	16.9741311144374	-6.72233870481768	18.7725519884678	17.6817075677917	1	1
-7.10186053049806	28.4356269320621	19.6683673117224	-5.56779506666021	22.5311588870325	17.9353591588611	-7.63674616608245	21.8379568477559	17.974542968558	1	1
-1.81263647796121	2.03994539314923	12.6364923730775	-3.6611477776483	10.5844658424352	14.6318487325967	-2.5015236363424	10.7293798205736	14.4714434962711	1	1
-3.6611477776483	10.5844658424352	14.6318487325967	-5.35932603023683	13.4525746681349	15.8837992187342	-3.43427511672494	14.3194491101167	15.5251572772022	1	1
-5.35932603023683	13.4525746681349	15.8837992187342	-6.72233870481768	18.7725519884678	17.6817075677917	-4.71691231496154	19.256194333106	16.9741311144374	1	1
-6.72233870481768	18.7725519884678	17.6817075677917	-7.63674616608245	21.8379568477559	17.974542968558	-5.56779506666021	22.5311588870325	17.9353591588611	1	1
0.12035	-1.5779	16.987	-0.926082502080787	-7.34106211473278	20.2563566589618	0.75795867117713	-1.46294887497197	16.3216942854638	2	1
-0.926082502080787	-7.34106211473278	20.2563566589618	-1.54183698953548	-11.7205962560527	22.3129775949372	0.383009384495688	-6.79642947721077	20.7701085179808	2	1
-1.54183698953548	-11.7205962560527	22.3129775949372	-2.05115644153328	-15.3431146043689	24.0141053486432	0.619709776055826	-12.3590314980478	22.6457346113027	2	1
-2.05115644153328	-15.3431146043689	24.0141053486432	-2.74423177107916	-20.2725907675063	26.328978016229	-0.793140137520307	-15.470780038996	24.9928669925786	2	1
-2.74423177107916	-20.2725907675063	26.328978016229	-3.40209051726248	-24.9515901053515	28.5262272411723	-0.511413850942881	-20.3484193736349	25.9167150170272	2	1
-3.40209051726248	-24.9515901053515	28.5262272411723	-3.87924039118205	-28.3453033562209	30.119908554576	-0.717959598026737	-25.1357271028067	30.701130775716	2	1
-3.87924039118205	-28.3453033562209	30.119908554576	-4.32623538306629	-31.524540970953	31.6128725155621	-1.39343702636875	-28.4900806741003	31.7400759285564	2	1
-4.32623538306629	-31.524540970953	31.6128725155621	-5.04249190648441	-36.6188926357203	34.0051704063657	-2.34116118824456	-31.4994120329082	31.7144342210696	2	1
0.383009384495688	-6.79642947721077	20.7701085179808	0.75795867117713	-1.46294887497197	16.3216942854638	-0.926082502080787	-7.34106211473278	20.2563566589618	2	1
0.619709776055826	-12.3590314980478	22.6457346113027	0.383009384495688	-6.79642947721077	20.7701085179808	-1.54183698953548	-11.7205962560527	22.3129775949372	2	1
-0.793140137520307	-15.470780038996	24.9928669925786	0.619709776055826	-12.3590314980478	22.6457346113027	-2.05115644153328	-15.3431146043689	24.0141053486432	2	1
-0.511413850942881	-20.3484193736349	25.9167150170272	-0.793140137520307	-15.470780038996	24.9928669925786	-2.74423177107916	-20.2725907675063	26.328978016229	2	1
-0.717959598026737	-25.1357271028067	30.701130775716	-0.511413850942881	-20.3484193736349	25.9167150170272	-3.40209051726248	-24.9515901053515	28.5262272411723	2	1
-1.39343702636875	-28.4900806741003	31.7400759285564	-0.717959598026737	-25.1357271028067	30.701130775716	-3.87924039118205	-28.3453033562209	30.119908554576	2	1
-2.34116118824456	-31.4994120329082	31.7144342210696	-1.39343702636875	-28.4900806741003	31.7400759285564	-4.32623538306629	-31.524540970953	31.6128725155621	2	1
-0.926082502080787	-7.34106211473278	20.2563566589618	0.12035	-1.5779	16.987	-1.2755935738707	-1.38253422144447	16.2395268943711	2	1
-1.54183698953548	-11.7205962560527	22.3129775949372	-0.926082502080787	-7.34106211473278	20.2563566589618	-2.19638050417319	-7.01472955481261	21.1040248135577	2	1
-2.05115644153328	-15.3431146043689	24.0141053486432	-1.54183698953548	-11.7205962560527	22.3129775949372	-2.1954176105306	-11.7300164703385	22.8237883734281	2	1
-2.74423177107916	-20.2725907675063	26.328978016229	-2.05115644153328	-15.3431146043689	24.0141053486432	-4.08127725404702	-13.9566541151875	26.5157185323784	2	1
-3.40209051726248	-24.9515901053515	28.5262272411723	-2.74423177107916	-20.2725907675063	26.328978016229	-3.56760310711851	-20.8450487527452	25.9212529395843	2	1
-3.87924039118205	-28.3453033562209	30.119908554576	-3.40209051726248	-24.9515901053515	28.5262272411723	-4.20233438063281	-24.4732413509958	28.2360138914717	2	1
-4.32623538306629	-31.524540970953	31.6128725155621	-3.87924039118205	-28.3453033562209	30.119908554576	-4.19201641294393	-28.019632944722	31.7740488730753	2	1
-1.2755935738707	-1.38253422144447	16.2395268943711	-2.19638050417319	-7.01472955481261	21.1040248135577	-0.926082502080787	-7.34106211473278	20.2563566589618	2	1
-2.19638050417319	-7.01472955481261	21.1040248135577	-2.1954176105306	-11.7300164703385	22.8237883734281	-1.54183698953548	-11.7205962560527	22.3129775949372	2	1
-2.1954176105306	-11.7300164703385	22.8237883734281	-4.08127725404702	-13.9566541151875	26.5157185323784	-2.05115644153328	-15.3431146043689	24.0141053486432	2	1
-4.08127725404702	-13.9566541151875	26.5157185323784	-3.56760310711851	-20.8450487527452	25.9212529395843	-2.74423177107916	-20.2725907675063	26.328978016229	2	1
-3.56760310711851	-20.8450487527452	25.9212529395843	-4.20233438063281	-24.4732413509958	28.2360138914717	-3.40209051726248	-24.9515901053515	28.5262272411723	2	1
0.0037021	2.3981	21.682	0.587536237175659	7.03334553409975	25.4015602433649	1.07383660872054	1.83686226149292	21.6409010902174	3	2
0.587536237175659	7.03334553409975	25.4015602433649	1.0137600593876	11.3682358405546	28.8595024677063	1.3775847838157	7.22553948819919	25.5475248553762	3	2
1.0137600593876	11.3682358405546	28.8595024677063	1.46574457886874	15.2576325514164	30.6779693940448	2.83092824191185	10.5190252760958	29.3866737360178	3	2
1.46574457886874	15.2576325514164	30.6779693940448	1.96558704137076	19.5588542654612	32.688982929382	2.94277170981738	15.150742972939	30.6904205969812	3	2
1.96558704137076	19.5588542654612	32.688982929382	2.35932922518783	22.947066668009	34.2731237747312	4.02892204638326	18.680470880809	33.7159631515174	3	2
2.35932922518783	22.947066668009	34.2731237747312	2.77579494032733	26.5308185728524	35.9486880834479	4.28035683367504	22.4697244868873	34.5620381730431	3	2
2.77579494032733	26.5308185728524	35.9486880834479	3.3575847358211	31.5372097643118	38.2893998901291	4.78897934371122	26.3899522342273	36.0582815258348	3	2
3.3575847358211	31.5372097643118	38.2893998901291	3.72371652579691	34.6878304566058	39.7624559839891	5.43560029964789	32.0070561617582	38.2848866540049	3	2
3.72371652579691	34.6878304566058	39.7624559839891	4.11700154966175	38.0721089270433	41.3447575401208	6.32691597338157	35.2120691658405	40.8978408094271	3	2
4.11700154966175	38.0721089270433	41.3447575401208	4.48159068242102	41.2094548153443	42.8116070693618	5.25345847547058	37.6950205044782	41.8010283120846	3	2
4.48159068242102	41.2094548153443	42.8116070693618	5.16837155980972	47.1193105083329	45.5747289404531	6.61201295512356	40.8772484140975	43.060008633253	3	2
1.3775847838157	7.22553948819919	25.5475248553762	1.07383660872054	1.83686226149292	21.6409010902174	0.587536237175659	7.03334553409975	25.4015602433649	3	2
2.83092824191185	10.5190252760958	29.3866737360178	1.3775847838157	7.22553948819919	25.5475248553762	1.0137600593876	11.3682358405546	28.8595024677063	3	2
2.94277170981738	15.150742972939	30.6904205969812	2.83092824191185	10.5190252760958	29.3866737360178	1.46574457886874	15.2576325514164	30.6779693940448	3	2
4.02892204638326	18.680470880809	33.7159631515174	2.94277170981738	15.150742972939	30.6904205969812	1.96558704137076	19.5588542654612	32.688982929382	3	2
4.28035683367504	22.4697244868873	34.5620381730431	4.02892204638326	18.680470880809	33.7159631515174	2.35932922518783	22.947066668009	34.2731237747312	3	2
4.78897934371122	26.3899522342273	36.0582815258348	4.28035683367504	22.4697244868873	34.5620381730431	2.77579494032733	26.5308185728524	35.9486880834479	3	2
5.43560029964789	32.0070561617582	38.2848866540049	4.78897934371122	26.3899522342273	36.0582815258348	3.3575847358211	31.5372097643118	38.2893998901291	3	2
6.32691597338157	35.2120691658405	40.8978408094271	5.43560029964789	32.0070561617582	38.2848866540049	3.72371652579691	34.6878304566058	39.7624559839891	3	2
5.25345847547058	37.6950205044782	41.8010283120846	6.32691597338157	35.2120691658405	40.8978408094271	4.11700154966175	38.0721089270433	41.3447575401208	3	2
6.61201295512356	40.8772484140975	43.060008633253	5.25345847547058	37.6950205044782	41.8010283120846	4.48159068242102	41.2094548153443	42.8116070693618	3	2
0.587536237175659	7.03334553409975	25.4015602433649	0.0037021	2.3981	21.682	-1.45718106175158	1.99294515994297	22.0258651022617	3	2
1.0137600593876	11.3682358405546	28.8595024677063	0.587536237175659	7.03334553409975	25.4015602433649	-1.0581371662664	7.02819268361534	25.3582845303691	3	2
1.46574457886874	15.2576325514164	30.6779693940448	1.0137600593876	11.3682358405546	28.8595024677063	-1.66070951264727	10.9295416645736	29.1185381423151	3	2
1.96558704137076	19.5588542654612	32.688982929382	1.46574457886874	15.2576325514164	30.6779693940448	-0.575552743369996	15.2072965325799	29.9756269295528	3	2
2.35932922518783	22.947066668009	34.2731237747312	1.96558704137076	19.5588542654612	32.688982929382	-1.01629286736931	18.1982959774797	34.3949056576606	3	2
2.77579494032733	26.5308185728524	35.9486880834479	2.35932922518783	22.947066668009	34.2731237747312	-0.604987626937305	23.4501867661928	33.1130677730613	3	2
3.3575847358211	31.5372097643118	38.2893998901291	2.77579494032733	26.5308185728524	35.9486880834479	0.285002281504035	26.6061294869538	35.4163915500483	3	2
3.72371652579691	34.6878304566058	39.7624559839891	3.3575847358211	31.5372097643118	38.2893998901291	2.18087655352514	31.5850356952521	37.4968343256188	3	2
4.11700154966175	38.0721089270433	41.3447575401208	3.72371652579691	34.6878304566058	39.7624559839891	2.55670365505333	34.6694069386221	40.5888185094608	3	2
4.48159068242102	41.2094548153443	42.8116070693618	4.11700154966175	38.0721089270433	41.3447575401208	2.60606772348014	38.2435184352646	41.9589055624993	3	2
5.16837155980972	47.1193105083329	45.5747289404531	4.48159068242102	41.2094548153443	42.8116070693618	3.67511992620065	40.682549277209	44.3766189904805	3	2
-1.45718106175158	1.99294515994297	22.0258651022617	-1.0581371662664	7.02819268361534	25.3582845303691	0.587536237175659	7.03334553409975	25.4015602433649	3	2
-1.0581371662664	7.02819268361534	25.3582845303691	-1.66070951264727	10.9295416645736	29.1185381423151	1.0137600593876	11.3682358405546	28.8595024677063	3	2
-1.66070951264727	10.9295416645736	29.1185381423151	-0.575552743369996	15.2072965325799	29.9756269295528	1.46574457886874	15.2576325514164	30.6779693940448	3	2
-0.575552743369996	15.2072965325799	29.9756269295528	-1.01629286736931	18.1982959774797	34.3949056576606	1.96558704137076	19.5588542654612	32.688982929382	3	2
-1.01629286736931	18.1982959774797	34.3949056576606	-0.604987626937305	23.4501867661928	33.1130677730613	2.35932922518783	22.947066668009	34.2731237747312	3	2
-0.604987626937305	23.4501867661928	33.1130677730613	0.285002281504035	26.6061294869538	35.4163915500483	2.77579494032733	26.5308185728524	35.9486880834479	3	2
0.285002281504035	26.6061294869538	35.4163915500483	2.18087655352514	31.5850356952521	37.4968343256188	3.3575847358211	31.5372097643118	38.2893998901291	3	2
2.18087655352514	31.5850356952521	37.4968343256188	2.55670365505333	34.6694069386221	40.5888185094608	3.72371652579691	34.6878304566058	39.7624559839891	3	2
2.55670365505333	34.6694069386221	40.5888185094608	2.60606772348014	38.2435184352646	41.9589055624993	4.11700154966175	38.0721089270433	41.3447575401208	3	2
2.60606772348014	38.2435184352646	41.9589055624993	3.67511992620065	40.682549277209	44.3766189904805	4.48159068242102	41.2094548153443	42.8116070693618	3	2
0.23953	-1.8413	25.174	1.19785074428143	-5.01697064036265	28.2091289355509	0.995952628657101	-2.58305397715483	24.9631207285424	4	2
1.19785074428143	-5.01697064036265	28.2091289355509	2.29100448989326	-8.38339449889006	31.601214460076	1.83127597332498	-4.53880881700312	28.7471618456899	4	2
2.29100448989326	-8.38339449889006	31.601214460076	3.61943697777105	-11.844293228217	34.6055441274884	2.99109990924803	-6.56492106971253	32.6692001393684	4	2
3.61943697777105	-11.844293228217	34.6055441274884	4.79634574038049	-14.9104347733968	37.2671938113152	4.94204603019186	-11.8101793579284	35.085274622984	4	2
4.79634574038049	-14.9104347733968	37.2671938113152	6.23279022753889	-18.6527317630595	40.5157990868871	5.06293345354732	-14.7972689090871	37.6464629615812	4	2
6.23279022753889	-18.6527317630595	40.5157990868871	7.42666108079966	-21.7630637947846	43.2158095550444	8.20023794346244	-17.6769441449551	42.0317731135318	4	2
7.42666108079966	-21.7630637947846	43.2158095550444	8.53569255794774	-24.6523680425127	45.7239506907772	8.03762442496834	-21.3879185046041	43.7053365648586	4	2
8.53569255794774	-24.6523680425127	45.7239506907772	9.70800745646841	-27.7065414233089	48.3752110757154	10.7708412226512	-24.0562262339439	47.0089265468736	4	2
9.70800745646841	-27.7065414233089	48.3752110757154	10.9122215996001	-30.8438203108947	51.0986135136577	12.5210056738824	-27.7890714222281	49.6292326816314	4	2
10.9122215996001	-30.8438203108947	51.0986135136577	12.185572526229	-34.1612178031808	53.9783729299678	13.0132827593332	-31.7438707171834	51.3660555993523	4	2
12.185572526229	-34.1612178031808	53.9783729299678	13.7469314345228	-38.2289480875927	57.5094796534712	13.1638125975257	-32.9881277445197	55.1135148053209	4	2
1.83127597332498	-4.53880881700312	28.7471618456899	0.995952628657101	-2.58305397715483	24.9631207285424	1.19785074428143	-5.01697064036265	28.2091289355509	4	2
2.99109990924803	-6.56492106971253	32.6692001393684	1.83127597332498	-4.53880881700312	28.7471618456899	2.29100448989326	-8.38339449889006	31.601214460076	4	2
4.94204603019186	-11.8101793579284	35.085274622984	2.99109990924803	-6.56492106971253	32.6692001393684	3.61943697777105	-11.844293228217	34.6055441274884	4	2
5.06293345354732	-14.7972689090871	37.6464629615812	4.94204603019186	-11.8101793579284	35.085274622984	4.79634574038049	-14.9104347733968	37.2671938113152	4	2
8.20023794346244	-17.6769441449551	42.0317731135318	5.06293345354732	-14.7972689090871	37.6464629615812	6.23279022753889	-18.6527317630595	40.5157990868871	4	2
8.03762442496834	-21.3879185046041	43.7053365648586	8.20023794346244	-17.6769441449551	42.0317731135318	7.42666108079966	-21.7630637947846	43.2158095550444	4	2
10.7708412226512	-24.0562262339439	47.0089265468736	8.03762442496834	-21.3879185046041	43.7053365648586	8.53569255794774	-24.6523680425127	45.7239506907772	4	2
12.5210056738824	-27.7890714222281	49.6292326816314	10.7708412226512	-24.0562262339439	47.0089265468736	9.70800745646841	-27.7065414233089	48.3752110757154	4	2
13.0132827593332	-31.7438707171834	51.3660555993523	12.5210056738824	-27.7890714222281	49.6292326816314	10.9122215996001	-30.8438203108947	51.0986135136577	4	2
13.1638125975257	-32.9881277445197	55.1135148053209	13.0132827593332	-31.7438707171834	51.3660555993523	12.185572526229	-34.1612178031808	53.9783729299678	4	2
1.19785074428143	-5.01697064036265	28.2091289355509	0.23953	-1.8413	25.174	-1.71983960315283	-2.00723117490769	25.0875399957525	4	2
2.29100448989326	-8.38339449889006	31.601214460076	1.19785074428143	-5.01697064036265	28.2091289355509	-0.893291155807019	-4.58032147261544	28.6650558271686	4	2
3.61943697777105	-11.844293228217	34.6055441274884	2.29100448989326	-8.38339449889006	31.601214460076	-1.00661317515298	-7.9833603408408	32.0531248688616	4	2
4.79634574038049	-14.9104347733968	37.2671938113152	3.61943697777105	-11.844293228217	34.6055441274884	0.498082704086436	-12.6175272640835	33.7867267812942	4	2
6.23279022753889	-18.6527317630595	40.5157990868871	4.79634574038049	-14.9104347733968	37.2671938113152	0.58323033187009	-14.1247739282829	38.6486696131398	4	2
7.42666108079966	-21.7630637947846	43.2158095550444	6.23279022753889	-18.6527317630595	40.5157990868871	3.62587584891049	-18.4953253013014	39.8271965394787	4	2
8.53569255794774	-24.6523680425127	45.7239506907772	7.42666108079966	-21.7630637947846	43.2158095550444	6.31557424655903	-21.2139699239772	43.0794673098713	4	2
9.70800745646841	-27.7065414233089	48.3752110757154	8.53569255794774	-24.6523680425127	45.7239506907772	7.9489395600256	-24.8121121271534	44.9663769604699	4	2
10.9122215996001	-30.8438203108947	51.0986135136577	9.70800745646841	-27.7065414233089	48.3752110757154	8.12014498011974	-27.4482986305334	47.5294602990776	4	2
12.185572526229	-34.1612178031808	53.9783729299678	10.9122215996001	-30.8438203108947	51.0986135136577	9.7187186961444	-30.6233154721745	50.6035189009383	4	2
13.7469314345228	-38.2289480875927	57.5094796534712	12.185572526229	-34.1612178031808	53.9783729299678	11.5191866755061	-34.1333709857972	53.3839181775115	4	2
-1.71983960315283	-2.00723117490769	25.0875399957525	-0.893291155807019	-4.58032147261544	28.6650558271686	1.19785074428143	-5.01697064036265	28.2091289355509	4	2
-0.893291155807019	-4.58032147261544	28.6650558271686	-1.00661317515298	-7.9833603408408	32.0531248688616	2.29100448989326	-8.38339449889006	31.601214460076	4	2
-1.00661317515298	-7.9833603408408	32.0531248688616	0.498082704086436	-12.6175272640835	33.7867267812942	3.61943697777105	-11.844293228217	34.6055441274884	4	2
0.498082704086436	-12.6175272640835	33.7867267812942	0.58323033187009	-14.1247739282829	38.6486696131398	4.79634574038049	-14.9104347733968	37.2671938113152	4	2
0.58323033187009	-14.1247739282829	38.6486696131398	3.62587584891049	-18.4953253013014	39.8271965394787	6.23279022753889	-18.6527317630595	40.5157990868871	4	2
3.62587584891049	-18.4953253013014	39.8271965394787	6.31557424655903	-21.2139699239772	43.0794673098713	7.42666108079966	-21.7630637947846	43.2158095550444	4	2
6.31557424655903	-21.2139699239772	43.0794673098713	7.9489395600256	-24.8121121271534	44.9663769604699	8.53569255794774	-24.6523680425127	45.7239506907772	4	2
7.9489395600256	-24.8121121271534	44.9663769604699	8.12014498011974	-27.4482986305334	47.5294602990776	9.70800745646841	-27.7065414233089	48.3752110757154	4	2
8.12014498011974	-27.4482986305334	47.5294602990776	9.7187186961444	-30.6233154721745	50.6035189009383	10.9122215996001	-30.8438203108947	51.0986135136577	4	2
9.7187186961444	-30.6233154721745	50.6035189009383	11.5191866755061	-34.1333709857972	53.3839181775115	12.185572526229	-34.1612178031808	53.9783729299678	4	2
-0.096448	-0.21984	26.534	-1.06887032671056	2.17391473732244	29.2298941976949	0.8656219314451	0.941944613805831	25.719589310951	5	2
-1.06887032671056	2.17391473732244	29.2298941976949	-2.28938187062837	5.17837608087571	32.6135783224704	1.90616402521494	3.73777505216146	28.5694825605058	5	2
-2.28938187062837	5.17837608087571	32.6135783224704	-3.55546522570651	8.29501886643925	36.1236034185614	-0.576996527498595	4.99345700714116	32.5827044613016	5	2
-3.55546522570651	8.29501886643925	36.1236034185614	-4.54011850320334	10.7188818145487	38.8534060821063	-2.53930195742219	8.41260522328725	36.6391243563253	5	2
-4.54011850320334	10.7188818145487	38.8534060821063	-5.63893052609405	13.4237626188789	41.8996966448591	-1.39646831729959	11.5440751854551	38.9292467399324	5	2
-5.63893052609405	13.4237626188789	41.8996966448591	-7.29655099311879	17.5042292398434	46.4951993151331	-2.41464295911032	13.3908750275314	41.4366273690164	5	2
-7.29655099311879	17.5042292398434	46.4951993151331	-8.21244965565066	19.7588430039673	49.0343901812547	-5.32563792905962	16.4356442056261	46.3439240409883	5	2
1.90616402521494	3.73777505216146	28.5694825605058	0.8656219314451	0.941944613805831	25.719589310951	-1.06887032671056	2.17391473732244	29.2298941976949	5	2
-0.576996527498595	4.99345700714116	32.5827044613016	1.90616402521494	3.73777505216146	28.5694825605058	-2.28938187062837	5.17837608087571	32.6135783224704	5	2
-2.53930195742219	8.41260522328725	36.6391243563253	-0.576996527498595	4.99345700714116	32.5827044613016	-3.55546522570651	8.29501886643925	36.1236034185614	5	2
-1.39646831729959	11.5440751854551	38.9292467399324	-2.53930195742219	8.41260522328725	36.6391243563253	-4.54011850320334	10.7188818145487	38.8534060821063	5	2
-2.41464295911032	13.3908750275314	41.4366273690164	-1.39646831729959	11.5440751854551	38.9292467399324	-5.63893052609405	13.4237626188789	41.8996966448591	5	2
-5.32563792905962	16.4356442056261	46.3439240409883	-2.41464295911032	13.3908750275314	41.4366273690164	-7.29655099311879	17.5042292398434	46.4951993151331	5	2
-1.06887032671056	2.17391473732244	29.2298941976949	-0.096448	-0.21984	26.534	-1.20059794084617	0.352518140407307	26.2025141124529	5	2
-2.28938187062837	5.17837608087571	32.6135783224704	-1.06887032671056	2.17391473732244	29.2298941976949	-3.08162610193088	0.150241062816168	30.0085221987503	5	2
-3.55546522570651	8.29501886643925	36.1236034185614	-2.28938187062837	5.17837608087571	32.6135783224704	-4.83476971330029	3.85690135292773	33.3811664175923	5	2
-4.54011850320334	10.7188818145487	38.8534060821063	-3.55546522570651	8.29501886643925	36.1236034185614	-6.09784185932384	6.98482489200313	36.6170934105449	5	2
-5.63893052609405	13.4237626188789	41.8996966448591	-4.54011850320334	10.7188818145487	38.8534060821063	-6.25930144643737	8.57061131092541	40.1654400683107	5	2
-7.29655099311879	17.5042292398434	46.4951993151331	-5.63893052609405	13.4237626188789	41.8996966448591	-6.56979312620609	11.9197525194298	43.0599837000605	5	2
-8.21244965565066	19.7588430039673	49.0343901812547	-7.29655099311879	17.5042292398434	46.4951993151331	-7.96822045013228	17.3679491530126	46.4861722198866	5	2
-1.20059794084617	0.352518140407307	26.2025141124529	-3.08162610193088	0.150241062816168	30.0085221987503	-1.06887032671056	2.17391473732244	29.2298941976949	5	2
-3.08162610193088	0.150241062816168	30.0085221987503	-4.83476971330029	3.85690135292773	33.3811664175923	-2.28938187062837	5.17837608087571	32.6135783224704	5	2
-4.83476971330029	3.85690135292773	33.3811664175923	-6.09784185932384	6.98482489200313	36.6170934105449	-3.55546522570651	8.29501886643925	36.1236034185614	5	2
-6.09784185932384	6.98482489200313	36.6170934105449	-6.25930144643737	8.57061131092541	40.1654400683107	-4.54011850320334	10.7188818145487	38.8534060821063	5	2
-6.25930144643737	8.57061131092541	40.1654400683107	-6.56979312620609	11.9197525194298	43.0599837000605	-5.63893052609405	13.4237626188789	41.8996966448591	5	2
-6.56979312620609	11.9197525194298	43.0599837000605	-7.96822045013228	17.3679491530126	46.4861722198866	-7.29655099311879	17.5042292398434	46.4951993151331	5	2
0.66812	-1.503	30.237	0.438317196413816	-3.87735037119624	34.0175916262755	1.99155341562115	-1.05891025307955	30.8120612258686	6	2
0.438317196413816	-3.87735037119624	34.0175916262755	0.0552698835655386	-6.4824093780972	37.5299624668309	1.87495002110572	-4.79022097926462	33.3452765588088	6	2
0.0552698835655386	-6.4824093780972	37.5299624668309	-0.304182540260024	-8.92700236395131	40.8259788326001	1.87939769571357	-6.85101457280497	37.9680239879469	6	2
-0.304182540260024	-8.92700236395131	40.8259788326001	-0.719287417219537	-11.7500810340273	44.632303056006	1.20095579406459	-6.64109192455049	42.4651714105436	6	2
-0.719287417219537	-11.7500810340273	44.632303056006	-1.11922055127881	-14.4699784934096	48.2995092499263	0.31338885455926	-9.38148103323677	46.942344227492	6	2
-1.11922055127881	-14.4699784934096	48.2995092499263	-1.55161230475419	-17.4106231451758	52.2643463226905	0.630358711960578	-13.4553163612414	50.2359952837481	6	2
-1.55161230475419	-17.4106231451758	52.2643463226905	-1.88877500885903	-19.70362641046	55.3559760266423	-0.573250173468807	-16.4350218017698	53.7867383743024	6	2
-1.88877500885903	-19.70362641046	55.3559760266423	-2.60375503968709	-24.5661201719048	61.91201996071	-1.27116162345631	-18.306578315879	58.2701468671386	6	2
-2.60375503968709	-24.5661201719048	61.91201996071	-2.78150423749081	-25.7749712280964	63.5418998172101	-3.24842757295915	-23.8706227625115	63.2480146008085	6	2
1.87495002110572	-4.79022097926462	33.3452765588088	1.99155341562115	-1.05891025307955	30.8120612258686	0.438317196413816	-3.87735037119624	34.0175916262755	6	2
1.87939769571357	-6.85101457280497	37.9680239879469	1.87495002110572	-4.79022097926462	33.3452765588088	0.0552698835655386	-6.4824093780972	37.5299624668309	6	2
1.20095579406459	-6.64109192455049	42.4651714105436	1.87939769571357	-6.85101457280497	37.9680239879469	-0.304182540260024	-8.92700236395131	40.8259788326001	6	2
0.31338885455926	-9.38148103323677	46.942344227492	1.20095579406459	-6.64109192455049	42.4651714105436	-0.719287417219537	-11.7500810340273	44.632303056006	6	2
0.630358711960578	-13.4553163612414	50.2359952837481	0.31338885455926	-9.38148103323677	46.942344227492	-1.11922055127881	-14.4699784934096	48.2995092499263	6	2
-0.573250173468807	-16.4350218017698	53.7867383743024	0.630358711960578	-13.4553163612414	50.2359952837481	-1.55161230475419	-17.4106231451758	52.2643463226905	6	2
-1.27116162345631	-18.306578315879	58.2701468671386	-0.573250173468807	-16.4350218017698	53.7867383743024	-1.88877500885903	-19.70362641046	55.3559760266423	6	2
-3.24842757295915	-23.8706227625115	63.2480146008085	-1.27116162345631	-18.306578315879	58.2701468671386	-2.60375503968709	-24.5661201719048	61.91201996071	6	2
0.438317196413816	-3.87735037119624	34.0175916262755	0.66812	-1.503	30.237	-2.95478878709994	-1.25809990187204	30.5681113388136	6	2
0.0552698835655386	-6.4824093780972	37.5299624668309	0.438317196413816	-3.87735037119624	34.0175916262755	-1.61150263800813	-3.28194442526725	34.381407796838	6	2
-0.304182540260024	-8.92700236395131	40.8259788326001	0.0552698835655386	-6.4824093780972	37.5299624668309	-3.23076610659185	-6.22050576802693	37.3857822763659	6	2
-0.719287417219537	-11.7500810340273	44.632303056006	-0.304182540260024	-8.92700236395131	40.8259788326001	-4.07171830452772	-8.78754871342666	39.4922339265858	6	2
-1.11922055127881	-14.4699784934096	48.2995092499263	-0.719287417219537	-11.7500810340273	44.632303056006	-3.7819097539907	-11.5684064627594	43.1007166554184	6	2
-1.55161230475419	-17.4106231451758	52.2643463226905	-1.11922055127881	-14.4699784934096	48.2995092499263	-3.57163379466891	-12.9078624409018	47.2680306778549	6	2
-1.88877500885903	-19.70362641046	55.3559760266423	-1.55161230475419	-17.4106231451758	52.2643463226905	-3.04083994006083	-16.8595978070393	51.0393428586258	6	2
-2.60375503968709	-24.5661201719048	61.91201996071	-1.88877500885903	-19.70362641046	55.3559760266423	-2.12785296773495	-19.2470955684249	54.4581733312518	6	2
-2.78150423749081	-25.7749712280964	63.5418998172101	-2.60375503968709	-24.5661201719048	61.91201996071	-3.5507238163673	-23.1773943896656	61.6096782207257	6	2
-2.95478878709994	-1.25809990187204	30.5681113388136	-1.61150263800813	-3.28194442526725	34.381407796838	0.438317196413816	-3.87735037119624	34.0175916262755	6	2
-1.61150263800813	-3.28194442526725	34.381407796838	-3.23076610659185	-6.22050576802693	37.3857822763659	0.0552698835655386	-6.4824093780972	37.5299624668309	6	2
-3.23076610659185	-6.22050576802693	37.3857822763659	-4.07171830452772	-8.78754871342666	39.4922339265858	-0.304182540260024	-8.92700236395131	40.8259788326001	6	2
-4.07171830452772	-8.78754871342666	39.4922339265858	-3.7819097539907	-11.5684064627594	43.1007166554184	-0.719287417219537	-11.7500810340273	44.632303056006	6	2
-3.7819097539907	-11.5684064627594	43.1007166554184	-3.57163379466891	-12.9078624409018	47.2680306778549	-1.11922055127881	-14.4699784934096	48.2995092499263	6	2
-3.57163379466891	-12.9078624409018	47.2680306778549	-3.04083994006083	-16.8595978070393	51.0393428586258	-1.55161230475419	-17.4106231451758	52.2643463226905	6	2
-3.04083994006083	-16.8595978070393	51.0393428586258	-2.12785296773495	-19.2470955684249	54.4581733312518	-1.88877500885903	-19.70362641046	55.3559760266423	6	2
-2.12785296773495	-19.2470955684249	54.4581733312518	-3.5507238163673	-23.1773943896656	61.6096782207257	-2.60375503968709	-24.5661201719048	61.91201996071	6	2
0.48025	-0.065238	32.487	0.48025	-0.0652379999999998	36.5079518069164	0.89608979090416	-0.034704529059744	32.5882347008546	7	2
0.48025	-0.0652379999999998	36.5079518069164	0.48025	-0.065238	41.1136476283965	2.29652576765665	0.904610640369078	35.568272464695	7	2
2.29652576765665	0.904610640369078	35.568272464695	0.89608979090416	-0.034704529059744	32.5882347008546	0.48025	-0.0652379999999998	36.5079518069164	7	2
0.48025	-0.0652379999999998	36.5079518069164	0.48025	-0.065238	32.487	-3.54086856736165	-1.454845237716	33.2821715025393	7	2
0.48025	-0.065238	41.1136476283965	0.48025	-0.0652379999999998	36.5079518069164	-1.38131788472932	0.253580969065893	37.5368504975114	7	2
-3.54086856736165	-1.454845237716	33.2821715025393	-1.38131788472932	0.253580969065893	37.5368504975114	0.48025	-0.0652379999999998	36.5079518069164	7	2
1.6541	2.9057	32.832	2.38593296576407	6.57715405142312	36.409304093659	3.00324556331724	2.73010111302352	32.7496074646947	8	2
2.38593296576407	6.57715405142312	36.409304093659	4.11748214141153	9.8249193055166	39.647016384246	4.0106924080659	4.38384706992267	37.3560859531982	8	2
4.11748214141153	9.8249193055166	39.647016384246	5.41445535177077	12.2575759042065	42.0721430643311	6.87301244998391	8.65591384779477	40.5440469179267	8	2
5.41445535177077	12.2575759042065	42.0721430643311	7.60021210169046	16.3572716715156	46.15914884677	8.13515164526498	11.3788885396245	43.648991694952	8	2
7.60021210169046	16.3572716715156	46.15914884677	9.0551480286142	19.0862096750397	48.8796398376516	9.65889149610682	15.6059179815153	47.9862460591614	8	2
9.0551480286142	19.0862096750397	48.8796398376516	10.7299557333159	22.2275482792894	52.0112549059067	11.6626692031142	19.1216407335471	50.9950837094259	8	2
10.7299557333159	22.2275482792894	52.0112549059067	12.6285431419363	25.7886173521739	55.5613012309529	12.7274927421945	21.9858072905244	53.386762518576	8	2
12.6285431419363	25.7886173521739	55.5613012309529	14.1226578031214	28.5910406101875	58.3550500138925	13.6812241273665	24.923820011067	57.3633376628066	8	2
14.1226578031214	28.5910406101875	58.3550500138925	15.3596682723866	30.9112286115055	60.6680562260476	14.8997256707788	27.7284962718008	58.8113008148467	8	2
4.0106924080659	4.38384706992267	37.3560859531982	3.00324556331724	2.73010111302352	32.7496074646947	2.38593296576407	6.57715405142312	36.409304093659	8	2
6.87301244998391	8.65591384779477	40.5440469179267	4.0106924080659	4.38384706992267	37.3560859531982	4.11748214141153	9.8249193055166	39.647016384246	8	2
8.13515164526498	11.3788885396245	43.648991694952	6.87301244998391	8.65591384779477	40.5440469179267	5.41445535177077	12.2575759042065	42.0721430643311	8	2
9.65889149610682	15.6059179815153	47.9862460591614	8.13515164526498	11.3788885396245	43.648991694952	7.60021210169046	16.3572716715156	46.15914884677	8	2
11.6626692031142	19.1216407335471	50.9950837094259	9.65889149610682	15.6059179815153	47.9862460591614	9.0551480286142	19.0862096750397	48.8796398376516	8	2
12.7274927421945	21.9858072905244	53.386762518576	11.6626692031142	19.1216407335471	50.9950837094259	10.7299557333159	22.2275482792894	52.0112549059067	8	2
13.6812241273665	24.923820011067	57.3633376628066	12.7274927421945	21.9858072905244	53.386762518576	12.6285431419363	25.7886173521739	55.5613012309529	8	2
14.8997256707788	27.7284962718008	58.8113008148467	13.6812241273665	24.923820011067	57.3633376628066	14.1226578031214	28.5910406101875	58.3550500138925	8	2
2.38593296576407	6.57715405142312	36.409304093659	1.6541	2.9057	32.832	0.605112864039189	1.15981131473488	34.7835594326979	8	2
4.11748214141153	9.8249193055166	39.647016384246	2.38593296576407	6.57715405142312	36.409304093659	-0.0262513718891586	6.5042498937475	36.7412429251839	8	2
5.41445535177077	12.2575759042065	42.0721430643311	4.11748214141153	9.8249193055166	39.647016384246	1.525004626036	10.3202807650067	39.1913513683361	8	2
7.60021210169046	16.3572716715156	46.15914884677	5.41445535177077	12.2575759042065	42.0721430643311	1.67130568526246	12.2910334077656	41.4594712663232	8	2
9.0551480286142	19.0862096750397	48.8796398376516	7.60021210169046	16.3572716715156	46.15914884677	4.32628084714207	16.0079730897107	45.025727706487	8	2
10.7299557333159	22.2275482792894	52.0112549059067	9.0551480286142	19.0862096750397	48.8796398376516	7.09289083423293	19.2926620514739	46.8849587079059	8	2
12.6285431419363	25.7886173521739	55.5613012309529	10.7299557333159	22.2275482792894	52.0112549059067	8.24082361076199	21.967277697893	50.6510138460464	8	2
14.1226578031214	28.5910406101875	58.3550500138925	12.6285431419363	25.7886173521739	55.5613012309529	11.4119426683327	25.6374759316308	55.9526176740315	8	2
15.3596682723866	30.9112286115055	60.6680562260476	14.1226578031214	28.5910406101875	58.3550500138925	13.7334158061771	28.8519179449606	58.8759076566477	8	2
0.605112864039189	1.15981131473488	34.7835594326979	-0.0262513718891586	6.5042498937475	36.7412429251839	2.38593296576407	6.57715405142312	36.409304093659	8	2
-0.0262513718891586	6.5042498937475	36.7412429251839	1.525004626036	10.3202807650067	39.1913513683361	4.11748214141153	9.8249193055166	39.647016384246	8	2
1.525004626036	10.3202807650067	39.1913513683361	1.67130568526246	12.2910334077656	41.4594712663232	5.41445535177077	12.2575759042065	42.0721430643311	8	2
1.67130568526246	12.2910334077656	41.4594712663232	4.32628084714207	16.0079730897107	45.025727706487	7.60021210169046	16.3572716715156	46.15914884677	8	2
4.32628084714207	16.0079730897107	45.025727706487	7.09289083423293	19.2926620514739	46.8849587079059	9.0551480286142	19.0862096750397	48.8796398376516	8	2
7.09289083423293	19.2926620514739	46.8849587079059	8.24082361076199	21.967277697893	50.6510138460464	10.7299557333159	22.2275482792894	52.0112549059067	8	2
8.24082361076199	21.967277697893	50.6510138460464	11.4119426683327	25.6374759316308	55.9526176740315	12.6285431419363	25.7886173521739	55.5613012309529	8	2
11.4119426683327	25.6374759316308	55.9526176740315	13.7334158061771	28.8519179449606	58.8759076566477	14.1226578031214	28.5910406101875	58.3550500138925	8	2
