-0.3475	-0.70784	0.031499	-0.41155	-0.34074	1.0263	-0.22515	-0.60134	1.8261	0	0
-0.41155	-0.34074	0	-0.087748	-0.21784	1.0423	-0.37868	0.45443	1.0936	0	0
-0.41155	-0.34074	0	-0.087748	-0.21784	1.0423	-0.1292	-0.21974	1.7978	0	0
-0.41155	-0.34074	0	-0.37868	0.45443	1.0936	-0.36431	0.45368	1.7658	0	0
-0.41155	-0.34074	0	-0.22515	-0.60134	1.8261	-0.1292	-0.21974	1.7978	0	0
-0.087748	-0.21784	0.015999	-0.37868	0.45443	1.0936	0.077885	0.65153	1.042	0	0
-0.087748	-0.21784	0.015999	0.077885	0.65153	1.042	0.58995	0.54246	1.7331	0	0
-0.087748	-0.21784	0.015999	-0.1292	-0.21974	1.7978	0.58995	0.54246	1.7331	0	0
-0.37868	0.45443	0.0673	0.077885	0.65153	1.042	0.090202	1.1281	1.0615	0	0
-0.37868	0.45443	0.0673	-0.36431	0.45368	1.7658	-0.23335	1.161	2.1406	0	0
-0.37868	0.45443	0.0673	0.090202	1.1281	1.0615	-0.23335	1.161	2.1406	0	0
-0.22515	-0.60134	0.79975	-0.1292	-0.21974	1.7978	0.21832	-0.029304	2.3827	0	0
-0.22515	-0.60134	0.79975	-0.15305	-0.60444	2.5182	0.21832	-0.029304	2.3827	0	0
0.077885	0.65153	0.015633	0.090202	1.1281	1.0615	0.65045	1.0875	1.0299	0	0
0.077885	0.65153	0.015633	0.65045	1.0875	1.0299	0.58995	0.54246	1.7331	0	0
-0.1292	-0.21974	0.77145	-0.36431	0.45368	1.7658	-0.53225	-0.15794	2.129	0	0
-0.1292	-0.21974	0.77145	-0.36431	0.45368	1.7658	0.17911	0.61674	1.8577	0	0
-0.1292	-0.21974	0.77145	-0.53225	-0.15794	2.129	-0.15305	-0.60444	2.5182	0	0
-0.1292	-0.21974	0.77145	0.58995	0.54246	1.7331	0.21832	-0.029304	2.3827	0	0
-0.36431	0.45368	0.7395	-0.53225	-0.15794	2.129	-0.33152	0.41281	2.5918	0	0
-0.36431	0.45368	0.7395	-0.33152	0.41281	2.5918	-0.23335	1.161	2.1406	0	0
0.090202	1.1281	0.03515	0.65045	1.0875	1.0299	0.2262	1.2084	1.817	0	0
0.090202	1.1281	0.03515	0.2262	1.2084	1.817	-0.23335	1.161	2.1406	0	0
-0.53225	-0.15794	1.1027	-0.33152	0.41281	2.5918	-0.13415	-0.24834	3.0499	0	0
0.65045	1.0875	0.003549	0.58995	0.54246	1.7331	0.65255	1.1118	1.7913	0	0
0.65045	1.0875	0.003549	0.2262	1.2084	1.817	0.65255	1.1118	1.7913	0	0
0.58995	0.54246	0.7068	0.17911	0.61674	1.8577	0.21832	-0.029304	2.3827	0	0
0.58995	0.54246	0.7068	0.17911	0.61674	1.8577	0.65255	1.1118	1.7913	0	0
0.17911	0.61674	0.83138	0.21832	-0.029304	2.3827	0.1928	0.65786	2.5434	0	0
0.17911	0.61674	0.83138	0.2262	1.2084	1.817	0.65255	1.1118	1.7913	0	0
0.17911	0.61674	0.83138	0.2262	1.2084	1.817	-0.23335	1.161	2.1406	0	0
0.17911	0.61674	0.83138	0.1928	0.65786	2.5434	-0.23335	1.161	2.1406	0	0
-0.15305	-0.60444	1.4919	0.21832	-0.029304	2.3827	-0.13415	-0.24834	3.0499	0	0
-0.15305	-0.60444	1.4919	-0.13415	-0.24834	3.0499	-0.20925	-0.38654	3.2845	0	0
0.21832	-0.029304	1.3563	0.1928	0.65786	2.5434	0.019302	0.37346	3.2258	0	0
0.21832	-0.029304	1.3563	-0.13415	-0.24834	3.0499	0.019302	0.37346	3.2258	0	0
-0.33152	0.41281	1.5654	0.019302	0.37346	3.2258	-0.19325	0.5944	3.2322	0	0
-0.33152	0.41281	1.5654	-0.19325	0.5944	3.2322	-0.24735	1.2865	3.1824	0	0
-0.33152	0.41281	1.5654	-0.23335	1.161	2.1406	-0.24735	1.2865	3.1824	0	0
0.1928	0.65786	1.5171	0.19635	1.1336	2.5602	0.59565	1.1524	2.462	0	0
0.1928	0.65786	1.5171	0.19635	1.1336	2.5602	-0.23335	1.161	2.1406	0	0
0.1928	0.65786	1.5171	0.59565	1.1524	2.462	0.58445	0.89706	3.0215	0	0
0.1928	0.65786	1.5171	0.019302	0.37346	3.2258	0.58445	0.89706	3.0215	0	0
-0.13415	-0.24834	2.0236	-0.20925	-0.38654	3.2845	0.019302	0.37346	3.2258	0	0
0.19635	1.1336	1.5339	0.58445	0.89706	3.0215	0.088202	1.1438	3.2618	0	0
0.19635	1.1336	1.5339	0.088202	1.1438	3.2618	-0.24735	1.2865	3.1824	0	0
0.19635	1.1336	1.5339	-0.23335	1.161	2.1406	-0.24735	1.2865	3.1824	0	0
-0.20925	-0.38654	2.2582	0.019302	0.37346	3.2258	-0.16545	-0.28084	4.0561	0	0
-0.20925	-0.38654	2.2582	-0.35048	-0.63784	3.8856	-0.16545	-0.28084	4.0561	0	0
0.019302	0.37346	2.1995	-0.19325	0.5944	3.2322	0.19198	0.45409	3.8968	0	0
0.019302	0.37346	2.1995	0.58445	0.89706	3.0215	0.5727	0.89226	3.8548	0	0
0.019302	0.37346	2.1995	-0.16545	-0.28084	4.0561	0.19198	0.45409	3.8968	0	0
-0.19325	0.5944	2.2059	0.19198	0.45409	3.8968	-0.17965	0.74516	4.0608	0	0
-0.19325	0.5944	2.2059	-0.24735	1.2865	3.1824	-0.17965	0.74516	4.0608	0	0
0.58445	0.89706	1.9952	0.088202	1.1438	3.2618	0.5727	0.89226	3.8548	0	0
0.088202	1.1438	2.2354	-0.24735	1.2865	3.1824	0.11245	1.1443	4.0705	0	0
0.088202	1.1438	2.2354	0.5727	0.89226	3.8548	0.11245	1.1443	4.0705	0	0
-0.35048	-0.63784	2.8592	-0.16545	-0.28084	4.0561	-0.2666	-0.57164	4.7374	0	0
-0.16545	-0.28084	3.0298	0.19198	0.45409	3.8968	0.12835	-0.030738	4.352	0	0
-0.16545	-0.28084	3.0298	0.12835	-0.030738	4.352	-0.15805	-0.24374	4.5619	0	0
-0.16545	-0.28084	3.0298	-0.15805	-0.24374	4.5619	-0.2666	-0.57164	4.7374	0	0
0.19198	0.45409	2.8704	0.5727	0.89226	3.8548	0.2311	0.63296	4.6118	0	0
0.19198	0.45409	2.8704	-0.17965	0.74516	4.0608	-0.1763	0.49556	4.57	0	0
0.19198	0.45409	2.8704	0.12835	-0.030738	4.352	0.2311	0.63296	4.6118	0	0
-0.24735	1.2865	2.1561	-0.17965	0.74516	4.0608	-0.41335	1.134	4.6148	0	0
-0.24735	1.2865	2.1561	0.11245	1.1443	4.0705	-0.41335	1.134	4.6148	0	0
0.5727	0.89226	2.8285	0.11245	1.1443	4.0705	0.23795	1.2918	4.5479	0	0
0.5727	0.89226	2.8285	0.2311	0.63296	4.6118	0.60185	0.89616	4.6843	0	0
0.5727	0.89226	2.8285	0.23795	1.2918	4.5479	0.60185	0.89616	4.6843	0	0
-0.17965	0.74516	3.0345	-0.1763	0.49556	4.57	-0.41335	1.134	4.6148	0	0
0.12835	-0.030738	3.3257	-0.1763	0.49556	4.57	-0.15805	-0.24374	4.5619	0	0
0.12835	-0.030738	3.3257	0.2311	0.63296	4.6118	-0.13315	-0.26594	5.0635	0	0
0.11245	1.1443	3.0442	-0.41335	1.134	4.6148	0.23795	1.2918	4.5479	0	0
-0.1763	0.49556	3.5437	-0.15805	-0.24374	4.5619	-0.13315	-0.26594	5.0635	0	0
-0.1763	0.49556	3.5437	-0.13315	-0.26594	5.0635	-0.39075	0.5507	5.3515	0	0
-0.1763	0.49556	3.5437	-0.41335	1.134	4.6148	-0.39075	0.5507	5.3515	0	0
-0.15805	-0.24374	3.5356	-0.2666	-0.57164	4.7374	-0.13315	-0.26594	5.0635	0	0
-0.2666	-0.57164	3.7111	-0.13315	-0.26594	5.0635	-0.40125	-0.59064	5.3859	0	0
0.2311	0.63296	3.5854	-0.13315	-0.26594	5.0635	0.035852	0.38686	5.6041	0	0
0.2311	0.63296	3.5854	0.035852	0.38686	5.6041	0.60185	0.89616	4.6843	0	0
-0.13315	-0.26594	4.0372	-0.36955	-0.2854	5.3799	-0.40125	-0.59064	5.3859	0	0
-0.13315	-0.26594	4.0372	-0.36955	-0.2854	5.3799	0.035852	0.38686	5.6041	0	0
-0.41335	1.134	3.5884	0.23795	1.2918	4.5479	-0.40672	1.1238	5.295	0	0
-0.41335	1.134	3.5884	-0.39075	0.5507	5.3515	-0.40672	1.1238	5.295	0	0
0.23795	1.2918	3.5216	0.2735	1.0969	5.3112	0.60185	0.89616	4.6843	0	0
0.23795	1.2918	3.5216	0.2735	1.0969	5.3112	-0.40672	1.1238	5.295	0	0
-0.36955	-0.2854	4.3535	-0.40125	-0.59064	5.3859	-0.32761	-0.32944	6.058	0	0
-0.36955	-0.2854	4.3535	0.035852	0.38686	5.6041	-0.32761	-0.32944	6.058	0	0
-0.40125	-0.59064	4.3596	-0.32761	-0.32944	6.058	-0.45215	-0.71554	6.0998	0	0
-0.39075	0.5507	4.3252	0.035852	0.38686	5.6041	0.2735	1.0969	5.3112	0	0
-0.39075	0.5507	4.3252	0.2735	1.0969	5.3112	-0.40672	1.1238	5.295	0	0
0.035852	0.38686	4.5778	0.2735	1.0969	5.3112	0.32645	1.112	6.0266	0	0
0.035852	0.38686	4.5778	-0.32761	-0.32944	6.058	-0.1037	0.50781	6.0765	0	0
0.035852	0.38686	4.5778	0.32645	1.112	6.0266	-0.1037	0.50781	6.0765	0	0
0.2735	1.0969	4.2849	0.60185	0.89616	4.6843	0.32645	1.112	6.0266	0	0
-0.32761	-0.32944	5.0317	-0.45215	-0.71554	6.0998	-0.3167	-0.29826	6.6523	0	0
-0.32761	-0.32944	5.0317	-0.1037	0.50781	6.0765	-0.3167	-0.29826	6.6523	0	0
0.32645	1.112	5.0003	-0.1037	0.50781	6.0765	0.30095	1.1021	6.8031	0	0
-0.45215	-0.71554	5.0735	-0.3167	-0.29826	6.6523	-0.59195	-0.91369	6.7385	0	0
-0.1037	0.50781	5.0502	-0.3167	-0.29826	6.6523	-0.13598	0.39563	6.7364	0	0
-0.1037	0.50781	5.0502	-0.13598	0.39563	6.7364	0.30095	1.1021	6.8031	0	0
-0.3167	-0.29826	5.6259	-0.13598	0.39563	6.7364	-0.42788	-0.25034	7.4039	0	0
-0.3167	-0.29826	5.6259	-0.59195	-0.91369	6.7385	-0.42788	-0.25034	7.4039	0	0
-0.13598	0.39563	5.7101	0.30095	1.1021	6.8031	-0.11615	0.77816	7.5529	0	0
-0.13598	0.39563	5.7101	-0.42788	-0.25034	7.4039	-0.11615	0.77816	7.5529	0	0
-0.59195	-0.91369	5.7121	-0.42788	-0.25034	7.4039	-0.56585	-0.73734	7.548	0	0
-0.59195	-0.91369	5.7121	-0.94701	-1.0701	7.415	-0.56585	-0.73734	7.548	0	0
0.30095	1.1021	5.7767	-0.11615	0.77816	7.5529	0.2734	1.0952	7.5373	0	0
-0.42788	-0.25034	6.3776	-0.56585	-0.73734	7.548	-0.4124	-0.22374	8.0443	0	0
-0.42788	-0.25034	6.3776	-0.54988	0.3956	7.5862	-0.11615	0.77816	7.5529	0	0
-0.42788	-0.25034	6.3776	-0.54988	0.3956	7.5862	-0.4124	-0.22374	8.0443	0	0
-0.94701	-1.0701	6.3887	-0.56585	-0.73734	7.548	-0.62795	-0.78214	8.0021	0	0
-0.94701	-1.0701	6.3887	-0.62795	-0.78214	8.0021	-1.0538	-0.90764	8.1021	0	0
-0.56585	-0.73734	6.5217	-0.4124	-0.22374	8.0443	-0.62795	-0.78214	8.0021	0	0
-0.54988	0.3956	6.5599	-0.11615	0.77816	7.5529	-0.51378	1.1669	7.4114	0	0
-0.54988	0.3956	6.5599	-0.51378	1.1669	7.4114	-0.4791	1.2056	8.0208	0	0
-0.54988	0.3956	6.5599	-0.4124	-0.22374	8.0443	-0.4438	0.46864	8.0486	0	0
-0.54988	0.3956	6.5599	-0.4438	0.46864	8.0486	-0.4791	1.2056	8.0208	0	0
-0.11615	0.77816	6.5266	-0.51378	1.1669	7.4114	0.2734	1.0952	7.5373	0	0
-0.51378	1.1669	6.385	0.2734	1.0952	7.5373	0.026352	1.5502	7.4657	0	0
-0.51378	1.1669	6.385	0.026352	1.5502	7.4657	-0.28695	1.5502	7.7489	0	0
-0.51378	1.1669	6.385	-0.28695	1.5502	7.7489	-0.4791	1.2056	8.0208	0	0
0.2734	1.0952	6.511	-0.4124	-0.22374	8.0443	0.2581	1.0921	8.0847	0	0
0.2734	1.0952	6.511	0.026352	1.5502	7.4657	0.2581	1.0921	8.0847	0	0
-0.4124	-0.22374	7.0179	-0.62795	-0.78214	8.0021	-0.89135	-0.40644	8.3197	0	0
-0.4124	-0.22374	7.0179	-0.4438	0.46864	8.0486	-0.89135	-0.40644	8.3197	0	0
-0.4124	-0.22374	7.0179	0.2581	1.0921	8.0847	0.18565	0.81736	8.7878	0	0
-0.4124	-0.22374	7.0179	0.18565	0.81736	8.7878	-0.4245	-0.22426	8.8192	0	0
-0.62795	-0.78214	6.9758	-1.0538	-0.90764	8.1021	-0.89135	-0.40644	8.3197	0	0
-0.4438	0.46864	7.0223	-0.4791	1.2056	8.0208	-0.46324	0.48506	8.815	0	0
-0.4438	0.46864	7.0223	-0.89135	-0.40644	8.3197	-0.46324	0.48506	8.815	0	0
-1.0538	-0.90764	7.0758	-0.89135	-0.40644	8.3197	-0.54655	-0.74849	8.802	0	0
-1.0538	-0.90764	7.0758	-0.54655	-0.74849	8.802	-0.85995	-1.0273	9.7054	0	0
0.026352	1.5502	6.4394	-0.28695	1.5502	7.7489	-0.034448	1.5586	8.1141	0	0
0.026352	1.5502	6.4394	0.2581	1.0921	8.0847	-0.034448	1.5586	8.1141	0	0
-0.28695	1.5502	6.7226	-0.31265	1.5695	7.8874	-0.4791	1.2056	8.0208	0	0
-0.28695	1.5502	6.7226	-0.31265	1.5695	7.8874	-0.034448	1.5586	8.1141	0	0
0.2581	1.0921	7.0584	-0.034448	1.5586	8.1141	0.038052	1.586	8.4944	0	0
0.2581	1.0921	7.0584	0.038052	1.586	8.4944	0.15865	1.3202	8.8175	0	0
0.2581	1.0921	7.0584	0.18565	0.81736	8.7878	0.15865	1.3202	8.8175	0	0
-0.31265	1.5695	6.8611	-0.4791	1.2056	8.0208	-0.16725	1.5609	8.5345	0	0
-0.31265	1.5695	6.8611	-0.034448	1.5586	8.1141	-0.16725	1.5609	8.5345	0	0
-0.4791	1.2056	6.9945	-0.16725	1.5609	8.5345	-0.43757	1.192	8.8144	0	0
-0.4791	1.2056	6.9945	-0.46324	0.48506	8.815	-0.43757	1.192	8.8144	0	0
-0.89135	-0.40644	7.2934	-0.54655	-0.74849	8.802	-0.4245	-0.22426	8.8192	0	0
-0.89135	-0.40644	7.2934	-0.4245	-0.22426	8.8192	-0.46324	0.48506	8.815	0	0
-0.034448	1.5586	7.0878	0.038052	1.586	8.4944	-0.16725	1.5609	8.5345	0	0
0.038052	1.586	7.4681	-0.16725	1.5609	8.5345	-0.2822	1.5457	9.3801	0	0
0.038052	1.586	7.4681	0.15865	1.3202	8.8175	-0.2822	1.5457	9.3801	0	0
-0.16725	1.5609	7.5082	-0.43757	1.192	8.8144	-0.2822	1.5457	9.3801	0	0
0.18565	0.81736	7.7615	-0.4245	-0.22426	8.8192	0.099852	0.53146	9.6678	0	0
0.18565	0.81736	7.7615	0.15865	1.3202	8.8175	0.1686	1.0787	9.5365	0	0
0.18565	0.81736	7.7615	0.1686	1.0787	9.5365	0.099852	0.53146	9.6678	0	0
-0.54655	-0.74849	7.7756	-0.4245	-0.22426	8.8192	-0.54215	-0.73694	9.5497	0	0
-0.54655	-0.74849	7.7756	-0.54215	-0.73694	9.5497	-0.85995	-1.0273	9.7054	0	0
-0.4245	-0.22426	7.7929	-0.54215	-0.73694	9.5497	-0.40325	-0.23239	9.5557	0	0
-0.4245	-0.22426	7.7929	-0.40325	-0.23239	9.5557	0.099852	0.53146	9.6678	0	0
-0.46324	0.48506	7.7886	-0.43757	1.192	8.8144	-0.50717	0.49754	9.5691	0	0
-0.46324	0.48506	7.7886	-0.40325	-0.23239	9.5557	-0.50717	0.49754	9.5691	0	0
-0.43757	1.192	7.7881	-0.2822	1.5457	9.3801	-0.4315	1.1788	9.5592	0	0
-0.43757	1.192	7.7881	-0.50717	0.49754	9.5691	-0.4315	1.1788	9.5592	0	0
0.15865	1.3202	7.7912	-0.2822	1.5457	9.3801	0.1686	1.0787	9.5365	0	0
-0.54215	-0.73694	8.5234	-0.40325	-0.23239	9.5557	-0.39457	-0.35364	10.274	0	0
-0.54215	-0.73694	8.5234	-0.85995	-1.0273	9.7054	-0.65628	-0.8273	10.225	0	0
-0.54215	-0.73694	8.5234	-0.65628	-0.8273	10.225	-0.39457	-0.35364	10.274	0	0
-0.40325	-0.23239	8.5294	-0.50717	0.49754	9.5691	-0.50472	0.53016	10.263	0	0
-0.40325	-0.23239	8.5294	-0.39457	-0.35364	10.274	-0.50472	0.53016	10.263	0	0
-0.2822	1.5457	8.3537	0.1686	1.0787	9.5365	-0.016698	1.5936	10.331	0	0
-0.2822	1.5457	8.3537	-0.4315	1.1788	9.5592	-0.25145	1.5798	10.313	0	0
-0.2822	1.5457	8.3537	-0.25145	1.5798	10.313	-0.016698	1.5936	10.331	0	0
0.1686	1.0787	8.5102	0.099852	0.53146	9.6678	0.23665	0.83626	10.139	0	0
0.1686	1.0787	8.5102	0.23665	0.83626	10.139	0.10795	1.333	10.31	0	0
0.1686	1.0787	8.5102	-0.016698	1.5936	10.331	0.10795	1.333	10.31	0	0
-0.50717	0.49754	8.5427	-0.4315	1.1788	9.5592	-0.50472	0.53016	10.263	0	0
0.099852	0.53146	8.6415	-0.39457	-0.35364	10.274	0.23665	0.83626	10.139	0	0
-0.65628	-0.8273	9.1986	-0.39457	-0.35364	10.274	-0.42485	-0.68119	11.11	0	0
-0.39457	-0.35364	9.2478	0.23665	0.83626	10.139	0.17135	0.54336	11.136	0	0
-0.39457	-0.35364	9.2478	-0.50472	0.53016	10.263	-0.35848	-0.20897	10.899	0	0
-0.39457	-0.35364	9.2478	-0.35848	-0.20897	10.899	-0.42485	-0.68119	11.11	0	0
-0.4315	1.1788	8.5329	-0.50472	0.53016	10.263	-0.4806	1.1799	10.32	0	0
-0.4315	1.1788	8.5329	-0.4806	1.1799	10.32	-0.25145	1.5798	10.313	0	0
0.23665	0.83626	9.1124	0.10795	1.333	10.31	0.21739	1.0475	10.913	0	0
0.23665	0.83626	9.1124	0.21739	1.0475	10.913	0.17135	0.54336	11.136	0	0
-0.50472	0.53016	9.2364	-0.4806	1.1799	10.32	-0.40839	0.43862	10.972	0	0
-0.50472	0.53016	9.2364	-0.35848	-0.20897	10.899	-0.40839	0.43862	10.972	0	0
-0.4806	1.1799	9.2938	-0.25145	1.5798	10.313	-0.36515	1.6128	11.053	0	0
-0.4806	1.1799	9.2938	-0.36515	1.6128	11.053	-0.52258	1.2767	11.081	0	0
-0.4806	1.1799	9.2938	-0.52258	1.2767	11.081	-0.40839	0.43862	10.972	0	0
-0.35848	-0.20897	9.8729	-0.40839	0.43862	10.972	-0.3805	-0.25454	11.548	0	0
-0.35848	-0.20897	9.8729	-0.42485	-0.68119	11.11	-0.3805	-0.25454	11.548	0	0
-0.25145	1.5798	9.2866	-0.016698	1.5936	10.331	-0.36515	1.6128	11.053	0	0
-0.016698	1.5936	9.3044	0.10795	1.333	10.31	-0.012848	1.6031	11.064	0	0
-0.016698	1.5936	9.3044	-0.012848	1.6031	11.064	-0.36515	1.6128	11.053	0	0
0.10795	1.333	9.284	0.21739	1.0475	10.913	-0.012848	1.6031	11.064	0	0
0.21739	1.0475	9.8871	-0.012848	1.6031	11.064	0.2639	1.1164	11.541	0	0
0.21739	1.0475	9.8871	0.17135	0.54336	11.136	0.2639	1.1164	11.541	0	0
-0.36515	1.6128	10.026	-0.52258	1.2767	11.081	-0.51385	1.2237	11.577	0	0
-0.52258	1.2767	10.054	-0.40839	0.43862	10.972	-0.47425	0.49099	11.542	0	0
-0.52258	1.2767	10.054	-0.47425	0.49099	11.542	-0.51385	1.2237	11.577	0	0
-0.40839	0.43862	9.946	-0.3805	-0.25454	11.548	-0.47425	0.49099	11.542	0	0
0.17135	0.54336	10.11	0.14235	0.54886	11.383	0.2639	1.1164	11.541	0	0
-0.42485	-0.68119	10.083	-0.3805	-0.25454	11.548	-0.73568	-0.83094	11.678	0	0
-0.3805	-0.25454	10.522	-0.73568	-0.83094	11.678	-0.96105	-0.55514	11.959	0	0
-0.3805	-0.25454	10.522	-0.47425	0.49099	11.542	-0.45897	0.4671	12.308	0	0
-0.3805	-0.25454	10.522	-0.96105	-0.55514	11.959	-0.37735	-0.30974	12.377	0	0
-0.3805	-0.25454	10.522	-0.37735	-0.30974	12.377	-0.45897	0.4671	12.308	0	0
-0.73568	-0.83094	10.652	-0.96105	-0.55514	11.959	-0.86515	-0.80664	12.027	0	0
-0.47425	0.49099	10.516	-0.51385	1.2237	11.577	-0.46937	1.2148	12.265	0	0
-0.47425	0.49099	10.516	-0.45897	0.4671	12.308	-0.46937	1.2148	12.265	0	0
-0.96105	-0.55514	10.932	-0.86515	-0.80664	12.027	-0.37735	-0.30974	12.377	0	0
-0.86515	-0.80664	11.001	-0.68505	-0.91876	12.451	-0.37735	-0.30974	12.377	0	0
-0.68505	-0.91876	11.424	-0.37735	-0.30974	12.377	-0.6718	-0.79579	12.916	0	0
-0.37735	-0.30974	11.351	-0.45897	0.4671	12.308	-0.45517	0.47934	13.071	0	0
-0.37735	-0.30974	11.351	-0.6718	-0.79579	12.916	-0.38811	-0.35657	12.961	0	0
-0.37735	-0.30974	11.351	-0.38811	-0.35657	12.961	-0.45517	0.47934	13.071	0	0
-0.45897	0.4671	11.282	-0.46937	1.2148	12.265	-0.3675	1.1734	13.003	0	0
-0.45897	0.4671	11.282	-0.45517	0.47934	13.071	-0.3675	1.1734	13.003	0	0
-0.6718	-0.79579	11.89	-0.38811	-0.35657	12.961	-0.42152	-0.31249	13.655	0	0
-0.6718	-0.79579	11.89	-0.42152	-0.31249	13.655	-0.48425	-0.71459	13.816	0	0
-0.38811	-0.35657	11.934	-0.45517	0.47934	13.071	-0.42152	-0.31249	13.655	0	0
-0.46937	1.2148	11.239	0.3201	1.1734	12.319	0.44915	1.7967	12.608	0	0
-0.46937	1.2148	11.239	-0.3675	1.1734	13.003	0.27305	1.7982	12.942	0	0
-0.46937	1.2148	11.239	0.44915	1.7967	12.608	0.27305	1.7982	12.942	0	0
-0.45517	0.47934	12.045	-0.3675	1.1734	13.003	-0.41085	1.0843	13.778	0	0
-0.45517	0.47934	12.045	-0.42152	-0.31249	13.655	-0.4279	0.48226	13.809	0	0
-0.45517	0.47934	12.045	-0.4279	0.48226	13.809	-0.41085	1.0843	13.778	0	0
-0.3675	1.1734	11.976	0.27305	1.7982	12.942	0.2212	1.1343	13.055	0	0
-0.42152	-0.31249	12.628	-0.48425	-0.71459	13.816	-0.34132	-0.30249	14.365	0	0
-0.42152	-0.31249	12.628	-0.4279	0.48226	13.809	-0.34132	-0.30249	14.365	0	0
-0.48425	-0.71459	12.79	-0.34132	-0.30249	14.365	-0.3805	-0.66844	14.533	0	0
-0.4279	0.48226	12.782	-0.34132	-0.30249	14.365	-0.45917	0.47431	14.571	0	0
-0.4279	0.48226	12.782	-0.41085	1.0843	13.778	-0.43095	1.0746	14.544	0	0
-0.4279	0.48226	12.782	-0.45917	0.47431	14.571	-0.43095	1.0746	14.544	0	0
-0.34132	-0.30249	13.339	-0.3805	-0.66844	14.533	-0.88565	-0.52164	15.158	0	0
-0.34132	-0.30249	13.339	-0.45917	0.47431	14.571	-0.88565	-0.52164	15.158	0	0
-0.3805	-0.66844	13.506	-0.45015	-0.71134	15.077	-0.88565	-0.52164	15.158	0	0
-0.45917	0.47431	13.544	-0.88565	-0.52164	15.158	-0.42075	0.48256	15.058	0	0
-0.45917	0.47431	13.544	-0.43095	1.0746	14.544	-0.42075	0.48256	15.058	0	0
-0.45015	-0.71134	14.05	-0.88565	-0.52164	15.158	-0.96415	-0.59844	15.237	0	0
-0.45015	-0.71134	14.05	-0.96415	-0.59844	15.237	-0.41911	-0.86022	15.823	0	0
-0.88565	-0.52164	14.132	-0.96415	-0.59844	15.237	-0.9813	-0.23194	15.939	0	0
-0.88565	-0.52164	14.132	-0.42075	0.48256	15.058	-0.9813	-0.23194	15.939	0	0
-0.36742	-0.36009	14.155	-0.42075	0.48256	15.058	0.16885	0.67156	15.048	0	0
-0.96415	-0.59844	14.211	-0.41911	-0.86022	15.823	-0.88385	-0.74594	16.35	0	0
-0.96415	-0.59844	14.211	-0.88385	-0.74594	16.35	-0.9813	-0.23194	15.939	0	0
-0.43095	1.0746	13.518	-0.42075	0.48256	15.058	-0.24235	1.0866	15.056	0	0
-0.42075	0.48256	14.032	0.16885	0.67156	15.048	-0.24235	1.0866	15.056	0	0
-0.42075	0.48256	14.032	-0.2845	1.1115	15.833	-0.41087	0.47619	15.805	0	0
-0.42075	0.48256	14.032	-0.41087	0.47619	15.805	-0.9813	-0.23194	15.939	0	0
0.16885	0.67156	14.021	-0.24235	1.0866	15.056	0.038752	1.0985	14.99	0	0
-0.2845	1.1115	14.806	0.086652	1.0978	15.893	-0.40285	1.0613	16.442	0	0
-0.2845	1.1115	14.806	-0.41087	0.47619	15.805	-0.40285	1.0613	16.442	0	0
0.15923	0.66041	14.794	0.086652	1.0978	15.893	0.19095	0.60506	16.561	0	0
0.086652	1.0978	14.867	-0.40285	1.0613	16.442	0.098052	1.2044	16.563	0	0
0.086652	1.0978	14.867	0.098052	1.2044	16.563	0.19095	0.60506	16.561	0	0
-0.41087	0.47619	14.779	-0.33885	0.3976	16.548	-0.40285	1.0613	16.442	0	0
-0.41087	0.47619	14.779	-0.33885	0.3976	16.548	-0.9813	-0.23194	15.939	0	0
-0.41911	-0.86022	14.797	-0.88385	-0.74594	16.35	-0.40575	-0.89959	16.375	0	0
0.0025521	-0.12704	15.073	-0.3584	-0.28179	16.533	-0.13335	-0.68374	16.621	0	0
0.0025521	-0.12704	15.073	-0.3584	-0.28179	16.533	-0.33885	0.3976	16.548	0	0
0.0025521	-0.12704	15.073	-0.13335	-0.68374	16.621	0.14772	-0.31664	17.336	0	0
0.0025521	-0.12704	15.073	-0.33885	0.3976	16.548	0.19095	0.60506	16.561	0	0
0.0025521	-0.12704	15.073	0.19095	0.60506	16.561	0.14772	-0.31664	17.336	0	0
-0.88385	-0.74594	15.324	-0.40575	-0.89959	16.375	-0.62545	-0.83467	17.168	0	0
-0.88385	-0.74594	15.324	-0.3584	-0.28179	16.533	-0.97425	-0.35344	16.392	0	0
-0.88385	-0.74594	15.324	-0.62545	-0.83467	17.168	-0.8889	-0.31899	17.315	0	0
-0.88385	-0.74594	15.324	-0.9813	-0.23194	15.939	-0.97425	-0.35344	16.392	0	0
-0.40575	-0.89959	15.348	-0.13335	-0.68374	16.621	-0.62545	-0.83467	17.168	0	0
-0.3584	-0.28179	15.506	-0.13335	-0.68374	16.621	-0.62545	-0.83467	17.168	0	0
-0.3584	-0.28179	15.506	-0.33885	0.3976	16.548	-0.97425	-0.35344	16.392	0	0
-0.3584	-0.28179	15.506	-0.62545	-0.83467	17.168	-0.42971	-0.24287	17.25	0	0
-0.13335	-0.68374	15.594	0.14772	-0.31664	17.336	0.13693	-0.69866	17.265	0	0
-0.33885	0.3976	15.521	-0.40285	1.0613	16.442	-0.38725	0.43935	17.265	0	0
-0.33885	0.3976	15.521	-0.42971	-0.24287	17.25	-0.38725	0.43935	17.265	0	0
-0.33885	0.3976	15.521	-0.9813	-0.23194	15.939	-0.97425	-0.35344	16.392	0	0
-0.40285	1.0613	15.416	0.098052	1.2044	16.563	-0.15665	1.2386	17.304	0	0
-0.40285	1.0613	15.416	-0.38725	0.43935	17.265	-0.15665	1.2386	17.304	0	0
0.098052	1.2044	15.537	0.19095	0.60506	16.561	0.2491	0.60551	17.313	0	0
0.098052	1.2044	15.537	0.2491	0.60551	17.313	0.062652	1.2484	17.309	0	0
0.098052	1.2044	15.537	-0.15665	1.2386	17.304	0.062652	1.2484	17.309	0	0
-0.62545	-0.83467	16.142	-0.8889	-0.31899	17.315	-0.29075	-0.65094	18.07	0	0
-0.62545	-0.83467	16.142	-0.29075	-0.65094	18.07	0.13693	-0.69866	17.265	0	0
-0.42971	-0.24287	16.224	-0.38725	0.43935	17.265	-0.62165	0.4732	17.91	0	0
-0.42971	-0.24287	16.224	-0.55715	-0.25834	18.062	-0.62165	0.4732	17.91	0	0
-0.42971	-0.24287	16.224	-0.55715	-0.25834	18.062	-0.29075	-0.65094	18.07	0	0
-0.38725	0.43935	16.239	0.2491	0.60551	17.313	-0.15665	1.2386	17.304	0	0
-0.38725	0.43935	16.239	-0.62165	0.4732	17.91	-0.38205	1.0578	18.07	0	0
0.19095	0.60506	15.535	0.2491	0.60551	17.313	0.14772	-0.31664	17.336	0	0
-0.8889	-0.31899	16.288	-0.9936	0.070962	17.954	-0.34635	-0.56554	18.285	0	0
-0.8889	-0.31899	16.288	-0.29075	-0.65094	18.07	-0.34635	-0.56554	18.285	0	0
0.2491	0.60551	16.286	0.062652	1.2484	17.309	0.10355	1.2579	18.077	0	0
0.2491	0.60551	16.286	0.10355	1.2579	18.077	0.21259	0.4143	18.048	0	0
0.2491	0.60551	16.286	0.21259	0.4143	18.048	0.14772	-0.31664	17.336	0	0
-0.15665	1.2386	16.278	0.062652	1.2484	17.309	-0.073448	1.5697	17.597	0	0
0.062652	1.2484	16.282	-0.073448	1.5697	17.597	0.10355	1.2579	18.077	0	0
-0.9936	0.070962	16.928	-0.55715	-0.25834	18.062	-0.62165	0.4732	17.91	0	0
-0.9936	0.070962	16.928	-0.62165	0.4732	17.91	-0.57545	0.52846	18.614	0	0
-0.073448	1.5697	16.57	0.10355	1.2579	18.077	-0.23995	1.5602	18.699	0	0
-0.62165	0.4732	16.884	-0.38205	1.0578	18.07	-0.57545	0.52846	18.614	0	0
-0.38205	1.0578	17.044	-0.57545	0.52846	18.614	-0.45155	1.1916	18.521	0	0
0.10355	1.2579	17.05	0.21259	0.4143	18.048	0.16085	1.0296	18.564	0	0
0.10355	1.2579	17.05	-0.23995	1.5602	18.699	0.16085	1.0296	18.564	0	0
0.022952	-0.076438	17.013	0.21259	0.4143	18.048	0.14772	-0.31664	17.336	0	0
0.022952	-0.076438	17.013	0.21259	0.4143	18.048	0.083602	0.26871	18.527	0	0
0.022952	-0.076438	17.013	-0.29075	-0.65094	18.07	-0.34635	-0.56554	18.285	0	0
0.022952	-0.076438	17.013	-0.29075	-0.65094	18.07	0.14772	-0.31664	17.336	0	0
0.022952	-0.076438	17.013	-0.34635	-0.56554	18.285	-0.33482	-0.38494	18.527	0	0
0.022952	-0.076438	17.013	-0.33482	-0.38494	18.527	0.083602	0.26871	18.527	0	0
0.21259	0.4143	17.022	0.083602	0.26871	18.527	0.16085	1.0296	18.564	0	0
-0.29075	-0.65094	17.044	0.14772	-0.31664	17.336	0.13693	-0.69866	17.265	0	0
-0.34635	-0.56554	17.259	-0.33482	-0.38494	18.527	-0.30967	-0.65984	19.43	0	0
-0.33482	-0.38494	17.501	0.083602	0.26871	18.527	-0.3333	-0.25534	19.303	0	0
-0.33482	-0.38494	17.501	-0.3333	-0.25534	19.303	-0.30967	-0.65984	19.43	0	0
0.083602	0.26871	17.501	0.16085	1.0296	18.564	0.012912	0.41294	19.344	0	0
0.083602	0.26871	17.501	-0.3333	-0.25534	19.303	0.012912	0.41294	19.344	0	0
-0.57545	0.52846	17.588	-0.45155	1.1916	18.521	-0.46765	1.1308	19.26	0	0
-0.57545	0.52846	17.588	-0.3333	-0.25534	19.303	-0.70147	0.45576	19.303	0	0
-0.57545	0.52846	17.588	-0.70147	0.45576	19.303	-0.46765	1.1308	19.26	0	0
-0.45155	1.1916	17.494	-0.23995	1.5602	18.699	-0.46765	1.1308	19.26	0	0
-0.23995	1.5602	17.673	0.16085	1.0296	18.564	0.26243	1.0638	19.343	0	0
-0.23995	1.5602	17.673	-0.46765	1.1308	19.26	-0.2114	1.6082	19.361	0	0
-0.23995	1.5602	17.673	0.26243	1.0638	19.343	-0.015798	1.6102	19.449	0	0
-0.23995	1.5602	17.673	-0.2114	1.6082	19.361	-0.015798	1.6102	19.449	0	0
0.16085	1.0296	17.538	0.012912	0.41294	19.344	0.26243	1.0638	19.343	0	0
-0.3333	-0.25534	18.277	-0.30967	-0.65984	19.43	-0.35305	-0.28614	20.053	0	0
-0.3333	-0.25534	18.277	-0.70147	0.45576	19.303	-0.70195	0.43951	20.061	0	0
-0.3333	-0.25534	18.277	0.012912	0.41294	19.344	-0.35305	-0.28614	20.053	0	0
-0.3333	-0.25534	18.277	-0.70195	0.43951	20.061	-0.10255	0.48991	20.051	0	0
-0.30967	-0.65984	18.403	-0.35305	-0.28614	20.053	-0.2813	-0.69894	20.021	0	0
-0.70147	0.45576	18.277	-0.46765	1.1308	19.26	-0.501	1.2706	20.018	0	0
-0.70147	0.45576	18.277	-0.70195	0.43951	20.061	-0.501	1.2706	20.018	0	0
-0.46765	1.1308	18.234	-0.2114	1.6082	19.361	-0.501	1.2706	20.018	0	0
0.012912	0.41294	18.317	0.26243	1.0638	19.343	0.28835	1.1383	19.911	0	0
0.012912	0.41294	18.317	-0.35305	-0.28614	20.053	-0.10255	0.48991	20.051	0	0
0.012912	0.41294	18.317	-0.10255	0.48991	20.051	0.28835	1.1383	19.911	0	0
0.26243	1.0638	18.316	-0.015798	1.6102	19.449	0.28835	1.1383	19.911	0	0
-0.2114	1.6082	18.335	-0.015798	1.6102	19.449	-0.26135	1.6477	20.091	0	0
-0.2114	1.6082	18.335	-0.501	1.2706	20.018	-0.26135	1.6477	20.091	0	0
-0.015798	1.6102	18.423	0.045752	1.7212	20.087	-0.26135	1.6477	20.091	0	0
-0.015798	1.6102	18.423	0.045752	1.7212	20.087	0.28835	1.1383	19.911	0	0
-0.70195	0.43951	19.035	-0.501	1.2706	20.018	-0.44551	1.2559	20.727	0	0
-0.70195	0.43951	19.035	-0.48658	0.37955	20.803	-0.44551	1.2559	20.727	0	0
-0.70195	0.43951	19.035	-0.48658	0.37955	20.803	-1.3729	0.25606	21.372	0	0
-0.35305	-0.28614	19.026	-0.2813	-0.69894	20.021	-0.30075	-0.65276	20.777	0	0
-0.35305	-0.28614	19.026	-0.10255	0.48991	20.051	-0.38382	-0.26259	20.793	0	0
-0.35305	-0.28614	19.026	-0.30075	-0.65276	20.777	-0.38382	-0.26259	20.793	0	0
-0.10255	0.48991	19.024	0.28835	1.1383	19.911	0.051352	0.73821	20.576	0	0
-0.10255	0.48991	19.024	-0.38382	-0.26259	20.793	0.051352	0.73821	20.576	0	0
-0.501	1.2706	18.992	-0.26135	1.6477	20.091	-0.44551	1.2559	20.727	0	0
0.045752	1.7212	19.061	-0.26135	1.6477	20.091	-0.44551	1.2559	20.727	0	0
0.045752	1.7212	19.061	0.28835	1.1383	19.911	0.58715	1.316	20.14	0	0
0.045752	1.7212	19.061	-0.44551	1.2559	20.727	0.34502	1.172	20.878	0	0
0.045752	1.7212	19.061	0.58715	1.316	20.14	0.34502	1.172	20.878	0	0
0.28835	1.1383	18.885	0.58715	1.316	20.14	0.051352	0.73821	20.576	0	0
-0.30075	-0.65276	19.751	-0.38382	-0.26259	20.793	-0.423	-0.26574	21.556	0	0
-0.30075	-0.65276	19.751	-0.3939	-0.77024	21.538	-0.423	-0.26574	21.556	0	0
-0.38382	-0.26259	19.767	0.051352	0.73821	20.576	0.2381	0.44926	21.314	0	0
-0.38382	-0.26259	19.767	-0.423	-0.26574	21.556	0.2381	0.44926	21.314	0	0
-0.48658	0.37955	19.777	-0.44551	1.2559	20.727	-0.54335	1.2539	21.341	0	0
-0.48658	0.37955	19.777	-0.39635	0.5562	21.475	0.2381	0.44926	21.314	0	0
-0.48658	0.37955	19.777	-0.39635	0.5562	21.475	-1.3729	0.25606	21.372	0	0
-0.44551	1.2559	19.701	0.34502	1.172	20.878	-0.54335	1.2539	21.341	0	0
0.58715	1.316	19.114	0.051352	0.73821	20.576	0.656	1.2231	20.593	0	0
0.051352	0.73821	19.55	0.34502	1.172	20.878	0.656	1.2231	20.593	0	0
0.051352	0.73821	19.55	0.34502	1.172	20.878	0.2381	0.44926	21.314	0	0
-0.3939	-0.77024	20.511	-0.423	-0.26574	21.556	-0.59085	-0.65714	22.028	0	0
0.34502	1.172	19.851	-0.54335	1.2539	21.341	0.95315	1.598	21.969	0	0
0.34502	1.172	19.851	0.656	1.2231	20.593	0.85285	1.191	21.302	0	0
0.34502	1.172	19.851	0.3645	0.98856	21.495	0.85285	1.191	21.302	0	0
0.34502	1.172	19.851	0.3645	0.98856	21.495	0.2381	0.44926	21.314	0	0
-0.54335	1.2539	20.315	-0.25505	1.1246	22.068	0.95315	1.598	21.969	0	0
0.3645	0.98856	20.468	0.19025	1.0859	22.049	0.21475	0.67251	22.012	0	0
0.3645	0.98856	20.468	0.19025	1.0859	22.049	0.95315	1.598	21.969	0	0
0.3645	0.98856	20.468	0.85285	1.191	21.302	0.95315	1.598	21.969	0	0
0.3645	0.98856	20.468	0.21475	0.67251	22.012	0.2381	0.44926	21.314	0	0
-0.39635	0.5562	20.449	-0.423	-0.26574	21.556	-0.415	0.47006	22.041	0	0
-0.39635	0.5562	20.449	-0.423	-0.26574	21.556	-1.105	-0.074787	21.691	0	0
-0.39635	0.5562	20.449	-0.415	0.47006	22.041	0.2381	0.44926	21.314	0	0
-0.39635	0.5562	20.449	-1.105	-0.074787	21.691	-1.3729	0.25606	21.372	0	0
-0.423	-0.26574	20.53	-0.415	0.47006	22.041	-0.35988	-0.3019	22.122	0	0
-0.423	-0.26574	20.53	-0.59085	-0.65714	22.028	-1.105	-0.074787	21.691	0	0
-0.423	-0.26574	20.53	-0.35988	-0.3019	22.122	0.3372	-0.36624	22.18	0	0
-0.423	-0.26574	20.53	0.2381	0.44926	21.314	0.3372	-0.36624	22.18	0	0
-0.415	0.47006	21.015	-0.35988	-0.3019	22.122	-0.47126	0.4628	22.806	0	0
-0.415	0.47006	21.015	-0.25505	1.1246	22.068	0.21475	0.67251	22.012	0	0
-0.415	0.47006	21.015	-0.25505	1.1246	22.068	-0.26585	1.0335	22.716	0	0
-0.415	0.47006	21.015	0.21475	0.67251	22.012	0.2381	0.44926	21.314	0	0
-0.415	0.47006	21.015	-0.47126	0.4628	22.806	-0.26585	1.0335	22.716	0	0
-0.59085	-0.65714	21.002	-0.35988	-0.3019	22.122	-0.6199	-0.31859	22.825	0	0
-0.59085	-0.65714	21.002	-1.105	-0.074787	21.691	-1.1567	-0.12344	22.002	0	0
-0.59085	-0.65714	21.002	-1.1567	-0.12344	22.002	-1.1862	-0.4681	22.686	0	0
-0.59085	-0.65714	21.002	-0.6199	-0.31859	22.825	-1.1862	-0.4681	22.686	0	0
-0.35988	-0.3019	21.095	-0.56622	-0.76911	22.772	0.154	-0.21294	22.793	0	0
-0.35988	-0.3019	21.095	-0.47126	0.4628	22.806	-0.6199	-0.31859	22.825	0	0
-0.35988	-0.3019	21.095	0.154	-0.21294	22.793	0.3372	-0.36624	22.18	0	0
-0.25505	1.1246	21.041	0.19025	1.0859	22.049	0.21475	0.67251	22.012	0	0
-0.25505	1.1246	21.041	0.19025	1.0859	22.049	0.011352	1.0912	22.825	0	0
-0.25505	1.1246	21.041	-0.26585	1.0335	22.716	0.011352	1.0912	22.825	0	0
0.19025	1.0859	21.022	0.95315	1.598	21.969	0.011352	1.0912	22.825	0	0
0.85285	1.191	20.275	0.2381	0.44926	21.314	0.65595	-0.22354	22.245	0	0
-0.56622	-0.76911	21.746	-0.61585	-0.67474	23.591	-0.6199	-0.31859	22.825	0	0
-0.56622	-0.76911	21.746	-0.61585	-0.67474	23.591	-1.0935	-0.92016	22.872	0	0
-0.56622	-0.76911	21.746	-0.6199	-0.31859	22.825	-1.1862	-0.4681	22.686	0	0
-0.56622	-0.76911	21.746	-1.1862	-0.4681	22.686	-1.0935	-0.92016	22.872	0	0
-0.56622	-0.76911	21.746	0.154	-0.21294	22.793	0.3931	-0.63109	22.812	0	0
-0.47126	0.4628	21.78	-0.26585	1.0335	22.716	-0.45125	0.44716	23.551	0	0
-0.47126	0.4628	21.78	-0.6199	-0.31859	22.825	-0.45125	0.44716	23.551	0	0
-0.26585	1.0335	21.69	0.011352	1.0912	22.825	-0.19085	1.1827	23.58	0	0
-0.26585	1.0335	21.69	-0.45125	0.44716	23.551	-0.19085	1.1827	23.58	0	0
-0.61585	-0.67474	22.565	0.059185	-0.32804	23.606	-0.69795	-0.32734	23.565	0	0
-0.61585	-0.67474	22.565	0.059185	-0.32804	23.606	0.34065	-0.69554	23.591	0	0
-0.61585	-0.67474	22.565	-0.6199	-0.31859	22.825	-0.69795	-0.32734	23.565	0	0
-0.61585	-0.67474	22.565	-1.0935	-0.92016	22.872	-1.2522	-1.1001	23.588	0	0
-0.61585	-0.67474	22.565	-1.2522	-1.1001	23.588	-0.88495	-0.79124	24.23	0	0
-0.61585	-0.67474	22.565	-0.65755	-0.88027	24.238	-0.88495	-0.79124	24.23	0	0
-0.61585	-0.67474	22.565	-0.65755	-0.88027	24.238	0.20085	-0.77226	24.295	0	0
-0.61585	-0.67474	22.565	0.20085	-0.77226	24.295	0.34065	-0.69554	23.591	0	0
0.059185	-0.32804	22.58	0.2188	0.55101	23.55	-0.45125	0.44716	23.551	0	0
0.059185	-0.32804	22.58	0.2188	0.55101	23.55	0.25115	-0.20677	24.211	0	0
0.059185	-0.32804	22.58	-0.45125	0.44716	23.551	-0.56201	-0.20524	24.273	0	0
0.059185	-0.32804	22.58	-0.56201	-0.20524	24.273	0.20085	-0.77226	24.295	0	0
0.059185	-0.32804	22.58	0.20085	-0.77226	24.295	0.25115	-0.20677	24.211	0	0
0.059185	-0.32804	22.58	0.34065	-0.69554	23.591	0.3931	-0.63109	22.812	0	0
0.011352	1.0912	21.799	0.036752	1.1831	23.557	-0.19085	1.1827	23.58	0	0
0.2381	0.44926	20.288	0.3372	-0.36624	22.18	0.65595	-0.22354	22.245	0	0
-1.105	-0.074787	20.664	-1.1567	-0.12344	22.002	-1.5789	-0.13094	22.108	0	0
-1.105	-0.074787	20.664	-1.3729	0.25606	21.372	-1.5789	-0.13094	22.108	0	0
-1.1567	-0.12344	20.976	-1.1862	-0.4681	22.686	-1.5789	-0.13094	22.108	0	0
0.2188	0.55101	22.524	0.036752	1.1831	23.557	0.35425	0.57406	24.307	0	0
0.2188	0.55101	22.524	0.35425	0.57406	24.307	0.25115	-0.20677	24.211	0	0
0.2188	0.55101	22.524	0.84775	-0.62624	23.106	0.88052	-0.3274	22.704	0	0
-0.6199	-0.31859	21.799	-0.69795	-0.32734	23.565	-0.45125	0.44716	23.551	0	0
-1.1862	-0.4681	21.66	-1.0935	-0.92016	22.872	-1.7044	-0.7402	22.887	0	0
-1.1862	-0.4681	21.66	-1.5789	-0.13094	22.108	-1.7044	-0.7402	22.887	0	0
-1.0935	-0.92016	21.846	-1.2522	-1.1001	23.588	-1.7044	-0.7402	22.887	0	0
-0.69795	-0.32734	22.539	-0.45125	0.44716	23.551	-0.9193	-0.076787	24.143	0	0
-0.69795	-0.32734	22.539	-0.88495	-0.79124	24.23	-0.9193	-0.076787	24.143	0	0
-0.45125	0.44716	22.525	-0.19085	1.1827	23.58	-0.48988	0.57153	24.206	0	0
-0.45125	0.44716	22.525	-0.48988	0.57153	24.206	-0.9193	-0.076787	24.143	0	0
0.036752	1.1831	22.53	-0.19085	1.1827	23.58	-0.070648	1.5571	24.502	0	0
0.036752	1.1831	22.53	0.35425	0.57406	24.307	0.092302	1.2865	24.319	0	0
0.036752	1.1831	22.53	0.092302	1.2865	24.319	-0.070648	1.5571	24.502	0	0
-1.2522	-1.1001	22.562	-0.88495	-0.79124	24.23	-1.895	-1.1264	23.905	0	0
-1.2522	-1.1001	22.562	-1.7044	-0.7402	22.887	-1.8615	-0.94627	23.51	0	0
-1.2522	-1.1001	22.562	-1.8615	-0.94627	23.51	-1.895	-1.1264	23.905	0	0
-0.65755	-0.88027	23.212	-0.88495	-0.79124	24.23	-0.56235	-0.98259	24.845	0	0
-0.65755	-0.88027	23.212	-0.56235	-0.98259	24.845	0.20085	-0.77226	24.295	0	0
-0.88495	-0.79124	23.204	-0.56235	-0.98259	24.845	-0.90285	-0.61954	24.875	0	0
-0.88495	-0.79124	23.204	-0.90285	-0.61954	24.875	-1.895	-1.1264	23.905	0	0
-0.88495	-0.79124	23.204	-0.9193	-0.076787	24.143	-0.9921	-0.30204	24.834	0	0
-0.19085	1.1827	22.553	-0.48988	0.57153	24.206	-0.22925	1.1973	24.317	0	0
-0.19085	1.1827	22.553	-0.22925	1.1973	24.317	-0.070648	1.5571	24.502	0	0
0.35425	0.57406	23.28	0.092302	1.2865	24.319	0.19245	1.2739	25.036	0	0
0.35425	0.57406	23.28	0.19245	1.2739	25.036	0.66172	0.44816	24.975	0	0
0.35425	0.57406	23.28	0.25115	-0.20677	24.211	0.6572	-0.24529	24.815	0	0
0.35425	0.57406	23.28	0.66172	0.44816	24.975	0.6572	-0.24529	24.815	0	0
-0.56201	-0.20524	23.247	-0.48988	0.57153	24.206	0.17749	-0.20924	24.888	0	0
-0.56201	-0.20524	23.247	-0.60445	-0.36564	25.114	-0.89945	0.26706	24.422	0	0
-0.56201	-0.20524	23.247	0.20085	-0.77226	24.295	0.17749	-0.20924	24.888	0	0
-0.48988	0.57153	23.179	-0.22925	1.1973	24.317	-0.44528	1.1017	24.921	0	0
-0.48988	0.57153	23.179	-0.4588	0.81476	25.072	-0.44528	1.1017	24.921	0	0
-0.48988	0.57153	23.179	-0.4588	0.81476	25.072	-0.89945	0.26706	24.422	0	0
-0.48988	0.57153	23.179	-0.9193	-0.076787	24.143	-0.89945	0.26706	24.422	0	0
-0.48988	0.57153	23.179	0.23865	0.44446	25.084	0.17749	-0.20924	24.888	0	0
-0.56235	-0.98259	23.818	-0.90285	-0.61954	24.875	-0.60445	-0.36564	25.114	0	0
-0.56235	-0.98259	23.818	-0.60445	-0.36564	25.114	0.10852	-0.74714	24.903	0	0
-0.56235	-0.98259	23.818	0.20085	-0.77226	24.295	0.10852	-0.74714	24.903	0	0
-0.90285	-0.61954	23.848	-0.60445	-0.36564	25.114	-0.9921	-0.30204	24.834	0	0
0.092302	1.2865	23.292	-0.070648	1.5571	24.502	0.19245	1.2739	25.036	0	0
-0.22925	1.1973	23.291	-0.070648	1.5571	24.502	-0.44528	1.1017	24.921	0	0
-0.070648	1.5571	23.476	0.19245	1.2739	25.036	-0.018081	1.6022	25.037	0	0
-0.070648	1.5571	23.476	-0.018081	1.6022	25.037	-0.44528	1.1017	24.921	0	0
-0.60445	-0.36564	24.087	-0.42345	-0.73714	25.519	-0.62845	-0.29764	25.565	0	0
-0.60445	-0.36564	24.087	-0.62845	-0.29764	25.565	-0.89475	-0.064838	25.368	0	0
-0.60445	-0.36564	24.087	0.10852	-0.74714	24.903	0.17749	-0.20924	24.888	0	0
-0.60445	-0.36564	24.087	-0.4588	0.81476	25.072	-0.89945	0.26706	24.422	0	0
-0.60445	-0.36564	24.087	-0.9921	-0.30204	24.834	-0.89475	-0.064838	25.368	0	0
-0.60445	-0.36564	24.087	0.10345	0.32781	25.549	0.17749	-0.20924	24.888	0	0
-0.42345	-0.73714	24.492	-0.62845	-0.29764	25.565	-0.1227	-0.41594	26.058	0	0
-0.42345	-0.73714	24.492	0.10852	-0.74714	24.903	0.15392	-0.8914	25.526	0	0
-0.42345	-0.73714	24.492	-0.1227	-0.41594	26.058	0.15392	-0.8914	25.526	0	0
-0.62845	-0.29764	24.539	-0.89475	-0.064838	25.368	-0.53875	-0.15177	26.196	0	0
-0.62845	-0.29764	24.539	-0.4519	0.44011	25.569	-0.1227	-0.41594	26.058	0	0
-0.62845	-0.29764	24.539	-0.53875	-0.15177	26.196	-0.39071	-0.69007	26.436	0	0
0.20085	-0.77226	23.269	0.10852	-0.74714	24.903	0.6572	-0.24529	24.815	0	0
0.20085	-0.77226	23.269	0.25115	-0.20677	24.211	0.6572	-0.24529	24.815	0	0
0.20085	-0.77226	23.269	0.34065	-0.69554	23.591	0.77965	-0.91354	23.662	0	0
0.10852	-0.74714	23.876	0.17749	-0.20924	24.888	0.6572	-0.24529	24.815	0	0
-0.4588	0.81476	24.045	0.23865	0.44446	25.084	0.19245	1.2739	25.036	0	0
-0.4588	0.81476	24.045	0.23865	0.44446	25.084	-0.4519	0.44011	25.569	0	0
-0.4588	0.81476	24.045	0.19245	1.2739	25.036	-0.44528	1.1017	24.921	0	0
-0.4588	0.81476	24.045	-0.4519	0.44011	25.569	-0.5612	1.2395	25.561	0	0
-0.9193	-0.076787	23.116	-0.9921	-0.30204	24.834	-0.89945	0.26706	24.422	0	0
0.23865	0.44446	24.058	0.19245	1.2739	25.036	0.3303	1.0826	25.548	0	0
0.23865	0.44446	24.058	0.10345	0.32781	25.549	-0.4519	0.44011	25.569	0	0
0.23865	0.44446	24.058	0.10345	0.32781	25.549	0.81262	0.58566	25.648	0	0
0.23865	0.44446	24.058	0.17749	-0.20924	24.888	0.66172	0.44816	24.975	0	0
0.23865	0.44446	24.058	0.66172	0.44816	24.975	0.81262	0.58566	25.648	0	0
0.19245	1.2739	24.009	-0.018081	1.6022	25.037	0.075752	1.721	25.588	0	0
0.19245	1.2739	24.009	0.075752	1.721	25.588	0.3303	1.0826	25.548	0	0
0.19245	1.2739	24.009	0.66172	0.44816	24.975	0.81262	0.58566	25.648	0	0
-0.9921	-0.30204	23.807	-0.89475	-0.064838	25.368	-1.0342	0.36408	24.889	0	0
-0.9921	-0.30204	23.807	-0.89945	0.26706	24.422	-1.0342	0.36408	24.889	0	0
-0.89475	-0.064838	24.341	-0.53875	-0.15177	26.196	-1.1659	0.45924	25.541	0	0
-0.89475	-0.064838	24.341	-1.0342	0.36408	24.889	-1.1659	0.45924	25.541	0	0
-0.018081	1.6022	24.011	0.075752	1.721	25.588	-0.20965	1.5844	25.621	0	0
-0.018081	1.6022	24.011	-0.20965	1.5844	25.621	-0.5612	1.2395	25.561	0	0
-0.018081	1.6022	24.011	-0.44528	1.1017	24.921	-0.5612	1.2395	25.561	0	0
0.075752	1.721	24.562	-0.20965	1.5844	25.621	-0.44435	1.6571	26.418	0	0
0.075752	1.721	24.562	0.3303	1.0826	25.548	0.1939	1.1617	26.29	0	0
0.075752	1.721	24.562	-0.44435	1.6571	26.418	0.37085	2.2796	26.511	0	0
-0.20965	1.5844	24.595	-0.5612	1.2395	25.561	-0.44435	1.6571	26.418	0	0
0.10345	0.32781	24.523	-0.4519	0.44011	25.569	0.11317	0.45303	26.287	0	0
0.10345	0.32781	24.523	0.17749	-0.20924	24.888	0.26805	-0.25924	25.715	0	0
0.10345	0.32781	24.523	0.26805	-0.25924	25.715	0.11317	0.45303	26.287	0	0
-0.4519	0.44011	24.542	-0.53875	-0.15177	26.196	-1.1918	0.54756	26.238	0	0
-0.4519	0.44011	24.542	-0.5612	1.2395	25.561	-0.5522	1.2715	26.074	0	0
-0.4519	0.44011	24.542	-0.5522	1.2715	26.074	0.11317	0.45303	26.287	0	0
-0.53875	-0.15177	25.169	-0.39071	-0.69007	26.436	-0.1227	-0.41594	26.058	0	0
-0.53875	-0.15177	25.169	-0.1227	-0.41594	26.058	0.11317	0.45303	26.287	0	0
-0.53875	-0.15177	25.169	0.11317	0.45303	26.287	-1.171	0.66716	27.045	0	0
-0.53875	-0.15177	25.169	-1.1918	0.54756	26.238	-1.171	0.66716	27.045	0	0
-0.44528	1.1017	23.895	-0.5612	1.2395	25.561	-1.0336	0.96496	25.703	0	0
-0.44528	1.1017	23.895	-0.89945	0.26706	24.422	-1.0342	0.36408	24.889	0	0
-0.44528	1.1017	23.895	-1.0342	0.36408	24.889	-1.0336	0.96496	25.703	0	0
-0.5612	1.2395	24.535	-0.5522	1.2715	26.074	-1.0336	0.96496	25.703	0	0
0.3303	1.0826	24.521	0.1939	1.1617	26.29	0.81262	0.58566	25.648	0	0
-0.5522	1.2715	25.047	-0.44435	1.6571	26.418	0.1939	1.1617	26.29	0	0
-0.5522	1.2715	25.047	-0.44435	1.6571	26.418	-1.0762	1.135	26.383	0	0
-0.5522	1.2715	25.047	0.11317	0.45303	26.287	0.1939	1.1617	26.29	0	0
-0.5522	1.2715	25.047	-1.0336	0.96496	25.703	-1.0762	1.135	26.383	0	0
-0.44435	1.6571	25.392	0.1939	1.1617	26.29	0.2694	1.8699	26.383	0	0
-0.44435	1.6571	25.392	0.2694	1.8699	26.383	-0.44275	1.8337	27.102	0	0
-0.44435	1.6571	25.392	-0.44275	1.8337	27.102	-1.1561	1.2942	27.092	0	0
-0.44435	1.6571	25.392	-1.1561	1.2942	27.092	-1.0762	1.135	26.383	0	0
-0.1227	-0.41594	25.032	0.15392	-0.8914	25.526	0.26805	-0.25924	25.715	0	0
-0.1227	-0.41594	25.032	0.26805	-0.25924	25.715	0.11317	0.45303	26.287	0	0
0.34065	-0.69554	22.564	0.77965	-0.91354	23.662	0.84775	-0.62624	23.106	0	0
0.34065	-0.69554	22.564	0.3931	-0.63109	22.812	0.84775	-0.62624	23.106	0	0
0.17749	-0.20924	23.862	0.15392	-0.8914	25.526	0.26805	-0.25924	25.715	0	0
0.17749	-0.20924	23.862	0.66172	0.44816	24.975	0.6572	-0.24529	24.815	0	0
0.154	-0.21294	21.767	0.3931	-0.63109	22.812	0.3372	-0.36624	22.18	0	0
0.11317	0.45303	25.26	0.1939	1.1617	26.29	0.72342	1.0219	26.401	0	0
0.11317	0.45303	25.26	-1.171	0.66716	27.045	-0.29025	1.3411	27.202	0	0
0.11317	0.45303	25.26	-0.29025	1.3411	27.202	0.8639	0.62481	26.575	0	0
0.11317	0.45303	25.26	0.72342	1.0219	26.401	0.8639	0.62481	26.575	0	0
0.1939	1.1617	25.264	0.2694	1.8699	26.383	0.72342	1.0219	26.401	0	0
0.2694	1.8699	25.357	0.37085	2.2796	26.511	0.30568	1.9962	27.098	0	0
0.2694	1.8699	25.357	0.37085	2.2796	26.511	0.72342	1.0219	26.401	0	0
0.2694	1.8699	25.357	-0.44275	1.8337	27.102	0.30568	1.9962	27.098	0	0
0.37085	2.2796	25.485	0.30568	1.9962	27.098	0.44235	2.2929	27.586	0	0
0.37085	2.2796	25.485	0.72342	1.0219	26.401	1.1543	1.0309	27.023	0	0
-1.1918	0.54756	25.212	-1.5835	0.40701	26.386	-1.1659	0.45924	25.541	0	0
-1.1918	0.54756	25.212	-1.5835	0.40701	26.386	-1.6032	0.93386	26.667	0	0
-1.1918	0.54756	25.212	-1.1659	0.45924	25.541	-1.0336	0.96496	25.703	0	0
-1.1918	0.54756	25.212	-1.6032	0.93386	26.667	-1.0762	1.135	26.383	0	0
-1.1918	0.54756	25.212	-1.0336	0.96496	25.703	-1.0762	1.135	26.383	0	0
-1.171	0.66716	26.019	-0.29025	1.3411	27.202	-1.1561	1.2942	27.092	0	0
-0.44275	1.8337	26.075	-0.40083	1.9232	27.751	0.10825	2.1963	27.576	0	0
-0.44275	1.8337	26.075	-0.40083	1.9232	27.751	-1.4209	1.5539	27.532	0	0
-0.44275	1.8337	26.075	0.30568	1.9962	27.098	0.10825	2.1963	27.576	0	0
-0.44275	1.8337	26.075	-1.1561	1.2942	27.092	-1.4209	1.5539	27.532	0	0
-0.29025	1.3411	26.176	-0.40083	1.9232	27.751	-1.3147	1.1609	27.813	0	0
-0.29025	1.3411	26.176	0.30568	1.9962	27.098	1.1543	1.0309	27.023	0	0
-0.29025	1.3411	26.176	-1.3147	1.1609	27.813	-1.1561	1.2942	27.092	0	0
-0.29025	1.3411	26.176	0.8639	0.62481	26.575	1.1543	1.0309	27.023	0	0
-0.40083	1.9232	26.724	-1.3147	1.1609	27.813	-0.71142	1.9394	28.343	0	0
-0.40083	1.9232	26.724	-0.71142	1.9394	28.343	0.11445	2.2429	28.089	0	0
-0.40083	1.9232	26.724	-1.2985	1.9022	28.368	-1.7246	2.1012	28.149	0	0
-0.40083	1.9232	26.724	0.10825	2.1963	27.576	0.11445	2.2429	28.089	0	0
-0.40083	1.9232	26.724	-1.4209	1.5539	27.532	-1.6492	1.7615	27.739	0	0
-0.40083	1.9232	26.724	-1.7246	2.1012	28.149	-1.6492	1.7615	27.739	0	0
0.30568	1.9962	26.072	0.10825	2.1963	27.576	0.44235	2.2929	27.586	0	0
-1.3147	1.1609	26.787	-0.71142	1.9394	28.343	-1.2985	1.9022	28.368	0	0
-1.3147	1.1609	26.787	-1.2985	1.9022	28.368	-1.7044	1.4623	28.538	0	0
-0.71142	1.9394	27.317	-1.2985	1.9022	28.368	-1.1185	2.4661	28.989	0	0
-0.71142	1.9394	27.317	0.11445	2.2429	28.089	-0.72875	2.4381	29.56	0	0
-0.71142	1.9394	27.317	-1.1185	2.4661	28.989	-0.72875	2.4381	29.56	0	0
-1.2985	1.9022	27.342	-1.7246	2.1012	28.149	-1.7316	2.4308	28.501	0	0
-1.2985	1.9022	27.342	-1.7316	2.4308	28.501	-1.1185	2.4661	28.989	0	0
0.3931	-0.63109	21.785	0.3372	-0.36624	22.18	0.65595	-0.22354	22.245	0	0
0.3931	-0.63109	21.785	0.84775	-0.62624	23.106	0.88052	-0.3274	22.704	0	0
0.3931	-0.63109	21.785	0.65595	-0.22354	22.245	0.88052	-0.3274	22.704	0	0
0.72342	1.0219	25.375	0.8639	0.62481	26.575	1.1543	1.0309	27.023	0	0
-1.0342	0.36408	23.863	-1.1659	0.45924	25.541	-1.0336	0.96496	25.703	0	0
-1.1561	1.2942	26.066	-1.4209	1.5539	27.532	-1.7671	1.1124	26.986	0	0
-1.1561	1.2942	26.066	-1.6032	0.93386	26.667	-1.7671	1.1124	26.986	0	0
-1.1561	1.2942	26.066	-1.6032	0.93386	26.667	-1.0762	1.135	26.383	0	0
0.10825	2.1963	26.55	0.44235	2.2929	27.586	0.11445	2.2429	28.089	0	0
-1.4209	1.5539	26.505	-1.7671	1.1124	26.986	-1.6492	1.7615	27.739	0	0
-1.7316	2.4308	27.475	-1.1185	2.4661	28.989	-1.7713	2.7764	28.897	0	0
-1.1185	2.4661	27.962	-1.7713	2.7764	28.897	-1.6864	2.9906	29.15	0	0
-1.1185	2.4661	27.962	-0.72875	2.4381	29.56	-1.1639	2.6667	29.562	0	0
-1.1185	2.4661	27.962	-1.1639	2.6667	29.562	-1.6864	2.9906	29.15	0	0
-1.1639	2.6667	28.535	-1.6947	2.9989	29.58	-1.6864	2.9906	29.15	0	0
-0.41205	2.6872	12.111	-2.35777519018003	11.0532634630666	13.0260876781715	0.200012276624122	2.23496261050865	11.9736072942994	1	1
-2.35777519018003	11.0532634630666	13.0260876781715	-2.1378606962815	14.8965581556471	13.2489308547686	-0.249096306123968	10.5267998777012	14.8579910199025	1	1
-2.1378606962815	14.8965581556471	13.2489308547686	-2.41693278584352	19.8956121946392	11.5031604677863	-0.397592186941077	14.478120473963	14.7564015839285	1	1
-2.41693278584352	19.8956121946392	11.5031604677863	-2.02318401150035	22.8844901171698	9.69072445321581	-1.70254358797641	20.8631531606671	13.3851092351624	1	1
-2.02318401150035	22.8844901171698	9.69072445321581	-0.0568775420480534	25.9585473546147	4.50389228231394	-1.64026067900971	23.5770396015732	9.56972138264771	1	1
-0.249096306123968	10.5267998777012	14.8579910199025	0.200012276624122	2.23496261050865	11.9736072942994	-2.35777519018003	11.0532634630666	13.0260876781715	1	1
-0.397592186941077	14.478120473963	14.7564015839285	-0.249096306123968	10.5267998777012	14.8579910199025	-2.1378606962815	14.8965581556471	13.2489308547686	1	1
-1.70254358797641	20.8631531606671	13.3851092351624	-0.397592186941077	14.478120473963	14.7564015839285	-2.41693278584352	19.8956121946392	11.5031604677863	1	1
-1.64026067900971	23.5770396015732	9.56972138264771	-1.70254358797641	20.8631531606671	13.3851092351624	-2.02318401150035	22.8844901171698	9.69072445321581	1	1
-2.35777519018003	11.0532634630666	13.0260876781715	-0.41205	2.6872	12.111	-1.80470530804677	2.16615116869765	12.7786395366271	1	1
-2.1378606962815	14.8965581556471	13.2489308547686	-2.35777519018003	11.0532634630666	13.0260876781715	-3.48916123107069	11.2946837428003	13.256608664225	1	1
-2.41693278584352	19.8956121946392	11.5031604677863	-2.1378606962815	14.8965581556471	13.2489308547686	-4.15497361319535	14.7731738428477	13.9574138480538	1	1
-2.02318401150035	22.8844901171698	9.69072445321581	-2.41693278584352	19.8956121946392	11.5031604677863	-4.36707683312816	20.7292448346536	12.0113968068481	1	1
-0.0568775420480534	25.9585473546147	4.50389228231394	-2.02318401150035	22.8844901171698	9.69072445321581	-4.07650980909358	23.5986112480206	9.49965569750084	1	1
-1.80470530804677	2.16615116869765	12.7786395366271	-3.48916123107069	11.2946837428003	13.256608664225	-2.35777519018003	11.0532634630666	13.0260876781715	1	1
-3.48916123107069	11.2946837428003	13.256608664225	-4.15497361319535	14.7731738428477	13.9574138480538	-2.1378606962815	14.8965581556471	13.2489308547686	1	1
-4.15497361319535	14.7731738428477	13.9574138480538	-4.36707683312816	20.7292448346536	12.0113968068481	-2.41693278584352	19.8956121946392	11.5031604677863	1	1
-4.36707683312816	20.7292448346536	12.0113968068481	-4.07650980909358	23.5986112480206	9.49965569750084	-2.02318401150035	22.8844901171698	9.69072445321581	1	1
0.12035	-1.5779	16.987	-0.886490572479341	-7.83065419771677	19.1976760301195	0.755237867201317	-1.34456975330524	16.3507102353818	2	1
-0.886490572479341	-7.83065419771677	19.1976760301195	-1.47353050238483	-12.5062450415822	20.4560070436284	0.421470525924963	-7.37728353641261	19.7959903777075	2	1
-1.47353050238483	-12.5062450415822	20.4560070436284	-1.33914927114779	-16.5279826488174	20.7448831861898	0.774680161578443	-12.8679496043827	20.5290127262232	2	1
-1.33914927114779	-16.5279826488174	20.7448831861898	-2.07435109274744	-21.9211811720665	21.4601538292617	-0.0890848677351822	-16.9539524814032	21.6464188366482	2	1
-2.07435109274744	-21.9211811720665	21.4601538292617	-2.22780525608448	-26.9160572426238	19.9832036102196	0.151874817618842	-21.5219512879178	21.2463307292083	2	1
-2.22780525608448	-26.9160572426238	19.9832036102196	-1.58284093128602	-30.478622285878	18.8983381382274	0.583935990644319	-27.754088448339	21.8163663061338	2	1
-1.58284093128602	-30.478622285878	18.8983381382274	-1.20365277354452	-33.2828089632237	16.7701813906814	1.04017998416998	-31.4861785808681	19.8625542703814	2	1
-1.20365277354452	-33.2828089632237	16.7701813906814	-0.522909044506959	-33.124114094607	11.1399118230629	0.723310446684333	-33.1471988450462	17.2391040348703	2	1
0.421470525924963	-7.37728353641261	19.7959903777075	0.755237867201317	-1.34456975330524	16.3507102353818	-0.886490572479341	-7.83065419771677	19.1976760301195	2	1
0.774680161578443	-12.8679496043827	20.5290127262232	0.421470525924963	-7.37728353641261	19.7959903777075	-1.47353050238483	-12.5062450415822	20.4560070436284	2	1
-0.0890848677351822	-16.9539524814032	21.6464188366482	0.774680161578443	-12.8679496043827	20.5290127262232	-1.33914927114779	-16.5279826488174	20.7448831861898	2	1
0.151874817618842	-21.5219512879178	21.2463307292083	-0.0890848677351822	-16.9539524814032	21.6464188366482	-2.07435109274744	-21.9211811720665	21.4601538292617	2	1
0.583935990644319	-27.754088448339	21.8163663061338	0.151874817618842	-21.5219512879178	21.2463307292083	-2.22780525608448	-26.9160572426238	19.9832036102196	2	1
1.04017998416998	-31.4861785808681	19.8625542703814	0.583935990644319	-27.754088448339	21.8163663061338	-1.58284093128602	-30.478622285878	18.8983381382274	2	1
0.723310446684333	-33.1471988450462	17.2391040348703	1.04017998416998	-31.4861785808681	19.8625542703814	-1.20365277354452	-33.2828089632237	16.7701813906814	2	1
-0.886490572479341	-7.83065419771677	19.1976760301195	0.12035	-1.5779	16.987	-1.2789471407576	-1.26225124180322	16.2885190297392	2	1
-1.47353050238483	-12.5062450415822	20.4560070436284	-0.886490572479341	-7.83065419771677	19.1976760301195	-2.15570210252603	-7.66501212307295	20.0923022365343	2	1
-1.33914927114779	-16.5279826488174	20.7448831861898	-1.47353050238483	-12.5062450415822	20.4560070436284	-2.08632810042896	-12.7998597292969	20.9318783907271	2	1
-2.07435109274744	-21.9211811720665	21.4601538292617	-1.33914927114779	-16.5279826488174	20.7448831861898	-3.38069698782164	-15.9467580116507	23.5370136566718	2	1
-2.22780525608448	-26.9160572426238	19.9832036102196	-2.07435109274744	-21.9211811720665	21.4601538292617	-2.8356528866508	-22.1454384138335	20.7239361249686	2	1
-1.58284093128602	-30.478622285878	18.8983381382274	-2.22780525608448	-26.9160572426238	19.9832036102196	-3.15323045944855	-26.604585520952	19.9809409619073	2	1
-1.20365277354452	-33.2828089632237	16.7701813906814	-1.58284093128602	-30.478622285878	18.8983381382274	-1.77490877492943	-31.8417396900044	19.920635128346	2	1
-1.2789471407576	-1.26225124180322	16.2885190297392	-2.15570210252603	-7.66501212307295	20.0923022365343	-0.886490572479341	-7.83065419771677	19.1976760301195	2	1
-2.15570210252603	-7.66501212307295	20.0923022365343	-2.08632810042896	-12.7998597292969	20.9318783907271	-1.47353050238483	-12.5062450415822	20.4560070436284	2	1
-2.08632810042896	-12.7998597292969	20.9318783907271	-3.38069698782164	-15.9467580116507	23.5370136566718	-1.33914927114779	-16.5279826488174	20.7448831861898	2	1
-3.38069698782164	-15.9467580116507	23.5370136566718	-2.8356528866508	-22.1454384138335	20.7239361249686	-2.07435109274744	-21.9211811720665	21.4601538292617	2	1
-2.8356528866508	-22.1454384138335	20.7239361249686	-3.15323045944855	-26.604585520952	19.9809409619073	-2.22780525608448	-26.9160572426238	19.9832036102196	2	1
-3.15323045944855	-26.604585520952	19.9809409619073	-1.77490877492943	-31.8417396900044	19.920635128346	-1.58284093128602	-30.478622285878	18.8983381382274	2	1
0.0037021	2.3981	21.682	0.652482810202837	7.60458924419507	24.533849435944	1.07377996418376	1.83636403912587	21.7173675148851	3	2
0.652482810202837	7.60458924419507	24.533849435944	1.13906396536981	12.4703581667435	27.1829694246003	1.44491373641681	7.81773764258988	24.6289382230926	3	2
1.13906396536981	12.4703581667435	27.1829694246003	1.62000011677966	16.6144016875201	28.2938800684761	2.96766906422441	11.7217420788227	27.8130056758184	3	2
1.62000011677966	16.6144016875201	28.2938800684761	2.32895368669782	21.300253356411	28.87241713112	3.09261333987484	16.4584815170295	28.2768872582489	3	2
2.32895368669782	21.300253356411	28.87241713112	2.66017805964589	25.025397497956	28.4747867129199	4.47669474922643	21.0927149408491	30.0672950430401	3	2
2.66017805964589	25.025397497956	28.4747867129199	3.42955293608627	28.8632928137699	27.7656611920449	4.57435097950558	24.6045529610836	28.875418799329	3	2
3.42955293608627	28.8632928137699	27.7656611920449	4.48106705562192	33.538959414799	24.952509261836	5.4303988707051	28.5785763954772	27.783482445477	3	2
4.48106705562192	33.538959414799	24.952509261836	4.9861321556934	35.7821955756012	22.3175219257071	6.49536057985406	33.3114654660062	24.2969234234448	3	2
4.9861321556934	35.7821955756012	22.3175219257071	6.15245346487086	37.7180727458789	19.3168942788046	7.84396723216679	36.1589018912018	22.1401992890671	3	2
6.15245346487086	37.7180727458789	19.3168942788046	5.73996768349488	39.3024608590156	16.2432837330272	7.39581602828167	38.0268673424118	19.3415615255218	3	2
5.73996768349488	39.3024608590156	16.2432837330272	5.36231349804037	41.3786349581936	10.0320211249812	7.90159004841498	39.2359314953653	16.0596371015594	3	2
1.44491373641681	7.81773764258988	24.6289382230926	1.07377996418376	1.83636403912587	21.7173675148851	0.652482810202837	7.60458924419507	24.533849435944	3	2
2.96766906422441	11.7217420788227	27.8130056758184	1.44491373641681	7.81773764258988	24.6289382230926	1.13906396536981	12.4703581667435	27.1829694246003	3	2
3.09261333987484	16.4584815170295	28.2768872582489	2.96766906422441	11.7217420788227	27.8130056758184	1.62000011677966	16.6144016875201	28.2938800684761	3	2
4.47669474922643	21.0927149408491	30.0672950430401	3.09261333987484	16.4584815170295	28.2768872582489	2.32895368669782	21.300253356411	28.87241713112	3	2
4.57435097950558	24.6045529610836	28.875418799329	4.47669474922643	21.0927149408491	30.0672950430401	2.66017805964589	25.025397497956	28.4747867129199	3	2
5.4303988707051	28.5785763954772	27.783482445477	4.57435097950558	24.6045529610836	28.875418799329	3.42955293608627	28.8632928137699	27.7656611920449	3	2
6.49536057985406	33.3114654660062	24.2969234234448	5.4303988707051	28.5785763954772	27.783482445477	4.48106705562192	33.538959414799	24.952509261836	3	2
7.84396723216679	36.1589018912018	22.1401992890671	6.49536057985406	33.3114654660062	24.2969234234448	4.9861321556934	35.7821955756012	22.3175219257071	3	2
7.39581602828167	38.0268673424118	19.3415615255218	7.84396723216679	36.1589018912018	22.1401992890671	6.15245346487086	37.7180727458789	19.3168942788046	3	2
7.90159004841498	39.2359314953653	16.0596371015594	7.39581602828167	38.0268673424118	19.3415615255218	5.73996768349488	39.3024608590156	16.2432837330272	3	2
0.652482810202837	7.60458924419507	24.533849435944	0.0037021	2.3981	21.682	-1.44946161604456	2.06084227290863	22.1192021330611	3	2
1.13906396536981	12.4703581667435	27.1829694246003	0.652482810202837	7.60458924419507	24.533849435944	-0.993711664958708	7.59485325824426	24.5244021863352	3	2
1.62000011677966	16.6144016875201	28.2938800684761	1.13906396536981	12.4703581667435	27.1829694246003	-1.52905772530733	12.0874973801011	27.5662236669639	3	2
2.32895368669782	21.300253356411	28.87241713112	1.62000011677966	16.6144016875201	28.2938800684761	-0.455444419229231	16.4331387036451	27.7260886291011	3	2
2.66017805964589	25.025397497956	28.4747867129199	2.32895368669782	21.300253356411	28.87241713112	-0.502968330467047	20.9757973655671	31.2235540898492	3	2
3.42955293608627	28.8632928137699	27.7656611920449	2.66017805964589	25.025397497956	28.4747867129199	-0.379939964557769	25.0791640105991	27.4066922784104	3	2
4.48106705562192	33.538959414799	24.952509261836	3.42955293608627	28.8632928137699	27.7656611920449	0.886977179426345	28.8390483884491	27.598987462903	3	2
4.9861321556934	35.7821955756012	22.3175219257071	4.48106705562192	33.538959414799	24.952509261836	3.17161160182592	33.011873610988	24.8021875736312	3	2
6.15245346487086	37.7180727458789	19.3168942788046	4.9861321556934	35.7821955756012	22.3175219257071	4.10759962670522	36.9041716581563	22.4378704017416	3	2
5.73996768349488	39.3024608590156	16.2432837330272	6.15245346487086	37.7180727458789	19.3168942788046	4.74420043472332	38.5015691236472	19.6209286010518	3	2
5.36231349804037	41.3786349581936	10.0320211249812	5.73996768349488	39.3024608590156	16.2432837330272	5.30071304874179	41.0171468138902	16.7374439115155	3	2
-1.44946161604456	2.06084227290863	22.1192021330611	-0.993711664958708	7.59485325824426	24.5244021863352	0.652482810202837	7.60458924419507	24.533849435944	3	2
-0.993711664958708	7.59485325824426	24.5244021863352	-1.52905772530733	12.0874973801011	27.5662236669639	1.13906396536981	12.4703581667435	27.1829694246003	3	2
-1.52905772530733	12.0874973801011	27.5662236669639	-0.455444419229231	16.4331387036451	27.7260886291011	1.62000011677966	16.6144016875201	28.2938800684761	3	2
-0.455444419229231	16.4331387036451	27.7260886291011	-0.502968330467047	20.9757973655671	31.2235540898492	2.32895368669782	21.300253356411	28.87241713112	3	2
-0.502968330467047	20.9757973655671	31.2235540898492	-0.379939964557769	25.0791640105991	27.4066922784104	2.66017805964589	25.025397497956	28.4747867129199	3	2
-0.379939964557769	25.0791640105991	27.4066922784104	0.886977179426345	28.8390483884491	27.598987462903	3.42955293608627	28.8632928137699	27.7656611920449	3	2
0.886977179426345	28.8390483884491	27.598987462903	3.17161160182592	33.011873610988	24.8021875736312	4.48106705562192	33.538959414799	24.952509261836	3	2
3.17161160182592	33.011873610988	24.8021875736312	4.10759962670522	36.9041716581563	22.4378704017416	4.9861321556934	35.7821955756012	22.3175219257071	3	2
4.10759962670522	36.9041716581563	22.4378704017416	4.74420043472332	38.5015691236472	19.6209286010518	6.15245346487086	37.7180727458789	19.3168942788046	3	2
4.74420043472332	38.5015691236472	19.6209286010518	5.30071304874179	41.0171468138902	16.7374439115155	5.73996768349488	39.3024608590156	16.2432837330272	3	2
0.23953	-1.8413	25.174	1.35043985824065	-5.46856527999983	27.5873164309248	0.97963554535377	-2.53476280379978	24.8022509658617	4	2
1.35043985824065	-5.46856527999983	27.5873164309248	2.61493593095559	-9.34208479204418	30.3132906025559	2.01498940063889	-5.08251732183466	28.1606283374772	4	2
2.61493593095559	-9.34208479204418	30.3132906025559	4.09235520698509	-13.2439169088213	32.62877933181	3.38168530341347	-7.72087686334029	31.6252939835512	4	2
4.09235520698509	-13.2439169088213	32.62877933181	5.37615796507119	-17.1084116330166	33.7637895762561	5.45882977558177	-13.4101128391618	32.921569318177	4	2
5.37615796507119	-17.1084116330166	33.7637895762561	6.17509105835862	-21.9747450008209	35.2810572605638	5.6613199252998	-17.1898846497149	34.1376417047623	4	2
6.17509105835862	-21.9747450008209	35.2810572605638	7.76931842173706	-25.9508326134601	35.4778208254646	8.43850092711506	-21.8543962086429	36.6894894294088	4	2
7.76931842173706	-25.9508326134601	35.4778208254646	9.49514347654555	-29.5321156592637	35.7322642101987	8.46886245873301	-25.8080134265768	35.971670711727	4	2
9.49514347654555	-29.5321156592637	35.7322642101987	11.4261985265956	-33.1456625626506	34.7602641789748	12.057964961345	-29.5037400828022	36.3907309319934	4	2
11.4261985265956	-33.1456625626506	34.7602641789748	13.4413666434737	-36.3732614107984	32.7032579815721	14.4814486823804	-33.1734362442287	34.3640124052395	4	2
13.4413666434737	-36.3732614107984	32.7032579815721	15.5550400041773	-39.8844840303338	30.6726758876113	15.3616084365567	-36.3162181131459	31.4361780636939	4	2
15.5550400041773	-39.8844840303338	30.6726758876113	18.0157225738762	-44.2295542936912	28.119561769976	17.0466606194995	-39.9098256201015	31.8542285710638	4	2
2.01498940063889	-5.08251732183466	28.1606283374772	0.97963554535377	-2.53476280379978	24.8022509658617	1.35043985824065	-5.46856527999983	27.5873164309248	4	2
3.38168530341347	-7.72087686334029	31.6252939835512	2.01498940063889	-5.08251732183466	28.1606283374772	2.61493593095559	-9.34208479204418	30.3132906025559	4	2
5.45882977558177	-13.4101128391618	32.921569318177	3.38168530341347	-7.72087686334029	31.6252939835512	4.09235520698509	-13.2439169088213	32.62877933181	4	2
5.6613199252998	-17.1898846497149	34.1376417047623	5.45882977558177	-13.4101128391618	32.921569318177	5.37615796507119	-17.1084116330166	33.7637895762561	4	2
8.43850092711506	-21.8543962086429	36.6894894294088	5.6613199252998	-17.1898846497149	34.1376417047623	6.17509105835862	-21.9747450008209	35.2810572605638	4	2
8.46886245873301	-25.8080134265768	35.971670711727	8.43850092711506	-21.8543962086429	36.6894894294088	7.76931842173706	-25.9508326134601	35.4778208254646	4	2
12.057964961345	-29.5037400828022	36.3907309319934	8.46886245873301	-25.8080134265768	35.971670711727	9.49514347654555	-29.5321156592637	35.7322642101987	4	2
14.4814486823804	-33.1734362442287	34.3640124052395	12.057964961345	-29.5037400828022	36.3907309319934	11.4261985265956	-33.1456625626506	34.7602641789748	4	2
15.3616084365567	-36.3162181131459	31.4361780636939	14.4814486823804	-33.1734362442287	34.3640124052395	13.4413666434737	-36.3732614107984	32.7032579815721	4	2
17.0466606194995	-39.9098256201015	31.8542285710638	15.3616084365567	-36.3162181131459	31.4361780636939	15.5550400041773	-39.8844840303338	30.6726758876113	4	2
1.35043985824065	-5.46856527999983	27.5873164309248	0.23953	-1.8413	25.174	-1.72235984704356	-1.99977239490628	25.1704705496097	4	2
2.61493593095559	-9.34208479204418	30.3132906025559	1.35043985824065	-5.46856527999983	27.5873164309248	-0.710091491988387	-5.12250947028569	28.2243895851122	4	2
4.09235520698509	-13.2439169088213	32.62877933181	2.61493593095559	-9.34208479204418	30.3132906025559	-0.650584954942751	-9.03704255731579	31.0074485015916	4	2
5.37615796507119	-17.1084116330166	33.7637895762561	4.09235520698509	-13.2439169088213	32.62877933181	0.862525659980348	-13.6115831069328	31.9622751033453	4	2
6.17509105835862	-21.9747450008209	35.2810572605638	5.37615796507119	-17.1084116330166	33.7637895762561	1.37205126827897	-16.2555764366104	35.6388579719351	4	2
7.76931842173706	-25.9508326134601	35.4778208254646	6.17509105835862	-21.9747450008209	35.2810572605638	3.49069401735044	-21.67683887242	35.2957985253562	4	2
9.49514347654555	-29.5321156592637	35.7322642101987	7.76931842173706	-25.9508326134601	35.4778208254646	6.64505161214733	-25.5821161163809	35.8711140057214	4	2
11.4261985265956	-33.1456625626506	34.7602641789748	9.49514347654555	-29.5321156592637	35.7322642101987	8.67414491338701	-29.2435456419046	35.3005190140785	4	2
13.4413666434737	-36.3732614107984	32.7032579815721	11.4261985265956	-33.1456625626506	34.7602641789748	9.65845363655459	-32.9196709700678	35.1170508993215	4	2
15.5550400041773	-39.8844840303338	30.6726758876113	13.4413666434737	-36.3732614107984	32.7032579815721	12.1754499632114	-36.27666204408	33.0293158920471	4	2
18.0157225738762	-44.2295542936912	28.119561769976	15.5550400041773	-39.8844840303338	30.6726758876113	14.7062501874479	-39.6061578581053	30.655001361621	4	2
-1.72235984704356	-1.99977239490628	25.1704705496097	-0.710091491988387	-5.12250947028569	28.2243895851122	1.35043985824065	-5.46856527999983	27.5873164309248	4	2
-0.710091491988387	-5.12250947028569	28.2243895851122	-0.650584954942751	-9.03704255731579	31.0074485015916	2.61493593095559	-9.34208479204418	30.3132906025559	4	2
-0.650584954942751	-9.03704255731579	31.0074485015916	0.862525659980348	-13.6115831069328	31.9622751033453	4.09235520698509	-13.2439169088213	32.62877933181	4	2
0.862525659980348	-13.6115831069328	31.9622751033453	1.37205126827897	-16.2555764366104	35.6388579719351	5.37615796507119	-17.1084116330166	33.7637895762561	4	2
1.37205126827897	-16.2555764366104	35.6388579719351	3.49069401735044	-21.67683887242	35.2957985253562	6.17509105835862	-21.9747450008209	35.2810572605638	4	2
3.49069401735044	-21.67683887242	35.2957985253562	6.64505161214733	-25.5821161163809	35.8711140057214	7.76931842173706	-25.9508326134601	35.4778208254646	4	2
6.64505161214733	-25.5821161163809	35.8711140057214	8.67414491338701	-29.2435456419046	35.3005190140785	9.49514347654555	-29.5321156592637	35.7322642101987	4	2
8.67414491338701	-29.2435456419046	35.3005190140785	9.65845363655459	-32.9196709700678	35.1170508993215	11.4261985265956	-33.1456625626506	34.7602641789748	4	2
9.65845363655459	-32.9196709700678	35.1170508993215	12.1754499632114	-36.27666204408	33.0293158920471	13.4413666434737	-36.3732614107984	32.7032579815721	4	2
12.1754499632114	-36.27666204408	33.0293158920471	14.7062501874479	-39.6061578581053	30.655001361621	15.5550400041773	-39.8844840303338	30.6726758876113	4	2
-0.096448	-0.21984	26.534	-1.0478276632605	2.63384166276632	28.7464398642742	0.881399647605135	0.76420742607694	25.5269987817244	5	2
-1.0478276632605	2.63384166276632	28.7464398642742	-1.89294584819419	6.56775974012111	31.1497331181564	2.01561573785388	3.67952451020308	27.6263979361548	5	2
-1.89294584819419	6.56775974012111	31.1497331181564	-2.98607880798674	10.7378921811283	33.397345461661	-0.194024547677778	6.29160805339915	31.2191484123805	5	2
-2.98607880798674	10.7378921811283	33.397345461661	-3.97037521591383	14.1063502774271	34.8048705537362	-1.98966915442591	11.0330368696528	33.8792516678117	5	2
-3.97037521591383	14.1063502774271	34.8048705537362	-5.0051464390651	17.9761406467926	36.1306251437353	-0.781687037407951	14.7336035703301	34.7151297998998	5	2
-5.0051464390651	17.9761406467926	36.1306251437353	-7.0535707202505	23.996459504663	36.406808169682	-1.75929977532298	17.8070215658706	36.3483939074324	5	2
-7.0535707202505	23.996459504663	36.406808169682	-8.65156797696084	27.0990080074467	35.9706414636848	-5.14665478175319	23.6565901091417	37.5458502617457	5	2
2.01561573785388	3.67952451020308	27.6263979361548	0.881399647605135	0.76420742607694	25.5269987817244	-1.0478276632605	2.63384166276632	28.7464398642742	5	2
-0.194024547677778	6.29160805339915	31.2191484123805	2.01561573785388	3.67952451020308	27.6263979361548	-1.89294584819419	6.56775974012111	31.1497331181564	5	2
-1.98966915442591	11.0330368696528	33.8792516678117	-0.194024547677778	6.29160805339915	31.2191484123805	-2.98607880798674	10.7378921811283	33.397345461661	5	2
-0.781687037407951	14.7336035703301	34.7151297998998	-1.98966915442591	11.0330368696528	33.8792516678117	-3.97037521591383	14.1063502774271	34.8048705537362	5	2
-1.75929977532298	17.8070215658706	36.3483939074324	-0.781687037407951	14.7336035703301	34.7151297998998	-5.0051464390651	17.9761406467926	36.1306251437353	5	2
-5.14665478175319	23.6565901091417	37.5458502617457	-1.75929977532298	17.8070215658706	36.3483939074324	-7.0535707202505	23.996459504663	36.406808169682	5	2
-1.0478276632605	2.63384166276632	28.7464398642742	-0.096448	-0.21984	26.534	-1.19289630328409	0.295104659836087	26.0989632866806	5	2
-1.89294584819419	6.56775974012111	31.1497331181564	-1.0478276632605	2.63384166276632	28.7464398642742	-3.18516670038777	1.09792112047612	30.0975255180145	5	2
-2.98607880798674	10.7378921811283	33.397345461661	-1.89294584819419	6.56775974012111	31.1497331181564	-4.51240669761508	5.7154559367217	32.2572028897809	5	2
-3.97037521591383	14.1063502774271	34.8048705537362	-2.98607880798674	10.7378921811283	33.397345461661	-5.61073643364775	9.82242734167955	34.2321604386424	5	2
-5.0051464390651	17.9761406467926	36.1306251437353	-3.97037521591383	14.1063502774271	34.8048705537362	-5.89779566773678	12.9123317225316	36.8423836021508	5	2
-7.0535707202505	23.996459504663	36.406808169682	-5.0051464390651	17.9761406467926	36.1306251437353	-6.21309253178677	17.6098557784624	37.8281289706266	5	2
-8.65156797696084	27.0990080074467	35.9706414636848	-7.0535707202505	23.996459504663	36.406808169682	-7.6937165384578	23.7538470579163	36.3729534489579	5	2
-1.19289630328409	0.295104659836087	26.0989632866806	-3.18516670038777	1.09792112047612	30.0975255180145	-1.0478276632605	2.63384166276632	28.7464398642742	5	2
-3.18516670038777	1.09792112047612	30.0975255180145	-4.51240669761508	5.7154559367217	32.2572028897809	-1.89294584819419	6.56775974012111	31.1497331181564	5	2
-4.51240669761508	5.7154559367217	32.2572028897809	-5.61073643364775	9.82242734167955	34.2321604386424	-2.98607880798674	10.7378921811283	33.397345461661	5	2
-5.61073643364775	9.82242734167955	34.2321604386424	-5.89779566773678	12.9123317225316	36.8423836021508	-3.97037521591383	14.1063502774271	34.8048705537362	5	2
-5.89779566773678	12.9123317225316	36.8423836021508	-6.21309253178677	17.6098557784624	37.8281289706266	-5.0051464390651	17.9761406467926	36.1306251437353	5	2
-6.21309253178677	17.6098557784624	37.8281289706266	-7.6937165384578	23.7538470579163	36.3729534489579	-7.0535707202505	23.996459504663	36.406808169682	5	2
0.66812	-1.503	30.237	0.544609644576043	-4.50776741604984	33.544467312907	2.00241559929766	-1.15349563943015	30.8509129238235	6	2
0.544609644576043	-4.50776741604984	33.544467312907	0.262785867167021	-7.69400473640509	36.5508394940852	1.96999389680325	-5.2733296958715	32.6892198053298	6	2
0.262785867167021	-7.69400473640509	36.5508394940852	0.290419553290798	-11.170411197285	38.7605451968981	2.13236670080048	-8.05248085438704	36.7279618818487	6	2
0.290419553290798	-11.170411197285	38.7605451968981	0.827898094808047	-15.5786244735449	40.4661130959905	1.80088890057604	-9.83860903248094	41.2349270580373	6	2
0.827898094808047	-15.5786244735449	40.4661130959905	1.68134540046525	-19.9448323550653	41.5679508344145	2.05222020166706	-14.9088135664647	43.6387090657623	6	2
1.68134540046525	-19.9448323550653	41.5679508344145	3.51699783828231	-24.4535820847316	42.4930684554607	3.75552477360305	-19.5944863665327	43.4160803256484	6	2
3.51699783828231	-24.4535820847316	42.4930684554607	5.10440091834183	-27.8515864373892	41.5638565470471	5.0148734799402	-24.7594375657665	43.8676552976969	6	2
5.10440091834183	-27.8515864373892	41.5638565470471	10.5820455473018	-33.3653084374341	38.9694330821812	7.28520675344814	-28.8893757363141	43.7982827912099	6	2
10.5820455473018	-33.3653084374341	38.9694330821812	11.9004872639642	-34.654048047726	38.1032427701659	11.0673725881792	-34.6218238178659	39.9020786537311	6	2
1.96999389680325	-5.2733296958715	32.6892198053298	2.00241559929766	-1.15349563943015	30.8509129238235	0.544609644576043	-4.50776741604984	33.544467312907	6	2
2.13236670080048	-8.05248085438704	36.7279618818487	1.96999389680325	-5.2733296958715	32.6892198053298	0.262785867167021	-7.69400473640509	36.5508394940852	6	2
1.80088890057604	-9.83860903248094	41.2349270580373	2.13236670080048	-8.05248085438704	36.7279618818487	0.290419553290798	-11.170411197285	38.7605451968981	6	2
2.05222020166706	-14.9088135664647	43.6387090657623	1.80088890057604	-9.83860903248094	41.2349270580373	0.827898094808047	-15.5786244735449	40.4661130959905	6	2
3.75552477360305	-19.5944863665327	43.4160803256484	2.05222020166706	-14.9088135664647	43.6387090657623	1.68134540046525	-19.9448323550653	41.5679508344145	6	2
5.0148734799402	-24.7594375657665	43.8676552976969	3.75552477360305	-19.5944863665327	43.4160803256484	3.51699783828231	-24.4535820847316	42.4930684554607	6	2
7.28520675344814	-28.8893757363141	43.7982827912099	5.0148734799402	-24.7594375657665	43.8676552976969	5.10440091834183	-27.8515864373892	41.5638565470471	6	2
11.0673725881792	-34.6218238178659	39.9020786537311	7.28520675344814	-28.8893757363141	43.7982827912099	10.5820455473018	-33.3653084374341	38.9694330821812	6	2
0.544609644576043	-4.50776741604984	33.544467312907	0.66812	-1.503	30.237	-2.94709474545698	-1.35730542798886	30.6887458271162	6	2
0.262785867167021	-7.69400473640509	36.5508394940852	0.544609644576043	-4.50776741604984	33.544467312907	-1.49933896468368	-4.00669652202127	34.0542063067682	6	2
0.290419553290798	-11.170411197285	38.7605451968981	0.262785867167021	-7.69400473640509	36.5508394940852	-3.03371148535145	-7.65205071733605	36.6878030732685	6	2
0.827898094808047	-15.5786244735449	40.4661130959905	0.290419553290798	-11.170411197285	38.7605451968981	-3.64193225532692	-11.0406605695517	38.0447082337118	6	2
1.68134540046525	-19.9448323550653	41.5679508344145	0.827898094808047	-15.5786244735449	40.4661130959905	-2.5069219112923	-15.3002666779687	39.7178413575459	6	2
3.51699783828231	-24.4535820847316	42.4930684554607	1.68134540046525	-19.9448323550653	41.5679508344145	-1.26982962397592	-19.3224273217382	42.2173068785872	6	2
5.10440091834183	-27.8515864373892	41.5638565470471	3.51699783828231	-24.4535820847316	42.4930684554607	1.55533684640618	-24.0844531790624	42.6872110936187	6	2
10.5820455473018	-33.3653084374341	38.9694330821812	5.10440091834183	-27.8515864373892	41.5638565470471	4.18797841970395	-27.3956386564452	41.7184844392352	6	2
11.9004872639642	-34.654048047726	38.1032427701659	10.5820455473018	-33.3653084374341	38.9694330821812	9.52346311792423	-33.7556143715475	40.2515345633475	6	2
-2.94709474545698	-1.35730542798886	30.6887458271162	-1.49933896468368	-4.00669652202127	34.0542063067682	0.544609644576043	-4.50776741604984	33.544467312907	6	2
-1.49933896468368	-4.00669652202127	34.0542063067682	-3.03371148535145	-7.65205071733605	36.6878030732685	0.262785867167021	-7.69400473640509	36.5508394940852	6	2
-3.03371148535145	-7.65205071733605	36.6878030732685	-3.64193225532692	-11.0406605695517	38.0447082337118	0.290419553290798	-11.170411197285	38.7605451968981	6	2
-3.64193225532692	-11.0406605695517	38.0447082337118	-2.5069219112923	-15.3002666779687	39.7178413575459	0.827898094808047	-15.5786244735449	40.4661130959905	6	2
-2.5069219112923	-15.3002666779687	39.7178413575459	-1.26982962397592	-19.3224273217382	42.2173068785872	1.68134540046525	-19.9448323550653	41.5679508344145	6	2
-1.26982962397592	-19.3224273217382	42.2173068785872	1.55533684640618	-24.0844531790624	42.6872110936187	3.51699783828231	-24.4535820847316	42.4930684554607	6	2
1.55533684640618	-24.0844531790624	42.6872110936187	4.18797841970395	-27.3956386564452	41.7184844392352	5.10440091834183	-27.8515864373892	41.5638565470471	6	2
4.18797841970395	-27.3956386564452	41.7184844392352	9.52346311792423	-33.7556143715475	40.2515345633475	10.5820455473018	-33.3653084374341	38.9694330821812	6	2
0.48025	-0.065238	32.487	-1.2776	-1.5731	35.774	0.80535	-0.11254	32.763	7	2
-1.2776	-1.5731	35.774	-3.7106	-3.0051	39.413	0.6961	-0.59294	36.29	7	2
0.6961	-0.59294	36.29	0.80535	-0.11254	32.763	-1.2776	-1.5731	35.774	7	2
-1.2776	-1.5731	35.774	0.48025	-0.065238	32.487	-3.3403	-1.2828	30.858	7	2
-3.7106	-3.0051	39.413	-1.2776	-1.5731	35.774	-3.4174	-1.3611	35.729	7	2
-3.3403	-1.2828	30.858	-3.4174	-1.3611	35.729	-1.2776	-1.5731	35.774	7	2
1.6541	2.9057	32.832	2.6356907275991	7.08766539731799	35.7233498541557	2.99404985151242	2.70892129254289	32.6782801713397	8	2
2.6356907275991	7.08766539731799	35.7233498541557	4.59060898965501	10.7901534359557	38.2726437725624	4.33538904760299	5.05779004659786	36.8798386485307	8	2
4.59060898965501	10.7901534359557	38.2726437725624	6.27340361342487	13.7460589942686	39.655402476945	7.45581555438561	9.79221289732535	39.0202337957588	8	2
6.27340361342487	13.7460589942686	39.655402476945	9.55611401143492	18.7800957653253	41.1288136383136	9.29787878290809	13.1974434719887	40.7564485104481	8	2
9.55611401143492	18.7800957653253	41.1288136383136	12.058544273488	22.0491424869455	41.0015787161207	12.2005829399651	18.6064550751099	42.1859845974021	8	2
12.058544273488	22.0491424869455	41.0015787161207	15.0430770379926	25.4529430872066	39.5920725397381	15.40067825111	22.3737784688273	40.9849424637791	8	2
15.0430770379926	25.4529430872066	39.5920725397381	17.3846429966789	28.8844991901785	36.1817693899759	17.4019825341059	25.51414218875	38.9817992154177	8	2
17.3846429966789	28.8844991901785	36.1817693899759	18.1011453312976	30.8781997121333	32.5207900629046	19.4781454409307	29.6783068413641	35.880997169133	8	2
18.1011453312976	30.8781997121333	32.5207900629046	18.126715172431	32.2138884711191	29.2837008268249	19.3443959932005	30.782642478373	32.4864592203005	8	2
4.33538904760299	5.05779004659786	36.8798386485307	2.99404985151242	2.70892129254289	32.6782801713397	2.6356907275991	7.08766539731799	35.7233498541557	8	2
7.45581555438561	9.79221289732535	39.0202337957588	4.33538904760299	5.05779004659786	36.8798386485307	4.59060898965501	10.7901534359557	38.2726437725624	8	2
9.29787878290809	13.1974434719887	40.7564485104481	7.45581555438561	9.79221289732535	39.0202337957588	6.27340361342487	13.7460589942686	39.655402476945	8	2
12.2005829399651	18.6064550751099	42.1859845974021	9.29787878290809	13.1974434719887	40.7564485104481	9.55611401143492	18.7800957653253	41.1288136383136	8	2
15.40067825111	22.3737784688273	40.9849424637791	12.2005829399651	18.6064550751099	42.1859845974021	12.058544273488	22.0491424869455	41.0015787161207	8	2
17.4019825341059	25.51414218875	38.9817992154177	15.40067825111	22.3737784688273	40.9849424637791	15.0430770379926	25.4529430872066	39.5920725397381	8	2
19.4781454409307	29.6783068413641	35.880997169133	17.4019825341059	25.51414218875	38.9817992154177	17.3846429966789	28.8844991901785	36.1817693899759	8	2
19.3443959932005	30.782642478373	32.4864592203005	19.4781454409307	29.6783068413641	35.880997169133	18.1011453312976	30.8781997121333	32.5207900629046	8	2
2.6356907275991	7.08766539731799	35.7233498541557	1.6541	2.9057	32.832	0.760605185800144	1.49614274808089	35.1061813697813	8	2
4.59060898965501	10.7901534359557	38.2726437725624	2.6356907275991	7.08766539731799	35.7233498541557	0.25527979427388	7.08643913043004	36.2408186625638	8	2
6.27340361342487	13.7460589942686	39.655402476945	4.59060898965501	10.7901534359557	38.2726437725624	1.95883986563207	11.2606765063016	38.1103090316354	8	2
9.55611401143492	18.7800957653253	41.1288136383136	6.27340361342487	13.7460589942686	39.655402476945	2.50420203089981	14.0112766435994	39.9877194811353	8	2
12.058544273488	22.0491424869455	41.0015787161207	9.55611401143492	18.7800957653253	41.1288136383136	6.11323703453712	18.743909622094	41.6489746950884	8	2
15.0430770379926	25.4529430872066	39.5920725397381	12.058544273488	22.0491424869455	41.0015787161207	9.29877774989026	21.7053606121533	40.630996137208	8	2
17.3846429966789	28.8844991901785	36.1817693899759	15.0430770379926	25.4529430872066	39.5920725397381	12.5033047054551	25.4126035697601	40.8811437023234	8	2
18.1011453312976	30.8781997121333	32.5207900629046	17.3846429966789	28.8844991901785	36.1817693899759	16.9193969731239	29.830683906812	36.9195834719608	8	2
18.126715172431	32.2138884711191	29.2837008268249	18.1011453312976	30.8781997121333	32.5207900629046	17.9149680497521	31.5391304281339	32.3816225074785	8	2
0.760605185800144	1.49614274808089	35.1061813697813	0.25527979427388	7.08643913043004	36.2408186625638	2.6356907275991	7.08766539731799	35.7233498541557	8	2
0.25527979427388	7.08643913043004	36.2408186625638	1.95883986563207	11.2606765063016	38.1103090316354	4.59060898965501	10.7901534359557	38.2726437725624	8	2
1.95883986563207	11.2606765063016	38.1103090316354	2.50420203089981	14.0112766435994	39.9877194811353	6.27340361342487	13.7460589942686	39.655402476945	8	2
2.50420203089981	14.0112766435994	39.9877194811353	6.11323703453712	18.743909622094	41.6489746950884	9.55611401143492	18.7800957653253	41.1288136383136	8	2
6.11323703453712	18.743909622094	41.6489746950884	9.29877774989026	21.7053606121533	40.630996137208	12.058544273488	22.0491424869455	41.0015787161207	8	2
9.29877774989026	21.7053606121533	40.630996137208	12.5033047054551	25.4126035697601	40.8811437023234	15.0430770379926	25.4529430872066	39.5920725397381	8	2
12.5033047054551	25.4126035697601	40.8811437023234	16.9193969731239	29.830683906812	36.9195834719608	17.3846429966789	28.8844991901785	36.1817693899759	8	2
16.9193969731239	29.830683906812	36.9195834719608	17.9149680497521	31.5391304281339	32.3816225074785	18.1011453312976	30.8781997121333	32.5207900629046	8	2
