-0.3475	-0.70784	0.031499	-0.41155	-0.34074	1.0263	-0.22515	-0.60134	1.8261	0	0
-0.41155	-0.34074	0	-0.087748	-0.21784	1.0423	-0.37868	0.45443	1.0936	0	0
-0.41155	-0.34074	0	-0.087748	-0.21784	1.0423	-0.1292	-0.21974	1.7978	0	0
-0.41155	-0.34074	0	-0.37868	0.45443	1.0936	-0.36431	0.45368	1.7658	0	0
-0.41155	-0.34074	0	-0.22515	-0.60134	1.8261	-0.1292	-0.21974	1.7978	0	0
-0.087748	-0.21784	0.015999	-0.37868	0.45443	1.0936	0.077885	0.65153	1.042	0	0
-0.087748	-0.21784	0.015999	0.077885	0.65153	1.042	0.58995	0.54246	1.7331	0	0
-0.087748	-0.21784	0.015999	-0.1292	-0.21974	1.7978	0.58995	0.54246	1.7331	0	0
-0.37868	0.45443	0.0673	0.077885	0.65153	1.042	0.090202	1.1281	1.0615	0	0
-0.37868	0.45443	0.0673	-0.36431	0.45368	1.7658	-0.23335	1.161	2.1406	0	0
-0.37868	0.45443	0.0673	0.090202	1.1281	1.0615	-0.23335	1.161	2.1406	0	0
-0.22515	-0.60134	0.79975	-0.1292	-0.21974	1.7978	0.21832	-0.029304	2.3827	0	0
-0.22515	-0.60134	0.79975	-0.15305	-0.60444	2.5182	0.21832	-0.029304	2.3827	0	0
0.077885	0.65153	0.015633	0.090202	1.1281	1.0615	0.65045	1.0875	1.0299	0	0
0.077885	0.65153	0.015633	0.65045	1.0875	1.0299	0.58995	0.54246	1.7331	0	0
-0.1292	-0.21974	0.77145	-0.36431	0.45368	1.7658	-0.53225	-0.15794	2.129	0	0
-0.1292	-0.21974	0.77145	-0.36431	0.45368	1.7658	0.17911	0.61674	1.8577	0	0
-0.1292	-0.21974	0.77145	-0.53225	-0.15794	2.129	-0.15305	-0.60444	2.5182	0	0
-0.1292	-0.21974	0.77145	0.58995	0.54246	1.7331	0.21832	-0.029304	2.3827	0	0
-0.36431	0.45368	0.7395	-0.53225	-0.15794	2.129	-0.33152	0.41281	2.5918	0	0
-0.36431	0.45368	0.7395	-0.33152	0.41281	2.5918	-0.23335	1.161	2.1406	0	0
0.090202	1.1281	0.03515	0.65045	1.0875	1.0299	0.2262	1.2084	1.817	0	0
0.090202	1.1281	0.03515	0.2262	1.2084	1.817	-0.23335	1.161	2.1406	0	0
-0.53225	-0.15794	1.1027	-0.33152	0.41281	2.5918	-0.13415	-0.24834	3.0499	0	0
0.65045	1.0875	0.003549	0.58995	0.54246	1.7331	0.65255	1.1118	1.7913	0	0
0.65045	1.0875	0.003549	0.2262	1.2084	1.817	0.65255	1.1118	1.7913	0	0
0.58995	0.54246	0.7068	0.17911	0.61674	1.8577	0.21832	-0.029304	2.3827	0	0
0.58995	0.54246	0.7068	0.17911	0.61674	1.8577	0.65255	1.1118	1.7913	0	0
0.17911	0.61674	0.83138	0.21832	-0.029304	2.3827	0.1928	0.65786	2.5434	0	0
0.17911	0.61674	0.83138	0.2262	1.2084	1.817	0.65255	1.1118	1.7913	0	0
0.17911	0.61674	0.83138	0.2262	1.2084	1.817	-0.23335	1.161	2.1406	0	0
0.17911	0.61674	0.83138	0.1928	0.65786	2.5434	-0.23335	1.161	2.1406	0	0
-0.15305	-0.60444	1.4919	0.21832	-0.029304	2.3827	-0.13415	-0.24834	3.0499	0	0
-0.15305	-0.60444	1.4919	-0.13415	-0.24834	3.0499	-0.20925	-0.38654	3.2845	0	0
0.21832	-0.029304	1.3563	0.1928	0.65786	2.5434	0.019302	0.37346	3.2258	0	0
0.21832	-0.029304	1.3563	-0.13415	-0.24834	3.0499	0.019302	0.37346	3.2258	0	0
-0.33152	0.41281	1.5654	0.019302	0.37346	3.2258	-0.19325	0.5944	3.2322	0	0
-0.33152	0.41281	1.5654	-0.19325	0.5944	3.2322	-0.24735	1.2865	3.1824	0	0
-0.33152	0.41281	1.5654	-0.23335	1.161	2.1406	-0.24735	1.2865	3.1824	0	0
0.1928	0.65786	1.5171	0.19635	1.1336	2.5602	0.59565	1.1524	2.462	0	0
0.1928	0.65786	1.5171	0.19635	1.1336	2.5602	-0.23335	1.161	2.1406	0	0
0.1928	0.65786	1.5171	0.59565	1.1524	2.462	0.58445	0.89706	3.0215	0	0
0.1928	0.65786	1.5171	0.019302	0.37346	3.2258	0.58445	0.89706	3.0215	0	0
-0.13415	-0.24834	2.0236	-0.20925	-0.38654	3.2845	0.019302	0.37346	3.2258	0	0
0.19635	1.1336	1.5339	0.58445	0.89706	3.0215	0.088202	1.1438	3.2618	0	0
0.19635	1.1336	1.5339	0.088202	1.1438	3.2618	-0.24735	1.2865	3.1824	0	0
0.19635	1.1336	1.5339	-0.23335	1.161	2.1406	-0.24735	1.2865	3.1824	0	0
-0.20925	-0.38654	2.2582	0.019302	0.37346	3.2258	-0.16545	-0.28084	4.0561	0	0
-0.20925	-0.38654	2.2582	-0.35048	-0.63784	3.8856	-0.16545	-0.28084	4.0561	0	0
0.019302	0.37346	2.1995	-0.19325	0.5944	3.2322	0.19198	0.45409	3.8968	0	0
0.019302	0.37346	2.1995	0.58445	0.89706	3.0215	0.5727	0.89226	3.8548	0	0
0.019302	0.37346	2.1995	-0.16545	-0.28084	4.0561	0.19198	0.45409	3.8968	0	0
-0.19325	0.5944	2.2059	0.19198	0.45409	3.8968	-0.17965	0.74516	4.0608	0	0
-0.19325	0.5944	2.2059	-0.24735	1.2865	3.1824	-0.17965	0.74516	4.0608	0	0
0.58445	0.89706	1.9952	0.088202	1.1438	3.2618	0.5727	0.89226	3.8548	0	0
0.088202	1.1438	2.2354	-0.24735	1.2865	3.1824	0.11245	1.1443	4.0705	0	0
0.088202	1.1438	2.2354	0.5727	0.89226	3.8548	0.11245	1.1443	4.0705	0	0
-0.35048	-0.63784	2.8592	-0.16545	-0.28084	4.0561	-0.2666	-0.57164	4.7374	0	0
-0.16545	-0.28084	3.0298	0.19198	0.45409	3.8968	0.12835	-0.030738	4.352	0	0
-0.16545	-0.28084	3.0298	0.12835	-0.030738	4.352	-0.15805	-0.24374	4.5619	0	0
-0.16545	-0.28084	3.0298	-0.15805	-0.24374	4.5619	-0.2666	-0.57164	4.7374	0	0
0.19198	0.45409	2.8704	0.5727	0.89226	3.8548	0.2311	0.63296	4.6118	0	0
0.19198	0.45409	2.8704	-0.17965	0.74516	4.0608	-0.1763	0.49556	4.57	0	0
0.19198	0.45409	2.8704	0.12835	-0.030738	4.352	0.2311	0.63296	4.6118	0	0
-0.24735	1.2865	2.1561	-0.17965	0.74516	4.0608	-0.41335	1.134	4.6148	0	0
-0.24735	1.2865	2.1561	0.11245	1.1443	4.0705	-0.41335	1.134	4.6148	0	0
0.5727	0.89226	2.8285	0.11245	1.1443	4.0705	0.23795	1.2918	4.5479	0	0
0.5727	0.89226	2.8285	0.2311	0.63296	4.6118	0.60185	0.89616	4.6843	0	0
0.5727	0.89226	2.8285	0.23795	1.2918	4.5479	0.60185	0.89616	4.6843	0	0
-0.17965	0.74516	3.0345	-0.1763	0.49556	4.57	-0.41335	1.134	4.6148	0	0
0.12835	-0.030738	3.3257	-0.1763	0.49556	4.57	-0.15805	-0.24374	4.5619	0	0
0.12835	-0.030738	3.3257	0.2311	0.63296	4.6118	-0.13315	-0.26594	5.0635	0	0
0.11245	1.1443	3.0442	-0.41335	1.134	4.6148	0.23795	1.2918	4.5479	0	0
-0.1763	0.49556	3.5437	-0.15805	-0.24374	4.5619	-0.13315	-0.26594	5.0635	0	0
-0.1763	0.49556	3.5437	-0.13315	-0.26594	5.0635	-0.39075	0.5507	5.3515	0	0
-0.1763	0.49556	3.5437	-0.41335	1.134	4.6148	-0.39075	0.5507	5.3515	0	0
-0.15805	-0.24374	3.5356	-0.2666	-0.57164	4.7374	-0.13315	-0.26594	5.0635	0	0
-0.2666	-0.57164	3.7111	-0.13315	-0.26594	5.0635	-0.40125	-0.59064	5.3859	0	0
0.2311	0.63296	3.5854	-0.13315	-0.26594	5.0635	0.035852	0.38686	5.6041	0	0
0.2311	0.63296	3.5854	0.035852	0.38686	5.6041	0.60185	0.89616	4.6843	0	0
-0.13315	-0.26594	4.0372	-0.36955	-0.2854	5.3799	-0.40125	-0.59064	5.3859	0	0
-0.13315	-0.26594	4.0372	-0.36955	-0.2854	5.3799	0.035852	0.38686	5.6041	0	0
-0.41335	1.134	3.5884	0.23795	1.2918	4.5479	-0.40672	1.1238	5.295	0	0
-0.41335	1.134	3.5884	-0.39075	0.5507	5.3515	-0.40672	1.1238	5.295	0	0
0.23795	1.2918	3.5216	0.2735	1.0969	5.3112	0.60185	0.89616	4.6843	0	0
0.23795	1.2918	3.5216	0.2735	1.0969	5.3112	-0.40672	1.1238	5.295	0	0
-0.36955	-0.2854	4.3535	-0.40125	-0.59064	5.3859	-0.32761	-0.32944	6.058	0	0
-0.36955	-0.2854	4.3535	0.035852	0.38686	5.6041	-0.32761	-0.32944	6.058	0	0
-0.40125	-0.59064	4.3596	-0.32761	-0.32944	6.058	-0.45215	-0.71554	6.0998	0	0
-0.39075	0.5507	4.3252	0.035852	0.38686	5.6041	0.2735	1.0969	5.3112	0	0
-0.39075	0.5507	4.3252	0.2735	1.0969	5.3112	-0.40672	1.1238	5.295	0	0
0.035852	0.38686	4.5778	0.2735	1.0969	5.3112	0.32645	1.112	6.0266	0	0
0.035852	0.38686	4.5778	-0.32761	-0.32944	6.058	-0.1037	0.50781	6.0765	0	0
0.035852	0.38686	4.5778	0.32645	1.112	6.0266	-0.1037	0.50781	6.0765	0	0
0.2735	1.0969	4.2849	0.60185	0.89616	4.6843	0.32645	1.112	6.0266	0	0
-0.32761	-0.32944	5.0317	-0.45215	-0.71554	6.0998	-0.3167	-0.29826	6.6523	0	0
-0.32761	-0.32944	5.0317	-0.1037	0.50781	6.0765	-0.3167	-0.29826	6.6523	0	0
0.32645	1.112	5.0003	-0.1037	0.50781	6.0765	0.30095	1.1021	6.8031	0	0
-0.45215	-0.71554	5.0735	-0.3167	-0.29826	6.6523	-0.59195	-0.91369	6.7385	0	0
-0.1037	0.50781	5.0502	-0.3167	-0.29826	6.6523	-0.13598	0.39563	6.7364	0	0
-0.1037	0.50781	5.0502	-0.13598	0.39563	6.7364	0.30095	1.1021	6.8031	0	0
-0.3167	-0.29826	5.6259	-0.13598	0.39563	6.7364	-0.42788	-0.25034	7.4039	0	0
-0.3167	-0.29826	5.6259	-0.59195	-0.91369	6.7385	-0.42788	-0.25034	7.4039	0	0
-0.13598	0.39563	5.7101	0.30095	1.1021	6.8031	-0.11615	0.77816	7.5529	0	0
-0.13598	0.39563	5.7101	-0.42788	-0.25034	7.4039	-0.11615	0.77816	7.5529	0	0
-0.59195	-0.91369	5.7121	-0.42788	-0.25034	7.4039	-0.56585	-0.73734	7.548	0	0
-0.59195	-0.91369	5.7121	-0.94701	-1.0701	7.415	-0.56585	-0.73734	7.548	0	0
0.30095	1.1021	5.7767	-0.11615	0.77816	7.5529	0.2734	1.0952	7.5373	0	0
-0.42788	-0.25034	6.3776	-0.56585	-0.73734	7.548	-0.4124	-0.22374	8.0443	0	0
-0.42788	-0.25034	6.3776	-0.54988	0.3956	7.5862	-0.11615	0.77816	7.5529	0	0
-0.42788	-0.25034	6.3776	-0.54988	0.3956	7.5862	-0.4124	-0.22374	8.0443	0	0
-0.94701	-1.0701	6.3887	-0.56585	-0.73734	7.548	-0.62795	-0.78214	8.0021	0	0
-0.94701	-1.0701	6.3887	-0.62795	-0.78214	8.0021	-1.0538	-0.90764	8.1021	0	0
-0.56585	-0.73734	6.5217	-0.4124	-0.22374	8.0443	-0.62795	-0.78214	8.0021	0	0
-0.54988	0.3956	6.5599	-0.11615	0.77816	7.5529	-0.51378	1.1669	7.4114	0	0
-0.54988	0.3956	6.5599	-0.51378	1.1669	7.4114	-0.4791	1.2056	8.0208	0	0
-0.54988	0.3956	6.5599	-0.4124	-0.22374	8.0443	-0.4438	0.46864	8.0486	0	0
-0.54988	0.3956	6.5599	-0.4438	0.46864	8.0486	-0.4791	1.2056	8.0208	0	0
-0.11615	0.77816	6.5266	-0.51378	1.1669	7.4114	0.2734	1.0952	7.5373	0	0
-0.51378	1.1669	6.385	0.2734	1.0952	7.5373	0.026352	1.5502	7.4657	0	0
-0.51378	1.1669	6.385	0.026352	1.5502	7.4657	-0.28695	1.5502	7.7489	0	0
-0.51378	1.1669	6.385	-0.28695	1.5502	7.7489	-0.4791	1.2056	8.0208	0	0
0.2734	1.0952	6.511	-0.4124	-0.22374	8.0443	0.2581	1.0921	8.0847	0	0
0.2734	1.0952	6.511	0.026352	1.5502	7.4657	0.2581	1.0921	8.0847	0	0
-0.4124	-0.22374	7.0179	-0.62795	-0.78214	8.0021	-0.89135	-0.40644	8.3197	0	0
-0.4124	-0.22374	7.0179	-0.4438	0.46864	8.0486	-0.89135	-0.40644	8.3197	0	0
-0.4124	-0.22374	7.0179	0.2581	1.0921	8.0847	0.18565	0.81736	8.7878	0	0
-0.4124	-0.22374	7.0179	0.18565	0.81736	8.7878	-0.4245	-0.22426	8.8192	0	0
-0.62795	-0.78214	6.9758	-1.0538	-0.90764	8.1021	-0.89135	-0.40644	8.3197	0	0
-0.4438	0.46864	7.0223	-0.4791	1.2056	8.0208	-0.46324	0.48506	8.815	0	0
-0.4438	0.46864	7.0223	-0.89135	-0.40644	8.3197	-0.46324	0.48506	8.815	0	0
-1.0538	-0.90764	7.0758	-0.89135	-0.40644	8.3197	-0.54655	-0.74849	8.802	0	0
-1.0538	-0.90764	7.0758	-0.54655	-0.74849	8.802	-0.85995	-1.0273	9.7054	0	0
0.026352	1.5502	6.4394	-0.28695	1.5502	7.7489	-0.034448	1.5586	8.1141	0	0
0.026352	1.5502	6.4394	0.2581	1.0921	8.0847	-0.034448	1.5586	8.1141	0	0
-0.28695	1.5502	6.7226	-0.31265	1.5695	7.8874	-0.4791	1.2056	8.0208	0	0
-0.28695	1.5502	6.7226	-0.31265	1.5695	7.8874	-0.034448	1.5586	8.1141	0	0
0.2581	1.0921	7.0584	-0.034448	1.5586	8.1141	0.038052	1.586	8.4944	0	0
0.2581	1.0921	7.0584	0.038052	1.586	8.4944	0.15865	1.3202	8.8175	0	0
0.2581	1.0921	7.0584	0.18565	0.81736	8.7878	0.15865	1.3202	8.8175	0	0
-0.31265	1.5695	6.8611	-0.4791	1.2056	8.0208	-0.16725	1.5609	8.5345	0	0
-0.31265	1.5695	6.8611	-0.034448	1.5586	8.1141	-0.16725	1.5609	8.5345	0	0
-0.4791	1.2056	6.9945	-0.16725	1.5609	8.5345	-0.43757	1.192	8.8144	0	0
-0.4791	1.2056	6.9945	-0.46324	0.48506	8.815	-0.43757	1.192	8.8144	0	0
-0.89135	-0.40644	7.2934	-0.54655	-0.74849	8.802	-0.4245	-0.22426	8.8192	0	0
-0.89135	-0.40644	7.2934	-0.4245	-0.22426	8.8192	-0.46324	0.48506	8.815	0	0
-0.034448	1.5586	7.0878	0.038052	1.586	8.4944	-0.16725	1.5609	8.5345	0	0
0.038052	1.586	7.4681	-0.16725	1.5609	8.5345	-0.2822	1.5457	9.3801	0	0
0.038052	1.586	7.4681	0.15865	1.3202	8.8175	-0.2822	1.5457	9.3801	0	0
-0.16725	1.5609	7.5082	-0.43757	1.192	8.8144	-0.2822	1.5457	9.3801	0	0
0.18565	0.81736	7.7615	-0.4245	-0.22426	8.8192	0.099852	0.53146	9.6678	0	0
0.18565	0.81736	7.7615	0.15865	1.3202	8.8175	0.1686	1.0787	9.5365	0	0
0.18565	0.81736	7.7615	0.1686	1.0787	9.5365	0.099852	0.53146	9.6678	0	0
-0.54655	-0.74849	7.7756	-0.4245	-0.22426	8.8192	-0.54215	-0.73694	9.5497	0	0
-0.54655	-0.74849	7.7756	-0.54215	-0.73694	9.5497	-0.85995	-1.0273	9.7054	0	0
-0.4245	-0.22426	7.7929	-0.54215	-0.73694	9.5497	-0.40325	-0.23239	9.5557	0	0
-0.4245	-0.22426	7.7929	-0.40325	-0.23239	9.5557	0.099852	0.53146	9.6678	0	0
-0.46324	0.48506	7.7886	-0.43757	1.192	8.8144	-0.50717	0.49754	9.5691	0	0
-0.46324	0.48506	7.7886	-0.40325	-0.23239	9.5557	-0.50717	0.49754	9.5691	0	0
-0.43757	1.192	7.7881	-0.2822	1.5457	9.3801	-0.4315	1.1788	9.5592	0	0
-0.43757	1.192	7.7881	-0.50717	0.49754	9.5691	-0.4315	1.1788	9.5592	0	0
0.15865	1.3202	7.7912	-0.2822	1.5457	9.3801	0.1686	1.0787	9.5365	0	0
-0.54215	-0.73694	8.5234	-0.40325	-0.23239	9.5557	-0.39457	-0.35364	10.274	0	0
-0.54215	-0.73694	8.5234	-0.85995	-1.0273	9.7054	-0.65628	-0.8273	10.225	0	0
-0.54215	-0.73694	8.5234	-0.65628	-0.8273	10.225	-0.39457	-0.35364	10.274	0	0
-0.40325	-0.23239	8.5294	-0.50717	0.49754	9.5691	-0.50472	0.53016	10.263	0	0
-0.40325	-0.23239	8.5294	-0.39457	-0.35364	10.274	-0.50472	0.53016	10.263	0	0
-0.2822	1.5457	8.3537	0.1686	1.0787	9.5365	-0.016698	1.5936	10.331	0	0
-0.2822	1.5457	8.3537	-0.4315	1.1788	9.5592	-0.25145	1.5798	10.313	0	0
-0.2822	1.5457	8.3537	-0.25145	1.5798	10.313	-0.016698	1.5936	10.331	0	0
0.1686	1.0787	8.5102	0.099852	0.53146	9.6678	0.23665	0.83626	10.139	0	0
0.1686	1.0787	8.5102	0.23665	0.83626	10.139	0.10795	1.333	10.31	0	0
0.1686	1.0787	8.5102	-0.016698	1.5936	10.331	0.10795	1.333	10.31	0	0
-0.50717	0.49754	8.5427	-0.4315	1.1788	9.5592	-0.50472	0.53016	10.263	0	0
0.099852	0.53146	8.6415	-0.39457	-0.35364	10.274	0.23665	0.83626	10.139	0	0
-0.65628	-0.8273	9.1986	-0.39457	-0.35364	10.274	-0.42485	-0.68119	11.11	0	0
-0.39457	-0.35364	9.2478	0.23665	0.83626	10.139	0.17135	0.54336	11.136	0	0
-0.39457	-0.35364	9.2478	-0.50472	0.53016	10.263	-0.35848	-0.20897	10.899	0	0
-0.39457	-0.35364	9.2478	-0.35848	-0.20897	10.899	-0.42485	-0.68119	11.11	0	0
-0.4315	1.1788	8.5329	-0.50472	0.53016	10.263	-0.4806	1.1799	10.32	0	0
-0.4315	1.1788	8.5329	-0.4806	1.1799	10.32	-0.25145	1.5798	10.313	0	0
0.23665	0.83626	9.1124	0.10795	1.333	10.31	0.21739	1.0475	10.913	0	0
0.23665	0.83626	9.1124	0.21739	1.0475	10.913	0.17135	0.54336	11.136	0	0
-0.50472	0.53016	9.2364	-0.4806	1.1799	10.32	-0.40839	0.43862	10.972	0	0
-0.50472	0.53016	9.2364	-0.35848	-0.20897	10.899	-0.40839	0.43862	10.972	0	0
-0.4806	1.1799	9.2938	-0.25145	1.5798	10.313	-0.36515	1.6128	11.053	0	0
-0.4806	1.1799	9.2938	-0.36515	1.6128	11.053	-0.52258	1.2767	11.081	0	0
-0.4806	1.1799	9.2938	-0.52258	1.2767	11.081	-0.40839	0.43862	10.972	0	0
-0.35848	-0.20897	9.8729	-0.40839	0.43862	10.972	-0.3805	-0.25454	11.548	0	0
-0.35848	-0.20897	9.8729	-0.42485	-0.68119	11.11	-0.3805	-0.25454	11.548	0	0
-0.25145	1.5798	9.2866	-0.016698	1.5936	10.331	-0.36515	1.6128	11.053	0	0
-0.016698	1.5936	9.3044	0.10795	1.333	10.31	-0.012848	1.6031	11.064	0	0
-0.016698	1.5936	9.3044	-0.012848	1.6031	11.064	-0.36515	1.6128	11.053	0	0
0.10795	1.333	9.284	0.21739	1.0475	10.913	-0.012848	1.6031	11.064	0	0
0.21739	1.0475	9.8871	-0.012848	1.6031	11.064	0.2639	1.1164	11.541	0	0
0.21739	1.0475	9.8871	0.17135	0.54336	11.136	0.2639	1.1164	11.541	0	0
-0.36515	1.6128	10.026	-0.52258	1.2767	11.081	-0.51385	1.2237	11.577	0	0
-0.52258	1.2767	10.054	-0.40839	0.43862	10.972	-0.47425	0.49099	11.542	0	0
-0.52258	1.2767	10.054	-0.47425	0.49099	11.542	-0.51385	1.2237	11.577	0	0
-0.40839	0.43862	9.946	-0.3805	-0.25454	11.548	-0.47425	0.49099	11.542	0	0
0.17135	0.54336	10.11	0.14235	0.54886	11.383	0.2639	1.1164	11.541	0	0
-0.42485	-0.68119	10.083	-0.3805	-0.25454	11.548	-0.73568	-0.83094	11.678	0	0
-0.3805	-0.25454	10.522	-0.73568	-0.83094	11.678	-0.96105	-0.55514	11.959	0	0
-0.3805	-0.25454	10.522	-0.47425	0.49099	11.542	-0.45897	0.4671	12.308	0	0
-0.3805	-0.25454	10.522	-0.96105	-0.55514	11.959	-0.37735	-0.30974	12.377	0	0
-0.3805	-0.25454	10.522	-0.37735	-0.30974	12.377	-0.45897	0.4671	12.308	0	0
-0.73568	-0.83094	10.652	-0.96105	-0.55514	11.959	-0.86515	-0.80664	12.027	0	0
-0.47425	0.49099	10.516	-0.51385	1.2237	11.577	-0.46937	1.2148	12.265	0	0
-0.47425	0.49099	10.516	-0.45897	0.4671	12.308	-0.46937	1.2148	12.265	0	0
-0.96105	-0.55514	10.932	-0.86515	-0.80664	12.027	-0.37735	-0.30974	12.377	0	0
-0.86515	-0.80664	11.001	-0.68505	-0.91876	12.451	-0.37735	-0.30974	12.377	0	0
-0.68505	-0.91876	11.424	-0.37735	-0.30974	12.377	-0.6718	-0.79579	12.916	0	0
-0.37735	-0.30974	11.351	-0.45897	0.4671	12.308	-0.45517	0.47934	13.071	0	0
-0.37735	-0.30974	11.351	-0.6718	-0.79579	12.916	-0.38811	-0.35657	12.961	0	0
-0.37735	-0.30974	11.351	-0.38811	-0.35657	12.961	-0.45517	0.47934	13.071	0	0
-0.45897	0.4671	11.282	-0.46937	1.2148	12.265	-0.3675	1.1734	13.003	0	0
-0.45897	0.4671	11.282	-0.45517	0.47934	13.071	-0.3675	1.1734	13.003	0	0
-0.6718	-0.79579	11.89	-0.38811	-0.35657	12.961	-0.42152	-0.31249	13.655	0	0
-0.6718	-0.79579	11.89	-0.42152	-0.31249	13.655	-0.48425	-0.71459	13.816	0	0
-0.38811	-0.35657	11.934	-0.45517	0.47934	13.071	-0.42152	-0.31249	13.655	0	0
-0.46937	1.2148	11.239	0.3201	1.1734	12.319	0.44915	1.7967	12.608	0	0
-0.46937	1.2148	11.239	-0.3675	1.1734	13.003	0.27305	1.7982	12.942	0	0
-0.46937	1.2148	11.239	0.44915	1.7967	12.608	0.27305	1.7982	12.942	0	0
-0.45517	0.47934	12.045	-0.3675	1.1734	13.003	-0.41085	1.0843	13.778	0	0
-0.45517	0.47934	12.045	-0.42152	-0.31249	13.655	-0.4279	0.48226	13.809	0	0
-0.45517	0.47934	12.045	-0.4279	0.48226	13.809	-0.41085	1.0843	13.778	0	0
-0.3675	1.1734	11.976	0.27305	1.7982	12.942	0.2212	1.1343	13.055	0	0
-0.42152	-0.31249	12.628	-0.48425	-0.71459	13.816	-0.34132	-0.30249	14.365	0	0
-0.42152	-0.31249	12.628	-0.4279	0.48226	13.809	-0.34132	-0.30249	14.365	0	0
-0.48425	-0.71459	12.79	-0.34132	-0.30249	14.365	-0.3805	-0.66844	14.533	0	0
-0.4279	0.48226	12.782	-0.34132	-0.30249	14.365	-0.45917	0.47431	14.571	0	0
-0.4279	0.48226	12.782	-0.41085	1.0843	13.778	-0.43095	1.0746	14.544	0	0
-0.4279	0.48226	12.782	-0.45917	0.47431	14.571	-0.43095	1.0746	14.544	0	0
-0.34132	-0.30249	13.339	-0.3805	-0.66844	14.533	-0.88565	-0.52164	15.158	0	0
-0.34132	-0.30249	13.339	-0.45917	0.47431	14.571	-0.88565	-0.52164	15.158	0	0
-0.3805	-0.66844	13.506	-0.45015	-0.71134	15.077	-0.88565	-0.52164	15.158	0	0
-0.45917	0.47431	13.544	-0.88565	-0.52164	15.158	-0.42075	0.48256	15.058	0	0
-0.45917	0.47431	13.544	-0.43095	1.0746	14.544	-0.42075	0.48256	15.058	0	0
-0.45015	-0.71134	14.05	-0.88565	-0.52164	15.158	-0.96415	-0.59844	15.237	0	0
-0.45015	-0.71134	14.05	-0.96415	-0.59844	15.237	-0.41911	-0.86022	15.823	0	0
-0.88565	-0.52164	14.132	-0.96415	-0.59844	15.237	-0.9813	-0.23194	15.939	0	0
-0.88565	-0.52164	14.132	-0.42075	0.48256	15.058	-0.9813	-0.23194	15.939	0	0
-0.36742	-0.36009	14.155	-0.42075	0.48256	15.058	0.16885	0.67156	15.048	0	0
-0.96415	-0.59844	14.211	-0.41911	-0.86022	15.823	-0.88385	-0.74594	16.35	0	0
-0.96415	-0.59844	14.211	-0.88385	-0.74594	16.35	-0.9813	-0.23194	15.939	0	0
-0.43095	1.0746	13.518	-0.42075	0.48256	15.058	-0.24235	1.0866	15.056	0	0
-0.42075	0.48256	14.032	0.16885	0.67156	15.048	-0.24235	1.0866	15.056	0	0
-0.42075	0.48256	14.032	-0.2845	1.1115	15.833	-0.41087	0.47619	15.805	0	0
-0.42075	0.48256	14.032	-0.41087	0.47619	15.805	-0.9813	-0.23194	15.939	0	0
0.16885	0.67156	14.021	-0.24235	1.0866	15.056	0.038752	1.0985	14.99	0	0
-0.2845	1.1115	14.806	0.086652	1.0978	15.893	-0.40285	1.0613	16.442	0	0
-0.2845	1.1115	14.806	-0.41087	0.47619	15.805	-0.40285	1.0613	16.442	0	0
0.15923	0.66041	14.794	0.086652	1.0978	15.893	0.19095	0.60506	16.561	0	0
0.086652	1.0978	14.867	-0.40285	1.0613	16.442	0.098052	1.2044	16.563	0	0
0.086652	1.0978	14.867	0.098052	1.2044	16.563	0.19095	0.60506	16.561	0	0
-0.41087	0.47619	14.779	-0.33885	0.3976	16.548	-0.40285	1.0613	16.442	0	0
-0.41087	0.47619	14.779	-0.33885	0.3976	16.548	-0.9813	-0.23194	15.939	0	0
-0.41911	-0.86022	14.797	-0.88385	-0.74594	16.35	-0.40575	-0.89959	16.375	0	0
0.0025521	-0.12704	15.073	-0.3584	-0.28179	16.533	-0.13335	-0.68374	16.621	0	0
0.0025521	-0.12704	15.073	-0.3584	-0.28179	16.533	-0.33885	0.3976	16.548	0	0
0.0025521	-0.12704	15.073	-0.13335	-0.68374	16.621	0.14772	-0.31664	17.336	0	0
0.0025521	-0.12704	15.073	-0.33885	0.3976	16.548	0.19095	0.60506	16.561	0	0
0.0025521	-0.12704	15.073	0.19095	0.60506	16.561	0.14772	-0.31664	17.336	0	0
-0.88385	-0.74594	15.324	-0.40575	-0.89959	16.375	-0.62545	-0.83467	17.168	0	0
-0.88385	-0.74594	15.324	-0.3584	-0.28179	16.533	-0.97425	-0.35344	16.392	0	0
-0.88385	-0.74594	15.324	-0.62545	-0.83467	17.168	-0.8889	-0.31899	17.315	0	0
-0.88385	-0.74594	15.324	-0.9813	-0.23194	15.939	-0.97425	-0.35344	16.392	0	0
-0.40575	-0.89959	15.348	-0.13335	-0.68374	16.621	-0.62545	-0.83467	17.168	0	0
-0.3584	-0.28179	15.506	-0.13335	-0.68374	16.621	-0.62545	-0.83467	17.168	0	0
-0.3584	-0.28179	15.506	-0.33885	0.3976	16.548	-0.97425	-0.35344	16.392	0	0
-0.3584	-0.28179	15.506	-0.62545	-0.83467	17.168	-0.42971	-0.24287	17.25	0	0
-0.13335	-0.68374	15.594	0.14772	-0.31664	17.336	0.13693	-0.69866	17.265	0	0
-0.33885	0.3976	15.521	-0.40285	1.0613	16.442	-0.38725	0.43935	17.265	0	0
-0.33885	0.3976	15.521	-0.42971	-0.24287	17.25	-0.38725	0.43935	17.265	0	0
-0.33885	0.3976	15.521	-0.9813	-0.23194	15.939	-0.97425	-0.35344	16.392	0	0
-0.40285	1.0613	15.416	0.098052	1.2044	16.563	-0.15665	1.2386	17.304	0	0
-0.40285	1.0613	15.416	-0.38725	0.43935	17.265	-0.15665	1.2386	17.304	0	0
0.098052	1.2044	15.537	0.19095	0.60506	16.561	0.2491	0.60551	17.313	0	0
0.098052	1.2044	15.537	0.2491	0.60551	17.313	0.062652	1.2484	17.309	0	0
0.098052	1.2044	15.537	-0.15665	1.2386	17.304	0.062652	1.2484	17.309	0	0
-0.62545	-0.83467	16.142	-0.8889	-0.31899	17.315	-0.29075	-0.65094	18.07	0	0
-0.62545	-0.83467	16.142	-0.29075	-0.65094	18.07	0.13693	-0.69866	17.265	0	0
-0.42971	-0.24287	16.224	-0.38725	0.43935	17.265	-0.62165	0.4732	17.91	0	0
-0.42971	-0.24287	16.224	-0.55715	-0.25834	18.062	-0.62165	0.4732	17.91	0	0
-0.42971	-0.24287	16.224	-0.55715	-0.25834	18.062	-0.29075	-0.65094	18.07	0	0
-0.38725	0.43935	16.239	0.2491	0.60551	17.313	-0.15665	1.2386	17.304	0	0
-0.38725	0.43935	16.239	-0.62165	0.4732	17.91	-0.38205	1.0578	18.07	0	0
0.19095	0.60506	15.535	0.2491	0.60551	17.313	0.14772	-0.31664	17.336	0	0
-0.8889	-0.31899	16.288	-0.9936	0.070962	17.954	-0.34635	-0.56554	18.285	0	0
-0.8889	-0.31899	16.288	-0.29075	-0.65094	18.07	-0.34635	-0.56554	18.285	0	0
0.2491	0.60551	16.286	0.062652	1.2484	17.309	0.10355	1.2579	18.077	0	0
0.2491	0.60551	16.286	0.10355	1.2579	18.077	0.21259	0.4143	18.048	0	0
0.2491	0.60551	16.286	0.21259	0.4143	18.048	0.14772	-0.31664	17.336	0	0
-0.15665	1.2386	16.278	0.062652	1.2484	17.309	-0.073448	1.5697	17.597	0	0
0.062652	1.2484	16.282	-0.073448	1.5697	17.597	0.10355	1.2579	18.077	0	0
-0.9936	0.070962	16.928	-0.55715	-0.25834	18.062	-0.62165	0.4732	17.91	0	0
-0.9936	0.070962	16.928	-0.62165	0.4732	17.91	-0.57545	0.52846	18.614	0	0
-0.073448	1.5697	16.57	0.10355	1.2579	18.077	-0.23995	1.5602	18.699	0	0
-0.62165	0.4732	16.884	-0.38205	1.0578	18.07	-0.57545	0.52846	18.614	0	0
-0.38205	1.0578	17.044	-0.57545	0.52846	18.614	-0.45155	1.1916	18.521	0	0
0.10355	1.2579	17.05	0.21259	0.4143	18.048	0.16085	1.0296	18.564	0	0
0.10355	1.2579	17.05	-0.23995	1.5602	18.699	0.16085	1.0296	18.564	0	0
0.022952	-0.076438	17.013	0.21259	0.4143	18.048	0.14772	-0.31664	17.336	0	0
0.022952	-0.076438	17.013	0.21259	0.4143	18.048	0.083602	0.26871	18.527	0	0
0.022952	-0.076438	17.013	-0.29075	-0.65094	18.07	-0.34635	-0.56554	18.285	0	0
0.022952	-0.076438	17.013	-0.29075	-0.65094	18.07	0.14772	-0.31664	17.336	0	0
0.022952	-0.076438	17.013	-0.34635	-0.56554	18.285	-0.33482	-0.38494	18.527	0	0
0.022952	-0.076438	17.013	-0.33482	-0.38494	18.527	0.083602	0.26871	18.527	0	0
0.21259	0.4143	17.022	0.083602	0.26871	18.527	0.16085	1.0296	18.564	0	0
-0.29075	-0.65094	17.044	0.14772	-0.31664	17.336	0.13693	-0.69866	17.265	0	0
-0.34635	-0.56554	17.259	-0.33482	-0.38494	18.527	-0.30967	-0.65984	19.43	0	0
-0.33482	-0.38494	17.501	0.083602	0.26871	18.527	-0.3333	-0.25534	19.303	0	0
-0.33482	-0.38494	17.501	-0.3333	-0.25534	19.303	-0.30967	-0.65984	19.43	0	0
0.083602	0.26871	17.501	0.16085	1.0296	18.564	0.012912	0.41294	19.344	0	0
0.083602	0.26871	17.501	-0.3333	-0.25534	19.303	0.012912	0.41294	19.344	0	0
-0.57545	0.52846	17.588	-0.45155	1.1916	18.521	-0.46765	1.1308	19.26	0	0
-0.57545	0.52846	17.588	-0.3333	-0.25534	19.303	-0.70147	0.45576	19.303	0	0
-0.57545	0.52846	17.588	-0.70147	0.45576	19.303	-0.46765	1.1308	19.26	0	0
-0.45155	1.1916	17.494	-0.23995	1.5602	18.699	-0.46765	1.1308	19.26	0	0
-0.23995	1.5602	17.673	0.16085	1.0296	18.564	0.26243	1.0638	19.343	0	0
-0.23995	1.5602	17.673	-0.46765	1.1308	19.26	-0.2114	1.6082	19.361	0	0
-0.23995	1.5602	17.673	0.26243	1.0638	19.343	-0.015798	1.6102	19.449	0	0
-0.23995	1.5602	17.673	-0.2114	1.6082	19.361	-0.015798	1.6102	19.449	0	0
0.16085	1.0296	17.538	0.012912	0.41294	19.344	0.26243	1.0638	19.343	0	0
-0.3333	-0.25534	18.277	-0.30967	-0.65984	19.43	-0.35305	-0.28614	20.053	0	0
-0.3333	-0.25534	18.277	-0.70147	0.45576	19.303	-0.70195	0.43951	20.061	0	0
-0.3333	-0.25534	18.277	0.012912	0.41294	19.344	-0.35305	-0.28614	20.053	0	0
-0.3333	-0.25534	18.277	-0.70195	0.43951	20.061	-0.10255	0.48991	20.051	0	0
-0.30967	-0.65984	18.403	-0.35305	-0.28614	20.053	-0.2813	-0.69894	20.021	0	0
-0.70147	0.45576	18.277	-0.46765	1.1308	19.26	-0.501	1.2706	20.018	0	0
-0.70147	0.45576	18.277	-0.70195	0.43951	20.061	-0.501	1.2706	20.018	0	0
-0.46765	1.1308	18.234	-0.2114	1.6082	19.361	-0.501	1.2706	20.018	0	0
0.012912	0.41294	18.317	0.26243	1.0638	19.343	0.28835	1.1383	19.911	0	0
0.012912	0.41294	18.317	-0.35305	-0.28614	20.053	-0.10255	0.48991	20.051	0	0
0.012912	0.41294	18.317	-0.10255	0.48991	20.051	0.28835	1.1383	19.911	0	0
0.26243	1.0638	18.316	-0.015798	1.6102	19.449	0.28835	1.1383	19.911	0	0
-0.2114	1.6082	18.335	-0.015798	1.6102	19.449	-0.26135	1.6477	20.091	0	0
-0.2114	1.6082	18.335	-0.501	1.2706	20.018	-0.26135	1.6477	20.091	0	0
-0.015798	1.6102	18.423	0.045752	1.7212	20.087	-0.26135	1.6477	20.091	0	0
-0.015798	1.6102	18.423	0.045752	1.7212	20.087	0.28835	1.1383	19.911	0	0
-0.70195	0.43951	19.035	-0.501	1.2706	20.018	-0.44551	1.2559	20.727	0	0
-0.70195	0.43951	19.035	-0.48658	0.37955	20.803	-0.44551	1.2559	20.727	0	0
-0.70195	0.43951	19.035	-0.48658	0.37955	20.803	-1.3729	0.25606	21.372	0	0
-0.35305	-0.28614	19.026	-0.2813	-0.69894	20.021	-0.30075	-0.65276	20.777	0	0
-0.35305	-0.28614	19.026	-0.10255	0.48991	20.051	-0.38382	-0.26259	20.793	0	0
-0.35305	-0.28614	19.026	-0.30075	-0.65276	20.777	-0.38382	-0.26259	20.793	0	0
-0.10255	0.48991	19.024	0.28835	1.1383	19.911	0.051352	0.73821	20.576	0	0
-0.10255	0.48991	19.024	-0.38382	-0.26259	20.793	0.051352	0.73821	20.576	0	0
-0.501	1.2706	18.992	-0.26135	1.6477	20.091	-0.44551	1.2559	20.727	0	0
0.045752	1.7212	19.061	-0.26135	1.6477	20.091	-0.44551	1.2559	20.727	0	0
0.045752	1.7212	19.061	0.28835	1.1383	19.911	0.58715	1.316	20.14	0	0
0.045752	1.7212	19.061	-0.44551	1.2559	20.727	0.34502	1.172	20.878	0	0
0.045752	1.7212	19.061	0.58715	1.316	20.14	0.34502	1.172	20.878	0	0
0.28835	1.1383	18.885	0.58715	1.316	20.14	0.051352	0.73821	20.576	0	0
-0.30075	-0.65276	19.751	-0.38382	-0.26259	20.793	-0.423	-0.26574	21.556	0	0
-0.30075	-0.65276	19.751	-0.3939	-0.77024	21.538	-0.423	-0.26574	21.556	0	0
-0.38382	-0.26259	19.767	0.051352	0.73821	20.576	0.2381	0.44926	21.314	0	0
-0.38382	-0.26259	19.767	-0.423	-0.26574	21.556	0.2381	0.44926	21.314	0	0
-0.48658	0.37955	19.777	-0.44551	1.2559	20.727	-0.54335	1.2539	21.341	0	0
-0.48658	0.37955	19.777	-0.39635	0.5562	21.475	0.2381	0.44926	21.314	0	0
-0.48658	0.37955	19.777	-0.39635	0.5562	21.475	-1.3729	0.25606	21.372	0	0
-0.44551	1.2559	19.701	0.34502	1.172	20.878	-0.54335	1.2539	21.341	0	0
0.58715	1.316	19.114	0.051352	0.73821	20.576	0.656	1.2231	20.593	0	0
0.051352	0.73821	19.55	0.34502	1.172	20.878	0.656	1.2231	20.593	0	0
0.051352	0.73821	19.55	0.34502	1.172	20.878	0.2381	0.44926	21.314	0	0
-0.3939	-0.77024	20.511	-0.423	-0.26574	21.556	-0.59085	-0.65714	22.028	0	0
0.34502	1.172	19.851	-0.54335	1.2539	21.341	0.95315	1.598	21.969	0	0
0.34502	1.172	19.851	0.656	1.2231	20.593	0.85285	1.191	21.302	0	0
0.34502	1.172	19.851	0.3645	0.98856	21.495	0.85285	1.191	21.302	0	0
0.34502	1.172	19.851	0.3645	0.98856	21.495	0.2381	0.44926	21.314	0	0
-0.54335	1.2539	20.315	-0.25505	1.1246	22.068	0.95315	1.598	21.969	0	0
0.3645	0.98856	20.468	0.19025	1.0859	22.049	0.21475	0.67251	22.012	0	0
0.3645	0.98856	20.468	0.19025	1.0859	22.049	0.95315	1.598	21.969	0	0
0.3645	0.98856	20.468	0.85285	1.191	21.302	0.95315	1.598	21.969	0	0
0.3645	0.98856	20.468	0.21475	0.67251	22.012	0.2381	0.44926	21.314	0	0
-0.39635	0.5562	20.449	-0.423	-0.26574	21.556	-0.415	0.47006	22.041	0	0
-0.39635	0.5562	20.449	-0.423	-0.26574	21.556	-1.105	-0.074787	21.691	0	0
-0.39635	0.5562	20.449	-0.415	0.47006	22.041	0.2381	0.44926	21.314	0	0
-0.39635	0.5562	20.449	-1.105	-0.074787	21.691	-1.3729	0.25606	21.372	0	0
-0.423	-0.26574	20.53	-0.415	0.47006	22.041	-0.35988	-0.3019	22.122	0	0
-0.423	-0.26574	20.53	-0.59085	-0.65714	22.028	-1.105	-0.074787	21.691	0	0
-0.423	-0.26574	20.53	-0.35988	-0.3019	22.122	0.3372	-0.36624	22.18	0	0
-0.423	-0.26574	20.53	0.2381	0.44926	21.314	0.3372	-0.36624	22.18	0	0
-0.415	0.47006	21.015	-0.35988	-0.3019	22.122	-0.47126	0.4628	22.806	0	0
-0.415	0.47006	21.015	-0.25505	1.1246	22.068	0.21475	0.67251	22.012	0	0
-0.415	0.47006	21.015	-0.25505	1.1246	22.068	-0.26585	1.0335	22.716	0	0
-0.415	0.47006	21.015	0.21475	0.67251	22.012	0.2381	0.44926	21.314	0	0
-0.415	0.47006	21.015	-0.47126	0.4628	22.806	-0.26585	1.0335	22.716	0	0
-0.59085	-0.65714	21.002	-0.35988	-0.3019	22.122	-0.6199	-0.31859	22.825	0	0
-0.59085	-0.65714	21.002	-1.105	-0.074787	21.691	-1.1567	-0.12344	22.002	0	0
-0.59085	-0.65714	21.002	-1.1567	-0.12344	22.002	-1.1862	-0.4681	22.686	0	0
-0.59085	-0.65714	21.002	-0.6199	-0.31859	22.825	-1.1862	-0.4681	22.686	0	0
-0.35988	-0.3019	21.095	-0.56622	-0.76911	22.772	0.154	-0.21294	22.793	0	0
-0.35988	-0.3019	21.095	-0.47126	0.4628	22.806	-0.6199	-0.31859	22.825	0	0
-0.35988	-0.3019	21.095	0.154	-0.21294	22.793	0.3372	-0.36624	22.18	0	0
-0.25505	1.1246	21.041	0.19025	1.0859	22.049	0.21475	0.67251	22.012	0	0
-0.25505	1.1246	21.041	0.19025	1.0859	22.049	0.011352	1.0912	22.825	0	0
-0.25505	1.1246	21.041	-0.26585	1.0335	22.716	0.011352	1.0912	22.825	0	0
0.19025	1.0859	21.022	0.95315	1.598	21.969	0.011352	1.0912	22.825	0	0
0.85285	1.191	20.275	0.2381	0.44926	21.314	0.65595	-0.22354	22.245	0	0
-0.56622	-0.76911	21.746	-0.61585	-0.67474	23.591	-0.6199	-0.31859	22.825	0	0
-0.56622	-0.76911	21.746	-0.61585	-0.67474	23.591	-1.0935	-0.92016	22.872	0	0
-0.56622	-0.76911	21.746	-0.6199	-0.31859	22.825	-1.1862	-0.4681	22.686	0	0
-0.56622	-0.76911	21.746	-1.1862	-0.4681	22.686	-1.0935	-0.92016	22.872	0	0
-0.56622	-0.76911	21.746	0.154	-0.21294	22.793	0.3931	-0.63109	22.812	0	0
-0.47126	0.4628	21.78	-0.26585	1.0335	22.716	-0.45125	0.44716	23.551	0	0
-0.47126	0.4628	21.78	-0.6199	-0.31859	22.825	-0.45125	0.44716	23.551	0	0
-0.26585	1.0335	21.69	0.011352	1.0912	22.825	-0.19085	1.1827	23.58	0	0
-0.26585	1.0335	21.69	-0.45125	0.44716	23.551	-0.19085	1.1827	23.58	0	0
-0.61585	-0.67474	22.565	0.059185	-0.32804	23.606	-0.69795	-0.32734	23.565	0	0
-0.61585	-0.67474	22.565	0.059185	-0.32804	23.606	0.34065	-0.69554	23.591	0	0
-0.61585	-0.67474	22.565	-0.6199	-0.31859	22.825	-0.69795	-0.32734	23.565	0	0
-0.61585	-0.67474	22.565	-1.0935	-0.92016	22.872	-1.2522	-1.1001	23.588	0	0
-0.61585	-0.67474	22.565	-1.2522	-1.1001	23.588	-0.88495	-0.79124	24.23	0	0
-0.61585	-0.67474	22.565	-0.65755	-0.88027	24.238	-0.88495	-0.79124	24.23	0	0
-0.61585	-0.67474	22.565	-0.65755	-0.88027	24.238	0.20085	-0.77226	24.295	0	0
-0.61585	-0.67474	22.565	0.20085	-0.77226	24.295	0.34065	-0.69554	23.591	0	0
0.059185	-0.32804	22.58	0.2188	0.55101	23.55	-0.45125	0.44716	23.551	0	0
0.059185	-0.32804	22.58	0.2188	0.55101	23.55	0.25115	-0.20677	24.211	0	0
0.059185	-0.32804	22.58	-0.45125	0.44716	23.551	-0.56201	-0.20524	24.273	0	0
0.059185	-0.32804	22.58	-0.56201	-0.20524	24.273	0.20085	-0.77226	24.295	0	0
0.059185	-0.32804	22.58	0.20085	-0.77226	24.295	0.25115	-0.20677	24.211	0	0
0.059185	-0.32804	22.58	0.34065	-0.69554	23.591	0.3931	-0.63109	22.812	0	0
0.011352	1.0912	21.799	0.036752	1.1831	23.557	-0.19085	1.1827	23.58	0	0
0.2381	0.44926	20.288	0.3372	-0.36624	22.18	0.65595	-0.22354	22.245	0	0
-1.105	-0.074787	20.664	-1.1567	-0.12344	22.002	-1.5789	-0.13094	22.108	0	0
-1.105	-0.074787	20.664	-1.3729	0.25606	21.372	-1.5789	-0.13094	22.108	0	0
-1.1567	-0.12344	20.976	-1.1862	-0.4681	22.686	-1.5789	-0.13094	22.108	0	0
0.2188	0.55101	22.524	0.036752	1.1831	23.557	0.35425	0.57406	24.307	0	0
0.2188	0.55101	22.524	0.35425	0.57406	24.307	0.25115	-0.20677	24.211	0	0
0.2188	0.55101	22.524	0.84775	-0.62624	23.106	0.88052	-0.3274	22.704	0	0
-0.6199	-0.31859	21.799	-0.69795	-0.32734	23.565	-0.45125	0.44716	23.551	0	0
-1.1862	-0.4681	21.66	-1.0935	-0.92016	22.872	-1.7044	-0.7402	22.887	0	0
-1.1862	-0.4681	21.66	-1.5789	-0.13094	22.108	-1.7044	-0.7402	22.887	0	0
-1.0935	-0.92016	21.846	-1.2522	-1.1001	23.588	-1.7044	-0.7402	22.887	0	0
-0.69795	-0.32734	22.539	-0.45125	0.44716	23.551	-0.9193	-0.076787	24.143	0	0
-0.69795	-0.32734	22.539	-0.88495	-0.79124	24.23	-0.9193	-0.076787	24.143	0	0
-0.45125	0.44716	22.525	-0.19085	1.1827	23.58	-0.48988	0.57153	24.206	0	0
-0.45125	0.44716	22.525	-0.48988	0.57153	24.206	-0.9193	-0.076787	24.143	0	0
0.036752	1.1831	22.53	-0.19085	1.1827	23.58	-0.070648	1.5571	24.502	0	0
0.036752	1.1831	22.53	0.35425	0.57406	24.307	0.092302	1.2865	24.319	0	0
0.036752	1.1831	22.53	0.092302	1.2865	24.319	-0.070648	1.5571	24.502	0	0
-1.2522	-1.1001	22.562	-0.88495	-0.79124	24.23	-1.895	-1.1264	23.905	0	0
-1.2522	-1.1001	22.562	-1.7044	-0.7402	22.887	-1.8615	-0.94627	23.51	0	0
-1.2522	-1.1001	22.562	-1.8615	-0.94627	23.51	-1.895	-1.1264	23.905	0	0
-0.65755	-0.88027	23.212	-0.88495	-0.79124	24.23	-0.56235	-0.98259	24.845	0	0
-0.65755	-0.88027	23.212	-0.56235	-0.98259	24.845	0.20085	-0.77226	24.295	0	0
-0.88495	-0.79124	23.204	-0.56235	-0.98259	24.845	-0.90285	-0.61954	24.875	0	0
-0.88495	-0.79124	23.204	-0.90285	-0.61954	24.875	-1.895	-1.1264	23.905	0	0
-0.88495	-0.79124	23.204	-0.9193	-0.076787	24.143	-0.9921	-0.30204	24.834	0	0
-0.19085	1.1827	22.553	-0.48988	0.57153	24.206	-0.22925	1.1973	24.317	0	0
-0.19085	1.1827	22.553	-0.22925	1.1973	24.317	-0.070648	1.5571	24.502	0	0
0.35425	0.57406	23.28	0.092302	1.2865	24.319	0.19245	1.2739	25.036	0	0
0.35425	0.57406	23.28	0.19245	1.2739	25.036	0.66172	0.44816	24.975	0	0
0.35425	0.57406	23.28	0.25115	-0.20677	24.211	0.6572	-0.24529	24.815	0	0
0.35425	0.57406	23.28	0.66172	0.44816	24.975	0.6572	-0.24529	24.815	0	0
-0.56201	-0.20524	23.247	-0.48988	0.57153	24.206	0.17749	-0.20924	24.888	0	0
-0.56201	-0.20524	23.247	-0.60445	-0.36564	25.114	-0.89945	0.26706	24.422	0	0
-0.56201	-0.20524	23.247	0.20085	-0.77226	24.295	0.17749	-0.20924	24.888	0	0
-0.48988	0.57153	23.179	-0.22925	1.1973	24.317	-0.44528	1.1017	24.921	0	0
-0.48988	0.57153	23.179	-0.4588	0.81476	25.072	-0.44528	1.1017	24.921	0	0
-0.48988	0.57153	23.179	-0.4588	0.81476	25.072	-0.89945	0.26706	24.422	0	0
-0.48988	0.57153	23.179	-0.9193	-0.076787	24.143	-0.89945	0.26706	24.422	0	0
-0.48988	0.57153	23.179	0.23865	0.44446	25.084	0.17749	-0.20924	24.888	0	0
-0.56235	-0.98259	23.818	-0.90285	-0.61954	24.875	-0.60445	-0.36564	25.114	0	0
-0.56235	-0.98259	23.818	-0.60445	-0.36564	25.114	0.10852	-0.74714	24.903	0	0
-0.56235	-0.98259	23.818	0.20085	-0.77226	24.295	0.10852	-0.74714	24.903	0	0
-0.90285	-0.61954	23.848	-0.60445	-0.36564	25.114	-0.9921	-0.30204	24.834	0	0
0.092302	1.2865	23.292	-0.070648	1.5571	24.502	0.19245	1.2739	25.036	0	0
-0.22925	1.1973	23.291	-0.070648	1.5571	24.502	-0.44528	1.1017	24.921	0	0
-0.070648	1.5571	23.476	0.19245	1.2739	25.036	-0.018081	1.6022	25.037	0	0
-0.070648	1.5571	23.476	-0.018081	1.6022	25.037	-0.44528	1.1017	24.921	0	0
-0.60445	-0.36564	24.087	-0.42345	-0.73714	25.519	-0.62845	-0.29764	25.565	0	0
-0.60445	-0.36564	24.087	-0.62845	-0.29764	25.565	-0.89475	-0.064838	25.368	0	0
-0.60445	-0.36564	24.087	0.10852	-0.74714	24.903	0.17749	-0.20924	24.888	0	0
-0.60445	-0.36564	24.087	-0.4588	0.81476	25.072	-0.89945	0.26706	24.422	0	0
-0.60445	-0.36564	24.087	-0.9921	-0.30204	24.834	-0.89475	-0.064838	25.368	0	0
-0.60445	-0.36564	24.087	0.10345	0.32781	25.549	0.17749	-0.20924	24.888	0	0
-0.42345	-0.73714	24.492	-0.62845	-0.29764	25.565	-0.1227	-0.41594	26.058	0	0
-0.42345	-0.73714	24.492	0.10852	-0.74714	24.903	0.15392	-0.8914	25.526	0	0
-0.42345	-0.73714	24.492	-0.1227	-0.41594	26.058	0.15392	-0.8914	25.526	0	0
-0.62845	-0.29764	24.539	-0.89475	-0.064838	25.368	-0.53875	-0.15177	26.196	0	0
-0.62845	-0.29764	24.539	-0.4519	0.44011	25.569	-0.1227	-0.41594	26.058	0	0
-0.62845	-0.29764	24.539	-0.53875	-0.15177	26.196	-0.39071	-0.69007	26.436	0	0
0.20085	-0.77226	23.269	0.10852	-0.74714	24.903	0.6572	-0.24529	24.815	0	0
0.20085	-0.77226	23.269	0.25115	-0.20677	24.211	0.6572	-0.24529	24.815	0	0
0.20085	-0.77226	23.269	0.34065	-0.69554	23.591	0.77965	-0.91354	23.662	0	0
0.10852	-0.74714	23.876	0.17749	-0.20924	24.888	0.6572	-0.24529	24.815	0	0
-0.4588	0.81476	24.045	0.23865	0.44446	25.084	0.19245	1.2739	25.036	0	0
-0.4588	0.81476	24.045	0.23865	0.44446	25.084	-0.4519	0.44011	25.569	0	0
-0.4588	0.81476	24.045	0.19245	1.2739	25.036	-0.44528	1.1017	24.921	0	0
-0.4588	0.81476	24.045	-0.4519	0.44011	25.569	-0.5612	1.2395	25.561	0	0
-0.9193	-0.076787	23.116	-0.9921	-0.30204	24.834	-0.89945	0.26706	24.422	0	0
0.23865	0.44446	24.058	0.19245	1.2739	25.036	0.3303	1.0826	25.548	0	0
0.23865	0.44446	24.058	0.10345	0.32781	25.549	-0.4519	0.44011	25.569	0	0
0.23865	0.44446	24.058	0.10345	0.32781	25.549	0.81262	0.58566	25.648	0	0
0.23865	0.44446	24.058	0.17749	-0.20924	24.888	0.66172	0.44816	24.975	0	0
0.23865	0.44446	24.058	0.66172	0.44816	24.975	0.81262	0.58566	25.648	0	0
0.19245	1.2739	24.009	-0.018081	1.6022	25.037	0.075752	1.721	25.588	0	0
0.19245	1.2739	24.009	0.075752	1.721	25.588	0.3303	1.0826	25.548	0	0
0.19245	1.2739	24.009	0.66172	0.44816	24.975	0.81262	0.58566	25.648	0	0
-0.9921	-0.30204	23.807	-0.89475	-0.064838	25.368	-1.0342	0.36408	24.889	0	0
-0.9921	-0.30204	23.807	-0.89945	0.26706	24.422	-1.0342	0.36408	24.889	0	0
-0.89475	-0.064838	24.341	-0.53875	-0.15177	26.196	-1.1659	0.45924	25.541	0	0
-0.89475	-0.064838	24.341	-1.0342	0.36408	24.889	-1.1659	0.45924	25.541	0	0
-0.018081	1.6022	24.011	0.075752	1.721	25.588	-0.20965	1.5844	25.621	0	0
-0.018081	1.6022	24.011	-0.20965	1.5844	25.621	-0.5612	1.2395	25.561	0	0
-0.018081	1.6022	24.011	-0.44528	1.1017	24.921	-0.5612	1.2395	25.561	0	0
0.075752	1.721	24.562	-0.20965	1.5844	25.621	-0.44435	1.6571	26.418	0	0
0.075752	1.721	24.562	0.3303	1.0826	25.548	0.1939	1.1617	26.29	0	0
0.075752	1.721	24.562	-0.44435	1.6571	26.418	0.37085	2.2796	26.511	0	0
-0.20965	1.5844	24.595	-0.5612	1.2395	25.561	-0.44435	1.6571	26.418	0	0
0.10345	0.32781	24.523	-0.4519	0.44011	25.569	0.11317	0.45303	26.287	0	0
0.10345	0.32781	24.523	0.17749	-0.20924	24.888	0.26805	-0.25924	25.715	0	0
0.10345	0.32781	24.523	0.26805	-0.25924	25.715	0.11317	0.45303	26.287	0	0
-0.4519	0.44011	24.542	-0.53875	-0.15177	26.196	-1.1918	0.54756	26.238	0	0
-0.4519	0.44011	24.542	-0.5612	1.2395	25.561	-0.5522	1.2715	26.074	0	0
-0.4519	0.44011	24.542	-0.5522	1.2715	26.074	0.11317	0.45303	26.287	0	0
-0.53875	-0.15177	25.169	-0.39071	-0.69007	26.436	-0.1227	-0.41594	26.058	0	0
-0.53875	-0.15177	25.169	-0.1227	-0.41594	26.058	0.11317	0.45303	26.287	0	0
-0.53875	-0.15177	25.169	0.11317	0.45303	26.287	-1.171	0.66716	27.045	0	0
-0.53875	-0.15177	25.169	-1.1918	0.54756	26.238	-1.171	0.66716	27.045	0	0
-0.44528	1.1017	23.895	-0.5612	1.2395	25.561	-1.0336	0.96496	25.703	0	0
-0.44528	1.1017	23.895	-0.89945	0.26706	24.422	-1.0342	0.36408	24.889	0	0
-0.44528	1.1017	23.895	-1.0342	0.36408	24.889	-1.0336	0.96496	25.703	0	0
-0.5612	1.2395	24.535	-0.5522	1.2715	26.074	-1.0336	0.96496	25.703	0	0
0.3303	1.0826	24.521	0.1939	1.1617	26.29	0.81262	0.58566	25.648	0	0
-0.5522	1.2715	25.047	-0.44435	1.6571	26.418	0.1939	1.1617	26.29	0	0
-0.5522	1.2715	25.047	-0.44435	1.6571	26.418	-1.0762	1.135	26.383	0	0
-0.5522	1.2715	25.047	0.11317	0.45303	26.287	0.1939	1.1617	26.29	0	0
-0.5522	1.2715	25.047	-1.0336	0.96496	25.703	-1.0762	1.135	26.383	0	0
-0.44435	1.6571	25.392	0.1939	1.1617	26.29	0.2694	1.8699	26.383	0	0
-0.44435	1.6571	25.392	0.2694	1.8699	26.383	-0.44275	1.8337	27.102	0	0
-0.44435	1.6571	25.392	-0.44275	1.8337	27.102	-1.1561	1.2942	27.092	0	0
-0.44435	1.6571	25.392	-1.1561	1.2942	27.092	-1.0762	1.135	26.383	0	0
-0.1227	-0.41594	25.032	0.15392	-0.8914	25.526	0.26805	-0.25924	25.715	0	0
-0.1227	-0.41594	25.032	0.26805	-0.25924	25.715	0.11317	0.45303	26.287	0	0
0.34065	-0.69554	22.564	0.77965	-0.91354	23.662	0.84775	-0.62624	23.106	0	0
0.34065	-0.69554	22.564	0.3931	-0.63109	22.812	0.84775	-0.62624	23.106	0	0
0.17749	-0.20924	23.862	0.15392	-0.8914	25.526	0.26805	-0.25924	25.715	0	0
0.17749	-0.20924	23.862	0.66172	0.44816	24.975	0.6572	-0.24529	24.815	0	0
0.154	-0.21294	21.767	0.3931	-0.63109	22.812	0.3372	-0.36624	22.18	0	0
0.11317	0.45303	25.26	0.1939	1.1617	26.29	0.72342	1.0219	26.401	0	0
0.11317	0.45303	25.26	-1.171	0.66716	27.045	-0.29025	1.3411	27.202	0	0
0.11317	0.45303	25.26	-0.29025	1.3411	27.202	0.8639	0.62481	26.575	0	0
0.11317	0.45303	25.26	0.72342	1.0219	26.401	0.8639	0.62481	26.575	0	0
0.1939	1.1617	25.264	0.2694	1.8699	26.383	0.72342	1.0219	26.401	0	0
0.2694	1.8699	25.357	0.37085	2.2796	26.511	0.30568	1.9962	27.098	0	0
0.2694	1.8699	25.357	0.37085	2.2796	26.511	0.72342	1.0219	26.401	0	0
0.2694	1.8699	25.357	-0.44275	1.8337	27.102	0.30568	1.9962	27.098	0	0
0.37085	2.2796	25.485	0.30568	1.9962	27.098	0.44235	2.2929	27.586	0	0
0.37085	2.2796	25.485	0.72342	1.0219	26.401	1.1543	1.0309	27.023	0	0
-1.1918	0.54756	25.212	-1.5835	0.40701	26.386	-1.1659	0.45924	25.541	0	0
-1.1918	0.54756	25.212	-1.5835	0.40701	26.386	-1.6032	0.93386	26.667	0	0
-1.1918	0.54756	25.212	-1.1659	0.45924	25.541	-1.0336	0.96496	25.703	0	0
-1.1918	0.54756	25.212	-1.6032	0.93386	26.667	-1.0762	1.135	26.383	0	0
-1.1918	0.54756	25.212	-1.0336	0.96496	25.703	-1.0762	1.135	26.383	0	0
-1.171	0.66716	26.019	-0.29025	1.3411	27.202	-1.1561	1.2942	27.092	0	0
-0.44275	1.8337	26.075	-0.40083	1.9232	27.751	0.10825	2.1963	27.576	0	0
-0.44275	1.8337	26.075	-0.40083	1.9232	27.751	-1.4209	1.5539	27.532	0	0
-0.44275	1.8337	26.075	0.30568	1.9962	27.098	0.10825	2.1963	27.576	0	0
-0.44275	1.8337	26.075	-1.1561	1.2942	27.092	-1.4209	1.5539	27.532	0	0
-0.29025	1.3411	26.176	-0.40083	1.9232	27.751	-1.3147	1.1609	27.813	0	0
-0.29025	1.3411	26.176	0.30568	1.9962	27.098	1.1543	1.0309	27.023	0	0
-0.29025	1.3411	26.176	-1.3147	1.1609	27.813	-1.1561	1.2942	27.092	0	0
-0.29025	1.3411	26.176	0.8639	0.62481	26.575	1.1543	1.0309	27.023	0	0
-0.40083	1.9232	26.724	-1.3147	1.1609	27.813	-0.71142	1.9394	28.343	0	0
-0.40083	1.9232	26.724	-0.71142	1.9394	28.343	0.11445	2.2429	28.089	0	0
-0.40083	1.9232	26.724	-1.2985	1.9022	28.368	-1.7246	2.1012	28.149	0	0
-0.40083	1.9232	26.724	0.10825	2.1963	27.576	0.11445	2.2429	28.089	0	0
-0.40083	1.9232	26.724	-1.4209	1.5539	27.532	-1.6492	1.7615	27.739	0	0
-0.40083	1.9232	26.724	-1.7246	2.1012	28.149	-1.6492	1.7615	27.739	0	0
0.30568	1.9962	26.072	0.10825	2.1963	27.576	0.44235	2.2929	27.586	0	0
-1.3147	1.1609	26.787	-0.71142	1.9394	28.343	-1.2985	1.9022	28.368	0	0
-1.3147	1.1609	26.787	-1.2985	1.9022	28.368	-1.7044	1.4623	28.538	0	0
-0.71142	1.9394	27.317	-1.2985	1.9022	28.368	-1.1185	2.4661	28.989	0	0
-0.71142	1.9394	27.317	0.11445	2.2429	28.089	-0.72875	2.4381	29.56	0	0
-0.71142	1.9394	27.317	-1.1185	2.4661	28.989	-0.72875	2.4381	29.56	0	0
-1.2985	1.9022	27.342	-1.7246	2.1012	28.149	-1.7316	2.4308	28.501	0	0
-1.2985	1.9022	27.342	-1.7316	2.4308	28.501	-1.1185	2.4661	28.989	0	0
0.3931	-0.63109	21.785	0.3372	-0.36624	22.18	0.65595	-0.22354	22.245	0	0
0.3931	-0.63109	21.785	0.84775	-0.62624	23.106	0.88052	-0.3274	22.704	0	0
0.3931	-0.63109	21.785	0.65595	-0.22354	22.245	0.88052	-0.3274	22.704	0	0
0.72342	1.0219	25.375	0.8639	0.62481	26.575	1.1543	1.0309	27.023	0	0
-1.0342	0.36408	23.863	-1.1659	0.45924	25.541	-1.0336	0.96496	25.703	0	0
-1.1561	1.2942	26.066	-1.4209	1.5539	27.532	-1.7671	1.1124	26.986	0	0
-1.1561	1.2942	26.066	-1.6032	0.93386	26.667	-1.7671	1.1124	26.986	0	0
-1.1561	1.2942	26.066	-1.6032	0.93386	26.667	-1.0762	1.135	26.383	0	0
0.10825	2.1963	26.55	0.44235	2.2929	27.586	0.11445	2.2429	28.089	0	0
-1.4209	1.5539	26.505	-1.7671	1.1124	26.986	-1.6492	1.7615	27.739	0	0
-1.7316	2.4308	27.475	-1.1185	2.4661	28.989	-1.7713	2.7764	28.897	0	0
-1.1185	2.4661	27.962	-1.7713	2.7764	28.897	-1.6864	2.9906	29.15	0	0
-1.1185	2.4661	27.962	-0.72875	2.4381	29.56	-1.1639	2.6667	29.562	0	0
-1.1185	2.4661	27.962	-1.1639	2.6667	29.562	-1.6864	2.9906	29.15	0	0
-1.1639	2.6667	28.535	-1.6947	2.9989	29.58	-1.6864	2.9906	29.15	0	0
-0.41205	2.6872	12.111	-2.1725	9.463	17.171	0.184	2.3724	11.732	1	1
-2.1725	9.463	17.171	1.47264553024196	10.7044148858024	16.9691616868252	-1.53852360155916	6.79637910722952	17.9238395158896	1	1
1.47264553024196	10.7044148858024	16.9691616868252	0.29346712358639	14.0005091931867	12.9865196790487	3.56826135346459	9.6759687553145	16.8054990598379	1	1
0.29346712358639	14.0005091931867	12.9865196790487	-1.11859327636202	11.3860295194689	11.1039854555579	1.731481757125	14.4930493571105	11.350140532686	1	1
-1.11859327636202	11.3860295194689	11.1039854555579	-1.10009717239317	7.51159810406503	16.124728040223	-0.934748728703345	10.6136034150873	11.2062395780469	1	1
-1.53852360155916	6.79637910722952	17.9238395158896	0.184	2.3724	11.732	-2.1725	9.463	17.171	1	1
3.56826135346459	9.6759687553145	16.8054990598379	-1.53852360155916	6.79637910722952	17.9238395158896	1.47264553024196	10.7044148858024	16.9691616868252	1	1
1.731481757125	14.4930493571105	11.350140532686	3.56826135346459	9.6759687553145	16.8054990598379	0.29346712358639	14.0005091931867	12.9865196790487	1	1
-0.934748728703345	10.6136034150873	11.2062395780469	1.731481757125	14.4930493571105	11.350140532686	-1.11859327636202	11.3860295194689	11.1039854555579	1	1
-2.1725	9.463	17.171	-0.41205	2.6872	12.111	-1.7716	1.882	12.511	1	1
1.47264553024196	10.7044148858024	16.9691616868252	-2.1725	9.463	17.171	-2.25995505401134	10.4194987541799	17.8557771876897	1	1
0.29346712358639	14.0005091931867	12.9865196790487	1.47264553024196	10.7044148858024	16.9691616868252	1.14457843028685	12.1085190313706	18.5524430535839	1	1
-1.11859327636202	11.3860295194689	11.1039854555579	0.29346712358639	14.0005091931867	12.9865196790487	-1.12225957025185	15.2466415097925	11.8914482029046	1	1
-1.10009717239317	7.51159810406503	16.124728040223	-1.11859327636202	11.3860295194689	11.1039854555579	-3.26737338314967	11.1798558328462	10.7832682068511	1	1
-1.7716	1.882	12.511	-2.25995505401134	10.4194987541799	17.8557771876897	-2.1725	9.463	17.171	1	1
-2.25995505401134	10.4194987541799	17.8557771876897	1.14457843028685	12.1085190313706	18.5524430535839	1.47264553024196	10.7044148858024	16.9691616868252	1	1
1.14457843028685	12.1085190313706	18.5524430535839	-1.12225957025185	15.2466415097925	11.8914482029046	0.29346712358639	14.0005091931867	12.9865196790487	1	1
-1.12225957025185	15.2466415097925	11.8914482029046	-3.26737338314967	11.1798558328462	10.7832682068511	-1.11859327636202	11.3860295194689	11.1039854555579	1	1
0.12035	-1.5779	16.987	-0.69681	-5.8877	22.062	0.7205	-1.7004	16.289	2	1
-0.69681	-5.8877	22.062	-1.1614	-9.309	25.507	0.63269	-5.2137	22.291	2	1
-1.1614	-9.309	25.507	0.767340187700349	-12.7993381484543	24.8959500672663	0.952078744856829	-8.57512739948399	25.0765934349359	2	1
0.767340187700349	-12.7993381484543	24.8959500672663	-1.55381661376966	-17.3263239630394	26.9592858761048	1.94856906310038	-13.4658847404115	25.7428808936455	2	1
-1.55381661376966	-17.3263239630394	26.9592858761048	-2.64090974360813	-21.1669366235825	23.6094142354693	0.716015543358517	-17.3684979799229	26.8740218551653	2	1
-2.64090974360813	-21.1669366235825	23.6094142354693	0.281364935625024	-23.1508963148323	22.2644248665118	-0.583371386159484	-21.4298225150673	26.3781860797507	2	1
0.281364935625024	-23.1508963148323	22.2644248665118	1.5639952796669	-22.1866365085995	19.1082626163848	3.16917247058335	-22.9624908470712	22.9353884875492	2	1
1.5639952796669	-22.1866365085995	19.1082626163848	0.0459001472777954	-17.0789780020947	17.1599958892793	3.16437557629647	-21.5809595583995	20.1198970071882	2	1
0.63269	-5.2137	22.291	0.7205	-1.7004	16.289	-0.69681	-5.8877	22.062	2	1
0.952078744856829	-8.57512739948399	25.0765934349359	0.63269	-5.2137	22.291	-1.1614	-9.309	25.507	2	1
1.94856906310038	-13.4658847404115	25.7428808936455	0.952078744856829	-8.57512739948399	25.0765934349359	0.767340187700349	-12.7993381484543	24.8959500672663	2	1
0.716015543358517	-17.3684979799229	26.8740218551653	1.94856906310038	-13.4658847404115	25.7428808936455	-1.55381661376966	-17.3263239630394	26.9592858761048	2	1
-0.583371386159484	-21.4298225150673	26.3781860797507	0.716015543358517	-17.3684979799229	26.8740218551653	-2.64090974360813	-21.1669366235825	23.6094142354693	2	1
3.16917247058335	-22.9624908470712	22.9353884875492	-0.583371386159484	-21.4298225150673	26.3781860797507	0.281364935625024	-23.1508963148323	22.2644248665118	2	1
3.16437557629647	-21.5809595583995	20.1198970071882	3.16917247058335	-22.9624908470712	22.9353884875492	1.5639952796669	-22.1866365085995	19.1082626163848	2	1
-0.69681	-5.8877	22.062	0.12035	-1.5779	16.987	-1.3152	-1.6336	16.293	2	1
-1.1614	-9.309	25.507	-0.69681	-5.8877	22.062	-1.9231	-5.2824	22.816	2	1
0.767340187700349	-12.7993381484543	24.8959500672663	-1.1614	-9.309	25.507	-1.43641610514674	-9.90407956898096	26.0153605693711	2	1
-1.55381661376966	-17.3263239630394	26.9592858761048	0.767340187700349	-12.7993381484543	24.8959500672663	-0.437876880350217	-11.0032274706079	27.6569589361954	2	1
-2.64090974360813	-21.1669366235825	23.6094142354693	-1.55381661376966	-17.3263239630394	26.9592858761048	-2.29389767908738	-17.0701691144583	26.2119218748934	2	1
0.281364935625024	-23.1508963148323	22.2644248665118	-2.64090974360813	-21.1669366235825	23.6094142354693	-3.5171721832285	-21.3277727486344	23.2097550834549	2	1
1.5639952796669	-22.1866365085995	19.1082626163848	0.281364935625024	-23.1508963148323	22.2644248665118	1.1446894781658	-24.5199276345161	21.698302768399	2	1
-1.3152	-1.6336	16.293	-1.9231	-5.2824	22.816	-0.69681	-5.8877	22.062	2	1
-1.9231	-5.2824	22.816	-1.43641610514674	-9.90407956898096	26.0153605693711	-1.1614	-9.309	25.507	2	1
-1.43641610514674	-9.90407956898096	26.0153605693711	-0.437876880350217	-11.0032274706079	27.6569589361954	0.767340187700349	-12.7993381484543	24.8959500672663	2	1
-0.437876880350217	-11.0032274706079	27.6569589361954	-2.29389767908738	-17.0701691144583	26.2119218748934	-1.55381661376966	-17.3263239630394	26.9592858761048	2	1
-2.29389767908738	-17.0701691144583	26.2119218748934	-3.5171721832285	-21.3277727486344	23.2097550834549	-2.64090974360813	-21.1669366235825	23.6094142354693	2	1
-3.5171721832285	-21.3277727486344	23.2097550834549	1.1446894781658	-24.5199276345161	21.698302768399	0.281364935625024	-23.1508963148323	22.2644248665118	2	1
0.0037021	2.3981	21.682	0.412	5.4894	26.775	1.0784	1.877	21.494	3	2
0.412	5.4894	26.775	0.67495	8.3882	31.514	1.1945	5.6152	27.008	3	2
0.67495	8.3882	31.514	1.03	11.425	34.562	2.4761	7.3981	31.791	3	2
1.03	11.425	34.562	2.3387990744417	16.0068577720434	34.8589014979856	2.46729859445905	11.0883709520932	34.4434960149557	3	2
2.3387990744417	16.0068577720434	34.8589014979856	2.35529068612238	19.0511329334543	32.6505910174687	4.64990820719559	16.3810001006121	35.6350388469611	3	2
2.35529068612238	19.0511329334543	32.6505910174687	4.31305479766476	20.3585208179727	29.4440143751644	4.02837801368578	18.4215671627073	33.5484216778109	3	2
4.31305479766476	20.3585208179727	29.4440143751644	5.50857895274715	18.553340502811	24.3260645987044	6.01916327267699	19.443419909671	30.0241434031547	3	2
5.50857895274715	18.553340502811	24.3260645987044	4.77519612780494	15.7882897178884	22.3143485951695	6.8530694388203	16.9927999234474	24.870107908578	3	2
4.77519612780494	15.7882897178884	22.3143485951695	5.38430854798098	12.0815729019291	22.3447557632759	7.4382439135423	14.9928338658257	23.0992044853165	3	2
5.38430854798098	12.0815729019291	22.3447557632759	3.52718929863761	9.1565616599801	21.9941429737343	6.46595979303286	11.4109523083951	22.4937914757942	3	2
3.52718929863761	9.1565616599801	21.9941429737343	0.819101406444775	4.61882325956808	25.8810562654846	5.48839692834929	8.54481216938863	22.6942791632873	3	2
1.1945	5.6152	27.008	1.0784	1.877	21.494	0.412	5.4894	26.775	3	2
2.4761	7.3981	31.791	1.1945	5.6152	27.008	0.67495	8.3882	31.514	3	2
2.46729859445905	11.0883709520932	34.4434960149557	2.4761	7.3981	31.791	1.03	11.425	34.562	3	2
4.64990820719559	16.3810001006121	35.6350388469611	2.46729859445905	11.0883709520932	34.4434960149557	2.3387990744417	16.0068577720434	34.8589014979856	3	2
4.02837801368578	18.4215671627073	33.5484216778109	4.64990820719559	16.3810001006121	35.6350388469611	2.35529068612238	19.0511329334543	32.6505910174687	3	2
6.01916327267699	19.443419909671	30.0241434031547	4.02837801368578	18.4215671627073	33.5484216778109	4.31305479766476	20.3585208179727	29.4440143751644	3	2
6.8530694388203	16.9927999234474	24.870107908578	6.01916327267699	19.443419909671	30.0241434031547	5.50857895274715	18.553340502811	24.3260645987044	3	2
7.4382439135423	14.9928338658257	23.0992044853165	6.8530694388203	16.9927999234474	24.870107908578	4.77519612780494	15.7882897178884	22.3143485951695	3	2
6.46595979303286	11.4109523083951	22.4937914757942	7.4382439135423	14.9928338658257	23.0992044853165	5.38430854798098	12.0815729019291	22.3447557632759	3	2
5.48839692834929	8.54481216938863	22.6942791632873	6.46595979303286	11.4109523083951	22.4937914757942	3.52718929863761	9.1565616599801	21.9941429737343	3	2
0.412	5.4894	26.775	0.0037021	2.3981	21.682	-1.4666	1.9101	21.811	3	2
0.67495	8.3882	31.514	0.412	5.4894	26.775	-1.2307	5.5104	26.669	3	2
1.03	11.425	34.562	0.67495	8.3882	31.514	-2.0045	7.9057	31.505	3	2
2.3387990744417	16.0068577720434	34.8589014979856	1.03	11.425	34.562	-1.09071434732619	11.4786865149202	34.1590089018842	3	2
2.35529068612238	19.0511329334543	32.6505910174687	2.3387990744417	16.0068577720434	34.8589014979856	-0.0820048631921338	16.9210364964425	37.4964921704351	3	2
4.31305479766476	20.3585208179727	29.4440143751644	2.35529068612238	19.0511329334543	32.6505910174687	-0.600783415153053	19.3878192277808	31.4119214057556	3	2
5.50857895274715	18.553340502811	24.3260645987044	4.31305479766476	20.3585208179727	29.4440143751644	1.98572828406265	21.3052425336176	29.019363112702	3	2
4.77519612780494	15.7882897178884	22.3143485951695	5.50857895274715	18.553340502811	24.3260645987044	4.26988031295349	19.1559121565073	24.669026290348	3	2
5.38430854798098	12.0815729019291	22.3447557632759	4.77519612780494	15.7882897178884	22.3143485951695	4.27678668361521	15.4835687727474	21.0090261593189	3	2
3.52718929863761	9.1565616599801	21.9941429737343	5.38430854798098	12.0815729019291	22.3447557632759	4.44647441783893	12.5257262044709	21.0748443379466	3	2
0.819101406444775	4.61882325956808	25.8810562654846	3.52718929863761	9.1565616599801	21.9941429737343	3.0997231261679	8.05880118904906	20.5836531794234	3	2
-1.4666	1.9101	21.811	-1.2307	5.5104	26.669	0.412	5.4894	26.775	3	2
-1.2307	5.5104	26.669	-2.0045	7.9057	31.505	0.67495	8.3882	31.514	3	2
-2.0045	7.9057	31.505	-1.09071434732619	11.4786865149202	34.1590089018842	1.03	11.425	34.562	3	2
-1.09071434732619	11.4786865149202	34.1590089018842	-0.0820048631921338	16.9210364964425	37.4964921704351	2.3387990744417	16.0068577720434	34.8589014979856	3	2
-0.0820048631921338	16.9210364964425	37.4964921704351	-0.600783415153053	19.3878192277808	31.4119214057556	2.35529068612238	19.0511329334543	32.6505910174687	3	2
-0.600783415153053	19.3878192277808	31.4119214057556	1.98572828406265	21.3052425336176	29.019363112702	4.31305479766476	20.3585208179727	29.4440143751644	3	2
1.98572828406265	21.3052425336176	29.019363112702	4.26988031295349	19.1559121565073	24.669026290348	5.50857895274715	18.553340502811	24.3260645987044	3	2
4.26988031295349	19.1559121565073	24.669026290348	4.27678668361521	15.4835687727474	21.0090261593189	4.77519612780494	15.7882897178884	22.3143485951695	3	2
4.27678668361521	15.4835687727474	21.0090261593189	4.44647441783893	12.5257262044709	21.0748443379466	5.38430854798098	12.0815729019291	22.3447557632759	3	2
4.44647441783893	12.5257262044709	21.0748443379466	3.0997231261679	8.05880118904906	20.5836531794234	3.52718929863761	9.1565616599801	21.9941429737343	3	2
0.23953	-1.8413	25.174	0.80155	-3.8441	29.16	1.0008	-2.5974	25.299	4	2
0.80155	-3.8441	29.16	1.455	-5.9092	33.558	1.3809	-3.2059	29.58	4	2
1.455	-5.9092	33.558	2.383	-8.185	37.648	2.0671	-3.8303	34.049	4	2
2.383	-8.185	37.648	3.36732702679163	-11.9791268612706	39.2311673679409	3.71556507796861	-8.39017341098052	38.0514525925126	4	2
3.36732702679163	-11.9791268612706	39.2311673679409	1.27876897951089	-16.2594410056934	41.2157156460617	3.49205010431817	-12.1141856296978	39.6715352743591	4	2
1.27876897951089	-16.2594410056934	41.2157156460617	1.63733829293766	-20.5326934807259	41.2327691529609	3.16564349585968	-16.8913022375263	42.9938172132564	4	2
1.63733829293766	-20.5326934807259	41.2327691529609	4.05847532679401	-23.5006659101907	42.327317887018	2.1545370695433	-20.1683326298695	41.827238231922	4	2
4.05847532679401	-23.5006659101907	42.327317887018	7.02157713172904	-26.1117181667806	40.866526082226	6.48837633780007	-22.7793922025817	43.0874381902752	4	2
7.02157713172904	-26.1117181667806	40.866526082226	9.38154345644301	-27.0099560243312	37.3546463779253	9.66662365671763	-24.6528513871445	40.2600799099072	4	2
9.38154345644301	-27.0099560243312	37.3546463779253	12.3098025656599	-30.0713976023042	35.6305706678864	11.3456978285295	-26.5977966379075	36.228459784684	4	2
12.3098025656599	-30.0713976023042	35.6305706678864	12.5931222361534	-34.5994100795211	32.3336298175708	13.9878840688627	-30.6405029449051	36.3246906702144	4	2
1.3809	-3.2059	29.58	1.0008	-2.5974	25.299	0.80155	-3.8441	29.16	4	2
2.0671	-3.8303	34.049	1.3809	-3.2059	29.58	1.455	-5.9092	33.558	4	2
3.71556507796861	-8.39017341098052	38.0514525925126	2.0671	-3.8303	34.049	2.383	-8.185	37.648	4	2
3.49205010431817	-12.1141856296978	39.6715352743591	3.71556507796861	-8.39017341098052	38.0514525925126	3.36732702679163	-11.9791268612706	39.2311673679409	4	2
3.16564349585968	-16.8913022375263	42.9938172132564	3.49205010431817	-12.1141856296978	39.6715352743591	1.27876897951089	-16.2594410056934	41.2157156460617	4	2
2.1545370695433	-20.1683326298695	41.827238231922	3.16564349585968	-16.8913022375263	42.9938172132564	1.63733829293766	-20.5326934807259	41.2327691529609	4	2
6.48837633780007	-22.7793922025817	43.0874381902752	2.1545370695433	-20.1683326298695	41.827238231922	4.05847532679401	-23.5006659101907	42.327317887018	4	2
9.66662365671763	-24.6528513871445	40.2600799099072	6.48837633780007	-22.7793922025817	43.0874381902752	7.02157713172904	-26.1117181667806	40.866526082226	4	2
11.3456978285295	-26.5977966379075	36.228459784684	9.66662365671763	-24.6528513871445	40.2600799099072	9.38154345644301	-27.0099560243312	37.3546463779253	4	2
13.9878840688627	-30.6405029449051	36.3246906702144	11.3456978285295	-26.5977966379075	36.228459784684	12.3098025656599	-30.0713976023042	35.6305706678864	4	2
0.80155	-3.8441	29.16	0.23953	-1.8413	25.174	-1.7013	-2.0621	24.932	4	2
1.455	-5.9092	33.558	0.80155	-3.8441	29.16	-1.3186	-3.3216	29.218	4	2
2.383	-8.185	37.648	1.455	-5.9092	33.558	-1.8644	-5.4447	33.492	4	2
3.36732702679163	-11.9791268612706	39.2311673679409	2.383	-8.185	37.648	-0.81163621238096	-8.45339540296831	36.7915721859318	4	2
1.27876897951089	-16.2594410056934	41.2157156460617	3.36732702679163	-11.9791268612706	39.2311673679409	0.0662544103644077	-8.99562267143881	39.9223273568948	4	2
1.63733829293766	-20.5326934807259	41.2327691529609	1.27876897951089	-16.2594410056934	41.2157156460617	-1.16658917633464	-15.1882842023965	40.8060823559223	4	2
4.05847532679401	-23.5006659101907	42.327317887018	1.63733829293766	-20.5326934807259	41.2327691529609	0.399137339306847	-20.4369340406508	41.3436554373438	4	2
7.02157713172904	-26.1117181667806	40.866526082226	4.05847532679401	-23.5006659101907	42.327317887018	3.18331780090334	-23.4167927369328	41.9140627531303	4	2
9.38154345644301	-27.0099560243312	37.3546463779253	7.02157713172904	-26.1117181667806	40.866526082226	5.45367235201913	-26.8381815174546	41.4297458988964	4	2
12.3098025656599	-30.0713976023042	35.6305706678864	9.38154345644301	-27.0099560243312	37.3546463779253	8.1001556741143	-27.1636902729565	37.5839962680459	4	2
12.5931222361534	-34.5994100795211	32.3336298175708	12.3098025656599	-30.0713976023042	35.6305706678864	11.609328917414	-29.5711332113029	35.8699327517869	4	2
-1.7013	-2.0621	24.932	-1.3186	-3.3216	29.218	0.80155	-3.8441	29.16	4	2
-1.3186	-3.3216	29.218	-1.8644	-5.4447	33.492	1.455	-5.9092	33.558	4	2
-1.8644	-5.4447	33.492	-0.81163621238096	-8.45339540296831	36.7915721859318	2.383	-8.185	37.648	4	2
-0.81163621238096	-8.45339540296831	36.7915721859318	0.0662544103644077	-8.99562267143881	39.9223273568948	3.36732702679163	-11.9791268612706	39.2311673679409	4	2
0.0662544103644077	-8.99562267143881	39.9223273568948	-1.16658917633464	-15.1882842023965	40.8060823559223	1.27876897951089	-16.2594410056934	41.2157156460617	4	2
-1.16658917633464	-15.1882842023965	40.8060823559223	0.399137339306847	-20.4369340406508	41.3436554373438	1.63733829293766	-20.5326934807259	41.2327691529609	4	2
0.399137339306847	-20.4369340406508	41.3436554373438	3.18331780090334	-23.4167927369328	41.9140627531303	4.05847532679401	-23.5006659101907	42.327317887018	4	2
3.18331780090334	-23.4167927369328	41.9140627531303	5.45367235201913	-26.8381815174546	41.4297458988964	7.02157713172904	-26.1117181667806	40.866526082226	4	2
5.45367235201913	-26.8381815174546	41.4297458988964	8.1001556741143	-27.1636902729565	37.5839962680459	9.38154345644301	-27.0099560243312	37.3546463779253	4	2
8.1001556741143	-27.1636902729565	37.5839962680459	11.609328917414	-29.5711332113029	35.8699327517869	12.3098025656599	-30.0713976023042	35.6305706678864	4	2
-0.096448	-0.21984	26.534	-0.6632	1.1753	29.951	0.777	1.1601	26.013	5	2
-0.6632	1.1753	29.951	0.497545298496815	5.19916598395144	32.0550265077266	2.01205329206537	1.23163791042568	27.8126646958107	5	2
0.497545298496815	5.19916598395144	32.0550265077266	-1.23079123315508	9.7384009409133	31.8431200924086	2.21994238611853	5.22628877078972	32.0500818655396	5	2
-1.23079123315508	9.7384009409133	31.8431200924086	-3.37962648325411	11.6148535239232	29.3616066385568	-0.55871539681144	10.6500643217043	31.6717721226871	5	2
-3.37962648325411	11.6148535239232	29.3616066385568	-3.80312149232226	11.4813429371947	25.1655988787301	-0.426812966864922	12.9709916674006	29.2566587022502	5	2
-3.80312149232226	11.4813429371947	25.1655988787301	-3.35145943070523	6.84724958085538	20.8253525266405	-1.2750991967618	13.528697801351	24.9953449628727	5	2
-3.35145943070523	6.84724958085538	20.8253525266405	-3.88160369627637	3.37122800552358	20.901935197721	-2.24852485148892	7.96657457723959	19.219144770328	5	2
2.01205329206537	1.23163791042568	27.8126646958107	0.777	1.1601	26.013	-0.6632	1.1753	29.951	5	2
2.21994238611853	5.22628877078972	32.0500818655396	2.01205329206537	1.23163791042568	27.8126646958107	0.497545298496815	5.19916598395144	32.0550265077266	5	2
-0.55871539681144	10.6500643217043	31.6717721226871	2.21994238611853	5.22628877078972	32.0500818655396	-1.23079123315508	9.7384009409133	31.8431200924086	5	2
-0.426812966864922	12.9709916674006	29.2566587022502	-0.55871539681144	10.6500643217043	31.6717721226871	-3.37962648325411	11.6148535239232	29.3616066385568	5	2
-1.2750991967618	13.528697801351	24.9953449628727	-0.426812966864922	12.9709916674006	29.2566587022502	-3.80312149232226	11.4813429371947	25.1655988787301	5	2
-2.24852485148892	7.96657457723959	19.219144770328	-1.2750991967618	13.528697801351	24.9953449628727	-3.35145943070523	6.84724958085538	20.8253525266405	5	2
-0.6632	1.1753	29.951	-0.096448	-0.21984	26.534	-1.2218	0.40471	26.546	5	2
0.497545298496815	5.19916598395144	32.0550265077266	-0.6632	1.1753	29.951	-2.56806357078832	0.372366089564214	32.0674816152653	5	2
-1.23079123315508	9.7384009409133	31.8431200924086	0.497545298496815	5.19916598395144	32.0550265077266	-1.89319164494972	4.76469973010997	33.7609286595257	5	2
-3.37962648325411	11.6148535239232	29.3616066385568	-1.23079123315508	9.7384009409133	31.8431200924086	-3.70120374591722	9.09543248550969	33.2242331044913	5	2
-3.80312149232226	11.4813429371947	25.1655988787301	-3.37962648325411	11.6148535239232	29.3616066385568	-6.23979999049941	12.6418906665963	29.5997065042059	5	2
-3.35145943070523	6.84724958085538	20.8253525266405	-3.80312149232226	11.4813429371947	25.1655988787301	-5.65087551894752	11.9839036749156	24.266679876822	5	2
-3.88160369627637	3.37122800552358	20.901935197721	-3.35145943070523	6.84724958085538	20.8253525266405	-3.950253281242	6.86392289938905	21.15846142026	5	2
-1.2218	0.40471	26.546	-2.56806357078832	0.372366089564214	32.0674816152653	-0.6632	1.1753	29.951	5	2
-2.56806357078832	0.372366089564214	32.0674816152653	-1.89319164494972	4.76469973010997	33.7609286595257	0.497545298496815	5.19916598395144	32.0550265077266	5	2
-1.89319164494972	4.76469973010997	33.7609286595257	-3.70120374591722	9.09543248550969	33.2242331044913	-1.23079123315508	9.7384009409133	31.8431200924086	5	2
-3.70120374591722	9.09543248550969	33.2242331044913	-6.23979999049941	12.6418906665963	29.5997065042059	-3.37962648325411	11.6148535239232	29.3616066385568	5	2
-6.23979999049941	12.6418906665963	29.5997065042059	-5.65087551894752	11.9839036749156	24.266679876822	-3.80312149232226	11.4813429371947	25.1655988787301	5	2
-5.65087551894752	11.9839036749156	24.266679876822	-3.950253281242	6.86392289938905	21.15846142026	-3.35145943070523	6.84724958085538	20.8253525266405	5	2
0.66812	-1.503	30.237	0.6249	-2.4527	34.605	2.0123	-0.9005	30.568	6	2
0.6249	-2.4527	34.605	0.41847	-3.7092	38.806	2.0373	-3.5506	34.219	6	2
0.41847	-3.7092	38.806	1.27549537935659	-7.20994692991277	40.8008040572309	2.32030241108858	-3.81854009221732	38.6438636830722	6	2
1.27549537935659	-7.20994692991277	40.8008040572309	3.32298950093775	-11.3193500411316	39.5555076179862	3.36180801933509	-6.67985791397539	43.1553922278987	6	2
3.32298950093775	-11.3193500411316	39.5555076179862	5.32466061095831	-12.8607033824433	35.7314086895409	6.22239429568667	-12.427949887038	41.097400830191	6	2
5.32466061095831	-12.8607033824433	35.7314086895409	8.68720525204959	-11.0005960912292	32.602897699974	7.59553953417773	-12.2754890065864	37.2614995529762	6	2
8.68720525204959	-11.0005960912292	32.602897699974	8.7168115428749	-8.02393064145222	30.1395050886253	10.4867693335719	-10.0524395001253	32.9016219796051	6	2
8.7168115428749	-8.02393064145222	30.1395050886253	8.48132480143505	0.118962381518636	31.0196149119192	11.6014262572729	-6.54303555449407	30.6976529641042	6	2
8.48132480143505	0.118962381518636	31.0196149119192	7.02880768304482	1.44925668414971	31.5391676899607	8.80084266763593	1.69023814011047	30.683160125001	6	2
2.0373	-3.5506	34.219	2.0123	-0.9005	30.568	0.6249	-2.4527	34.605	6	2
2.32030241108858	-3.81854009221732	38.6438636830722	2.0373	-3.5506	34.219	0.41847	-3.7092	38.806	6	2
3.36180801933509	-6.67985791397539	43.1553922278987	2.32030241108858	-3.81854009221732	38.6438636830722	1.27549537935659	-7.20994692991277	40.8008040572309	6	2
6.22239429568667	-12.427949887038	41.097400830191	3.36180801933509	-6.67985791397539	43.1553922278987	3.32298950093775	-11.3193500411316	39.5555076179862	6	2
7.59553953417773	-12.2754890065864	37.2614995529762	6.22239429568667	-12.427949887038	41.097400830191	5.32466061095831	-12.8607033824433	35.7314086895409	6	2
10.4867693335719	-10.0524395001253	32.9016219796051	7.59553953417773	-12.2754890065864	37.2614995529762	8.68720525204959	-11.0005960912292	32.602897699974	6	2
11.6014262572729	-6.54303555449407	30.6976529641042	10.4867693335719	-10.0524395001253	32.9016219796051	8.7168115428749	-8.02393064145222	30.1395050886253	6	2
8.80084266763593	1.69023814011047	30.683160125001	11.6014262572729	-6.54303555449407	30.6976529641042	8.48132480143505	0.118962381518636	31.0196149119192	6	2
0.6249	-2.4527	34.605	0.66812	-1.503	30.237	-2.9383	-1.1322	30.626	6	2
0.41847	-3.7092	38.806	0.6249	-2.4527	34.605	-1.4113	-1.7533	34.836	6	2
1.27549537935659	-7.20994692991277	40.8008040572309	0.41847	-3.7092	38.806	-2.78097971220884	-4.1133294672754	39.5042942571914	6	2
3.32298950093775	-11.3193500411316	39.5555076179862	1.27549537935659	-7.20994692991277	40.8008040572309	-2.54906278594069	-8.29575301368508	41.232577746449	6	2
5.32466061095831	-12.8607033824433	35.7314086895409	3.32298950093775	-11.3193500411316	39.5555076179862	0.33453152738896	-12.9587194332409	39.9296801270615	6	2
8.68720525204959	-11.0005960912292	32.602897699974	5.32466061095831	-12.8607033824433	35.7314086895409	4.26694953942708	-15.7302953072866	35.3249916666023	6	2
8.7168115428749	-8.02393064145222	30.1395050886253	8.68720525204959	-11.0005960912292	32.602897699974	8.21372186109482	-12.8966655867987	32.1525697012211	6	2
8.48132480143505	0.118962381518636	31.0196149119192	8.7168115428749	-8.02393064145222	30.1395050886253	8.53853324330887	-8.95977772209929	29.7344921881539	6	2
7.02880768304482	1.44925668414971	31.5391676899607	8.48132480143505	0.118962381518636	31.0196149119192	9.6503250922867	0.366104283186561	29.7993367098567	6	2
-2.9383	-1.1322	30.626	-1.4113	-1.7533	34.836	0.6249	-2.4527	34.605	6	2
-1.4113	-1.7533	34.836	-2.78097971220884	-4.1133294672754	39.5042942571914	0.41847	-3.7092	38.806	6	2
-2.78097971220884	-4.1133294672754	39.5042942571914	-2.54906278594069	-8.29575301368508	41.232577746449	1.27549537935659	-7.20994692991277	40.8008040572309	6	2
-2.54906278594069	-8.29575301368508	41.232577746449	0.33453152738896	-12.9587194332409	39.9296801270615	3.32298950093775	-11.3193500411316	39.5555076179862	6	2
0.33453152738896	-12.9587194332409	39.9296801270615	4.26694953942708	-15.7302953072866	35.3249916666023	5.32466061095831	-12.8607033824433	35.7314086895409	6	2
4.26694953942708	-15.7302953072866	35.3249916666023	8.21372186109482	-12.8966655867987	32.1525697012211	8.68720525204959	-11.0005960912292	32.602897699974	6	2
8.21372186109482	-12.8966655867987	32.1525697012211	8.53853324330887	-8.95977772209929	29.7344921881539	8.7168115428749	-8.02393064145222	30.1395050886253	6	2
8.53853324330887	-8.95977772209929	29.7344921881539	9.6503250922867	0.366104283186561	29.7993367098567	8.48132480143505	0.118962381518636	31.0196149119192	6	2
0.48025	-0.065238	32.487	2.51218556648623	1.67773121077058	29.4867750721824	0.502581146826778	-0.372251379516728	32.1880893212294	7	2
2.51218556648623	1.67773121077058	29.4867750721824	2.07888305028413	-2.50279894955126	31.3703489380269	0.576176514240666	2.57221787688479	28.7289994659723	7	2
0.576176514240666	2.57221787688479	28.7289994659723	0.502581146826778	-0.372251379516728	32.1880893212294	2.51218556648623	1.67773121077058	29.4867750721824	7	2
2.51218556648623	1.67773121077058	29.4867750721824	0.48025	-0.065238	32.487	2.10514642586767	3.38823662917865	34.5280598024472	7	2
2.07888305028413	-2.50279894955126	31.3703489380269	2.51218556648623	1.67773121077058	29.4867750721824	4.06339150818193	0.22827705846253	29.142455704727	7	2
2.10514642586767	3.38823662917865	34.5280598024472	4.06339150818193	0.22827705846253	29.142455704727	2.51218556648623	1.67773121077058	29.4867750721824	7	2
1.6541	2.9057	32.832	1.8467	5.2361	37.452	3.0061	2.7372	32.871	8	2
1.8467	5.2361	37.452	3.0828	7.2517	41.746	3.3828	2.8223	37.853	8	2
3.0828	7.2517	41.746	5.16689021774669	10.1518201460701	42.5986829144827	5.96782405487153	6.09069485652459	42.0507754577328	8	2
5.16689021774669	10.1518201460701	42.5986829144827	9.09937836408212	13.5672941299415	39.2582145843784	8.20593152139529	8.98403121015494	42.3512392524667	8	2
9.09937836408212	13.5672941299415	39.2582145843784	10.0700762052604	13.5444089166477	35.2554362520017	11.5077146947415	12.3204149717639	38.3715433243679	8	2
10.0700762052604	13.5444089166477	35.2554362520017	8.47125519945987	10.9728038080016	31.6070639345708	11.0598287399707	10.6895092323008	33.7906965063982	8	2
8.47125519945987	10.9728038080016	31.6070639345708	3.74577920118139	8.59021269139567	30.6680153944172	8.08613965352492	8.58996191782513	31.2688856639804	8	2
3.74577920118139	8.59021269139567	30.6680153944172	0.144196622980834	8.45496629030259	32.8819030029903	2.43879991412746	6.78058627844427	30.3210220389179	8	2
0.144196622980834	8.45496629030259	32.8819030029903	-0.917885034824202	10.160662735333	35.7500116462541	-0.430182182664029	7.42457478683926	33.2873217213748	8	2
3.3828	2.8223	37.853	3.0061	2.7372	32.871	1.8467	5.2361	37.452	8	2
5.96782405487153	6.09069485652459	42.0507754577328	3.3828	2.8223	37.853	3.0828	7.2517	41.746	8	2
8.20593152139529	8.98403121015494	42.3512392524667	5.96782405487153	6.09069485652459	42.0507754577328	5.16689021774669	10.1518201460701	42.5986829144827	8	2
11.5077146947415	12.3204149717639	38.3715433243679	8.20593152139529	8.98403121015494	42.3512392524667	9.09937836408212	13.5672941299415	39.2582145843784	8	2
11.0598287399707	10.6895092323008	33.7906965063982	11.5077146947415	12.3204149717639	38.3715433243679	10.0700762052604	13.5444089166477	35.2554362520017	8	2
8.08613965352492	8.58996191782513	31.2688856639804	11.0598287399707	10.6895092323008	33.7906965063982	8.47125519945987	10.9728038080016	31.6070639345708	8	2
2.43879991412746	6.78058627844427	30.3210220389179	8.08613965352492	8.58996191782513	31.2688856639804	3.74577920118139	8.59021269139567	30.6680153944172	8	2
-0.430182182664029	7.42457478683926	33.2873217213748	2.43879991412746	6.78058627844427	30.3210220389179	0.144196622980834	8.45496629030259	32.8819030029903	8	2
1.8467	5.2361	37.452	1.6541	2.9057	32.832	0.40135	0.65306	33.978	8	2
3.0828	7.2517	41.746	1.8467	5.2361	37.452	-0.586069999999999	5.112	37.433	8	2
5.16689021774669	10.1518201460701	42.5986829144827	3.0828	7.2517	41.746	0.499035688744878	7.90508322803612	42.012843758041	8	2
9.09937836408212	13.5672941299415	39.2582145843784	5.16689021774669	10.1518201460701	42.5986829144827	2.3400055731116	12.0032822877707	44.3216067973851	8	2
10.0700762052604	13.5444089166477	35.2554362520017	9.09937836408212	13.5672941299415	39.2582145843784	7.52209013015473	16.0955240917775	41.0597400288806	8	2
8.47125519945987	10.9728038080016	31.6070639345708	10.0700762052604	13.5444089166477	35.2554362520017	8.96162198716489	15.7137006347244	36.6473167706778	8	2
3.74577920118139	8.59021269139567	30.6680153944172	8.47125519945987	10.9728038080016	31.6070639345708	9.3322888444069	13.6873889888303	31.5485524118214	8	2
0.144196622980834	8.45496629030259	32.8819030029903	3.74577920118139	8.59021269139567	30.6680153944172	3.4046593355344	9.28015169124215	29.6366520182244	8	2
-0.917885034824202	10.160662735333	35.7500116462541	0.144196622980834	8.45496629030259	32.8819030029903	-0.314878598320966	8.98379119472676	32.8606154092443	8	2
0.40135	0.65306	33.978	-0.586069999999999	5.112	37.433	1.8467	5.2361	37.452	8	2
-0.586069999999999	5.112	37.433	0.499035688744878	7.90508322803612	42.012843758041	3.0828	7.2517	41.746	8	2
0.499035688744878	7.90508322803612	42.012843758041	2.3400055731116	12.0032822877707	44.3216067973851	5.16689021774669	10.1518201460701	42.5986829144827	8	2
2.3400055731116	12.0032822877707	44.3216067973851	7.52209013015473	16.0955240917775	41.0597400288806	9.09937836408212	13.5672941299415	39.2582145843784	8	2
7.52209013015473	16.0955240917775	41.0597400288806	8.96162198716489	15.7137006347244	36.6473167706778	10.0700762052604	13.5444089166477	35.2554362520017	8	2
8.96162198716489	15.7137006347244	36.6473167706778	9.3322888444069	13.6873889888303	31.5485524118214	8.47125519945987	10.9728038080016	31.6070639345708	8	2
9.3322888444069	13.6873889888303	31.5485524118214	3.4046593355344	9.28015169124215	29.6366520182244	3.74577920118139	8.59021269139567	30.6680153944172	8	2
3.4046593355344	9.28015169124215	29.6366520182244	-0.314878598320966	8.98379119472676	32.8606154092443	0.144196622980834	8.45496629030259	32.8819030029903	8	2
