-0.41205	2.6872	12.111	-2.50890485755764	11.4531858081476	17.4028253667423	0.181875707629	2.33620127304616	11.7616179884508	1	1
-2.50890485755764	11.4531858081476	17.4028253667423	-0.295106196314753	15.2923678792062	18.8620666305973	-0.630493746069839	9.60328221581867	18.465364209116	1	1
-0.295106196314753	15.2923678792062	18.8620666305973	0.68222955813203	21.3341280202415	16.9367653420733	1.53967136943547	14.2860953942864	19.9094918296651	1	1
0.68222955813203	21.3341280202415	16.9367653420733	2.12109546577463	23.4154273209207	13.5142392011738	2.20642985094434	22.3028950605558	18.2507373733554	1	1
2.12109546577463	23.4154273209207	13.5142392011738	3.83723124719632	21.97950077203	6.17405927452253	2.71979321935724	23.6387962717483	13.0319901766426	1	1
-0.630493746069839	9.60328221581867	18.465364209116	0.181875707629	2.33620127304616	11.7616179884508	-2.50890485755764	11.4531858081476	17.4028253667423	1	1
1.53967136943547	14.2860953942864	19.9094918296651	-0.630493746069839	9.60328221581867	18.465364209116	-0.295106196314753	15.2923678792062	18.8620666305973	1	1
2.20642985094434	22.3028950605558	18.2507373733554	1.53967136943547	14.2860953942864	19.9094918296651	0.68222955813203	21.3341280202415	16.9367653420733	1	1
2.71979321935724	23.6387962717483	13.0319901766426	2.20642985094434	22.3028950605558	18.2507373733554	2.12109546577463	23.4154273209207	13.5142392011738	1	1
-2.50890485755764	11.4531858081476	17.4028253667423	-0.41205	2.6872	12.111	-1.76901669967037	1.92602039217793	12.5967676637257	1	1
-0.295106196314753	15.2923678792062	18.8620666305973	-2.50890485755764	11.4531858081476	17.4028253667423	-3.40370022653125	11.9904191668085	17.952534031405	1	1
0.68222955813203	21.3341280202415	16.9367653420733	-0.295106196314753	15.2923678792062	18.8620666305973	-2.04657062296098	15.6889544298244	20.0286890331173	1	1
2.12109546577463	23.4154273209207	13.5142392011738	0.68222955813203	21.3341280202415	16.9367653420733	-0.497748993890193	23.1403597017684	17.2553357258442	1	1
3.83723124719632	21.97950077203	6.17405927452253	2.12109546577463	23.4154273209207	13.5142392011738	0.684733249734817	24.9800052761273	13.0126592011591	1	1
-1.76901669967037	1.92602039217793	12.5967676637257	-3.40370022653125	11.9904191668085	17.952534031405	-2.50890485755764	11.4531858081476	17.4028253667423	1	1
-3.40370022653125	11.9904191668085	17.952534031405	-2.04657062296098	15.6889544298244	20.0286890331173	-0.295106196314753	15.2923678792062	18.8620666305973	1	1
-2.04657062296098	15.6889544298244	20.0286890331173	-0.497748993890193	23.1403597017684	17.2553357258442	0.68222955813203	21.3341280202415	16.9367653420733	1	1
-0.497748993890193	23.1403597017684	17.2553357258442	0.684733249734817	24.9800052761273	13.0126592011591	2.12109546577463	23.4154273209207	13.5142392011738	1	1
2.1493220645186	1.32268928281244	21.682	1.58824686270192	-3.00739412166355	27.439391993598	1.0765120822593	1.86039464140622	21.5342959866194	2	1
1.58824686270192	-3.00739412166355	27.439391993598	1.20770810493767	-7.06351681222079	32.795521074578	0.80325186003483	-3.15513915299952	27.650046073794	2	1
1.20770810493767	-7.06351681222079	32.795521074578	0.738784803961197	-11.083824261964	36.0979284144189	-0.596985587561183	-6.10458569390509	33.1486501148461	2	1
0.738784803961197	-11.083824261964	36.0979284144189	-0.409753188479554	-16.4627765424904	37.864619840389	-0.723851067372766	-10.8599036802198	36.0367284065881	2	1
-0.409753188479554	-16.4627765424904	37.864619840389	-0.853286157226836	-20.9848657431041	37.6136673121934	-2.57964181191237	-16.1693109195943	38.9999869088189	2	1
-0.853286157226836	-20.9848657431041	37.6136673121934	-2.72778622720636	-25.2226244779078	36.3113939080276	-2.64435953738109	-20.2008704376027	38.0368477321736	2	1
-2.72778622720636	-25.2226244779078	36.3113939080276	-5.04267543878839	-30.0250717157169	32.2136880452905	-4.62057950898296	-24.5145132182128	36.3374232444488	2	1
-5.04267543878839	-30.0250717157169	32.2136880452905	-6.00244781632751	-31.9497226092568	28.5693743482527	-6.91657945470438	-29.2526446165863	31.5573612930835	2	1
-6.00244781632751	-31.9497226092568	28.5693743482527	-8.05902737649909	-32.6290873987177	24.5731420746611	-8.83996848013532	-31.4125482464407	28.5471825390246	2	1
-8.05902737649909	-32.6290873987177	24.5731420746611	-8.42836157112039	-33.4318866433928	20.4530697519182	-9.33116914587068	-32.5416845510462	24.6993526163722	2	1
-8.42836157112039	-33.4318866433928	20.4530697519182	-9.36831126126294	-31.9369662062991	12.7144533816698	-10.430912687041	-32.6763104172339	20.8131490273406	2	1
0.80325186003483	-3.15513915299952	27.650046073794	1.0765120822593	1.86039464140622	21.5342959866194	1.58824686270192	-3.00739412166355	27.439391993598	2	1
-0.596985587561183	-6.10458569390509	33.1486501148461	0.80325186003483	-3.15513915299952	27.650046073794	1.20770810493767	-7.06351681222079	32.795521074578	2	1
-0.723851067372766	-10.8599036802198	36.0367284065881	-0.596985587561183	-6.10458569390509	33.1486501148461	0.738784803961197	-11.083824261964	36.0979284144189	2	1
-2.57964181191237	-16.1693109195943	38.9999869088189	-0.723851067372766	-10.8599036802198	36.0367284065881	-0.409753188479554	-16.4627765424904	37.864619840389	2	1
-2.64435953738109	-20.2008704376027	38.0368477321736	-2.57964181191237	-16.1693109195943	38.9999869088189	-0.853286157226836	-20.9848657431041	37.6136673121934	2	1
-4.62057950898296	-24.5145132182128	36.3374232444488	-2.64435953738109	-20.2008704376027	38.0368477321736	-2.72778622720636	-25.2226244779078	36.3113939080276	2	1
-6.91657945470438	-29.2526446165863	31.5573612930835	-4.62057950898296	-24.5145132182128	36.3374232444488	-5.04267543878839	-30.0250717157169	32.2136880452905	2	1
-8.83996848013532	-31.4125482464407	28.5471825390246	-6.91657945470438	-29.2526446165863	31.5573612930835	-6.00244781632751	-31.9497226092568	28.5693743482527	2	1
-9.33116914587068	-32.5416845510462	24.6993526163722	-8.83996848013532	-31.4125482464407	28.5471825390246	-8.05902737649909	-32.6290873987177	24.5731420746611	2	1
-10.430912687041	-32.6763104172339	20.8131490273406	-9.33116914587068	-32.5416845510462	24.6993526163722	-8.42836157112039	-33.4318866433928	20.4530697519182	2	1
1.58824686270192	-3.00739412166355	27.439391993598	2.1493220645186	1.32268928281244	21.682	3.61781322305172	1.79476097629704	21.8750163174061	2	1
1.20770810493767	-7.06351681222079	32.795521074578	1.58824686270192	-3.00739412166355	27.439391993598	3.23204415686942	-3.018742767295	27.3502743526399	2	1
0.738784803961197	-11.083824261964	36.0979284144189	1.20770810493767	-7.06351681222079	32.795521074578	3.88682224196214	-6.58397092670731	32.8642432470026	2	1
-0.409753188479554	-16.4627765424904	37.864619840389	0.738784803961197	-11.083824261964	36.0979284144189	2.82082048726361	-11.1201189050067	35.5265060466892	2	1
-0.853286157226836	-20.9848657431041	37.6136673121934	-0.409753188479554	-16.4627765424904	37.864619840389	2.37554218248655	-16.0441421004665	40.2562247200516	2	1
-2.72778622720636	-25.2226244779078	36.3113939080276	-0.853286157226836	-20.9848657431041	37.6136673121934	2.13451006108925	-21.5930886686204	36.5700328979025	2	1
-5.04267543878839	-30.0250717157169	32.2136880452905	-2.72778622720636	-25.2226244779078	36.3113939080276	-0.234216834394721	-25.7313400388283	36.1834112380667	2	1
-6.00244781632751	-31.9497226092568	28.5693743482527	-5.04267543878839	-30.0250717157169	32.2136880452905	-3.64459610927651	-29.7797728454976	32.196591476607	2	1
-8.05902737649909	-32.6290873987177	24.5731420746611	-6.00244781632751	-31.9497226092568	28.5693743482527	-5.50558972712603	-33.2631570273412	28.2989015056484	2	1
-8.42836157112039	-33.4318866433928	20.4530697519182	-8.05902737649909	-32.6290873987177	24.5731420746611	-6.97468005180687	-33.8536001996127	24.4538134532951	2	1
-9.36831126126294	-31.9369662062991	12.7144533816698	-8.42836157112039	-33.4318866433928	20.4530697519182	-8.59988653362944	-35.2114218149219	20.0274870918776	2	1
3.61781322305172	1.79476097629704	21.8750163174061	3.23204415686942	-3.018742767295	27.3502743526399	1.58824686270192	-3.00739412166355	27.439391993598	2	1
3.23204415686942	-3.018742767295	27.3502743526399	3.88682224196214	-6.58397092670731	32.8642432470026	1.20770810493767	-7.06351681222079	32.795521074578	2	1
3.88682224196214	-6.58397092670731	32.8642432470026	2.82082048726361	-11.1201189050067	35.5265060466892	0.738784803961197	-11.083824261964	36.0979284144189	2	1
2.82082048726361	-11.1201189050067	35.5265060466892	2.37554218248655	-16.0441421004665	40.2562247200516	-0.409753188479554	-16.4627765424904	37.864619840389	2	1
2.37554218248655	-16.0441421004665	40.2562247200516	2.13451006108925	-21.5930886686204	36.5700328979025	-0.853286157226836	-20.9848657431041	37.6136673121934	2	1
2.13451006108925	-21.5930886686204	36.5700328979025	-0.234216834394721	-25.7313400388283	36.1834112380667	-2.72778622720636	-25.2226244779078	36.3113939080276	2	1
-0.234216834394721	-25.7313400388283	36.1834112380667	-3.64459610927651	-29.7797728454976	32.196591476607	-5.04267543878839	-30.0250717157169	32.2136880452905	2	1
-3.64459610927651	-29.7797728454976	32.196591476607	-5.50558972712603	-33.2631570273412	28.2989015056484	-6.00244781632751	-31.9497226092568	28.5693743482527	2	1
-5.50558972712603	-33.2631570273412	28.2989015056484	-6.97468005180687	-33.8536001996127	24.4538134532951	-8.05902737649909	-32.6290873987177	24.5731420746611	2	1
-6.97468005180687	-33.8536001996127	24.4538134532951	-8.59988653362944	-35.2114218149219	20.0274870918776	-8.42836157112039	-33.4318866433928	20.4530697519182	2	1
0.23953	-1.8413	25.174	-0.589876538847243	1.02413284734811	29.7235666460393	-0.524194697189802	-1.07793520853431	25.2030345475752	3	1
-0.589876538847243	1.02413284734811	29.7235666460393	-1.54559385681917	4.01135580812597	34.7585780425032	-1.18324313365736	0.427415617107856	30.1831210974353	3	1
-1.54559385681917	4.01135580812597	34.7585780425032	-2.82111736859935	7.21682944066568	39.3882013630243	-2.1761114750868	1.98696361322907	35.42330083758	3	1
-2.82111736859935	7.21682944066568	39.3882013630243	-4.06935591449851	11.1421110719187	42.4211177439363	-4.13880567056798	7.25845777363571	39.8807096682834	3	1
-4.06935591449851	11.1421110719187	42.4211177439363	-3.73685874458225	16.0757183329057	46.2323699500426	-4.27349748447568	11.1155270354393	42.8516292053536	3	1
-3.73685874458225	16.0757183329057	46.2323699500426	-4.65223952599642	20.6399797158169	48.5244727971661	-5.71701951592482	15.7031391650967	47.982037725179	3	1
-4.65223952599642	20.6399797158169	48.5244727971661	-6.73258876724216	24.2157876797213	50.9981860323143	-5.25318481437457	20.2366683654237	49.003901212073	3	1
-6.73258876724216	24.2157876797213	50.9981860323143	-9.31488581144145	28.4381078768916	52.2083151043295	-9.14204472000272	23.6750550807089	51.9492737401899	3	1
-9.31488581144145	28.4381078768916	52.2083151043295	-12.2308002766732	32.774168605113	51.9104835734198	-12.3936941022021	28.3426770455439	52.2729125127279	3	1
-12.2308002766732	32.774168605113	51.9104835734198	-14.8469328855026	37.4839557960404	53.1762193189434	-14.3927133292039	33.3658010222888	51.3887776828605	3	1
-14.8469328855026	37.4839557960404	53.1762193189434	-16.3880868932177	44.0537539557611	53.8923989525781	-16.1397398870195	37.1729609410532	54.5376792915465	3	1
-1.18324313365736	0.427415617107856	30.1831210974353	-0.524194697189802	-1.07793520853431	25.2030345475752	-0.589876538847243	1.02413284734811	29.7235666460393	3	1
-2.1761114750868	1.98696361322907	35.42330083758	-1.18324313365736	0.427415617107856	30.1831210974353	-1.54559385681917	4.01135580812597	34.7585780425032	3	1
-4.13880567056798	7.25845777363571	39.8807096682834	-2.1761114750868	1.98696361322907	35.42330083758	-2.82111736859935	7.21682944066568	39.3882013630243	3	1
-4.27349748447568	11.1155270354393	42.8516292053536	-4.13880567056798	7.25845777363571	39.8807096682834	-4.06935591449851	11.1421110719187	42.4211177439363	3	1
-5.71701951592482	15.7031391650967	47.982037725179	-4.27349748447568	11.1155270354393	42.8516292053536	-3.73685874458225	16.0757183329057	46.2323699500426	3	1
-5.25318481437457	20.2366683654237	49.003901212073	-5.71701951592482	15.7031391650967	47.982037725179	-4.65223952599642	20.6399797158169	48.5244727971661	3	1
-9.14204472000272	23.6750550807089	51.9492737401899	-5.25318481437457	20.2366683654237	49.003901212073	-6.73258876724216	24.2157876797213	50.9981860323143	3	1
-12.3936941022021	28.3426770455439	52.2729125127279	-9.14204472000272	23.6750550807089	51.9492737401899	-9.31488581144145	28.4381078768916	52.2083151043295	3	1
-14.3927133292039	33.3658010222888	51.3887776828605	-12.3936941022021	28.3426770455439	52.2729125127279	-12.2308002766732	32.774168605113	51.9104835734198	3	1
-16.1397398870195	37.1729609410532	54.5376792915465	-14.3927133292039	33.3658010222888	51.3887776828605	-14.8469328855026	37.4839557960404	53.1762193189434	3	1
-0.589876538847243	1.02413284734811	29.7235666460393	0.23953	-1.8413	25.174	2.18740171223903	-1.64134027764826	24.9741259621761	3	1
-1.54559385681917	4.01135580812597	34.7585780425032	-0.589876538847243	1.02413284734811	29.7235666460393	1.52657178639057	0.512588127426144	29.8978502041221	3	1
-2.82111736859935	7.21682944066568	39.3882013630243	-1.54559385681917	4.01135580812597	34.7585780425032	1.77352619066915	3.54768434071487	34.8421453247969	3	1
-4.06935591449851	11.1421110719187	42.4211177439363	-2.82111736859935	7.21682944066568	39.3882013630243	0.318132917205706	7.82626109996876	38.5022522007063	3	1
-3.73685874458225	16.0757183329057	46.2323699500426	-4.06935591449851	11.1421110719187	42.4211177439363	-0.0153892548467826	9.28354140353679	43.0433338721449	3	1
-4.65223952599642	20.6399797158169	48.5244727971661	-3.73685874458225	16.0757183329057	46.2323699500426	-1.19292689593606	15.4833154266655	45.545040053907	3	1
-6.73258876724216	24.2157876797213	50.9981860323143	-4.65223952599642	20.6399797158169	48.5244727971661	-3.47051461715339	20.2429146244704	48.5462166021206	3	1
-9.31488581144145	28.4381078768916	52.2083151043295	-6.73258876724216	24.2157876797213	50.9981860323143	-5.99359233637236	24.2155693269696	50.3676311675454	3	1
-12.2308002766732	32.774168605113	51.9104835734198	-9.31488581144145	28.4381078768916	52.2083151043295	-7.50709897676403	28.2507343145	52.1988880961273	3	1
-14.8469328855026	37.4839557960404	53.1762193189434	-12.2308002766732	32.774168605113	51.9104835734198	-10.9405917196331	32.5800110841227	51.7845670281077	3	1
-16.3880868932177	44.0537539557611	53.8923989525781	-14.8469328855026	37.4839557960404	53.1762193189434	-14.1272427698509	37.0925480413654	52.8197531816826	3	1
2.18740171223903	-1.64134027764826	24.9741259621761	1.52657178639057	0.512588127426144	29.8978502041221	-0.589876538847243	1.02413284734811	29.7235666460393	3	1
1.52657178639057	0.512588127426144	29.8978502041221	1.77352619066915	3.54768434071487	34.8421453247969	-1.54559385681917	4.01135580812597	34.7585780425032	3	1
1.77352619066915	3.54768434071487	34.8421453247969	0.318132917205706	7.82626109996876	38.5022522007063	-2.82111736859935	7.21682944066568	39.3882013630243	3	1
0.318132917205706	7.82626109996876	38.5022522007063	-0.0153892548467826	9.28354140353679	43.0433338721449	-4.06935591449851	11.1421110719187	42.4211177439363	3	1
-0.0153892548467826	9.28354140353679	43.0433338721449	-1.19292689593606	15.4833154266655	45.545040053907	-3.73685874458225	16.0757183329057	46.2323699500426	3	1
-1.19292689593606	15.4833154266655	45.545040053907	-3.47051461715339	20.2429146244704	48.5462166021206	-4.65223952599642	20.6399797158169	48.5244727971661	3	1
-3.47051461715339	20.2429146244704	48.5462166021206	-5.99359233637236	24.2155693269696	50.3676311675454	-6.73258876724216	24.2157876797213	50.9981860323143	3	1
-5.99359233637236	24.2155693269696	50.3676311675454	-7.50709897676403	28.2507343145	52.1988880961273	-9.31488581144145	28.4381078768916	52.2083151043295	3	1
-7.50709897676403	28.2507343145	52.1988880961273	-10.9405917196331	32.5800110841227	51.7845670281077	-12.2308002766732	32.774168605113	51.9104835734198	3	1
-10.9405917196331	32.5800110841227	51.7845670281077	-14.1272427698509	37.0925480413654	52.8197531816826	-14.8469328855026	37.4839557960404	53.1762193189434	3	1
-0.096448	-0.21984	26.534	0.668441674775042	-2.30188579442659	30.4703340396956	-0.981235356408184	-1.54332290154596	25.898286892097	4	1
0.668441674775042	-2.30188579442659	30.4703340396956	0.726055834962342	-6.17912449259164	34.6084208040182	-2.28480959322537	-3.40823159739921	29.1335700656528	4	1
0.726055834962342	-6.17912449259164	34.6084208040182	2.05332173892636	-10.9232483271676	37.823720909808	-0.981202091363635	-5.95210656748609	34.5745821105165	4	1
2.05332173892636	-10.9232483271676	37.823720909808	3.60812156730461	-15.0370524019603	39.0849442863435	1.0996992552167	-11.340516813005	38.3019126555443	4	1
3.60812156730461	-15.0370524019603	39.0849442863435	4.91925058815401	-19.9708666575777	39.016040547294	0.414105715723897	-15.6422679003091	39.0501687703946	4	1
4.91925058815401	-19.9708666575777	39.016040547294	7.34858838657807	-26.8834581090797	36.6422903035668	1.70588915087988	-19.9521137551156	39.5503641052519	4	1
7.34858838657807	-26.8834581090797	36.6422903035668	9.36518505219213	-29.9526611780621	34.492005216485	5.56624955592229	-27.1778658045175	37.9786468770919	4	1
-2.28480959322537	-3.40823159739921	29.1335700656528	-0.981235356408184	-1.54332290154596	25.898286892097	0.668441674775042	-2.30188579442659	30.4703340396956	4	1
-0.981202091363635	-5.95210656748609	34.5745821105165	-2.28480959322537	-3.40823159739921	29.1335700656528	0.726055834962342	-6.17912449259164	34.6084208040182	4	1
1.0996992552167	-11.340516813005	38.3019126555443	-0.981202091363635	-5.95210656748609	34.5745821105165	2.05332173892636	-10.9232483271676	37.823720909808	4	1
0.414105715723897	-15.6422679003091	39.0501687703946	1.0996992552167	-11.340516813005	38.3019126555443	3.60812156730461	-15.0370524019603	39.0849442863435	4	1
1.70588915087988	-19.9521137551156	39.5503641052519	0.414105715723897	-15.6422679003091	39.0501687703946	4.91925058815401	-19.9708666575777	39.016040547294	4	1
5.56624955592229	-27.1778658045175	37.9786468770919	1.70588915087988	-19.9521137551156	39.5503641052519	7.34858838657807	-26.8834581090797	36.6422903035668	4	1
0.668441674775042	-2.30188579442659	30.4703340396956	-0.096448	-0.21984	26.534	1.02832675277885	-0.841515965352549	26.4631157562059	4	1
0.726055834962342	-6.17912449259164	34.6084208040182	0.668441674775042	-2.30188579442659	30.4703340396956	2.7290476437721	-0.603449340229216	31.7438799427502	4	1
2.05332173892636	-10.9232483271676	37.823720909808	0.726055834962342	-6.17912449259164	34.6084208040182	3.26389162245282	-5.15041213429396	35.7554284803736	4	1
3.60812156730461	-15.0370524019603	39.0849442863435	2.05332173892636	-10.9232483271676	37.823720909808	4.62922573473264	-9.88843327774443	38.6708903071994	4	1
4.91925058815401	-19.9708666575777	39.016040547294	3.60812156730461	-15.0370524019603	39.0849442863435	5.70424823555745	-14.5285154627122	41.2389481169017	4	1
7.34858838657807	-26.8834581090797	36.6422903035668	4.91925058815401	-19.9708666575777	39.016040547294	6.27208119877716	-20.1784976260318	40.6289746221711	4	1
9.36518505219213	-29.9526611780621	34.492005216485	7.34858838657807	-26.8834581090797	36.6422903035668	7.97058983623834	-26.5957858181387	36.6546377585784	4	1
1.02832675277885	-0.841515965352549	26.4631157562059	2.7290476437721	-0.603449340229216	31.7438799427502	0.668441674775042	-2.30188579442659	30.4703340396956	4	1
2.7290476437721	-0.603449340229216	31.7438799427502	3.26389162245282	-5.15041213429396	35.7554284803736	0.726055834962342	-6.17912449259164	34.6084208040182	4	1
3.26389162245282	-5.15041213429396	35.7554284803736	4.62922573473264	-9.88843327774443	38.6708903071994	2.05332173892636	-10.9232483271676	37.823720909808	4	1
4.62922573473264	-9.88843327774443	38.6708903071994	5.70424823555745	-14.5285154627122	41.2389481169017	3.60812156730461	-15.0370524019603	39.0849442863435	4	1
5.70424823555745	-14.5285154627122	41.2389481169017	6.27208119877716	-20.1784976260318	40.6289746221711	4.91925058815401	-19.9708666575777	39.016040547294	4	1
6.27208119877716	-20.1784976260318	40.6289746221711	7.97058983623834	-26.5957858181387	36.6546377585784	7.34858838657807	-26.8834581090797	36.6422903035668	4	1
-9.12788093205228	3.15518761026262	32.487	-6.07047749357196	5.77779048511191	31.5242299013535	-9.16085615116832	3.5215660760033	32.8533678115082	5	2
-6.07047749357196	5.77779048511191	31.5242299013535	-4.32381546602614	1.54497480513131	30.2845870449469	-4.56092257017861	7.1371022619566	33.3608874738912	5	2
-4.56092257017861	7.1371022619566	33.3608874738912	-9.16085615116832	3.5215660760033	32.8533678115082	-6.07047749357196	5.77779048511191	31.5242299013535	5	2
-6.07047749357196	5.77779048511191	31.5242299013535	-9.12788093205228	3.15518761026262	32.487	-8.03079158459356	1.60407043117101	27.6067359394148	5	2
-4.32381546602614	1.54497480513131	30.2845870449469	-6.07047749357196	5.77779048511191	31.5242299013535	-7.73121730636555	3.81488051382451	31.1224411749228	5	2
-8.03079158459356	1.60407043117101	27.6067359394148	-7.73121730636555	3.81488051382451	31.1224411749228	-6.07047749357196	5.77779048511191	31.5242299013535	5	2
-1.40132930913351	-2.59718122711767	32.832	-1.55772498620459	-4.9065643302354	37.6369365826674	-3.0367890163093	-2.39229928564735	32.8896643042863	6	2
-1.55772498620459	-4.9065643302354	37.6369365826674	-2.79185901967051	-6.89805674690361	42.1094371345184	-3.41231862540906	-1.9770135754956	38.0828238104401	6	2
-2.79185901967051	-6.89805674690361	42.1094371345184	-4.57230013541781	-9.46514038621624	44.2407074065569	-6.1929719339464	-5.39013282089575	42.7834841452534	6	2
-4.57230013541781	-9.46514038621624	44.2407074065569	-8.80274388602869	-14.1685301986119	45.0165316183263	-8.30026606291556	-8.33293512135021	44.895503664187	6	2
-8.80274388602869	-14.1685301986119	45.0165316183263	-11.6419010649151	-16.9347765542594	43.5048275205564	-12.1821363880213	-13.5285938858357	45.3155180778367	6	2
-11.6419010649151	-16.9347765542594	43.5048275205564	-14.1088548864558	-19.0015173451538	39.8317150150582	-15.2466160538135	-16.2358892449777	41.7652637096954	6	2
-14.1088548864558	-19.0015173451538	39.8317150150582	-14.602206089352	-20.5399846099571	34.5366494409478	-16.1683607819525	-18.1008500395368	37.9225563447515	6	2
-14.602206089352	-20.5399846099571	34.5366494409478	-13.058398971571	-20.8940102959172	30.4780938475045	-16.4745234723494	-20.6205382911513	32.5467376176572	6	2
-13.058398971571	-20.8940102959172	30.4780938475045	-10.4004951117049	-20.6458468134365	28.052342010203	-14.0361415552558	-20.3750783739213	29.4520127851205	6	2
-3.41231862540906	-1.9770135754956	38.0828238104401	-3.0367890163093	-2.39229928564735	32.8896643042863	-1.55772498620459	-4.9065643302354	37.6369365826674	6	2
-6.1929719339464	-5.39013282089575	42.7834841452534	-3.41231862540906	-1.9770135754956	38.0828238104401	-2.79185901967051	-6.89805674690361	42.1094371345184	6	2
-8.30026606291556	-8.33293512135021	44.895503664187	-6.1929719339464	-5.39013282089575	42.7834841452534	-4.57230013541781	-9.46514038621624	44.2407074065569	6	2
-12.1821363880213	-13.5285938858357	45.3155180778367	-8.30026606291556	-8.33293512135021	44.895503664187	-8.80274388602869	-14.1685301986119	45.0165316183263	6	2
-15.2466160538135	-16.2358892449777	41.7652637096954	-12.1821363880213	-13.5285938858357	45.3155180778367	-11.6419010649151	-16.9347765542594	43.5048275205564	6	2
-16.1683607819525	-18.1008500395368	37.9225563447515	-15.2466160538135	-16.2358892449777	41.7652637096954	-14.1088548864558	-19.0015173451538	39.8317150150582	6	2
-16.4745234723494	-20.6205382911513	32.5467376176572	-16.1683607819525	-18.1008500395368	37.9225563447515	-14.602206089352	-20.5399846099571	34.5366494409478	6	2
-14.0361415552558	-20.3750783739213	29.4520127851205	-16.4745234723494	-20.6205382911513	32.5467376176572	-13.058398971571	-20.8940102959172	30.4780938475045	6	2
-1.55772498620459	-4.9065643302354	37.6369365826674	-1.40132930913351	-2.59718122711767	32.832	0.126385345433248	0.154259386441166	34.1532234526486	6	2
-2.79185901967051	-6.89805674690361	42.1094371345184	-1.55772498620459	-4.9065643302354	37.6369365826674	1.38559891838141	-4.75711329751016	37.5852550729772	6	2
-4.57230013541781	-9.46514038621624	44.2407074065569	-2.79185901967051	-6.89805674690361	42.1094371345184	0.366995952473501	-7.61126130310617	41.9815329543756	6	2
-8.80274388602869	-14.1685301986119	45.0165316183263	-4.57230013541781	-9.46514038621624	44.2407074065569	-0.240502244918147	-10.3648213694156	45.4618002258742	6	2
-11.6419010649151	-16.9347765542594	43.5048275205564	-8.80274388602869	-14.1685301986119	45.0165316183263	-5.09615623441501	-15.0033366952961	46.8377748320798	6	2
-14.1088548864558	-19.0015173451538	39.8317150150582	-11.6419010649151	-16.9347765542594	43.5048275205564	-8.44244525236047	-17.3040167542199	44.5782745678171	6	2
-14.602206089352	-20.5399846099571	34.5366494409478	-14.1088548864558	-19.0015173451538	39.8317150150582	-12.2886273100649	-20.2327938122565	42.4869189922677	6	2
-13.058398971571	-20.8940102959172	30.4780938475045	-14.602206089352	-20.5399846099571	34.5366494409478	-14.6739558966358	-22.027433245538	34.9916532063861	6	2
-10.4004951117049	-20.6458468134365	28.052342010203	-13.058398971571	-20.8940102959172	30.4780938475045	-12.6569068756836	-21.5723137243948	30.1660438230607	6	2
0.126385345433248	0.154259386441166	34.1532234526486	1.38559891838141	-4.75711329751016	37.5852550729772	-1.55772498620459	-4.9065643302354	37.6369365826674	6	2
1.38559891838141	-4.75711329751016	37.5852550729772	0.366995952473501	-7.61126130310617	41.9815329543756	-2.79185901967051	-6.89805674690361	42.1094371345184	6	2
0.366995952473501	-7.61126130310617	41.9815329543756	-0.240502244918147	-10.3648213694156	45.4618002258742	-4.57230013541781	-9.46514038621624	44.2407074065569	6	2
-0.240502244918147	-10.3648213694156	45.4618002258742	-5.09615623441501	-15.0033366952961	46.8377748320798	-8.80274388602869	-14.1685301986119	45.0165316183263	6	2
-5.09615623441501	-15.0033366952961	46.8377748320798	-8.44244525236047	-17.3040167542199	44.5782745678171	-11.6419010649151	-16.9347765542594	43.5048275205564	6	2
-8.44244525236047	-17.3040167542199	44.5782745678171	-12.2886273100649	-20.2327938122565	42.4869189922677	-14.1088548864558	-19.0015173451538	39.8317150150582	6	2
-12.2886273100649	-20.2327938122565	42.4869189922677	-14.6739558966358	-22.027433245538	34.9916532063861	-14.602206089352	-20.5399846099571	34.5366494409478	6	2
-14.6739558966358	-22.027433245538	34.9916532063861	-12.6569068756836	-21.5723137243948	30.1660438230607	-13.058398971571	-20.8940102959172	30.4780938475045	6	2
-0.3475	-0.70784	0.031499	-0.41155	-0.34074	1.0263	-0.22515	-0.60134	1.8261	0	0
-0.41155	-0.34074	0	-0.087748	-0.21784	1.0423	-0.37868	0.45443	1.0936	0	0
-0.41155	-0.34074	0	-0.087748	-0.21784	1.0423	-0.1292	-0.21974	1.7978	0	0
-0.41155	-0.34074	0	-0.37868	0.45443	1.0936	-0.36431	0.45368	1.7658	0	0
-0.41155	-0.34074	0	-0.22515	-0.60134	1.8261	-0.1292	-0.21974	1.7978	0	0
-0.087748	-0.21784	0.015999	-0.37868	0.45443	1.0936	0.077885	0.65153	1.042	0	0
-0.087748	-0.21784	0.015999	0.077885	0.65153	1.042	0.58995	0.54246	1.7331	0	0
-0.087748	-0.21784	0.015999	-0.1292	-0.21974	1.7978	0.58995	0.54246	1.7331	0	0
-0.37868	0.45443	0.0673	0.077885	0.65153	1.042	0.090202	1.1281	1.0615	0	0
-0.37868	0.45443	0.0673	-0.36431	0.45368	1.7658	-0.23335	1.161	2.1406	0	0
-0.37868	0.45443	0.0673	0.090202	1.1281	1.0615	-0.23335	1.161	2.1406	0	0
-0.22515	-0.60134	0.79975	-0.1292	-0.21974	1.7978	0.21832	-0.029304	2.3827	0	0
-0.22515	-0.60134	0.79975	-0.15305	-0.60444	2.5182	0.21832	-0.029304	2.3827	0	0
0.077885	0.65153	0.015633	0.090202	1.1281	1.0615	0.65045	1.0875	1.0299	0	0
0.077885	0.65153	0.015633	0.65045	1.0875	1.0299	0.58995	0.54246	1.7331	0	0
-0.1292	-0.21974	0.77145	-0.36431	0.45368	1.7658	-0.53225	-0.15794	2.129	0	0
-0.1292	-0.21974	0.77145	-0.36431	0.45368	1.7658	0.17911	0.61674	1.8577	0	0
-0.1292	-0.21974	0.77145	-0.53225	-0.15794	2.129	-0.15305	-0.60444	2.5182	0	0
-0.1292	-0.21974	0.77145	0.58995	0.54246	1.7331	0.21832	-0.029304	2.3827	0	0
-0.36431	0.45368	0.7395	-0.53225	-0.15794	2.129	-0.33152	0.41281	2.5918	0	0
-0.36431	0.45368	0.7395	-0.33152	0.41281	2.5918	-0.23335	1.161	2.1406	0	0
0.090202	1.1281	0.03515	0.65045	1.0875	1.0299	0.2262	1.2084	1.817	0	0
0.090202	1.1281	0.03515	0.2262	1.2084	1.817	-0.23335	1.161	2.1406	0	0
-0.53225	-0.15794	1.1027	-0.33152	0.41281	2.5918	-0.13415	-0.24834	3.0499	0	0
0.65045	1.0875	0.003549	0.58995	0.54246	1.7331	0.65255	1.1118	1.7913	0	0
0.65045	1.0875	0.003549	0.2262	1.2084	1.817	0.65255	1.1118	1.7913	0	0
0.58995	0.54246	0.7068	0.17911	0.61674	1.8577	0.21832	-0.029304	2.3827	0	0
0.58995	0.54246	0.7068	0.17911	0.61674	1.8577	0.65255	1.1118	1.7913	0	0
0.17911	0.61674	0.83138	0.21832	-0.029304	2.3827	0.1928	0.65786	2.5434	0	0
0.17911	0.61674	0.83138	0.2262	1.2084	1.817	0.65255	1.1118	1.7913	0	0
0.17911	0.61674	0.83138	0.2262	1.2084	1.817	-0.23335	1.161	2.1406	0	0
0.17911	0.61674	0.83138	0.1928	0.65786	2.5434	-0.23335	1.161	2.1406	0	0
-0.15305	-0.60444	1.4919	0.21832	-0.029304	2.3827	-0.13415	-0.24834	3.0499	0	0
-0.15305	-0.60444	1.4919	-0.13415	-0.24834	3.0499	-0.20925	-0.38654	3.2845	0	0
0.21832	-0.029304	1.3563	0.1928	0.65786	2.5434	0.019302	0.37346	3.2258	0	0
0.21832	-0.029304	1.3563	-0.13415	-0.24834	3.0499	0.019302	0.37346	3.2258	0	0
-0.33152	0.41281	1.5654	0.019302	0.37346	3.2258	-0.19325	0.5944	3.2322	0	0
-0.33152	0.41281	1.5654	-0.19325	0.5944	3.2322	-0.24735	1.2865	3.1824	0	0
-0.33152	0.41281	1.5654	-0.23335	1.161	2.1406	-0.24735	1.2865	3.1824	0	0
0.1928	0.65786	1.5171	0.19635	1.1336	2.5602	0.59565	1.1524	2.462	0	0
0.1928	0.65786	1.5171	0.19635	1.1336	2.5602	-0.23335	1.161	2.1406	0	0
0.1928	0.65786	1.5171	0.59565	1.1524	2.462	0.58445	0.89706	3.0215	0	0
0.1928	0.65786	1.5171	0.019302	0.37346	3.2258	0.58445	0.89706	3.0215	0	0
-0.13415	-0.24834	2.0236	-0.20925	-0.38654	3.2845	0.019302	0.37346	3.2258	0	0
0.19635	1.1336	1.5339	0.58445	0.89706	3.0215	0.088202	1.1438	3.2618	0	0
0.19635	1.1336	1.5339	0.088202	1.1438	3.2618	-0.24735	1.2865	3.1824	0	0
0.19635	1.1336	1.5339	-0.23335	1.161	2.1406	-0.24735	1.2865	3.1824	0	0
-0.20925	-0.38654	2.2582	0.019302	0.37346	3.2258	-0.16545	-0.28084	4.0561	0	0
-0.20925	-0.38654	2.2582	-0.35048	-0.63784	3.8856	-0.16545	-0.28084	4.0561	0	0
0.019302	0.37346	2.1995	-0.19325	0.5944	3.2322	0.19198	0.45409	3.8968	0	0
0.019302	0.37346	2.1995	0.58445	0.89706	3.0215	0.5727	0.89226	3.8548	0	0
0.019302	0.37346	2.1995	-0.16545	-0.28084	4.0561	0.19198	0.45409	3.8968	0	0
-0.19325	0.5944	2.2059	0.19198	0.45409	3.8968	-0.17965	0.74516	4.0608	0	0
-0.19325	0.5944	2.2059	-0.24735	1.2865	3.1824	-0.17965	0.74516	4.0608	0	0
0.58445	0.89706	1.9952	0.088202	1.1438	3.2618	0.5727	0.89226	3.8548	0	0
0.088202	1.1438	2.2354	-0.24735	1.2865	3.1824	0.11245	1.1443	4.0705	0	0
0.088202	1.1438	2.2354	0.5727	0.89226	3.8548	0.11245	1.1443	4.0705	0	0
-0.35048	-0.63784	2.8592	-0.16545	-0.28084	4.0561	-0.2666	-0.57164	4.7374	0	0
-0.16545	-0.28084	3.0298	0.19198	0.45409	3.8968	0.12835	-0.030738	4.352	0	0
-0.16545	-0.28084	3.0298	0.12835	-0.030738	4.352	-0.15805	-0.24374	4.5619	0	0
-0.16545	-0.28084	3.0298	-0.15805	-0.24374	4.5619	-0.2666	-0.57164	4.7374	0	0
0.19198	0.45409	2.8704	0.5727	0.89226	3.8548	0.2311	0.63296	4.6118	0	0
0.19198	0.45409	2.8704	-0.17965	0.74516	4.0608	-0.1763	0.49556	4.57	0	0
0.19198	0.45409	2.8704	0.12835	-0.030738	4.352	0.2311	0.63296	4.6118	0	0
-0.24735	1.2865	2.1561	-0.17965	0.74516	4.0608	-0.41335	1.134	4.6148	0	0
-0.24735	1.2865	2.1561	0.11245	1.1443	4.0705	-0.41335	1.134	4.6148	0	0
0.5727	0.89226	2.8285	0.11245	1.1443	4.0705	0.23795	1.2918	4.5479	0	0
0.5727	0.89226	2.8285	0.2311	0.63296	4.6118	0.60185	0.89616	4.6843	0	0
0.5727	0.89226	2.8285	0.23795	1.2918	4.5479	0.60185	0.89616	4.6843	0	0
-0.17965	0.74516	3.0345	-0.1763	0.49556	4.57	-0.41335	1.134	4.6148	0	0
0.12835	-0.030738	3.3257	-0.1763	0.49556	4.57	-0.15805	-0.24374	4.5619	0	0
0.12835	-0.030738	3.3257	0.2311	0.63296	4.6118	-0.13315	-0.26594	5.0635	0	0
0.11245	1.1443	3.0442	-0.41335	1.134	4.6148	0.23795	1.2918	4.5479	0	0
-0.1763	0.49556	3.5437	-0.15805	-0.24374	4.5619	-0.13315	-0.26594	5.0635	0	0
-0.1763	0.49556	3.5437	-0.13315	-0.26594	5.0635	-0.39075	0.5507	5.3515	0	0
-0.1763	0.49556	3.5437	-0.41335	1.134	4.6148	-0.39075	0.5507	5.3515	0	0
-0.15805	-0.24374	3.5356	-0.2666	-0.57164	4.7374	-0.13315	-0.26594	5.0635	0	0
-0.2666	-0.57164	3.7111	-0.13315	-0.26594	5.0635	-0.40125	-0.59064	5.3859	0	0
0.2311	0.63296	3.5854	-0.13315	-0.26594	5.0635	0.035852	0.38686	5.6041	0	0
0.2311	0.63296	3.5854	0.035852	0.38686	5.6041	0.60185	0.89616	4.6843	0	0
-0.13315	-0.26594	4.0372	-0.36955	-0.2854	5.3799	-0.40125	-0.59064	5.3859	0	0
-0.13315	-0.26594	4.0372	-0.36955	-0.2854	5.3799	0.035852	0.38686	5.6041	0	0
-0.41335	1.134	3.5884	0.23795	1.2918	4.5479	-0.40672	1.1238	5.295	0	0
-0.41335	1.134	3.5884	-0.39075	0.5507	5.3515	-0.40672	1.1238	5.295	0	0
0.23795	1.2918	3.5216	0.2735	1.0969	5.3112	0.60185	0.89616	4.6843	0	0
0.23795	1.2918	3.5216	0.2735	1.0969	5.3112	-0.40672	1.1238	5.295	0	0
-0.36955	-0.2854	4.3535	-0.40125	-0.59064	5.3859	-0.32761	-0.32944	6.058	0	0
-0.36955	-0.2854	4.3535	0.035852	0.38686	5.6041	-0.32761	-0.32944	6.058	0	0
-0.40125	-0.59064	4.3596	-0.32761	-0.32944	6.058	-0.45215	-0.71554	6.0998	0	0
-0.39075	0.5507	4.3252	0.035852	0.38686	5.6041	0.2735	1.0969	5.3112	0	0
-0.39075	0.5507	4.3252	0.2735	1.0969	5.3112	-0.40672	1.1238	5.295	0	0
0.035852	0.38686	4.5778	0.2735	1.0969	5.3112	0.32645	1.112	6.0266	0	0
0.035852	0.38686	4.5778	-0.32761	-0.32944	6.058	-0.1037	0.50781	6.0765	0	0
0.035852	0.38686	4.5778	0.32645	1.112	6.0266	-0.1037	0.50781	6.0765	0	0
0.2735	1.0969	4.2849	0.60185	0.89616	4.6843	0.32645	1.112	6.0266	0	0
-0.32761	-0.32944	5.0317	-0.45215	-0.71554	6.0998	-0.3167	-0.29826	6.6523	0	0
-0.32761	-0.32944	5.0317	-0.1037	0.50781	6.0765	-0.3167	-0.29826	6.6523	0	0
0.32645	1.112	5.0003	-0.1037	0.50781	6.0765	0.30095	1.1021	6.8031	0	0
-0.45215	-0.71554	5.0735	-0.3167	-0.29826	6.6523	-0.59195	-0.91369	6.7385	0	0
-0.1037	0.50781	5.0502	-0.3167	-0.29826	6.6523	-0.13598	0.39563	6.7364	0	0
-0.1037	0.50781	5.0502	-0.13598	0.39563	6.7364	0.30095	1.1021	6.8031	0	0
-0.3167	-0.29826	5.6259	-0.13598	0.39563	6.7364	-0.42788	-0.25034	7.4039	0	0
-0.3167	-0.29826	5.6259	-0.59195	-0.91369	6.7385	-0.42788	-0.25034	7.4039	0	0
-0.13598	0.39563	5.7101	0.30095	1.1021	6.8031	-0.11615	0.77816	7.5529	0	0
-0.13598	0.39563	5.7101	-0.42788	-0.25034	7.4039	-0.11615	0.77816	7.5529	0	0
-0.59195	-0.91369	5.7121	-0.42788	-0.25034	7.4039	-0.56585	-0.73734	7.548	0	0
-0.59195	-0.91369	5.7121	-0.94701	-1.0701	7.415	-0.56585	-0.73734	7.548	0	0
0.30095	1.1021	5.7767	-0.11615	0.77816	7.5529	0.2734	1.0952	7.5373	0	0
-0.42788	-0.25034	6.3776	-0.56585	-0.73734	7.548	-0.4124	-0.22374	8.0443	0	0
-0.42788	-0.25034	6.3776	-0.54988	0.3956	7.5862	-0.11615	0.77816	7.5529	0	0
-0.42788	-0.25034	6.3776	-0.54988	0.3956	7.5862	-0.4124	-0.22374	8.0443	0	0
-0.94701	-1.0701	6.3887	-0.56585	-0.73734	7.548	-0.62795	-0.78214	8.0021	0	0
-0.94701	-1.0701	6.3887	-0.62795	-0.78214	8.0021	-1.0538	-0.90764	8.1021	0	0
-0.56585	-0.73734	6.5217	-0.4124	-0.22374	8.0443	-0.62795	-0.78214	8.0021	0	0
-0.54988	0.3956	6.5599	-0.11615	0.77816	7.5529	-0.51378	1.1669	7.4114	0	0
-0.54988	0.3956	6.5599	-0.51378	1.1669	7.4114	-0.4791	1.2056	8.0208	0	0
-0.54988	0.3956	6.5599	-0.4124	-0.22374	8.0443	-0.4438	0.46864	8.0486	0	0
-0.54988	0.3956	6.5599	-0.4438	0.46864	8.0486	-0.4791	1.2056	8.0208	0	0
-0.11615	0.77816	6.5266	-0.51378	1.1669	7.4114	0.2734	1.0952	7.5373	0	0
-0.51378	1.1669	6.385	0.2734	1.0952	7.5373	0.026352	1.5502	7.4657	0	0
-0.51378	1.1669	6.385	0.026352	1.5502	7.4657	-0.28695	1.5502	7.7489	0	0
-0.51378	1.1669	6.385	-0.28695	1.5502	7.7489	-0.4791	1.2056	8.0208	0	0
0.2734	1.0952	6.511	-0.4124	-0.22374	8.0443	0.2581	1.0921	8.0847	0	0
0.2734	1.0952	6.511	0.026352	1.5502	7.4657	0.2581	1.0921	8.0847	0	0
-0.4124	-0.22374	7.0179	-0.62795	-0.78214	8.0021	-0.89135	-0.40644	8.3197	0	0
-0.4124	-0.22374	7.0179	-0.4438	0.46864	8.0486	-0.89135	-0.40644	8.3197	0	0
-0.4124	-0.22374	7.0179	0.2581	1.0921	8.0847	0.18565	0.81736	8.7878	0	0
-0.4124	-0.22374	7.0179	0.18565	0.81736	8.7878	-0.4245	-0.22426	8.8192	0	0
-0.62795	-0.78214	6.9758	-1.0538	-0.90764	8.1021	-0.89135	-0.40644	8.3197	0	0
-0.4438	0.46864	7.0223	-0.4791	1.2056	8.0208	-0.46324	0.48506	8.815	0	0
-0.4438	0.46864	7.0223	-0.89135	-0.40644	8.3197	-0.46324	0.48506	8.815	0	0
-1.0538	-0.90764	7.0758	-0.89135	-0.40644	8.3197	-0.54655	-0.74849	8.802	0	0
-1.0538	-0.90764	7.0758	-0.54655	-0.74849	8.802	-0.85995	-1.0273	9.7054	0	0
0.026352	1.5502	6.4394	-0.28695	1.5502	7.7489	-0.034448	1.5586	8.1141	0	0
0.026352	1.5502	6.4394	0.2581	1.0921	8.0847	-0.034448	1.5586	8.1141	0	0
-0.28695	1.5502	6.7226	-0.31265	1.5695	7.8874	-0.4791	1.2056	8.0208	0	0
-0.28695	1.5502	6.7226	-0.31265	1.5695	7.8874	-0.034448	1.5586	8.1141	0	0
0.2581	1.0921	7.0584	-0.034448	1.5586	8.1141	0.038052	1.586	8.4944	0	0
0.2581	1.0921	7.0584	0.038052	1.586	8.4944	0.15865	1.3202	8.8175	0	0
0.2581	1.0921	7.0584	0.18565	0.81736	8.7878	0.15865	1.3202	8.8175	0	0
-0.31265	1.5695	6.8611	-0.4791	1.2056	8.0208	-0.16725	1.5609	8.5345	0	0
-0.31265	1.5695	6.8611	-0.034448	1.5586	8.1141	-0.16725	1.5609	8.5345	0	0
-0.4791	1.2056	6.9945	-0.16725	1.5609	8.5345	-0.43757	1.192	8.8144	0	0
-0.4791	1.2056	6.9945	-0.46324	0.48506	8.815	-0.43757	1.192	8.8144	0	0
-0.89135	-0.40644	7.2934	-0.54655	-0.74849	8.802	-0.4245	-0.22426	8.8192	0	0
-0.89135	-0.40644	7.2934	-0.4245	-0.22426	8.8192	-0.46324	0.48506	8.815	0	0
-0.034448	1.5586	7.0878	0.038052	1.586	8.4944	-0.16725	1.5609	8.5345	0	0
0.038052	1.586	7.4681	-0.16725	1.5609	8.5345	-0.2822	1.5457	9.3801	0	0
0.038052	1.586	7.4681	0.15865	1.3202	8.8175	-0.2822	1.5457	9.3801	0	0
-0.16725	1.5609	7.5082	-0.43757	1.192	8.8144	-0.2822	1.5457	9.3801	0	0
0.18565	0.81736	7.7615	-0.4245	-0.22426	8.8192	0.099852	0.53146	9.6678	0	0
0.18565	0.81736	7.7615	0.15865	1.3202	8.8175	0.1686	1.0787	9.5365	0	0
0.18565	0.81736	7.7615	0.1686	1.0787	9.5365	0.099852	0.53146	9.6678	0	0
-0.54655	-0.74849	7.7756	-0.4245	-0.22426	8.8192	-0.54215	-0.73694	9.5497	0	0
-0.54655	-0.74849	7.7756	-0.54215	-0.73694	9.5497	-0.85995	-1.0273	9.7054	0	0
-0.4245	-0.22426	7.7929	-0.54215	-0.73694	9.5497	-0.40325	-0.23239	9.5557	0	0
-0.4245	-0.22426	7.7929	-0.40325	-0.23239	9.5557	0.099852	0.53146	9.6678	0	0
-0.46324	0.48506	7.7886	-0.43757	1.192	8.8144	-0.50717	0.49754	9.5691	0	0
-0.46324	0.48506	7.7886	-0.40325	-0.23239	9.5557	-0.50717	0.49754	9.5691	0	0
-0.43757	1.192	7.7881	-0.2822	1.5457	9.3801	-0.4315	1.1788	9.5592	0	0
-0.43757	1.192	7.7881	-0.50717	0.49754	9.5691	-0.4315	1.1788	9.5592	0	0
0.15865	1.3202	7.7912	-0.2822	1.5457	9.3801	0.1686	1.0787	9.5365	0	0
-0.54215	-0.73694	8.5234	-0.40325	-0.23239	9.5557	-0.39457	-0.35364	10.274	0	0
-0.54215	-0.73694	8.5234	-0.85995	-1.0273	9.7054	-0.65628	-0.8273	10.225	0	0
-0.54215	-0.73694	8.5234	-0.65628	-0.8273	10.225	-0.39457	-0.35364	10.274	0	0
-0.40325	-0.23239	8.5294	-0.50717	0.49754	9.5691	-0.50472	0.53016	10.263	0	0
-0.40325	-0.23239	8.5294	-0.39457	-0.35364	10.274	-0.50472	0.53016	10.263	0	0
-0.2822	1.5457	8.3537	0.1686	1.0787	9.5365	-0.016698	1.5936	10.331	0	0
-0.2822	1.5457	8.3537	-0.4315	1.1788	9.5592	-0.25145	1.5798	10.313	0	0
-0.2822	1.5457	8.3537	-0.25145	1.5798	10.313	-0.016698	1.5936	10.331	0	0
0.1686	1.0787	8.5102	0.099852	0.53146	9.6678	0.23665	0.83626	10.139	0	0
0.1686	1.0787	8.5102	0.23665	0.83626	10.139	0.10795	1.333	10.31	0	0
0.1686	1.0787	8.5102	-0.016698	1.5936	10.331	0.10795	1.333	10.31	0	0
-0.50717	0.49754	8.5427	-0.4315	1.1788	9.5592	-0.50472	0.53016	10.263	0	0
0.099852	0.53146	8.6415	-0.39457	-0.35364	10.274	0.23665	0.83626	10.139	0	0
-0.65628	-0.8273	9.1986	-0.39457	-0.35364	10.274	-0.42485	-0.68119	11.11	0	0
-0.39457	-0.35364	9.2478	0.23665	0.83626	10.139	0.17135	0.54336	11.136	0	0
-0.39457	-0.35364	9.2478	-0.50472	0.53016	10.263	-0.35848	-0.20897	10.899	0	0
-0.39457	-0.35364	9.2478	-0.35848	-0.20897	10.899	-0.42485	-0.68119	11.11	0	0
-0.4315	1.1788	8.5329	-0.50472	0.53016	10.263	-0.4806	1.1799	10.32	0	0
-0.4315	1.1788	8.5329	-0.4806	1.1799	10.32	-0.25145	1.5798	10.313	0	0
0.23665	0.83626	9.1124	0.10795	1.333	10.31	0.21739	1.0475	10.913	0	0
0.23665	0.83626	9.1124	0.21739	1.0475	10.913	0.17135	0.54336	11.136	0	0
-0.50472	0.53016	9.2364	-0.4806	1.1799	10.32	-0.40839	0.43862	10.972	0	0
-0.50472	0.53016	9.2364	-0.35848	-0.20897	10.899	-0.40839	0.43862	10.972	0	0
-0.4806	1.1799	9.2938	-0.25145	1.5798	10.313	-0.36515	1.6128	11.053	0	0
-0.4806	1.1799	9.2938	-0.36515	1.6128	11.053	-0.52258	1.2767	11.081	0	0
-0.4806	1.1799	9.2938	-0.52258	1.2767	11.081	-0.40839	0.43862	10.972	0	0
-0.35848	-0.20897	9.8729	-0.40839	0.43862	10.972	-0.3805	-0.25454	11.548	0	0
-0.35848	-0.20897	9.8729	-0.42485	-0.68119	11.11	-0.3805	-0.25454	11.548	0	0
-0.25145	1.5798	9.2866	-0.016698	1.5936	10.331	-0.36515	1.6128	11.053	0	0
-0.016698	1.5936	9.3044	0.10795	1.333	10.31	-0.012848	1.6031	11.064	0	0
-0.016698	1.5936	9.3044	-0.012848	1.6031	11.064	-0.36515	1.6128	11.053	0	0
0.10795	1.333	9.284	0.21739	1.0475	10.913	-0.012848	1.6031	11.064	0	0
0.21739	1.0475	9.8871	-0.012848	1.6031	11.064	0.2639	1.1164	11.541	0	0
0.21739	1.0475	9.8871	0.17135	0.54336	11.136	0.2639	1.1164	11.541	0	0
-0.36515	1.6128	10.026	-0.52258	1.2767	11.081	-0.51385	1.2237	11.577	0	0
-0.52258	1.2767	10.054	-0.40839	0.43862	10.972	-0.47425	0.49099	11.542	0	0
-0.52258	1.2767	10.054	-0.47425	0.49099	11.542	-0.51385	1.2237	11.577	0	0
-0.40839	0.43862	9.946	-0.3805	-0.25454	11.548	-0.47425	0.49099	11.542	0	0
0.17135	0.54336	10.11	0.14235	0.54886	11.383	0.2639	1.1164	11.541	0	0
-0.42485	-0.68119	10.083	-0.3805	-0.25454	11.548	-0.73568	-0.83094	11.678	0	0
-0.3805	-0.25454	10.522	-0.73568	-0.83094	11.678	-0.96105	-0.55514	11.959	0	0
-0.3805	-0.25454	10.522	-0.47425	0.49099	11.542	-0.45897	0.4671	12.308	0	0
-0.3805	-0.25454	10.522	-0.96105	-0.55514	11.959	-0.37735	-0.30974	12.377	0	0
-0.3805	-0.25454	10.522	-0.37735	-0.30974	12.377	-0.45897	0.4671	12.308	0	0
-0.73568	-0.83094	10.652	-0.96105	-0.55514	11.959	-0.86515	-0.80664	12.027	0	0
-0.47425	0.49099	10.516	-0.51385	1.2237	11.577	-0.46937	1.2148	12.265	0	0
-0.47425	0.49099	10.516	-0.45897	0.4671	12.308	-0.46937	1.2148	12.265	0	0
-0.96105	-0.55514	10.932	-0.86515	-0.80664	12.027	-0.37735	-0.30974	12.377	0	0
-0.86515	-0.80664	11.001	-0.68505	-0.91876	12.451	-0.37735	-0.30974	12.377	0	0
-0.68505	-0.91876	11.424	-0.37735	-0.30974	12.377	-0.6718	-0.79579	12.916	0	0
-0.37735	-0.30974	11.351	-0.45897	0.4671	12.308	-0.45517	0.47934	13.071	0	0
-0.37735	-0.30974	11.351	-0.6718	-0.79579	12.916	-0.38811	-0.35657	12.961	0	0
-0.37735	-0.30974	11.351	-0.38811	-0.35657	12.961	-0.45517	0.47934	13.071	0	0
-0.45897	0.4671	11.282	-0.46937	1.2148	12.265	-0.3675	1.1734	13.003	0	0
-0.45897	0.4671	11.282	-0.45517	0.47934	13.071	-0.3675	1.1734	13.003	0	0
-0.6718	-0.79579	11.89	-0.38811	-0.35657	12.961	-0.42152	-0.31249	13.655	0	0
-0.6718	-0.79579	11.89	-0.42152	-0.31249	13.655	-0.48425	-0.71459	13.816	0	0
-0.38811	-0.35657	11.934	-0.45517	0.47934	13.071	-0.42152	-0.31249	13.655	0	0
-0.46937	1.2148	11.239	0.3201	1.1734	12.319	0.44915	1.7967	12.608	0	0
-0.46937	1.2148	11.239	-0.3675	1.1734	13.003	0.27305	1.7982	12.942	0	0
-0.46937	1.2148	11.239	0.44915	1.7967	12.608	0.27305	1.7982	12.942	0	0
-0.45517	0.47934	12.045	-0.3675	1.1734	13.003	-0.41085	1.0843	13.778	0	0
-0.45517	0.47934	12.045	-0.42152	-0.31249	13.655	-0.4279	0.48226	13.809	0	0
-0.45517	0.47934	12.045	-0.4279	0.48226	13.809	-0.41085	1.0843	13.778	0	0
-0.3675	1.1734	11.976	0.27305	1.7982	12.942	0.2212	1.1343	13.055	0	0
-0.42152	-0.31249	12.628	-0.48425	-0.71459	13.816	-0.34132	-0.30249	14.365	0	0
-0.42152	-0.31249	12.628	-0.4279	0.48226	13.809	-0.34132	-0.30249	14.365	0	0
-0.48425	-0.71459	12.79	-0.34132	-0.30249	14.365	-0.3805	-0.66844	14.533	0	0
-0.4279	0.48226	12.782	-0.34132	-0.30249	14.365	-0.45917	0.47431	14.571	0	0
-0.4279	0.48226	12.782	-0.41085	1.0843	13.778	-0.43095	1.0746	14.544	0	0
-0.4279	0.48226	12.782	-0.45917	0.47431	14.571	-0.43095	1.0746	14.544	0	0
-0.34132	-0.30249	13.339	-0.3805	-0.66844	14.533	-0.88565	-0.52164	15.158	0	0
-0.34132	-0.30249	13.339	-0.45917	0.47431	14.571	-0.88565	-0.52164	15.158	0	0
-0.3805	-0.66844	13.506	-0.45015	-0.71134	15.077	-0.88565	-0.52164	15.158	0	0
-0.45917	0.47431	13.544	-0.88565	-0.52164	15.158	-0.42075	0.48256	15.058	0	0
-0.45917	0.47431	13.544	-0.43095	1.0746	14.544	-0.42075	0.48256	15.058	0	0
-0.45015	-0.71134	14.05	-0.88565	-0.52164	15.158	-0.96415	-0.59844	15.237	0	0
-0.45015	-0.71134	14.05	-0.96415	-0.59844	15.237	-0.41911	-0.86022	15.823	0	0
-0.88565	-0.52164	14.132	-0.96415	-0.59844	15.237	-0.9813	-0.23194	15.939	0	0
-0.88565	-0.52164	14.132	-0.42075	0.48256	15.058	-0.9813	-0.23194	15.939	0	0
-0.36742	-0.36009	14.155	-0.42075	0.48256	15.058	0.16885	0.67156	15.048	0	0
-0.96415	-0.59844	14.211	-0.41911	-0.86022	15.823	-0.88385	-0.74594	16.35	0	0
-0.96415	-0.59844	14.211	-0.88385	-0.74594	16.35	-0.9813	-0.23194	15.939	0	0
-0.43095	1.0746	13.518	-0.42075	0.48256	15.058	-0.24235	1.0866	15.056	0	0
-0.42075	0.48256	14.032	0.16885	0.67156	15.048	-0.24235	1.0866	15.056	0	0
-0.42075	0.48256	14.032	-0.2845	1.1115	15.833	-0.41087	0.47619	15.805	0	0
-0.42075	0.48256	14.032	-0.41087	0.47619	15.805	-0.9813	-0.23194	15.939	0	0
0.16885	0.67156	14.021	-0.24235	1.0866	15.056	0.038752	1.0985	14.99	0	0
-0.2845	1.1115	14.806	0.086652	1.0978	15.893	-0.40285	1.0613	16.442	0	0
-0.2845	1.1115	14.806	-0.41087	0.47619	15.805	-0.40285	1.0613	16.442	0	0
0.15923	0.66041	14.794	0.086652	1.0978	15.893	0.19095	0.60506	16.561	0	0
0.086652	1.0978	14.867	-0.40285	1.0613	16.442	0.098052	1.2044	16.563	0	0
0.086652	1.0978	14.867	0.098052	1.2044	16.563	0.19095	0.60506	16.561	0	0
-0.41087	0.47619	14.779	-0.33885	0.3976	16.548	-0.40285	1.0613	16.442	0	0
-0.41087	0.47619	14.779	-0.33885	0.3976	16.548	-0.9813	-0.23194	15.939	0	0
-0.41911	-0.86022	14.797	-0.88385	-0.74594	16.35	-0.40575	-0.89959	16.375	0	0
0.0025521	-0.12704	15.073	-0.3584	-0.28179	16.533	-0.13335	-0.68374	16.621	0	0
0.0025521	-0.12704	15.073	-0.3584	-0.28179	16.533	-0.33885	0.3976	16.548	0	0
0.0025521	-0.12704	15.073	-0.13335	-0.68374	16.621	0.14772	-0.31664	17.336	0	0
0.0025521	-0.12704	15.073	-0.33885	0.3976	16.548	0.19095	0.60506	16.561	0	0
0.0025521	-0.12704	15.073	0.19095	0.60506	16.561	0.14772	-0.31664	17.336	0	0
-0.88385	-0.74594	15.324	-0.40575	-0.89959	16.375	-0.62545	-0.83467	17.168	0	0
-0.88385	-0.74594	15.324	-0.3584	-0.28179	16.533	-0.97425	-0.35344	16.392	0	0
-0.88385	-0.74594	15.324	-0.62545	-0.83467	17.168	-0.8889	-0.31899	17.315	0	0
-0.88385	-0.74594	15.324	-0.9813	-0.23194	15.939	-0.97425	-0.35344	16.392	0	0
-0.40575	-0.89959	15.348	-0.13335	-0.68374	16.621	-0.62545	-0.83467	17.168	0	0
-0.3584	-0.28179	15.506	-0.13335	-0.68374	16.621	-0.62545	-0.83467	17.168	0	0
-0.3584	-0.28179	15.506	-0.33885	0.3976	16.548	-0.97425	-0.35344	16.392	0	0
-0.3584	-0.28179	15.506	-0.62545	-0.83467	17.168	-0.42971	-0.24287	17.25	0	0
-0.13335	-0.68374	15.594	0.14772	-0.31664	17.336	0.13693	-0.69866	17.265	0	0
-0.33885	0.3976	15.521	-0.40285	1.0613	16.442	-0.38725	0.43935	17.265	0	0
-0.33885	0.3976	15.521	-0.42971	-0.24287	17.25	-0.38725	0.43935	17.265	0	0
-0.33885	0.3976	15.521	-0.9813	-0.23194	15.939	-0.97425	-0.35344	16.392	0	0
-0.40285	1.0613	15.416	0.098052	1.2044	16.563	-0.15665	1.2386	17.304	0	0
-0.40285	1.0613	15.416	-0.38725	0.43935	17.265	-0.15665	1.2386	17.304	0	0
0.098052	1.2044	15.537	0.19095	0.60506	16.561	0.2491	0.60551	17.313	0	0
0.098052	1.2044	15.537	0.2491	0.60551	17.313	0.062652	1.2484	17.309	0	0
0.098052	1.2044	15.537	-0.15665	1.2386	17.304	0.062652	1.2484	17.309	0	0
-0.62545	-0.83467	16.142	-0.8889	-0.31899	17.315	-0.29075	-0.65094	18.07	0	0
-0.62545	-0.83467	16.142	-0.29075	-0.65094	18.07	0.13693	-0.69866	17.265	0	0
-0.42971	-0.24287	16.224	-0.38725	0.43935	17.265	-0.62165	0.4732	17.91	0	0
-0.42971	-0.24287	16.224	-0.55715	-0.25834	18.062	-0.62165	0.4732	17.91	0	0
-0.42971	-0.24287	16.224	-0.55715	-0.25834	18.062	-0.29075	-0.65094	18.07	0	0
-0.38725	0.43935	16.239	0.2491	0.60551	17.313	-0.15665	1.2386	17.304	0	0
-0.38725	0.43935	16.239	-0.62165	0.4732	17.91	-0.38205	1.0578	18.07	0	0
0.19095	0.60506	15.535	0.2491	0.60551	17.313	0.14772	-0.31664	17.336	0	0
-0.8889	-0.31899	16.288	-0.9936	0.070962	17.954	-0.34635	-0.56554	18.285	0	0
-0.8889	-0.31899	16.288	-0.29075	-0.65094	18.07	-0.34635	-0.56554	18.285	0	0
0.2491	0.60551	16.286	0.062652	1.2484	17.309	0.10355	1.2579	18.077	0	0
0.2491	0.60551	16.286	0.10355	1.2579	18.077	0.21259	0.4143	18.048	0	0
0.2491	0.60551	16.286	0.21259	0.4143	18.048	0.14772	-0.31664	17.336	0	0
-0.15665	1.2386	16.278	0.062652	1.2484	17.309	-0.073448	1.5697	17.597	0	0
0.062652	1.2484	16.282	-0.073448	1.5697	17.597	0.10355	1.2579	18.077	0	0
-0.9936	0.070962	16.928	-0.55715	-0.25834	18.062	-0.62165	0.4732	17.91	0	0
-0.9936	0.070962	16.928	-0.62165	0.4732	17.91	-0.57545	0.52846	18.614	0	0
-0.073448	1.5697	16.57	0.10355	1.2579	18.077	-0.23995	1.5602	18.699	0	0
-0.62165	0.4732	16.884	-0.38205	1.0578	18.07	-0.57545	0.52846	18.614	0	0
-0.38205	1.0578	17.044	-0.57545	0.52846	18.614	-0.45155	1.1916	18.521	0	0
0.10355	1.2579	17.05	0.21259	0.4143	18.048	0.16085	1.0296	18.564	0	0
0.10355	1.2579	17.05	-0.23995	1.5602	18.699	0.16085	1.0296	18.564	0	0
0.022952	-0.076438	17.013	0.21259	0.4143	18.048	0.14772	-0.31664	17.336	0	0
0.022952	-0.076438	17.013	0.21259	0.4143	18.048	0.083602	0.26871	18.527	0	0
0.022952	-0.076438	17.013	-0.29075	-0.65094	18.07	-0.34635	-0.56554	18.285	0	0
0.022952	-0.076438	17.013	-0.29075	-0.65094	18.07	0.14772	-0.31664	17.336	0	0
0.022952	-0.076438	17.013	-0.34635	-0.56554	18.285	-0.33482	-0.38494	18.527	0	0
0.022952	-0.076438	17.013	-0.33482	-0.38494	18.527	0.083602	0.26871	18.527	0	0
0.21259	0.4143	17.022	0.083602	0.26871	18.527	0.16085	1.0296	18.564	0	0
-0.29075	-0.65094	17.044	0.14772	-0.31664	17.336	0.13693	-0.69866	17.265	0	0
-0.34635	-0.56554	17.259	-0.33482	-0.38494	18.527	-0.30967	-0.65984	19.43	0	0
-0.33482	-0.38494	17.501	0.083602	0.26871	18.527	-0.3333	-0.25534	19.303	0	0
-0.33482	-0.38494	17.501	-0.3333	-0.25534	19.303	-0.30967	-0.65984	19.43	0	0
0.083602	0.26871	17.501	0.16085	1.0296	18.564	0.012912	0.41294	19.344	0	0
0.083602	0.26871	17.501	-0.3333	-0.25534	19.303	0.012912	0.41294	19.344	0	0
-0.57545	0.52846	17.588	-0.45155	1.1916	18.521	-0.46765	1.1308	19.26	0	0
-0.57545	0.52846	17.588	-0.3333	-0.25534	19.303	-0.70147	0.45576	19.303	0	0
-0.57545	0.52846	17.588	-0.70147	0.45576	19.303	-0.46765	1.1308	19.26	0	0
-0.45155	1.1916	17.494	-0.23995	1.5602	18.699	-0.46765	1.1308	19.26	0	0
-0.23995	1.5602	17.673	0.16085	1.0296	18.564	0.26243	1.0638	19.343	0	0
-0.23995	1.5602	17.673	-0.46765	1.1308	19.26	-0.2114	1.6082	19.361	0	0
-0.23995	1.5602	17.673	0.26243	1.0638	19.343	-0.015798	1.6102	19.449	0	0
-0.23995	1.5602	17.673	-0.2114	1.6082	19.361	-0.015798	1.6102	19.449	0	0
0.16085	1.0296	17.538	0.012912	0.41294	19.344	0.26243	1.0638	19.343	0	0
-0.3333	-0.25534	18.277	-0.30967	-0.65984	19.43	-0.35305	-0.28614	20.053	0	0
-0.3333	-0.25534	18.277	-0.70147	0.45576	19.303	-0.70195	0.43951	20.061	0	0
-0.3333	-0.25534	18.277	0.012912	0.41294	19.344	-0.35305	-0.28614	20.053	0	0
-0.3333	-0.25534	18.277	-0.70195	0.43951	20.061	-0.10255	0.48991	20.051	0	0
-0.30967	-0.65984	18.403	-0.35305	-0.28614	20.053	-0.2813	-0.69894	20.021	0	0
-0.70147	0.45576	18.277	-0.46765	1.1308	19.26	-0.501	1.2706	20.018	0	0
-0.70147	0.45576	18.277	-0.70195	0.43951	20.061	-0.501	1.2706	20.018	0	0
-0.46765	1.1308	18.234	-0.2114	1.6082	19.361	-0.501	1.2706	20.018	0	0
0.012912	0.41294	18.317	0.26243	1.0638	19.343	0.28835	1.1383	19.911	0	0
0.012912	0.41294	18.317	-0.35305	-0.28614	20.053	-0.10255	0.48991	20.051	0	0
0.012912	0.41294	18.317	-0.10255	0.48991	20.051	0.28835	1.1383	19.911	0	0
0.26243	1.0638	18.316	-0.015798	1.6102	19.449	0.28835	1.1383	19.911	0	0
-0.2114	1.6082	18.335	-0.015798	1.6102	19.449	-0.26135	1.6477	20.091	0	0
-0.2114	1.6082	18.335	-0.501	1.2706	20.018	-0.26135	1.6477	20.091	0	0
-0.015798	1.6102	18.423	0.045752	1.7212	20.087	-0.26135	1.6477	20.091	0	0
-0.015798	1.6102	18.423	0.045752	1.7212	20.087	0.28835	1.1383	19.911	0	0
-0.70195	0.43951	19.035	-0.501	1.2706	20.018	-0.44551	1.2559	20.727	0	0
-0.70195	0.43951	19.035	-0.48658	0.37955	20.803	-0.44551	1.2559	20.727	0	0
-0.70195	0.43951	19.035	-0.48658	0.37955	20.803	-1.3729	0.25606	21.372	0	0
-0.35305	-0.28614	19.026	-0.2813	-0.69894	20.021	-0.30075	-0.65276	20.777	0	0
-0.35305	-0.28614	19.026	-0.10255	0.48991	20.051	-0.38382	-0.26259	20.793	0	0
-0.35305	-0.28614	19.026	-0.30075	-0.65276	20.777	-0.38382	-0.26259	20.793	0	0
-0.10255	0.48991	19.024	0.28835	1.1383	19.911	0.051352	0.73821	20.576	0	0
-0.10255	0.48991	19.024	-0.38382	-0.26259	20.793	0.051352	0.73821	20.576	0	0
-0.501	1.2706	18.992	-0.26135	1.6477	20.091	-0.44551	1.2559	20.727	0	0
0.045752	1.7212	19.061	-0.26135	1.6477	20.091	-0.44551	1.2559	20.727	0	0
0.045752	1.7212	19.061	0.28835	1.1383	19.911	0.58715	1.316	20.14	0	0
0.045752	1.7212	19.061	-0.44551	1.2559	20.727	0.34502	1.172	20.878	0	0
0.045752	1.7212	19.061	0.58715	1.316	20.14	0.34502	1.172	20.878	0	0
0.28835	1.1383	18.885	0.58715	1.316	20.14	0.051352	0.73821	20.576	0	0
-0.30075	-0.65276	19.751	-0.38382	-0.26259	20.793	-0.423	-0.26574	21.556	0	0
-0.30075	-0.65276	19.751	-0.3939	-0.77024	21.538	-0.423	-0.26574	21.556	0	0
-0.38382	-0.26259	19.767	0.051352	0.73821	20.576	0.2381	0.44926	21.314	0	0
-0.38382	-0.26259	19.767	-0.423	-0.26574	21.556	0.2381	0.44926	21.314	0	0
-0.48658	0.37955	19.777	-0.44551	1.2559	20.727	-0.54335	1.2539	21.341	0	0
-0.48658	0.37955	19.777	-0.39635	0.5562	21.475	0.2381	0.44926	21.314	0	0
-0.48658	0.37955	19.777	-0.39635	0.5562	21.475	-1.3729	0.25606	21.372	0	0
-0.44551	1.2559	19.701	0.34502	1.172	20.878	-0.54335	1.2539	21.341	0	0
0.58715	1.316	19.114	0.051352	0.73821	20.576	0.656	1.2231	20.593	0	0
0.051352	0.73821	19.55	0.34502	1.172	20.878	0.656	1.2231	20.593	0	0
0.051352	0.73821	19.55	0.34502	1.172	20.878	0.2381	0.44926	21.314	0	0
-0.3939	-0.77024	20.511	-0.423	-0.26574	21.556	-0.59085	-0.65714	22.028	0	0
0.34502	1.172	19.851	-0.54335	1.2539	21.341	0.95315	1.598	21.969	0	0
0.34502	1.172	19.851	0.656	1.2231	20.593	0.85285	1.191	21.302	0	0
0.34502	1.172	19.851	0.3645	0.98856	21.495	0.85285	1.191	21.302	0	0
0.34502	1.172	19.851	0.3645	0.98856	21.495	0.2381	0.44926	21.314	0	0
-0.54335	1.2539	20.315	-0.25505	1.1246	22.068	0.95315	1.598	21.969	0	0
0.3645	0.98856	20.468	0.19025	1.0859	22.049	0.21475	0.67251	22.012	0	0
0.3645	0.98856	20.468	0.19025	1.0859	22.049	0.95315	1.598	21.969	0	0
0.3645	0.98856	20.468	0.85285	1.191	21.302	0.95315	1.598	21.969	0	0
0.3645	0.98856	20.468	0.21475	0.67251	22.012	0.2381	0.44926	21.314	0	0
-0.39635	0.5562	20.449	-0.423	-0.26574	21.556	-0.415	0.47006	22.041	0	0
-0.39635	0.5562	20.449	-0.423	-0.26574	21.556	-1.105	-0.074787	21.691	0	0
-0.39635	0.5562	20.449	-0.415	0.47006	22.041	0.2381	0.44926	21.314	0	0
-0.39635	0.5562	20.449	-1.105	-0.074787	21.691	-1.3729	0.25606	21.372	0	0
-0.423	-0.26574	20.53	-0.415	0.47006	22.041	-0.35988	-0.3019	22.122	0	0
-0.423	-0.26574	20.53	-0.59085	-0.65714	22.028	-1.105	-0.074787	21.691	0	0
-0.423	-0.26574	20.53	-0.35988	-0.3019	22.122	0.3372	-0.36624	22.18	0	0
-0.423	-0.26574	20.53	0.2381	0.44926	21.314	0.3372	-0.36624	22.18	0	0
-0.415	0.47006	21.015	-0.35988	-0.3019	22.122	-0.47126	0.4628	22.806	0	0
-0.415	0.47006	21.015	-0.25505	1.1246	22.068	0.21475	0.67251	22.012	0	0
-0.415	0.47006	21.015	-0.25505	1.1246	22.068	-0.26585	1.0335	22.716	0	0
-0.415	0.47006	21.015	0.21475	0.67251	22.012	0.2381	0.44926	21.314	0	0
-0.415	0.47006	21.015	-0.47126	0.4628	22.806	-0.26585	1.0335	22.716	0	0
-0.59085	-0.65714	21.002	-0.35988	-0.3019	22.122	-0.6199	-0.31859	22.825	0	0
-0.59085	-0.65714	21.002	-1.105	-0.074787	21.691	-1.1567	-0.12344	22.002	0	0
-0.59085	-0.65714	21.002	-1.1567	-0.12344	22.002	-1.1862	-0.4681	22.686	0	0
-0.59085	-0.65714	21.002	-0.6199	-0.31859	22.825	-1.1862	-0.4681	22.686	0	0
-0.35988	-0.3019	21.095	-0.56622	-0.76911	22.772	0.154	-0.21294	22.793	0	0
-0.35988	-0.3019	21.095	-0.47126	0.4628	22.806	-0.6199	-0.31859	22.825	0	0
-0.35988	-0.3019	21.095	0.154	-0.21294	22.793	0.3372	-0.36624	22.18	0	0
-0.25505	1.1246	21.041	0.19025	1.0859	22.049	0.21475	0.67251	22.012	0	0
-0.25505	1.1246	21.041	0.19025	1.0859	22.049	0.011352	1.0912	22.825	0	0
-0.25505	1.1246	21.041	-0.26585	1.0335	22.716	0.011352	1.0912	22.825	0	0
0.19025	1.0859	21.022	0.95315	1.598	21.969	0.011352	1.0912	22.825	0	0
0.85285	1.191	20.275	0.2381	0.44926	21.314	0.65595	-0.22354	22.245	0	0
-0.56622	-0.76911	21.746	-0.61585	-0.67474	23.591	-0.6199	-0.31859	22.825	0	0
-0.56622	-0.76911	21.746	-0.61585	-0.67474	23.591	-1.0935	-0.92016	22.872	0	0
-0.56622	-0.76911	21.746	-0.6199	-0.31859	22.825	-1.1862	-0.4681	22.686	0	0
-0.56622	-0.76911	21.746	-1.1862	-0.4681	22.686	-1.0935	-0.92016	22.872	0	0
-0.56622	-0.76911	21.746	0.154	-0.21294	22.793	0.3931	-0.63109	22.812	0	0
-0.47126	0.4628	21.78	-0.26585	1.0335	22.716	-0.45125	0.44716	23.551	0	0
-0.47126	0.4628	21.78	-0.6199	-0.31859	22.825	-0.45125	0.44716	23.551	0	0
-0.26585	1.0335	21.69	0.011352	1.0912	22.825	-0.19085	1.1827	23.58	0	0
-0.26585	1.0335	21.69	-0.45125	0.44716	23.551	-0.19085	1.1827	23.58	0	0
-0.61585	-0.67474	22.565	0.059185	-0.32804	23.606	-0.69795	-0.32734	23.565	0	0
-0.61585	-0.67474	22.565	0.059185	-0.32804	23.606	0.34065	-0.69554	23.591	0	0
-0.61585	-0.67474	22.565	-0.6199	-0.31859	22.825	-0.69795	-0.32734	23.565	0	0
-0.61585	-0.67474	22.565	-1.0935	-0.92016	22.872	-1.2522	-1.1001	23.588	0	0
-0.61585	-0.67474	22.565	-1.2522	-1.1001	23.588	-0.88495	-0.79124	24.23	0	0
-0.61585	-0.67474	22.565	-0.65755	-0.88027	24.238	-0.88495	-0.79124	24.23	0	0
-0.61585	-0.67474	22.565	-0.65755	-0.88027	24.238	0.20085	-0.77226	24.295	0	0
-0.61585	-0.67474	22.565	0.20085	-0.77226	24.295	0.34065	-0.69554	23.591	0	0
0.059185	-0.32804	22.58	0.2188	0.55101	23.55	-0.45125	0.44716	23.551	0	0
0.059185	-0.32804	22.58	0.2188	0.55101	23.55	0.25115	-0.20677	24.211	0	0
0.059185	-0.32804	22.58	-0.45125	0.44716	23.551	-0.56201	-0.20524	24.273	0	0
0.059185	-0.32804	22.58	-0.56201	-0.20524	24.273	0.20085	-0.77226	24.295	0	0
0.059185	-0.32804	22.58	0.20085	-0.77226	24.295	0.25115	-0.20677	24.211	0	0
0.059185	-0.32804	22.58	0.34065	-0.69554	23.591	0.3931	-0.63109	22.812	0	0
0.011352	1.0912	21.799	0.036752	1.1831	23.557	-0.19085	1.1827	23.58	0	0
0.2381	0.44926	20.288	0.3372	-0.36624	22.18	0.65595	-0.22354	22.245	0	0
-1.105	-0.074787	20.664	-1.1567	-0.12344	22.002	-1.5789	-0.13094	22.108	0	0
-1.105	-0.074787	20.664	-1.3729	0.25606	21.372	-1.5789	-0.13094	22.108	0	0
-1.1567	-0.12344	20.976	-1.1862	-0.4681	22.686	-1.5789	-0.13094	22.108	0	0
0.2188	0.55101	22.524	0.036752	1.1831	23.557	0.35425	0.57406	24.307	0	0
0.2188	0.55101	22.524	0.35425	0.57406	24.307	0.25115	-0.20677	24.211	0	0
0.2188	0.55101	22.524	0.84775	-0.62624	23.106	0.88052	-0.3274	22.704	0	0
-0.6199	-0.31859	21.799	-0.69795	-0.32734	23.565	-0.45125	0.44716	23.551	0	0
-1.1862	-0.4681	21.66	-1.0935	-0.92016	22.872	-1.7044	-0.7402	22.887	0	0
-1.1862	-0.4681	21.66	-1.5789	-0.13094	22.108	-1.7044	-0.7402	22.887	0	0
-1.0935	-0.92016	21.846	-1.2522	-1.1001	23.588	-1.7044	-0.7402	22.887	0	0
-0.69795	-0.32734	22.539	-0.45125	0.44716	23.551	-0.9193	-0.076787	24.143	0	0
-0.69795	-0.32734	22.539	-0.88495	-0.79124	24.23	-0.9193	-0.076787	24.143	0	0
-0.45125	0.44716	22.525	-0.19085	1.1827	23.58	-0.48988	0.57153	24.206	0	0
-0.45125	0.44716	22.525	-0.48988	0.57153	24.206	-0.9193	-0.076787	24.143	0	0
0.036752	1.1831	22.53	-0.19085	1.1827	23.58	-0.070648	1.5571	24.502	0	0
0.036752	1.1831	22.53	0.35425	0.57406	24.307	0.092302	1.2865	24.319	0	0
0.036752	1.1831	22.53	0.092302	1.2865	24.319	-0.070648	1.5571	24.502	0	0
-1.2522	-1.1001	22.562	-0.88495	-0.79124	24.23	-1.895	-1.1264	23.905	0	0
-1.2522	-1.1001	22.562	-1.7044	-0.7402	22.887	-1.8615	-0.94627	23.51	0	0
-1.2522	-1.1001	22.562	-1.8615	-0.94627	23.51	-1.895	-1.1264	23.905	0	0
-0.65755	-0.88027	23.212	-0.88495	-0.79124	24.23	-0.56235	-0.98259	24.845	0	0
-0.65755	-0.88027	23.212	-0.56235	-0.98259	24.845	0.20085	-0.77226	24.295	0	0
-0.88495	-0.79124	23.204	-0.56235	-0.98259	24.845	-0.90285	-0.61954	24.875	0	0
-0.88495	-0.79124	23.204	-0.90285	-0.61954	24.875	-1.895	-1.1264	23.905	0	0
-0.88495	-0.79124	23.204	-0.9193	-0.076787	24.143	-0.9921	-0.30204	24.834	0	0
-0.19085	1.1827	22.553	-0.48988	0.57153	24.206	-0.22925	1.1973	24.317	0	0
-0.19085	1.1827	22.553	-0.22925	1.1973	24.317	-0.070648	1.5571	24.502	0	0
0.35425	0.57406	23.28	0.092302	1.2865	24.319	0.19245	1.2739	25.036	0	0
0.35425	0.57406	23.28	0.19245	1.2739	25.036	0.66172	0.44816	24.975	0	0
0.35425	0.57406	23.28	0.25115	-0.20677	24.211	0.6572	-0.24529	24.815	0	0
0.35425	0.57406	23.28	0.66172	0.44816	24.975	0.6572	-0.24529	24.815	0	0
-0.56201	-0.20524	23.247	-0.48988	0.57153	24.206	0.17749	-0.20924	24.888	0	0
-0.56201	-0.20524	23.247	-0.60445	-0.36564	25.114	-0.89945	0.26706	24.422	0	0
-0.56201	-0.20524	23.247	0.20085	-0.77226	24.295	0.17749	-0.20924	24.888	0	0
-0.48988	0.57153	23.179	-0.22925	1.1973	24.317	-0.44528	1.1017	24.921	0	0
-0.48988	0.57153	23.179	-0.4588	0.81476	25.072	-0.44528	1.1017	24.921	0	0
-0.48988	0.57153	23.179	-0.4588	0.81476	25.072	-0.89945	0.26706	24.422	0	0
-0.48988	0.57153	23.179	-0.9193	-0.076787	24.143	-0.89945	0.26706	24.422	0	0
-0.48988	0.57153	23.179	0.23865	0.44446	25.084	0.17749	-0.20924	24.888	0	0
-0.56235	-0.98259	23.818	-0.90285	-0.61954	24.875	-0.60445	-0.36564	25.114	0	0
-0.56235	-0.98259	23.818	-0.60445	-0.36564	25.114	0.10852	-0.74714	24.903	0	0
-0.56235	-0.98259	23.818	0.20085	-0.77226	24.295	0.10852	-0.74714	24.903	0	0
-0.90285	-0.61954	23.848	-0.60445	-0.36564	25.114	-0.9921	-0.30204	24.834	0	0
0.092302	1.2865	23.292	-0.070648	1.5571	24.502	0.19245	1.2739	25.036	0	0
-0.22925	1.1973	23.291	-0.070648	1.5571	24.502	-0.44528	1.1017	24.921	0	0
-0.070648	1.5571	23.476	0.19245	1.2739	25.036	-0.018081	1.6022	25.037	0	0
-0.070648	1.5571	23.476	-0.018081	1.6022	25.037	-0.44528	1.1017	24.921	0	0
-0.60445	-0.36564	24.087	-0.42345	-0.73714	25.519	-0.62845	-0.29764	25.565	0	0
-0.60445	-0.36564	24.087	-0.62845	-0.29764	25.565	-0.89475	-0.064838	25.368	0	0
-0.60445	-0.36564	24.087	0.10852	-0.74714	24.903	0.17749	-0.20924	24.888	0	0
-0.60445	-0.36564	24.087	-0.4588	0.81476	25.072	-0.89945	0.26706	24.422	0	0
-0.60445	-0.36564	24.087	-0.9921	-0.30204	24.834	-0.89475	-0.064838	25.368	0	0
-0.60445	-0.36564	24.087	0.10345	0.32781	25.549	0.17749	-0.20924	24.888	0	0
-0.42345	-0.73714	24.492	-0.62845	-0.29764	25.565	-0.1227	-0.41594	26.058	0	0
-0.42345	-0.73714	24.492	0.10852	-0.74714	24.903	0.15392	-0.8914	25.526	0	0
-0.42345	-0.73714	24.492	-0.1227	-0.41594	26.058	0.15392	-0.8914	25.526	0	0
-0.62845	-0.29764	24.539	-0.89475	-0.064838	25.368	-0.53875	-0.15177	26.196	0	0
-0.62845	-0.29764	24.539	-0.4519	0.44011	25.569	-0.1227	-0.41594	26.058	0	0
-0.62845	-0.29764	24.539	-0.53875	-0.15177	26.196	-0.39071	-0.69007	26.436	0	0
0.20085	-0.77226	23.269	0.10852	-0.74714	24.903	0.6572	-0.24529	24.815	0	0
0.20085	-0.77226	23.269	0.25115	-0.20677	24.211	0.6572	-0.24529	24.815	0	0
0.20085	-0.77226	23.269	0.34065	-0.69554	23.591	0.77965	-0.91354	23.662	0	0
0.10852	-0.74714	23.876	0.17749	-0.20924	24.888	0.6572	-0.24529	24.815	0	0
-0.4588	0.81476	24.045	0.23865	0.44446	25.084	0.19245	1.2739	25.036	0	0
-0.4588	0.81476	24.045	0.23865	0.44446	25.084	-0.4519	0.44011	25.569	0	0
-0.4588	0.81476	24.045	0.19245	1.2739	25.036	-0.44528	1.1017	24.921	0	0
-0.4588	0.81476	24.045	-0.4519	0.44011	25.569	-0.5612	1.2395	25.561	0	0
-0.9193	-0.076787	23.116	-0.9921	-0.30204	24.834	-0.89945	0.26706	24.422	0	0
0.23865	0.44446	24.058	0.19245	1.2739	25.036	0.3303	1.0826	25.548	0	0
0.23865	0.44446	24.058	0.10345	0.32781	25.549	-0.4519	0.44011	25.569	0	0
0.23865	0.44446	24.058	0.10345	0.32781	25.549	0.81262	0.58566	25.648	0	0
0.23865	0.44446	24.058	0.17749	-0.20924	24.888	0.66172	0.44816	24.975	0	0
0.23865	0.44446	24.058	0.66172	0.44816	24.975	0.81262	0.58566	25.648	0	0
0.19245	1.2739	24.009	-0.018081	1.6022	25.037	0.075752	1.721	25.588	0	0
0.19245	1.2739	24.009	0.075752	1.721	25.588	0.3303	1.0826	25.548	0	0
0.19245	1.2739	24.009	0.66172	0.44816	24.975	0.81262	0.58566	25.648	0	0
-0.9921	-0.30204	23.807	-0.89475	-0.064838	25.368	-1.0342	0.36408	24.889	0	0
-0.9921	-0.30204	23.807	-0.89945	0.26706	24.422	-1.0342	0.36408	24.889	0	0
-0.89475	-0.064838	24.341	-0.53875	-0.15177	26.196	-1.1659	0.45924	25.541	0	0
-0.89475	-0.064838	24.341	-1.0342	0.36408	24.889	-1.1659	0.45924	25.541	0	0
-0.018081	1.6022	24.011	0.075752	1.721	25.588	-0.20965	1.5844	25.621	0	0
-0.018081	1.6022	24.011	-0.20965	1.5844	25.621	-0.5612	1.2395	25.561	0	0
-0.018081	1.6022	24.011	-0.44528	1.1017	24.921	-0.5612	1.2395	25.561	0	0
0.075752	1.721	24.562	-0.20965	1.5844	25.621	-0.44435	1.6571	26.418	0	0
0.075752	1.721	24.562	0.3303	1.0826	25.548	0.1939	1.1617	26.29	0	0
0.075752	1.721	24.562	-0.44435	1.6571	26.418	0.37085	2.2796	26.511	0	0
-0.20965	1.5844	24.595	-0.5612	1.2395	25.561	-0.44435	1.6571	26.418	0	0
0.10345	0.32781	24.523	-0.4519	0.44011	25.569	0.11317	0.45303	26.287	0	0
0.10345	0.32781	24.523	0.17749	-0.20924	24.888	0.26805	-0.25924	25.715	0	0
0.10345	0.32781	24.523	0.26805	-0.25924	25.715	0.11317	0.45303	26.287	0	0
-0.4519	0.44011	24.542	-0.53875	-0.15177	26.196	-1.1918	0.54756	26.238	0	0
-0.4519	0.44011	24.542	-0.5612	1.2395	25.561	-0.5522	1.2715	26.074	0	0
-0.4519	0.44011	24.542	-0.5522	1.2715	26.074	0.11317	0.45303	26.287	0	0
-0.53875	-0.15177	25.169	-0.39071	-0.69007	26.436	-0.1227	-0.41594	26.058	0	0
-0.53875	-0.15177	25.169	-0.1227	-0.41594	26.058	0.11317	0.45303	26.287	0	0
-0.53875	-0.15177	25.169	0.11317	0.45303	26.287	-1.171	0.66716	27.045	0	0
-0.53875	-0.15177	25.169	-1.1918	0.54756	26.238	-1.171	0.66716	27.045	0	0
-0.44528	1.1017	23.895	-0.5612	1.2395	25.561	-1.0336	0.96496	25.703	0	0
-0.44528	1.1017	23.895	-0.89945	0.26706	24.422	-1.0342	0.36408	24.889	0	0
-0.44528	1.1017	23.895	-1.0342	0.36408	24.889	-1.0336	0.96496	25.703	0	0
-0.5612	1.2395	24.535	-0.5522	1.2715	26.074	-1.0336	0.96496	25.703	0	0
0.3303	1.0826	24.521	0.1939	1.1617	26.29	0.81262	0.58566	25.648	0	0
-0.5522	1.2715	25.047	-0.44435	1.6571	26.418	0.1939	1.1617	26.29	0	0
-0.5522	1.2715	25.047	-0.44435	1.6571	26.418	-1.0762	1.135	26.383	0	0
-0.5522	1.2715	25.047	0.11317	0.45303	26.287	0.1939	1.1617	26.29	0	0
-0.5522	1.2715	25.047	-1.0336	0.96496	25.703	-1.0762	1.135	26.383	0	0
-0.44435	1.6571	25.392	0.1939	1.1617	26.29	0.2694	1.8699	26.383	0	0
-0.44435	1.6571	25.392	0.2694	1.8699	26.383	-0.44275	1.8337	27.102	0	0
-0.44435	1.6571	25.392	-0.44275	1.8337	27.102	-1.1561	1.2942	27.092	0	0
-0.44435	1.6571	25.392	-1.1561	1.2942	27.092	-1.0762	1.135	26.383	0	0
-0.1227	-0.41594	25.032	0.15392	-0.8914	25.526	0.26805	-0.25924	25.715	0	0
-0.1227	-0.41594	25.032	0.26805	-0.25924	25.715	0.11317	0.45303	26.287	0	0
0.34065	-0.69554	22.564	0.77965	-0.91354	23.662	0.84775	-0.62624	23.106	0	0
0.34065	-0.69554	22.564	0.3931	-0.63109	22.812	0.84775	-0.62624	23.106	0	0
0.17749	-0.20924	23.862	0.15392	-0.8914	25.526	0.26805	-0.25924	25.715	0	0
0.17749	-0.20924	23.862	0.66172	0.44816	24.975	0.6572	-0.24529	24.815	0	0
0.154	-0.21294	21.767	0.3931	-0.63109	22.812	0.3372	-0.36624	22.18	0	0
0.11317	0.45303	25.26	0.1939	1.1617	26.29	0.72342	1.0219	26.401	0	0
0.11317	0.45303	25.26	-1.171	0.66716	27.045	-0.29025	1.3411	27.202	0	0
0.11317	0.45303	25.26	-0.29025	1.3411	27.202	0.8639	0.62481	26.575	0	0
0.11317	0.45303	25.26	0.72342	1.0219	26.401	0.8639	0.62481	26.575	0	0
0.1939	1.1617	25.264	0.2694	1.8699	26.383	0.72342	1.0219	26.401	0	0
0.2694	1.8699	25.357	0.37085	2.2796	26.511	0.30568	1.9962	27.098	0	0
0.2694	1.8699	25.357	0.37085	2.2796	26.511	0.72342	1.0219	26.401	0	0
0.2694	1.8699	25.357	-0.44275	1.8337	27.102	0.30568	1.9962	27.098	0	0
0.37085	2.2796	25.485	0.30568	1.9962	27.098	0.44235	2.2929	27.586	0	0
0.37085	2.2796	25.485	0.72342	1.0219	26.401	1.1543	1.0309	27.023	0	0
-1.1918	0.54756	25.212	-1.5835	0.40701	26.386	-1.1659	0.45924	25.541	0	0
-1.1918	0.54756	25.212	-1.5835	0.40701	26.386	-1.6032	0.93386	26.667	0	0
-1.1918	0.54756	25.212	-1.1659	0.45924	25.541	-1.0336	0.96496	25.703	0	0
-1.1918	0.54756	25.212	-1.6032	0.93386	26.667	-1.0762	1.135	26.383	0	0
-1.1918	0.54756	25.212	-1.0336	0.96496	25.703	-1.0762	1.135	26.383	0	0
-1.171	0.66716	26.019	-0.29025	1.3411	27.202	-1.1561	1.2942	27.092	0	0
-0.44275	1.8337	26.075	-0.40083	1.9232	27.751	0.10825	2.1963	27.576	0	0
-0.44275	1.8337	26.075	-0.40083	1.9232	27.751	-1.4209	1.5539	27.532	0	0
-0.44275	1.8337	26.075	0.30568	1.9962	27.098	0.10825	2.1963	27.576	0	0
-0.44275	1.8337	26.075	-1.1561	1.2942	27.092	-1.4209	1.5539	27.532	0	0
-0.29025	1.3411	26.176	-0.40083	1.9232	27.751	-1.3147	1.1609	27.813	0	0
-0.29025	1.3411	26.176	0.30568	1.9962	27.098	1.1543	1.0309	27.023	0	0
-0.29025	1.3411	26.176	-1.3147	1.1609	27.813	-1.1561	1.2942	27.092	0	0
-0.29025	1.3411	26.176	0.8639	0.62481	26.575	1.1543	1.0309	27.023	0	0
-0.40083	1.9232	26.724	-1.3147	1.1609	27.813	-0.71142	1.9394	28.343	0	0
-0.40083	1.9232	26.724	-0.71142	1.9394	28.343	0.11445	2.2429	28.089	0	0
-0.40083	1.9232	26.724	-1.2985	1.9022	28.368	-1.7246	2.1012	28.149	0	0
-0.40083	1.9232	26.724	0.10825	2.1963	27.576	0.11445	2.2429	28.089	0	0
-0.40083	1.9232	26.724	-1.4209	1.5539	27.532	-1.6492	1.7615	27.739	0	0
-0.40083	1.9232	26.724	-1.7246	2.1012	28.149	-1.6492	1.7615	27.739	0	0
0.30568	1.9962	26.072	0.10825	2.1963	27.576	0.44235	2.2929	27.586	0	0
-1.3147	1.1609	26.787	-0.71142	1.9394	28.343	-1.2985	1.9022	28.368	0	0
-1.3147	1.1609	26.787	-1.2985	1.9022	28.368	-1.7044	1.4623	28.538	0	0
-0.71142	1.9394	27.317	-1.2985	1.9022	28.368	-1.1185	2.4661	28.989	0	0
-0.71142	1.9394	27.317	0.11445	2.2429	28.089	-0.72875	2.4381	29.56	0	0
-0.71142	1.9394	27.317	-1.1185	2.4661	28.989	-0.72875	2.4381	29.56	0	0
-1.2985	1.9022	27.342	-1.7246	2.1012	28.149	-1.7316	2.4308	28.501	0	0
-1.2985	1.9022	27.342	-1.7316	2.4308	28.501	-1.1185	2.4661	28.989	0	0
0.3931	-0.63109	21.785	0.3372	-0.36624	22.18	0.65595	-0.22354	22.245	0	0
0.3931	-0.63109	21.785	0.84775	-0.62624	23.106	0.88052	-0.3274	22.704	0	0
0.3931	-0.63109	21.785	0.65595	-0.22354	22.245	0.88052	-0.3274	22.704	0	0
0.72342	1.0219	25.375	0.8639	0.62481	26.575	1.1543	1.0309	27.023	0	0
-1.0342	0.36408	23.863	-1.1659	0.45924	25.541	-1.0336	0.96496	25.703	0	0
-1.1561	1.2942	26.066	-1.4209	1.5539	27.532	-1.7671	1.1124	26.986	0	0
-1.1561	1.2942	26.066	-1.6032	0.93386	26.667	-1.7671	1.1124	26.986	0	0
-1.1561	1.2942	26.066	-1.6032	0.93386	26.667	-1.0762	1.135	26.383	0	0
0.10825	2.1963	26.55	0.44235	2.2929	27.586	0.11445	2.2429	28.089	0	0
-1.4209	1.5539	26.505	-1.7671	1.1124	26.986	-1.6492	1.7615	27.739	0	0
-1.7316	2.4308	27.475	-1.1185	2.4661	28.989	-1.7713	2.7764	28.897	0	0
-1.1185	2.4661	27.962	-1.7713	2.7764	28.897	-1.6864	2.9906	29.15	0	0
-1.1185	2.4661	27.962	-0.72875	2.4381	29.56	-1.1639	2.6667	29.562	0	0
-1.1185	2.4661	27.962	-1.1639	2.6667	29.562	-1.6864	2.9906	29.15	0	0
-1.1639	2.6667	28.535	-1.6947	2.9989	29.58	-1.6864	2.9906	29.15	0	0
