-0.3475	-0.70784	0.031499	-0.41155	-0.34074	1.0263	-0.22515	-0.60134	1.8261	0	0
-0.41155	-0.34074	0	-0.087748	-0.21784	1.0423	-0.37868	0.45443	1.0936	0	0
-0.41155	-0.34074	0	-0.087748	-0.21784	1.0423	-0.1292	-0.21974	1.7978	0	0
-0.41155	-0.34074	0	-0.37868	0.45443	1.0936	-0.36431	0.45368	1.7658	0	0
-0.41155	-0.34074	0	-0.22515	-0.60134	1.8261	-0.1292	-0.21974	1.7978	0	0
-0.087748	-0.21784	0.015999	-0.37868	0.45443	1.0936	0.077885	0.65153	1.042	0	0
-0.087748	-0.21784	0.015999	0.077885	0.65153	1.042	0.58995	0.54246	1.7331	0	0
-0.087748	-0.21784	0.015999	-0.1292	-0.21974	1.7978	0.58995	0.54246	1.7331	0	0
-0.37868	0.45443	0.0673	0.077885	0.65153	1.042	0.090202	1.1281	1.0615	0	0
-0.37868	0.45443	0.0673	-0.36431	0.45368	1.7658	-0.23335	1.161	2.1406	0	0
-0.37868	0.45443	0.0673	0.090202	1.1281	1.0615	-0.23335	1.161	2.1406	0	0
-0.22515	-0.60134	0.79975	-0.1292	-0.21974	1.7978	0.21832	-0.029304	2.3827	0	0
-0.22515	-0.60134	0.79975	-0.15305	-0.60444	2.5182	0.21832	-0.029304	2.3827	0	0
0.077885	0.65153	0.015633	0.090202	1.1281	1.0615	0.65045	1.0875	1.0299	0	0
0.077885	0.65153	0.015633	0.65045	1.0875	1.0299	0.58995	0.54246	1.7331	0	0
-0.1292	-0.21974	0.77145	-0.36431	0.45368	1.7658	-0.53225	-0.15794	2.129	0	0
-0.1292	-0.21974	0.77145	-0.36431	0.45368	1.7658	0.17911	0.61674	1.8577	0	0
-0.1292	-0.21974	0.77145	-0.53225	-0.15794	2.129	-0.15305	-0.60444	2.5182	0	0
-0.1292	-0.21974	0.77145	0.58995	0.54246	1.7331	0.21832	-0.029304	2.3827	0	0
-0.36431	0.45368	0.7395	-0.53225	-0.15794	2.129	-0.33152	0.41281	2.5918	0	0
-0.36431	0.45368	0.7395	-0.33152	0.41281	2.5918	-0.23335	1.161	2.1406	0	0
0.090202	1.1281	0.03515	0.65045	1.0875	1.0299	0.2262	1.2084	1.817	0	0
0.090202	1.1281	0.03515	0.2262	1.2084	1.817	-0.23335	1.161	2.1406	0	0
-0.53225	-0.15794	1.1027	-0.33152	0.41281	2.5918	-0.13415	-0.24834	3.0499	0	0
0.65045	1.0875	0.003549	0.58995	0.54246	1.7331	0.65255	1.1118	1.7913	0	0
0.65045	1.0875	0.003549	0.2262	1.2084	1.817	0.65255	1.1118	1.7913	0	0
0.58995	0.54246	0.7068	0.17911	0.61674	1.8577	0.21832	-0.029304	2.3827	0	0
0.58995	0.54246	0.7068	0.17911	0.61674	1.8577	0.65255	1.1118	1.7913	0	0
0.17911	0.61674	0.83138	0.21832	-0.029304	2.3827	0.1928	0.65786	2.5434	0	0
0.17911	0.61674	0.83138	0.2262	1.2084	1.817	0.65255	1.1118	1.7913	0	0
0.17911	0.61674	0.83138	0.2262	1.2084	1.817	-0.23335	1.161	2.1406	0	0
0.17911	0.61674	0.83138	0.1928	0.65786	2.5434	-0.23335	1.161	2.1406	0	0
-0.15305	-0.60444	1.4919	0.21832	-0.029304	2.3827	-0.13415	-0.24834	3.0499	0	0
-0.15305	-0.60444	1.4919	-0.13415	-0.24834	3.0499	-0.20925	-0.38654	3.2845	0	0
0.21832	-0.029304	1.3563	0.1928	0.65786	2.5434	0.019302	0.37346	3.2258	0	0
0.21832	-0.029304	1.3563	-0.13415	-0.24834	3.0499	0.019302	0.37346	3.2258	0	0
-0.33152	0.41281	1.5654	0.019302	0.37346	3.2258	-0.19325	0.5944	3.2322	0	0
-0.33152	0.41281	1.5654	-0.19325	0.5944	3.2322	-0.24735	1.2865	3.1824	0	0
-0.33152	0.41281	1.5654	-0.23335	1.161	2.1406	-0.24735	1.2865	3.1824	0	0
0.1928	0.65786	1.5171	0.19635	1.1336	2.5602	0.59565	1.1524	2.462	0	0
0.1928	0.65786	1.5171	0.19635	1.1336	2.5602	-0.23335	1.161	2.1406	0	0
0.1928	0.65786	1.5171	0.59565	1.1524	2.462	0.58445	0.89706	3.0215	0	0
0.1928	0.65786	1.5171	0.019302	0.37346	3.2258	0.58445	0.89706	3.0215	0	0
-0.13415	-0.24834	2.0236	-0.20925	-0.38654	3.2845	0.019302	0.37346	3.2258	0	0
0.19635	1.1336	1.5339	0.58445	0.89706	3.0215	0.088202	1.1438	3.2618	0	0
0.19635	1.1336	1.5339	0.088202	1.1438	3.2618	-0.24735	1.2865	3.1824	0	0
0.19635	1.1336	1.5339	-0.23335	1.161	2.1406	-0.24735	1.2865	3.1824	0	0
-0.20925	-0.38654	2.2582	0.019302	0.37346	3.2258	-0.16545	-0.28084	4.0561	0	0
-0.20925	-0.38654	2.2582	-0.35048	-0.63784	3.8856	-0.16545	-0.28084	4.0561	0	0
0.019302	0.37346	2.1995	-0.19325	0.5944	3.2322	0.19198	0.45409	3.8968	0	0
0.019302	0.37346	2.1995	0.58445	0.89706	3.0215	0.5727	0.89226	3.8548	0	0
0.019302	0.37346	2.1995	-0.16545	-0.28084	4.0561	0.19198	0.45409	3.8968	0	0
-0.19325	0.5944	2.2059	0.19198	0.45409	3.8968	-0.17965	0.74516	4.0608	0	0
-0.19325	0.5944	2.2059	-0.24735	1.2865	3.1824	-0.17965	0.74516	4.0608	0	0
0.58445	0.89706	1.9952	0.088202	1.1438	3.2618	0.5727	0.89226	3.8548	0	0
0.088202	1.1438	2.2354	-0.24735	1.2865	3.1824	0.11245	1.1443	4.0705	0	0
0.088202	1.1438	2.2354	0.5727	0.89226	3.8548	0.11245	1.1443	4.0705	0	0
-0.35048	-0.63784	2.8592	-0.16545	-0.28084	4.0561	-0.2666	-0.57164	4.7374	0	0
-0.16545	-0.28084	3.0298	0.19198	0.45409	3.8968	0.12835	-0.030738	4.352	0	0
-0.16545	-0.28084	3.0298	0.12835	-0.030738	4.352	-0.15805	-0.24374	4.5619	0	0
-0.16545	-0.28084	3.0298	-0.15805	-0.24374	4.5619	-0.2666	-0.57164	4.7374	0	0
0.19198	0.45409	2.8704	0.5727	0.89226	3.8548	0.2311	0.63296	4.6118	0	0
0.19198	0.45409	2.8704	-0.17965	0.74516	4.0608	-0.1763	0.49556	4.57	0	0
0.19198	0.45409	2.8704	0.12835	-0.030738	4.352	0.2311	0.63296	4.6118	0	0
-0.24735	1.2865	2.1561	-0.17965	0.74516	4.0608	-0.41335	1.134	4.6148	0	0
-0.24735	1.2865	2.1561	0.11245	1.1443	4.0705	-0.41335	1.134	4.6148	0	0
0.5727	0.89226	2.8285	0.11245	1.1443	4.0705	0.23795	1.2918	4.5479	0	0
0.5727	0.89226	2.8285	0.2311	0.63296	4.6118	0.60185	0.89616	4.6843	0	0
0.5727	0.89226	2.8285	0.23795	1.2918	4.5479	0.60185	0.89616	4.6843	0	0
-0.17965	0.74516	3.0345	-0.1763	0.49556	4.57	-0.41335	1.134	4.6148	0	0
0.12835	-0.030738	3.3257	-0.1763	0.49556	4.57	-0.15805	-0.24374	4.5619	0	0
0.12835	-0.030738	3.3257	0.2311	0.63296	4.6118	-0.13315	-0.26594	5.0635	0	0
0.11245	1.1443	3.0442	-0.41335	1.134	4.6148	0.23795	1.2918	4.5479	0	0
-0.1763	0.49556	3.5437	-0.15805	-0.24374	4.5619	-0.13315	-0.26594	5.0635	0	0
-0.1763	0.49556	3.5437	-0.13315	-0.26594	5.0635	-0.39075	0.5507	5.3515	0	0
-0.1763	0.49556	3.5437	-0.41335	1.134	4.6148	-0.39075	0.5507	5.3515	0	0
-0.15805	-0.24374	3.5356	-0.2666	-0.57164	4.7374	-0.13315	-0.26594	5.0635	0	0
-0.2666	-0.57164	3.7111	-0.13315	-0.26594	5.0635	-0.40125	-0.59064	5.3859	0	0
0.2311	0.63296	3.5854	-0.13315	-0.26594	5.0635	0.035852	0.38686	5.6041	0	0
0.2311	0.63296	3.5854	0.035852	0.38686	5.6041	0.60185	0.89616	4.6843	0	0
-0.13315	-0.26594	4.0372	-0.36955	-0.2854	5.3799	-0.40125	-0.59064	5.3859	0	0
-0.13315	-0.26594	4.0372	-0.36955	-0.2854	5.3799	0.035852	0.38686	5.6041	0	0
-0.41335	1.134	3.5884	0.23795	1.2918	4.5479	-0.40672	1.1238	5.295	0	0
-0.41335	1.134	3.5884	-0.39075	0.5507	5.3515	-0.40672	1.1238	5.295	0	0
0.23795	1.2918	3.5216	0.2735	1.0969	5.3112	0.60185	0.89616	4.6843	0	0
0.23795	1.2918	3.5216	0.2735	1.0969	5.3112	-0.40672	1.1238	5.295	0	0
-0.36955	-0.2854	4.3535	-0.40125	-0.59064	5.3859	-0.32761	-0.32944	6.058	0	0
-0.36955	-0.2854	4.3535	0.035852	0.38686	5.6041	-0.32761	-0.32944	6.058	0	0
-0.40125	-0.59064	4.3596	-0.32761	-0.32944	6.058	-0.45215	-0.71554	6.0998	0	0
-0.39075	0.5507	4.3252	0.035852	0.38686	5.6041	0.2735	1.0969	5.3112	0	0
-0.39075	0.5507	4.3252	0.2735	1.0969	5.3112	-0.40672	1.1238	5.295	0	0
0.035852	0.38686	4.5778	0.2735	1.0969	5.3112	0.32645	1.112	6.0266	0	0
0.035852	0.38686	4.5778	-0.32761	-0.32944	6.058	-0.1037	0.50781	6.0765	0	0
0.035852	0.38686	4.5778	0.32645	1.112	6.0266	-0.1037	0.50781	6.0765	0	0
0.2735	1.0969	4.2849	0.60185	0.89616	4.6843	0.32645	1.112	6.0266	0	0
-0.32761	-0.32944	5.0317	-0.45215	-0.71554	6.0998	-0.3167	-0.29826	6.6523	0	0
-0.32761	-0.32944	5.0317	-0.1037	0.50781	6.0765	-0.3167	-0.29826	6.6523	0	0
0.32645	1.112	5.0003	-0.1037	0.50781	6.0765	0.30095	1.1021	6.8031	0	0
-0.45215	-0.71554	5.0735	-0.3167	-0.29826	6.6523	-0.59195	-0.91369	6.7385	0	0
-0.1037	0.50781	5.0502	-0.3167	-0.29826	6.6523	-0.13598	0.39563	6.7364	0	0
-0.1037	0.50781	5.0502	-0.13598	0.39563	6.7364	0.30095	1.1021	6.8031	0	0
-0.3167	-0.29826	5.6259	-0.13598	0.39563	6.7364	-0.42788	-0.25034	7.4039	0	0
-0.3167	-0.29826	5.6259	-0.59195	-0.91369	6.7385	-0.42788	-0.25034	7.4039	0	0
-0.13598	0.39563	5.7101	0.30095	1.1021	6.8031	-0.11615	0.77816	7.5529	0	0
-0.13598	0.39563	5.7101	-0.42788	-0.25034	7.4039	-0.11615	0.77816	7.5529	0	0
-0.59195	-0.91369	5.7121	-0.42788	-0.25034	7.4039	-0.56585	-0.73734	7.548	0	0
-0.59195	-0.91369	5.7121	-0.94701	-1.0701	7.415	-0.56585	-0.73734	7.548	0	0
0.30095	1.1021	5.7767	-0.11615	0.77816	7.5529	0.2734	1.0952	7.5373	0	0
-0.42788	-0.25034	6.3776	-0.56585	-0.73734	7.548	-0.4124	-0.22374	8.0443	0	0
-0.42788	-0.25034	6.3776	-0.54988	0.3956	7.5862	-0.11615	0.77816	7.5529	0	0
-0.42788	-0.25034	6.3776	-0.54988	0.3956	7.5862	-0.4124	-0.22374	8.0443	0	0
-0.94701	-1.0701	6.3887	-0.56585	-0.73734	7.548	-0.62795	-0.78214	8.0021	0	0
-0.94701	-1.0701	6.3887	-0.62795	-0.78214	8.0021	-1.0538	-0.90764	8.1021	0	0
-0.56585	-0.73734	6.5217	-0.4124	-0.22374	8.0443	-0.62795	-0.78214	8.0021	0	0
-0.54988	0.3956	6.5599	-0.11615	0.77816	7.5529	-0.51378	1.1669	7.4114	0	0
-0.54988	0.3956	6.5599	-0.51378	1.1669	7.4114	-0.4791	1.2056	8.0208	0	0
-0.54988	0.3956	6.5599	-0.4124	-0.22374	8.0443	-0.4438	0.46864	8.0486	0	0
-0.54988	0.3956	6.5599	-0.4438	0.46864	8.0486	-0.4791	1.2056	8.0208	0	0
-0.11615	0.77816	6.5266	-0.51378	1.1669	7.4114	0.2734	1.0952	7.5373	0	0
-0.51378	1.1669	6.385	0.2734	1.0952	7.5373	0.026352	1.5502	7.4657	0	0
-0.51378	1.1669	6.385	0.026352	1.5502	7.4657	-0.28695	1.5502	7.7489	0	0
-0.51378	1.1669	6.385	-0.28695	1.5502	7.7489	-0.4791	1.2056	8.0208	0	0
0.2734	1.0952	6.511	-0.4124	-0.22374	8.0443	0.2581	1.0921	8.0847	0	0
0.2734	1.0952	6.511	0.026352	1.5502	7.4657	0.2581	1.0921	8.0847	0	0
-0.4124	-0.22374	7.0179	-0.62795	-0.78214	8.0021	-0.89135	-0.40644	8.3197	0	0
-0.4124	-0.22374	7.0179	-0.4438	0.46864	8.0486	-0.89135	-0.40644	8.3197	0	0
-0.4124	-0.22374	7.0179	0.2581	1.0921	8.0847	0.18565	0.81736	8.7878	0	0
-0.4124	-0.22374	7.0179	0.18565	0.81736	8.7878	-0.4245	-0.22426	8.8192	0	0
-0.62795	-0.78214	6.9758	-1.0538	-0.90764	8.1021	-0.89135	-0.40644	8.3197	0	0
-0.4438	0.46864	7.0223	-0.4791	1.2056	8.0208	-0.46324	0.48506	8.815	0	0
-0.4438	0.46864	7.0223	-0.89135	-0.40644	8.3197	-0.46324	0.48506	8.815	0	0
-1.0538	-0.90764	7.0758	-0.89135	-0.40644	8.3197	-0.54655	-0.74849	8.802	0	0
-1.0538	-0.90764	7.0758	-0.54655	-0.74849	8.802	-0.85995	-1.0273	9.7054	0	0
0.026352	1.5502	6.4394	-0.28695	1.5502	7.7489	-0.034448	1.5586	8.1141	0	0
0.026352	1.5502	6.4394	0.2581	1.0921	8.0847	-0.034448	1.5586	8.1141	0	0
-0.28695	1.5502	6.7226	-0.31265	1.5695	7.8874	-0.4791	1.2056	8.0208	0	0
-0.28695	1.5502	6.7226	-0.31265	1.5695	7.8874	-0.034448	1.5586	8.1141	0	0
0.2581	1.0921	7.0584	-0.034448	1.5586	8.1141	0.038052	1.586	8.4944	0	0
0.2581	1.0921	7.0584	0.038052	1.586	8.4944	0.15865	1.3202	8.8175	0	0
0.2581	1.0921	7.0584	0.18565	0.81736	8.7878	0.15865	1.3202	8.8175	0	0
-0.31265	1.5695	6.8611	-0.4791	1.2056	8.0208	-0.16725	1.5609	8.5345	0	0
-0.31265	1.5695	6.8611	-0.034448	1.5586	8.1141	-0.16725	1.5609	8.5345	0	0
-0.4791	1.2056	6.9945	-0.16725	1.5609	8.5345	-0.43757	1.192	8.8144	0	0
-0.4791	1.2056	6.9945	-0.46324	0.48506	8.815	-0.43757	1.192	8.8144	0	0
-0.89135	-0.40644	7.2934	-0.54655	-0.74849	8.802	-0.4245	-0.22426	8.8192	0	0
-0.89135	-0.40644	7.2934	-0.4245	-0.22426	8.8192	-0.46324	0.48506	8.815	0	0
-0.034448	1.5586	7.0878	0.038052	1.586	8.4944	-0.16725	1.5609	8.5345	0	0
0.038052	1.586	7.4681	-0.16725	1.5609	8.5345	-0.2822	1.5457	9.3801	0	0
0.038052	1.586	7.4681	0.15865	1.3202	8.8175	-0.2822	1.5457	9.3801	0	0
-0.16725	1.5609	7.5082	-0.43757	1.192	8.8144	-0.2822	1.5457	9.3801	0	0
0.18565	0.81736	7.7615	-0.4245	-0.22426	8.8192	0.099852	0.53146	9.6678	0	0
0.18565	0.81736	7.7615	0.15865	1.3202	8.8175	0.1686	1.0787	9.5365	0	0
0.18565	0.81736	7.7615	0.1686	1.0787	9.5365	0.099852	0.53146	9.6678	0	0
-0.54655	-0.74849	7.7756	-0.4245	-0.22426	8.8192	-0.54215	-0.73694	9.5497	0	0
-0.54655	-0.74849	7.7756	-0.54215	-0.73694	9.5497	-0.85995	-1.0273	9.7054	0	0
-0.4245	-0.22426	7.7929	-0.54215	-0.73694	9.5497	-0.40325	-0.23239	9.5557	0	0
-0.4245	-0.22426	7.7929	-0.40325	-0.23239	9.5557	0.099852	0.53146	9.6678	0	0
-0.46324	0.48506	7.7886	-0.43757	1.192	8.8144	-0.50717	0.49754	9.5691	0	0
-0.46324	0.48506	7.7886	-0.40325	-0.23239	9.5557	-0.50717	0.49754	9.5691	0	0
-0.43757	1.192	7.7881	-0.2822	1.5457	9.3801	-0.4315	1.1788	9.5592	0	0
-0.43757	1.192	7.7881	-0.50717	0.49754	9.5691	-0.4315	1.1788	9.5592	0	0
0.15865	1.3202	7.7912	-0.2822	1.5457	9.3801	0.1686	1.0787	9.5365	0	0
-0.54215	-0.73694	8.5234	-0.40325	-0.23239	9.5557	-0.39457	-0.35364	10.274	0	0
-0.54215	-0.73694	8.5234	-0.85995	-1.0273	9.7054	-0.65628	-0.8273	10.225	0	0
-0.54215	-0.73694	8.5234	-0.65628	-0.8273	10.225	-0.39457	-0.35364	10.274	0	0
-0.40325	-0.23239	8.5294	-0.50717	0.49754	9.5691	-0.50472	0.53016	10.263	0	0
-0.40325	-0.23239	8.5294	-0.39457	-0.35364	10.274	-0.50472	0.53016	10.263	0	0
-0.2822	1.5457	8.3537	0.1686	1.0787	9.5365	-0.016698	1.5936	10.331	0	0
-0.2822	1.5457	8.3537	-0.4315	1.1788	9.5592	-0.25145	1.5798	10.313	0	0
-0.2822	1.5457	8.3537	-0.25145	1.5798	10.313	-0.016698	1.5936	10.331	0	0
0.1686	1.0787	8.5102	0.099852	0.53146	9.6678	0.23665	0.83626	10.139	0	0
0.1686	1.0787	8.5102	0.23665	0.83626	10.139	0.10795	1.333	10.31	0	0
0.1686	1.0787	8.5102	-0.016698	1.5936	10.331	0.10795	1.333	10.31	0	0
-0.50717	0.49754	8.5427	-0.4315	1.1788	9.5592	-0.50472	0.53016	10.263	0	0
0.099852	0.53146	8.6415	-0.39457	-0.35364	10.274	0.23665	0.83626	10.139	0	0
-0.65628	-0.8273	9.1986	-0.39457	-0.35364	10.274	-0.42485	-0.68119	11.11	0	0
-0.39457	-0.35364	9.2478	0.23665	0.83626	10.139	0.17135	0.54336	11.136	0	0
-0.39457	-0.35364	9.2478	-0.50472	0.53016	10.263	-0.35848	-0.20897	10.899	0	0
-0.39457	-0.35364	9.2478	-0.35848	-0.20897	10.899	-0.42485	-0.68119	11.11	0	0
-0.4315	1.1788	8.5329	-0.50472	0.53016	10.263	-0.4806	1.1799	10.32	0	0
-0.4315	1.1788	8.5329	-0.4806	1.1799	10.32	-0.25145	1.5798	10.313	0	0
0.23665	0.83626	9.1124	0.10795	1.333	10.31	0.21739	1.0475	10.913	0	0
0.23665	0.83626	9.1124	0.21739	1.0475	10.913	0.17135	0.54336	11.136	0	0
-0.50472	0.53016	9.2364	-0.4806	1.1799	10.32	-0.40839	0.43862	10.972	0	0
-0.50472	0.53016	9.2364	-0.35848	-0.20897	10.899	-0.40839	0.43862	10.972	0	0
-0.4806	1.1799	9.2938	-0.25145	1.5798	10.313	-0.36515	1.6128	11.053	0	0
-0.4806	1.1799	9.2938	-0.36515	1.6128	11.053	-0.52258	1.2767	11.081	0	0
-0.4806	1.1799	9.2938	-0.52258	1.2767	11.081	-0.40839	0.43862	10.972	0	0
-0.35848	-0.20897	9.8729	-0.40839	0.43862	10.972	-0.3805	-0.25454	11.548	0	0
-0.35848	-0.20897	9.8729	-0.42485	-0.68119	11.11	-0.3805	-0.25454	11.548	0	0
-0.25145	1.5798	9.2866	-0.016698	1.5936	10.331	-0.36515	1.6128	11.053	0	0
-0.016698	1.5936	9.3044	0.10795	1.333	10.31	-0.012848	1.6031	11.064	0	0
-0.016698	1.5936	9.3044	-0.012848	1.6031	11.064	-0.36515	1.6128	11.053	0	0
0.10795	1.333	9.284	0.21739	1.0475	10.913	-0.012848	1.6031	11.064	0	0
0.21739	1.0475	9.8871	-0.012848	1.6031	11.064	0.2639	1.1164	11.541	0	0
0.21739	1.0475	9.8871	0.17135	0.54336	11.136	0.2639	1.1164	11.541	0	0
-0.36515	1.6128	10.026	-0.52258	1.2767	11.081	-0.51385	1.2237	11.577	0	0
-0.52258	1.2767	10.054	-0.40839	0.43862	10.972	-0.47425	0.49099	11.542	0	0
-0.52258	1.2767	10.054	-0.47425	0.49099	11.542	-0.51385	1.2237	11.577	0	0
-0.40839	0.43862	9.946	-0.3805	-0.25454	11.548	-0.47425	0.49099	11.542	0	0
0.17135	0.54336	10.11	0.14235	0.54886	11.383	0.2639	1.1164	11.541	0	0
-0.42485	-0.68119	10.083	-0.3805	-0.25454	11.548	-0.73568	-0.83094	11.678	0	0
-0.3805	-0.25454	10.522	-0.73568	-0.83094	11.678	-0.96105	-0.55514	11.959	0	0
-0.3805	-0.25454	10.522	-0.47425	0.49099	11.542	-0.45897	0.4671	12.308	0	0
-0.3805	-0.25454	10.522	-0.96105	-0.55514	11.959	-0.37735	-0.30974	12.377	0	0
-0.3805	-0.25454	10.522	-0.37735	-0.30974	12.377	-0.45897	0.4671	12.308	0	0
-0.73568	-0.83094	10.652	-0.96105	-0.55514	11.959	-0.86515	-0.80664	12.027	0	0
-0.47425	0.49099	10.516	-0.51385	1.2237	11.577	-0.46937	1.2148	12.265	0	0
-0.47425	0.49099	10.516	-0.45897	0.4671	12.308	-0.46937	1.2148	12.265	0	0
-0.96105	-0.55514	10.932	-0.86515	-0.80664	12.027	-0.37735	-0.30974	12.377	0	0
-0.86515	-0.80664	11.001	-0.68505	-0.91876	12.451	-0.37735	-0.30974	12.377	0	0
-0.68505	-0.91876	11.424	-0.37735	-0.30974	12.377	-0.6718	-0.79579	12.916	0	0
-0.37735	-0.30974	11.351	-0.45897	0.4671	12.308	-0.45517	0.47934	13.071	0	0
-0.37735	-0.30974	11.351	-0.6718	-0.79579	12.916	-0.38811	-0.35657	12.961	0	0
-0.37735	-0.30974	11.351	-0.38811	-0.35657	12.961	-0.45517	0.47934	13.071	0	0
-0.45897	0.4671	11.282	-0.46937	1.2148	12.265	-0.3675	1.1734	13.003	0	0
-0.45897	0.4671	11.282	-0.45517	0.47934	13.071	-0.3675	1.1734	13.003	0	0
-0.6718	-0.79579	11.89	-0.38811	-0.35657	12.961	-0.42152	-0.31249	13.655	0	0
-0.6718	-0.79579	11.89	-0.42152	-0.31249	13.655	-0.48425	-0.71459	13.816	0	0
-0.38811	-0.35657	11.934	-0.45517	0.47934	13.071	-0.42152	-0.31249	13.655	0	0
-0.46937	1.2148	11.239	0.3201	1.1734	12.319	0.44915	1.7967	12.608	0	0
-0.46937	1.2148	11.239	-0.3675	1.1734	13.003	0.27305	1.7982	12.942	0	0
-0.46937	1.2148	11.239	0.44915	1.7967	12.608	0.27305	1.7982	12.942	0	0
-0.45517	0.47934	12.045	-0.3675	1.1734	13.003	-0.41085	1.0843	13.778	0	0
-0.45517	0.47934	12.045	-0.42152	-0.31249	13.655	-0.4279	0.48226	13.809	0	0
-0.45517	0.47934	12.045	-0.4279	0.48226	13.809	-0.41085	1.0843	13.778	0	0
-0.3675	1.1734	11.976	0.27305	1.7982	12.942	0.2212	1.1343	13.055	0	0
-0.42152	-0.31249	12.628	-0.48425	-0.71459	13.816	-0.34132	-0.30249	14.365	0	0
-0.42152	-0.31249	12.628	-0.4279	0.48226	13.809	-0.34132	-0.30249	14.365	0	0
-0.48425	-0.71459	12.79	-0.34132	-0.30249	14.365	-0.3805	-0.66844	14.533	0	0
-0.4279	0.48226	12.782	-0.34132	-0.30249	14.365	-0.45917	0.47431	14.571	0	0
-0.4279	0.48226	12.782	-0.41085	1.0843	13.778	-0.43095	1.0746	14.544	0	0
-0.4279	0.48226	12.782	-0.45917	0.47431	14.571	-0.43095	1.0746	14.544	0	0
-0.34132	-0.30249	13.339	-0.3805	-0.66844	14.533	-0.88565	-0.52164	15.158	0	0
-0.34132	-0.30249	13.339	-0.45917	0.47431	14.571	-0.88565	-0.52164	15.158	0	0
-0.3805	-0.66844	13.506	-0.45015	-0.71134	15.077	-0.88565	-0.52164	15.158	0	0
-0.45917	0.47431	13.544	-0.88565	-0.52164	15.158	-0.42075	0.48256	15.058	0	0
-0.45917	0.47431	13.544	-0.43095	1.0746	14.544	-0.42075	0.48256	15.058	0	0
-0.45015	-0.71134	14.05	-0.88565	-0.52164	15.158	-0.96415	-0.59844	15.237	0	0
-0.45015	-0.71134	14.05	-0.96415	-0.59844	15.237	-0.41911	-0.86022	15.823	0	0
-0.88565	-0.52164	14.132	-0.96415	-0.59844	15.237	-0.9813	-0.23194	15.939	0	0
-0.88565	-0.52164	14.132	-0.42075	0.48256	15.058	-0.9813	-0.23194	15.939	0	0
-0.36742	-0.36009	14.155	-0.42075	0.48256	15.058	0.16885	0.67156	15.048	0	0
-0.96415	-0.59844	14.211	-0.41911	-0.86022	15.823	-0.88385	-0.74594	16.35	0	0
-0.96415	-0.59844	14.211	-0.88385	-0.74594	16.35	-0.9813	-0.23194	15.939	0	0
-0.43095	1.0746	13.518	-0.42075	0.48256	15.058	-0.24235	1.0866	15.056	0	0
-0.42075	0.48256	14.032	0.16885	0.67156	15.048	-0.24235	1.0866	15.056	0	0
-0.42075	0.48256	14.032	-0.2845	1.1115	15.833	-0.41087	0.47619	15.805	0	0
-0.42075	0.48256	14.032	-0.41087	0.47619	15.805	-0.9813	-0.23194	15.939	0	0
0.16885	0.67156	14.021	-0.24235	1.0866	15.056	0.038752	1.0985	14.99	0	0
-0.2845	1.1115	14.806	0.086652	1.0978	15.893	-0.40285	1.0613	16.442	0	0
-0.2845	1.1115	14.806	-0.41087	0.47619	15.805	-0.40285	1.0613	16.442	0	0
0.15923	0.66041	14.794	0.086652	1.0978	15.893	0.19095	0.60506	16.561	0	0
0.086652	1.0978	14.867	-0.40285	1.0613	16.442	0.098052	1.2044	16.563	0	0
0.086652	1.0978	14.867	0.098052	1.2044	16.563	0.19095	0.60506	16.561	0	0
-0.41087	0.47619	14.779	-0.33885	0.3976	16.548	-0.40285	1.0613	16.442	0	0
-0.41087	0.47619	14.779	-0.33885	0.3976	16.548	-0.9813	-0.23194	15.939	0	0
-0.41911	-0.86022	14.797	-0.88385	-0.74594	16.35	-0.40575	-0.89959	16.375	0	0
0.0025521	-0.12704	15.073	-0.3584	-0.28179	16.533	-0.13335	-0.68374	16.621	0	0
0.0025521	-0.12704	15.073	-0.3584	-0.28179	16.533	-0.33885	0.3976	16.548	0	0
0.0025521	-0.12704	15.073	-0.13335	-0.68374	16.621	0.14772	-0.31664	17.336	0	0
0.0025521	-0.12704	15.073	-0.33885	0.3976	16.548	0.19095	0.60506	16.561	0	0
0.0025521	-0.12704	15.073	0.19095	0.60506	16.561	0.14772	-0.31664	17.336	0	0
-0.88385	-0.74594	15.324	-0.40575	-0.89959	16.375	-0.62545	-0.83467	17.168	0	0
-0.88385	-0.74594	15.324	-0.3584	-0.28179	16.533	-0.97425	-0.35344	16.392	0	0
-0.88385	-0.74594	15.324	-0.62545	-0.83467	17.168	-0.8889	-0.31899	17.315	0	0
-0.88385	-0.74594	15.324	-0.9813	-0.23194	15.939	-0.97425	-0.35344	16.392	0	0
-0.40575	-0.89959	15.348	-0.13335	-0.68374	16.621	-0.62545	-0.83467	17.168	0	0
-0.3584	-0.28179	15.506	-0.13335	-0.68374	16.621	-0.62545	-0.83467	17.168	0	0
-0.3584	-0.28179	15.506	-0.33885	0.3976	16.548	-0.97425	-0.35344	16.392	0	0
-0.3584	-0.28179	15.506	-0.62545	-0.83467	17.168	-0.42971	-0.24287	17.25	0	0
-0.13335	-0.68374	15.594	0.14772	-0.31664	17.336	0.13693	-0.69866	17.265	0	0
-0.33885	0.3976	15.521	-0.40285	1.0613	16.442	-0.38725	0.43935	17.265	0	0
-0.33885	0.3976	15.521	-0.42971	-0.24287	17.25	-0.38725	0.43935	17.265	0	0
-0.33885	0.3976	15.521	-0.9813	-0.23194	15.939	-0.97425	-0.35344	16.392	0	0
-0.40285	1.0613	15.416	0.098052	1.2044	16.563	-0.15665	1.2386	17.304	0	0
-0.40285	1.0613	15.416	-0.38725	0.43935	17.265	-0.15665	1.2386	17.304	0	0
0.098052	1.2044	15.537	0.19095	0.60506	16.561	0.2491	0.60551	17.313	0	0
0.098052	1.2044	15.537	0.2491	0.60551	17.313	0.062652	1.2484	17.309	0	0
0.098052	1.2044	15.537	-0.15665	1.2386	17.304	0.062652	1.2484	17.309	0	0
-0.62545	-0.83467	16.142	-0.8889	-0.31899	17.315	-0.29075	-0.65094	18.07	0	0
-0.62545	-0.83467	16.142	-0.29075	-0.65094	18.07	0.13693	-0.69866	17.265	0	0
-0.42971	-0.24287	16.224	-0.38725	0.43935	17.265	-0.62165	0.4732	17.91	0	0
-0.42971	-0.24287	16.224	-0.55715	-0.25834	18.062	-0.62165	0.4732	17.91	0	0
-0.42971	-0.24287	16.224	-0.55715	-0.25834	18.062	-0.29075	-0.65094	18.07	0	0
-0.38725	0.43935	16.239	0.2491	0.60551	17.313	-0.15665	1.2386	17.304	0	0
-0.38725	0.43935	16.239	-0.62165	0.4732	17.91	-0.38205	1.0578	18.07	0	0
0.19095	0.60506	15.535	0.2491	0.60551	17.313	0.14772	-0.31664	17.336	0	0
-0.8889	-0.31899	16.288	-0.9936	0.070962	17.954	-0.34635	-0.56554	18.285	0	0
-0.8889	-0.31899	16.288	-0.29075	-0.65094	18.07	-0.34635	-0.56554	18.285	0	0
0.2491	0.60551	16.286	0.062652	1.2484	17.309	0.10355	1.2579	18.077	0	0
0.2491	0.60551	16.286	0.10355	1.2579	18.077	0.21259	0.4143	18.048	0	0
0.2491	0.60551	16.286	0.21259	0.4143	18.048	0.14772	-0.31664	17.336	0	0
-0.15665	1.2386	16.278	0.062652	1.2484	17.309	-0.073448	1.5697	17.597	0	0
0.062652	1.2484	16.282	-0.073448	1.5697	17.597	0.10355	1.2579	18.077	0	0
-0.9936	0.070962	16.928	-0.55715	-0.25834	18.062	-0.62165	0.4732	17.91	0	0
-0.9936	0.070962	16.928	-0.62165	0.4732	17.91	-0.57545	0.52846	18.614	0	0
-0.073448	1.5697	16.57	0.10355	1.2579	18.077	-0.23995	1.5602	18.699	0	0
-0.62165	0.4732	16.884	-0.38205	1.0578	18.07	-0.57545	0.52846	18.614	0	0
-0.38205	1.0578	17.044	-0.57545	0.52846	18.614	-0.45155	1.1916	18.521	0	0
0.10355	1.2579	17.05	0.21259	0.4143	18.048	0.16085	1.0296	18.564	0	0
0.10355	1.2579	17.05	-0.23995	1.5602	18.699	0.16085	1.0296	18.564	0	0
0.022952	-0.076438	17.013	0.21259	0.4143	18.048	0.14772	-0.31664	17.336	0	0
0.022952	-0.076438	17.013	0.21259	0.4143	18.048	0.083602	0.26871	18.527	0	0
0.022952	-0.076438	17.013	-0.29075	-0.65094	18.07	-0.34635	-0.56554	18.285	0	0
0.022952	-0.076438	17.013	-0.29075	-0.65094	18.07	0.14772	-0.31664	17.336	0	0
0.022952	-0.076438	17.013	-0.34635	-0.56554	18.285	-0.33482	-0.38494	18.527	0	0
0.022952	-0.076438	17.013	-0.33482	-0.38494	18.527	0.083602	0.26871	18.527	0	0
0.21259	0.4143	17.022	0.083602	0.26871	18.527	0.16085	1.0296	18.564	0	0
-0.29075	-0.65094	17.044	0.14772	-0.31664	17.336	0.13693	-0.69866	17.265	0	0
-0.34635	-0.56554	17.259	-0.33482	-0.38494	18.527	-0.30967	-0.65984	19.43	0	0
-0.33482	-0.38494	17.501	0.083602	0.26871	18.527	-0.3333	-0.25534	19.303	0	0
-0.33482	-0.38494	17.501	-0.3333	-0.25534	19.303	-0.30967	-0.65984	19.43	0	0
0.083602	0.26871	17.501	0.16085	1.0296	18.564	0.012912	0.41294	19.344	0	0
0.083602	0.26871	17.501	-0.3333	-0.25534	19.303	0.012912	0.41294	19.344	0	0
-0.57545	0.52846	17.588	-0.45155	1.1916	18.521	-0.46765	1.1308	19.26	0	0
-0.57545	0.52846	17.588	-0.3333	-0.25534	19.303	-0.70147	0.45576	19.303	0	0
-0.57545	0.52846	17.588	-0.70147	0.45576	19.303	-0.46765	1.1308	19.26	0	0
-0.45155	1.1916	17.494	-0.23995	1.5602	18.699	-0.46765	1.1308	19.26	0	0
-0.23995	1.5602	17.673	0.16085	1.0296	18.564	0.26243	1.0638	19.343	0	0
-0.23995	1.5602	17.673	-0.46765	1.1308	19.26	-0.2114	1.6082	19.361	0	0
-0.23995	1.5602	17.673	0.26243	1.0638	19.343	-0.015798	1.6102	19.449	0	0
-0.23995	1.5602	17.673	-0.2114	1.6082	19.361	-0.015798	1.6102	19.449	0	0
0.16085	1.0296	17.538	0.012912	0.41294	19.344	0.26243	1.0638	19.343	0	0
-0.3333	-0.25534	18.277	-0.30967	-0.65984	19.43	-0.35305	-0.28614	20.053	0	0
-0.3333	-0.25534	18.277	-0.70147	0.45576	19.303	-0.70195	0.43951	20.061	0	0
-0.3333	-0.25534	18.277	0.012912	0.41294	19.344	-0.35305	-0.28614	20.053	0	0
-0.3333	-0.25534	18.277	-0.70195	0.43951	20.061	-0.10255	0.48991	20.051	0	0
-0.30967	-0.65984	18.403	-0.35305	-0.28614	20.053	-0.2813	-0.69894	20.021	0	0
-0.70147	0.45576	18.277	-0.46765	1.1308	19.26	-0.501	1.2706	20.018	0	0
-0.70147	0.45576	18.277	-0.70195	0.43951	20.061	-0.501	1.2706	20.018	0	0
-0.46765	1.1308	18.234	-0.2114	1.6082	19.361	-0.501	1.2706	20.018	0	0
0.012912	0.41294	18.317	0.26243	1.0638	19.343	0.28835	1.1383	19.911	0	0
0.012912	0.41294	18.317	-0.35305	-0.28614	20.053	-0.10255	0.48991	20.051	0	0
0.012912	0.41294	18.317	-0.10255	0.48991	20.051	0.28835	1.1383	19.911	0	0
0.26243	1.0638	18.316	-0.015798	1.6102	19.449	0.28835	1.1383	19.911	0	0
-0.2114	1.6082	18.335	-0.015798	1.6102	19.449	-0.26135	1.6477	20.091	0	0
-0.2114	1.6082	18.335	-0.501	1.2706	20.018	-0.26135	1.6477	20.091	0	0
-0.015798	1.6102	18.423	0.045752	1.7212	20.087	-0.26135	1.6477	20.091	0	0
-0.015798	1.6102	18.423	0.045752	1.7212	20.087	0.28835	1.1383	19.911	0	0
-0.70195	0.43951	19.035	-0.501	1.2706	20.018	-0.44551	1.2559	20.727	0	0
-0.70195	0.43951	19.035	-0.48658	0.37955	20.803	-0.44551	1.2559	20.727	0	0
-0.70195	0.43951	19.035	-0.48658	0.37955	20.803	-1.3729	0.25606	21.372	0	0
-0.35305	-0.28614	19.026	-0.2813	-0.69894	20.021	-0.30075	-0.65276	20.777	0	0
-0.35305	-0.28614	19.026	-0.10255	0.48991	20.051	-0.38382	-0.26259	20.793	0	0
-0.35305	-0.28614	19.026	-0.30075	-0.65276	20.777	-0.38382	-0.26259	20.793	0	0
-0.10255	0.48991	19.024	0.28835	1.1383	19.911	0.051352	0.73821	20.576	0	0
-0.10255	0.48991	19.024	-0.38382	-0.26259	20.793	0.051352	0.73821	20.576	0	0
-0.501	1.2706	18.992	-0.26135	1.6477	20.091	-0.44551	1.2559	20.727	0	0
0.045752	1.7212	19.061	-0.26135	1.6477	20.091	-0.44551	1.2559	20.727	0	0
0.045752	1.7212	19.061	0.28835	1.1383	19.911	0.58715	1.316	20.14	0	0
0.045752	1.7212	19.061	-0.44551	1.2559	20.727	0.34502	1.172	20.878	0	0
0.045752	1.7212	19.061	0.58715	1.316	20.14	0.34502	1.172	20.878	0	0
0.28835	1.1383	18.885	0.58715	1.316	20.14	0.051352	0.73821	20.576	0	0
-0.30075	-0.65276	19.751	-0.38382	-0.26259	20.793	-0.423	-0.26574	21.556	0	0
-0.30075	-0.65276	19.751	-0.3939	-0.77024	21.538	-0.423	-0.26574	21.556	0	0
-0.38382	-0.26259	19.767	0.051352	0.73821	20.576	0.2381	0.44926	21.314	0	0
-0.38382	-0.26259	19.767	-0.423	-0.26574	21.556	0.2381	0.44926	21.314	0	0
-0.48658	0.37955	19.777	-0.44551	1.2559	20.727	-0.54335	1.2539	21.341	0	0
-0.48658	0.37955	19.777	-0.39635	0.5562	21.475	0.2381	0.44926	21.314	0	0
-0.48658	0.37955	19.777	-0.39635	0.5562	21.475	-1.3729	0.25606	21.372	0	0
-0.44551	1.2559	19.701	0.34502	1.172	20.878	-0.54335	1.2539	21.341	0	0
0.58715	1.316	19.114	0.051352	0.73821	20.576	0.656	1.2231	20.593	0	0
0.051352	0.73821	19.55	0.34502	1.172	20.878	0.656	1.2231	20.593	0	0
0.051352	0.73821	19.55	0.34502	1.172	20.878	0.2381	0.44926	21.314	0	0
-0.3939	-0.77024	20.511	-0.423	-0.26574	21.556	-0.59085	-0.65714	22.028	0	0
0.34502	1.172	19.851	-0.54335	1.2539	21.341	0.95315	1.598	21.969	0	0
0.34502	1.172	19.851	0.656	1.2231	20.593	0.85285	1.191	21.302	0	0
0.34502	1.172	19.851	0.3645	0.98856	21.495	0.85285	1.191	21.302	0	0
0.34502	1.172	19.851	0.3645	0.98856	21.495	0.2381	0.44926	21.314	0	0
-0.54335	1.2539	20.315	-0.25505	1.1246	22.068	0.95315	1.598	21.969	0	0
0.3645	0.98856	20.468	0.19025	1.0859	22.049	0.21475	0.67251	22.012	0	0
0.3645	0.98856	20.468	0.19025	1.0859	22.049	0.95315	1.598	21.969	0	0
0.3645	0.98856	20.468	0.85285	1.191	21.302	0.95315	1.598	21.969	0	0
0.3645	0.98856	20.468	0.21475	0.67251	22.012	0.2381	0.44926	21.314	0	0
-0.39635	0.5562	20.449	-0.423	-0.26574	21.556	-0.415	0.47006	22.041	0	0
-0.39635	0.5562	20.449	-0.423	-0.26574	21.556	-1.105	-0.074787	21.691	0	0
-0.39635	0.5562	20.449	-0.415	0.47006	22.041	0.2381	0.44926	21.314	0	0
-0.39635	0.5562	20.449	-1.105	-0.074787	21.691	-1.3729	0.25606	21.372	0	0
-0.423	-0.26574	20.53	-0.415	0.47006	22.041	-0.35988	-0.3019	22.122	0	0
-0.423	-0.26574	20.53	-0.59085	-0.65714	22.028	-1.105	-0.074787	21.691	0	0
-0.423	-0.26574	20.53	-0.35988	-0.3019	22.122	0.3372	-0.36624	22.18	0	0
-0.423	-0.26574	20.53	0.2381	0.44926	21.314	0.3372	-0.36624	22.18	0	0
-0.415	0.47006	21.015	-0.35988	-0.3019	22.122	-0.47126	0.4628	22.806	0	0
-0.415	0.47006	21.015	-0.25505	1.1246	22.068	0.21475	0.67251	22.012	0	0
-0.415	0.47006	21.015	-0.25505	1.1246	22.068	-0.26585	1.0335	22.716	0	0
-0.415	0.47006	21.015	0.21475	0.67251	22.012	0.2381	0.44926	21.314	0	0
-0.415	0.47006	21.015	-0.47126	0.4628	22.806	-0.26585	1.0335	22.716	0	0
-0.59085	-0.65714	21.002	-0.35988	-0.3019	22.122	-0.6199	-0.31859	22.825	0	0
-0.59085	-0.65714	21.002	-1.105	-0.074787	21.691	-1.1567	-0.12344	22.002	0	0
-0.59085	-0.65714	21.002	-1.1567	-0.12344	22.002	-1.1862	-0.4681	22.686	0	0
-0.59085	-0.65714	21.002	-0.6199	-0.31859	22.825	-1.1862	-0.4681	22.686	0	0
-0.35988	-0.3019	21.095	-0.56622	-0.76911	22.772	0.154	-0.21294	22.793	0	0
-0.35988	-0.3019	21.095	-0.47126	0.4628	22.806	-0.6199	-0.31859	22.825	0	0
-0.35988	-0.3019	21.095	0.154	-0.21294	22.793	0.3372	-0.36624	22.18	0	0
-0.25505	1.1246	21.041	0.19025	1.0859	22.049	0.21475	0.67251	22.012	0	0
-0.25505	1.1246	21.041	0.19025	1.0859	22.049	0.011352	1.0912	22.825	0	0
-0.25505	1.1246	21.041	-0.26585	1.0335	22.716	0.011352	1.0912	22.825	0	0
0.19025	1.0859	21.022	0.95315	1.598	21.969	0.011352	1.0912	22.825	0	0
0.85285	1.191	20.275	0.2381	0.44926	21.314	0.65595	-0.22354	22.245	0	0
-0.56622	-0.76911	21.746	-0.61585	-0.67474	23.591	-0.6199	-0.31859	22.825	0	0
-0.56622	-0.76911	21.746	-0.61585	-0.67474	23.591	-1.0935	-0.92016	22.872	0	0
-0.56622	-0.76911	21.746	-0.6199	-0.31859	22.825	-1.1862	-0.4681	22.686	0	0
-0.56622	-0.76911	21.746	-1.1862	-0.4681	22.686	-1.0935	-0.92016	22.872	0	0
-0.56622	-0.76911	21.746	0.154	-0.21294	22.793	0.3931	-0.63109	22.812	0	0
-0.47126	0.4628	21.78	-0.26585	1.0335	22.716	-0.45125	0.44716	23.551	0	0
-0.47126	0.4628	21.78	-0.6199	-0.31859	22.825	-0.45125	0.44716	23.551	0	0
-0.26585	1.0335	21.69	0.011352	1.0912	22.825	-0.19085	1.1827	23.58	0	0
-0.26585	1.0335	21.69	-0.45125	0.44716	23.551	-0.19085	1.1827	23.58	0	0
-0.61585	-0.67474	22.565	0.059185	-0.32804	23.606	-0.69795	-0.32734	23.565	0	0
-0.61585	-0.67474	22.565	0.059185	-0.32804	23.606	0.34065	-0.69554	23.591	0	0
-0.61585	-0.67474	22.565	-0.6199	-0.31859	22.825	-0.69795	-0.32734	23.565	0	0
-0.61585	-0.67474	22.565	-1.0935	-0.92016	22.872	-1.2522	-1.1001	23.588	0	0
-0.61585	-0.67474	22.565	-1.2522	-1.1001	23.588	-0.88495	-0.79124	24.23	0	0
-0.61585	-0.67474	22.565	-0.65755	-0.88027	24.238	-0.88495	-0.79124	24.23	0	0
-0.61585	-0.67474	22.565	-0.65755	-0.88027	24.238	0.20085	-0.77226	24.295	0	0
-0.61585	-0.67474	22.565	0.20085	-0.77226	24.295	0.34065	-0.69554	23.591	0	0
0.059185	-0.32804	22.58	0.2188	0.55101	23.55	-0.45125	0.44716	23.551	0	0
0.059185	-0.32804	22.58	0.2188	0.55101	23.55	0.25115	-0.20677	24.211	0	0
0.059185	-0.32804	22.58	-0.45125	0.44716	23.551	-0.56201	-0.20524	24.273	0	0
0.059185	-0.32804	22.58	-0.56201	-0.20524	24.273	0.20085	-0.77226	24.295	0	0
0.059185	-0.32804	22.58	0.20085	-0.77226	24.295	0.25115	-0.20677	24.211	0	0
0.059185	-0.32804	22.58	0.34065	-0.69554	23.591	0.3931	-0.63109	22.812	0	0
0.011352	1.0912	21.799	0.036752	1.1831	23.557	-0.19085	1.1827	23.58	0	0
0.2381	0.44926	20.288	0.3372	-0.36624	22.18	0.65595	-0.22354	22.245	0	0
-1.105	-0.074787	20.664	-1.1567	-0.12344	22.002	-1.5789	-0.13094	22.108	0	0
-1.105	-0.074787	20.664	-1.3729	0.25606	21.372	-1.5789	-0.13094	22.108	0	0
-1.1567	-0.12344	20.976	-1.1862	-0.4681	22.686	-1.5789	-0.13094	22.108	0	0
0.2188	0.55101	22.524	0.036752	1.1831	23.557	0.35425	0.57406	24.307	0	0
0.2188	0.55101	22.524	0.35425	0.57406	24.307	0.25115	-0.20677	24.211	0	0
0.2188	0.55101	22.524	0.84775	-0.62624	23.106	0.88052	-0.3274	22.704	0	0
-0.6199	-0.31859	21.799	-0.69795	-0.32734	23.565	-0.45125	0.44716	23.551	0	0
-1.1862	-0.4681	21.66	-1.0935	-0.92016	22.872	-1.7044	-0.7402	22.887	0	0
-1.1862	-0.4681	21.66	-1.5789	-0.13094	22.108	-1.7044	-0.7402	22.887	0	0
-1.0935	-0.92016	21.846	-1.2522	-1.1001	23.588	-1.7044	-0.7402	22.887	0	0
-0.69795	-0.32734	22.539	-0.45125	0.44716	23.551	-0.9193	-0.076787	24.143	0	0
-0.69795	-0.32734	22.539	-0.88495	-0.79124	24.23	-0.9193	-0.076787	24.143	0	0
-0.45125	0.44716	22.525	-0.19085	1.1827	23.58	-0.48988	0.57153	24.206	0	0
-0.45125	0.44716	22.525	-0.48988	0.57153	24.206	-0.9193	-0.076787	24.143	0	0
0.036752	1.1831	22.53	-0.19085	1.1827	23.58	-0.070648	1.5571	24.502	0	0
0.036752	1.1831	22.53	0.35425	0.57406	24.307	0.092302	1.2865	24.319	0	0
0.036752	1.1831	22.53	0.092302	1.2865	24.319	-0.070648	1.5571	24.502	0	0
-1.2522	-1.1001	22.562	-0.88495	-0.79124	24.23	-1.895	-1.1264	23.905	0	0
-1.2522	-1.1001	22.562	-1.7044	-0.7402	22.887	-1.8615	-0.94627	23.51	0	0
-1.2522	-1.1001	22.562	-1.8615	-0.94627	23.51	-1.895	-1.1264	23.905	0	0
-0.65755	-0.88027	23.212	-0.88495	-0.79124	24.23	-0.56235	-0.98259	24.845	0	0
-0.65755	-0.88027	23.212	-0.56235	-0.98259	24.845	0.20085	-0.77226	24.295	0	0
-0.88495	-0.79124	23.204	-0.56235	-0.98259	24.845	-0.90285	-0.61954	24.875	0	0
-0.88495	-0.79124	23.204	-0.90285	-0.61954	24.875	-1.895	-1.1264	23.905	0	0
-0.88495	-0.79124	23.204	-0.9193	-0.076787	24.143	-0.9921	-0.30204	24.834	0	0
-0.19085	1.1827	22.553	-0.48988	0.57153	24.206	-0.22925	1.1973	24.317	0	0
-0.19085	1.1827	22.553	-0.22925	1.1973	24.317	-0.070648	1.5571	24.502	0	0
0.35425	0.57406	23.28	0.092302	1.2865	24.319	0.19245	1.2739	25.036	0	0
0.35425	0.57406	23.28	0.19245	1.2739	25.036	0.66172	0.44816	24.975	0	0
0.35425	0.57406	23.28	0.25115	-0.20677	24.211	0.6572	-0.24529	24.815	0	0
0.35425	0.57406	23.28	0.66172	0.44816	24.975	0.6572	-0.24529	24.815	0	0
-0.56201	-0.20524	23.247	-0.48988	0.57153	24.206	0.17749	-0.20924	24.888	0	0
-0.56201	-0.20524	23.247	-0.60445	-0.36564	25.114	-0.89945	0.26706	24.422	0	0
-0.56201	-0.20524	23.247	0.20085	-0.77226	24.295	0.17749	-0.20924	24.888	0	0
-0.48988	0.57153	23.179	-0.22925	1.1973	24.317	-0.44528	1.1017	24.921	0	0
-0.48988	0.57153	23.179	-0.4588	0.81476	25.072	-0.44528	1.1017	24.921	0	0
-0.48988	0.57153	23.179	-0.4588	0.81476	25.072	-0.89945	0.26706	24.422	0	0
-0.48988	0.57153	23.179	-0.9193	-0.076787	24.143	-0.89945	0.26706	24.422	0	0
-0.48988	0.57153	23.179	0.23865	0.44446	25.084	0.17749	-0.20924	24.888	0	0
-0.56235	-0.98259	23.818	-0.90285	-0.61954	24.875	-0.60445	-0.36564	25.114	0	0
-0.56235	-0.98259	23.818	-0.60445	-0.36564	25.114	0.10852	-0.74714	24.903	0	0
-0.56235	-0.98259	23.818	0.20085	-0.77226	24.295	0.10852	-0.74714	24.903	0	0
-0.90285	-0.61954	23.848	-0.60445	-0.36564	25.114	-0.9921	-0.30204	24.834	0	0
0.092302	1.2865	23.292	-0.070648	1.5571	24.502	0.19245	1.2739	25.036	0	0
-0.22925	1.1973	23.291	-0.070648	1.5571	24.502	-0.44528	1.1017	24.921	0	0
-0.070648	1.5571	23.476	0.19245	1.2739	25.036	-0.018081	1.6022	25.037	0	0
-0.070648	1.5571	23.476	-0.018081	1.6022	25.037	-0.44528	1.1017	24.921	0	0
-0.60445	-0.36564	24.087	-0.42345	-0.73714	25.519	-0.62845	-0.29764	25.565	0	0
-0.60445	-0.36564	24.087	-0.62845	-0.29764	25.565	-0.89475	-0.064838	25.368	0	0
-0.60445	-0.36564	24.087	0.10852	-0.74714	24.903	0.17749	-0.20924	24.888	0	0
-0.60445	-0.36564	24.087	-0.4588	0.81476	25.072	-0.89945	0.26706	24.422	0	0
-0.60445	-0.36564	24.087	-0.9921	-0.30204	24.834	-0.89475	-0.064838	25.368	0	0
-0.60445	-0.36564	24.087	0.10345	0.32781	25.549	0.17749	-0.20924	24.888	0	0
-0.42345	-0.73714	24.492	-0.62845	-0.29764	25.565	-0.1227	-0.41594	26.058	0	0
-0.42345	-0.73714	24.492	0.10852	-0.74714	24.903	0.15392	-0.8914	25.526	0	0
-0.42345	-0.73714	24.492	-0.1227	-0.41594	26.058	0.15392	-0.8914	25.526	0	0
-0.62845	-0.29764	24.539	-0.89475	-0.064838	25.368	-0.53875	-0.15177	26.196	0	0
-0.62845	-0.29764	24.539	-0.4519	0.44011	25.569	-0.1227	-0.41594	26.058	0	0
-0.62845	-0.29764	24.539	-0.53875	-0.15177	26.196	-0.39071	-0.69007	26.436	0	0
0.20085	-0.77226	23.269	0.10852	-0.74714	24.903	0.6572	-0.24529	24.815	0	0
0.20085	-0.77226	23.269	0.25115	-0.20677	24.211	0.6572	-0.24529	24.815	0	0
0.20085	-0.77226	23.269	0.34065	-0.69554	23.591	0.77965	-0.91354	23.662	0	0
0.10852	-0.74714	23.876	0.17749	-0.20924	24.888	0.6572	-0.24529	24.815	0	0
-0.4588	0.81476	24.045	0.23865	0.44446	25.084	0.19245	1.2739	25.036	0	0
-0.4588	0.81476	24.045	0.23865	0.44446	25.084	-0.4519	0.44011	25.569	0	0
-0.4588	0.81476	24.045	0.19245	1.2739	25.036	-0.44528	1.1017	24.921	0	0
-0.4588	0.81476	24.045	-0.4519	0.44011	25.569	-0.5612	1.2395	25.561	0	0
-0.9193	-0.076787	23.116	-0.9921	-0.30204	24.834	-0.89945	0.26706	24.422	0	0
0.23865	0.44446	24.058	0.19245	1.2739	25.036	0.3303	1.0826	25.548	0	0
0.23865	0.44446	24.058	0.10345	0.32781	25.549	-0.4519	0.44011	25.569	0	0
0.23865	0.44446	24.058	0.10345	0.32781	25.549	0.81262	0.58566	25.648	0	0
0.23865	0.44446	24.058	0.17749	-0.20924	24.888	0.66172	0.44816	24.975	0	0
0.23865	0.44446	24.058	0.66172	0.44816	24.975	0.81262	0.58566	25.648	0	0
0.19245	1.2739	24.009	-0.018081	1.6022	25.037	0.075752	1.721	25.588	0	0
0.19245	1.2739	24.009	0.075752	1.721	25.588	0.3303	1.0826	25.548	0	0
0.19245	1.2739	24.009	0.66172	0.44816	24.975	0.81262	0.58566	25.648	0	0
-0.9921	-0.30204	23.807	-0.89475	-0.064838	25.368	-1.0342	0.36408	24.889	0	0
-0.9921	-0.30204	23.807	-0.89945	0.26706	24.422	-1.0342	0.36408	24.889	0	0
-0.89475	-0.064838	24.341	-0.53875	-0.15177	26.196	-1.1659	0.45924	25.541	0	0
-0.89475	-0.064838	24.341	-1.0342	0.36408	24.889	-1.1659	0.45924	25.541	0	0
-0.018081	1.6022	24.011	0.075752	1.721	25.588	-0.20965	1.5844	25.621	0	0
-0.018081	1.6022	24.011	-0.20965	1.5844	25.621	-0.5612	1.2395	25.561	0	0
-0.018081	1.6022	24.011	-0.44528	1.1017	24.921	-0.5612	1.2395	25.561	0	0
0.075752	1.721	24.562	-0.20965	1.5844	25.621	-0.44435	1.6571	26.418	0	0
0.075752	1.721	24.562	0.3303	1.0826	25.548	0.1939	1.1617	26.29	0	0
0.075752	1.721	24.562	-0.44435	1.6571	26.418	0.37085	2.2796	26.511	0	0
-0.20965	1.5844	24.595	-0.5612	1.2395	25.561	-0.44435	1.6571	26.418	0	0
0.10345	0.32781	24.523	-0.4519	0.44011	25.569	0.11317	0.45303	26.287	0	0
0.10345	0.32781	24.523	0.17749	-0.20924	24.888	0.26805	-0.25924	25.715	0	0
0.10345	0.32781	24.523	0.26805	-0.25924	25.715	0.11317	0.45303	26.287	0	0
-0.4519	0.44011	24.542	-0.53875	-0.15177	26.196	-1.1918	0.54756	26.238	0	0
-0.4519	0.44011	24.542	-0.5612	1.2395	25.561	-0.5522	1.2715	26.074	0	0
-0.4519	0.44011	24.542	-0.5522	1.2715	26.074	0.11317	0.45303	26.287	0	0
-0.53875	-0.15177	25.169	-0.39071	-0.69007	26.436	-0.1227	-0.41594	26.058	0	0
-0.53875	-0.15177	25.169	-0.1227	-0.41594	26.058	0.11317	0.45303	26.287	0	0
-0.53875	-0.15177	25.169	0.11317	0.45303	26.287	-1.171	0.66716	27.045	0	0
-0.53875	-0.15177	25.169	-1.1918	0.54756	26.238	-1.171	0.66716	27.045	0	0
-0.44528	1.1017	23.895	-0.5612	1.2395	25.561	-1.0336	0.96496	25.703	0	0
-0.44528	1.1017	23.895	-0.89945	0.26706	24.422	-1.0342	0.36408	24.889	0	0
-0.44528	1.1017	23.895	-1.0342	0.36408	24.889	-1.0336	0.96496	25.703	0	0
-0.5612	1.2395	24.535	-0.5522	1.2715	26.074	-1.0336	0.96496	25.703	0	0
0.3303	1.0826	24.521	0.1939	1.1617	26.29	0.81262	0.58566	25.648	0	0
-0.5522	1.2715	25.047	-0.44435	1.6571	26.418	0.1939	1.1617	26.29	0	0
-0.5522	1.2715	25.047	-0.44435	1.6571	26.418	-1.0762	1.135	26.383	0	0
-0.5522	1.2715	25.047	0.11317	0.45303	26.287	0.1939	1.1617	26.29	0	0
-0.5522	1.2715	25.047	-1.0336	0.96496	25.703	-1.0762	1.135	26.383	0	0
-0.44435	1.6571	25.392	0.1939	1.1617	26.29	0.2694	1.8699	26.383	0	0
-0.44435	1.6571	25.392	0.2694	1.8699	26.383	-0.44275	1.8337	27.102	0	0
-0.44435	1.6571	25.392	-0.44275	1.8337	27.102	-1.1561	1.2942	27.092	0	0
-0.44435	1.6571	25.392	-1.1561	1.2942	27.092	-1.0762	1.135	26.383	0	0
-0.1227	-0.41594	25.032	0.15392	-0.8914	25.526	0.26805	-0.25924	25.715	0	0
-0.1227	-0.41594	25.032	0.26805	-0.25924	25.715	0.11317	0.45303	26.287	0	0
0.34065	-0.69554	22.564	0.77965	-0.91354	23.662	0.84775	-0.62624	23.106	0	0
0.34065	-0.69554	22.564	0.3931	-0.63109	22.812	0.84775	-0.62624	23.106	0	0
0.17749	-0.20924	23.862	0.15392	-0.8914	25.526	0.26805	-0.25924	25.715	0	0
0.17749	-0.20924	23.862	0.66172	0.44816	24.975	0.6572	-0.24529	24.815	0	0
0.154	-0.21294	21.767	0.3931	-0.63109	22.812	0.3372	-0.36624	22.18	0	0
0.11317	0.45303	25.26	0.1939	1.1617	26.29	0.72342	1.0219	26.401	0	0
0.11317	0.45303	25.26	-1.171	0.66716	27.045	-0.29025	1.3411	27.202	0	0
0.11317	0.45303	25.26	-0.29025	1.3411	27.202	0.8639	0.62481	26.575	0	0
0.11317	0.45303	25.26	0.72342	1.0219	26.401	0.8639	0.62481	26.575	0	0
0.1939	1.1617	25.264	0.2694	1.8699	26.383	0.72342	1.0219	26.401	0	0
0.2694	1.8699	25.357	0.37085	2.2796	26.511	0.30568	1.9962	27.098	0	0
0.2694	1.8699	25.357	0.37085	2.2796	26.511	0.72342	1.0219	26.401	0	0
0.2694	1.8699	25.357	-0.44275	1.8337	27.102	0.30568	1.9962	27.098	0	0
0.37085	2.2796	25.485	0.30568	1.9962	27.098	0.44235	2.2929	27.586	0	0
0.37085	2.2796	25.485	0.72342	1.0219	26.401	1.1543	1.0309	27.023	0	0
-1.1918	0.54756	25.212	-1.5835	0.40701	26.386	-1.1659	0.45924	25.541	0	0
-1.1918	0.54756	25.212	-1.5835	0.40701	26.386	-1.6032	0.93386	26.667	0	0
-1.1918	0.54756	25.212	-1.1659	0.45924	25.541	-1.0336	0.96496	25.703	0	0
-1.1918	0.54756	25.212	-1.6032	0.93386	26.667	-1.0762	1.135	26.383	0	0
-1.1918	0.54756	25.212	-1.0336	0.96496	25.703	-1.0762	1.135	26.383	0	0
-1.171	0.66716	26.019	-0.29025	1.3411	27.202	-1.1561	1.2942	27.092	0	0
-0.44275	1.8337	26.075	-0.40083	1.9232	27.751	0.10825	2.1963	27.576	0	0
-0.44275	1.8337	26.075	-0.40083	1.9232	27.751	-1.4209	1.5539	27.532	0	0
-0.44275	1.8337	26.075	0.30568	1.9962	27.098	0.10825	2.1963	27.576	0	0
-0.44275	1.8337	26.075	-1.1561	1.2942	27.092	-1.4209	1.5539	27.532	0	0
-0.29025	1.3411	26.176	-0.40083	1.9232	27.751	-1.3147	1.1609	27.813	0	0
-0.29025	1.3411	26.176	0.30568	1.9962	27.098	1.1543	1.0309	27.023	0	0
-0.29025	1.3411	26.176	-1.3147	1.1609	27.813	-1.1561	1.2942	27.092	0	0
-0.29025	1.3411	26.176	0.8639	0.62481	26.575	1.1543	1.0309	27.023	0	0
-0.40083	1.9232	26.724	-1.3147	1.1609	27.813	-0.71142	1.9394	28.343	0	0
-0.40083	1.9232	26.724	-0.71142	1.9394	28.343	0.11445	2.2429	28.089	0	0
-0.40083	1.9232	26.724	-1.2985	1.9022	28.368	-1.7246	2.1012	28.149	0	0
-0.40083	1.9232	26.724	0.10825	2.1963	27.576	0.11445	2.2429	28.089	0	0
-0.40083	1.9232	26.724	-1.4209	1.5539	27.532	-1.6492	1.7615	27.739	0	0
-0.40083	1.9232	26.724	-1.7246	2.1012	28.149	-1.6492	1.7615	27.739	0	0
0.30568	1.9962	26.072	0.10825	2.1963	27.576	0.44235	2.2929	27.586	0	0
-1.3147	1.1609	26.787	-0.71142	1.9394	28.343	-1.2985	1.9022	28.368	0	0
-1.3147	1.1609	26.787	-1.2985	1.9022	28.368	-1.7044	1.4623	28.538	0	0
-0.71142	1.9394	27.317	-1.2985	1.9022	28.368	-1.1185	2.4661	28.989	0	0
-0.71142	1.9394	27.317	0.11445	2.2429	28.089	-0.72875	2.4381	29.56	0	0
-0.71142	1.9394	27.317	-1.1185	2.4661	28.989	-0.72875	2.4381	29.56	0	0
-1.2985	1.9022	27.342	-1.7246	2.1012	28.149	-1.7316	2.4308	28.501	0	0
-1.2985	1.9022	27.342	-1.7316	2.4308	28.501	-1.1185	2.4661	28.989	0	0
0.3931	-0.63109	21.785	0.3372	-0.36624	22.18	0.65595	-0.22354	22.245	0	0
0.3931	-0.63109	21.785	0.84775	-0.62624	23.106	0.88052	-0.3274	22.704	0	0
0.3931	-0.63109	21.785	0.65595	-0.22354	22.245	0.88052	-0.3274	22.704	0	0
0.72342	1.0219	25.375	0.8639	0.62481	26.575	1.1543	1.0309	27.023	0	0
-1.0342	0.36408	23.863	-1.1659	0.45924	25.541	-1.0336	0.96496	25.703	0	0
-1.1561	1.2942	26.066	-1.4209	1.5539	27.532	-1.7671	1.1124	26.986	0	0
-1.1561	1.2942	26.066	-1.6032	0.93386	26.667	-1.7671	1.1124	26.986	0	0
-1.1561	1.2942	26.066	-1.6032	0.93386	26.667	-1.0762	1.135	26.383	0	0
0.10825	2.1963	26.55	0.44235	2.2929	27.586	0.11445	2.2429	28.089	0	0
-1.4209	1.5539	26.505	-1.7671	1.1124	26.986	-1.6492	1.7615	27.739	0	0
-1.7316	2.4308	27.475	-1.1185	2.4661	28.989	-1.7713	2.7764	28.897	0	0
-1.1185	2.4661	27.962	-1.7713	2.7764	28.897	-1.6864	2.9906	29.15	0	0
-1.1185	2.4661	27.962	-0.72875	2.4381	29.56	-1.1639	2.6667	29.562	0	0
-1.1185	2.4661	27.962	-1.1639	2.6667	29.562	-1.6864	2.9906	29.15	0	0
-1.1639	2.6667	28.535	-1.6947	2.9989	29.58	-1.6864	2.9906	29.15	0	0
-0.41205	2.6872	12.111	-2.54530560807451	10.897892350928	13.7382681006923	0.213567976355026	2.25859574870835	11.959619070104	1	1
-2.54530560807451	10.897892350928	13.7382681006923	-3.49760157958481	14.5631864767251	14.4646887185456	-0.483315805217371	10.7331192936118	15.6877829861756	1	1
-3.49760157958481	14.5631864767251	14.4646887185456	-4.8071146304663	19.6033742299489	15.4635979946183	-1.66960985034949	13.7624135346003	15.6866958831469	1	1
-4.8071146304663	19.6033742299489	15.4635979946183	-5.6758264296027	22.946961045018	16.1262597938321	-4.18499694723499	19.2738244228257	17.5831699143313	1	1
-5.6758264296027	22.946961045018	16.1262597938321	-7.24203607061739	28.9751488865286	17.3209797224582	-5.67927409003637	23.3970354236663	16.7883156655845	1	1
-0.483315805217371	10.7331192936118	15.6877829861756	0.213567976355026	2.25859574870835	11.959619070104	-2.54530560807451	10.897892350928	13.7382681006923	1	1
-1.66960985034949	13.7624135346003	15.6866958831469	-0.483315805217371	10.7331192936118	15.6877829861756	-3.49760157958481	14.5631864767251	14.4646887185456	1	1
-4.18499694723499	19.2738244228257	17.5831699143313	-1.66960985034949	13.7624135346003	15.6866958831469	-4.8071146304663	19.6033742299489	15.4635979946183	1	1
-5.67927409003637	23.3970354236663	16.7883156655845	-4.18499694723499	19.2738244228257	17.5831699143313	-5.6758264296027	22.946961045018	16.1262597938321	1	1
-2.54530560807451	10.897892350928	13.7382681006923	-0.41205	2.6872	12.111	-1.82441595517673	2.08528344973528	12.658395759643	1	1
-3.49760157958481	14.5631864767251	14.4646887185456	-2.54530560807451	10.897892350928	13.7382681006923	-3.70830047184623	10.7659519541375	13.884872086093	1	1
-4.8071146304663	19.6033742299489	15.4635979946183	-3.49760157958481	14.5631864767251	14.4646887185456	-5.43085236613611	13.7278725446928	14.8529005051408	1	1
-5.6758264296027	22.946961045018	16.1262597938321	-4.8071146304663	19.6033742299489	15.4635979946183	-6.82801410192203	19.1792862641925	16.1653273466983	1	1
-7.24203607061739	28.9751488865286	17.3209797224582	-5.6758264296027	22.946961045018	16.1262597938321	-7.74578047146151	22.2576192331616	16.1784251177443	1	1
-1.82441595517673	2.08528344973528	12.658395759643	-3.70830047184623	10.7659519541375	13.884872086093	-2.54530560807451	10.897892350928	13.7382681006923	1	1
-3.70830047184623	10.7659519541375	13.884872086093	-5.43085236613611	13.7278725446928	14.8529005051408	-3.49760157958481	14.5631864767251	14.4646887185456	1	1
-5.43085236613611	13.7278725446928	14.8529005051408	-6.82801410192203	19.1792862641925	16.1653273466983	-4.8071146304663	19.6033742299489	15.4635979946183	1	1
-6.82801410192203	19.1792862641925	16.1653273466983	-7.74578047146151	22.2576192331616	16.1784251177443	-5.6758264296027	22.946961045018	16.1262597938321	1	1
0.12035	-1.5779	16.987	-0.967011803434361	-7.60051362082227	19.7335471028763	0.766868039618892	-1.40647224370596	16.3427816974664	2	1
-0.967011803434361	-7.60051362082227	19.7335471028763	-1.6080754699737	-12.1404830594534	21.3969404507765	0.334662782345355	-7.10289937352914	20.3100109643855	2	1
-1.6080754699737	-12.1404830594534	21.3969404507765	-2.13832933249474	-15.8957049761113	22.7728112006777	0.549126294466848	-12.8064613343184	21.7028239169894	2	1
-2.13832933249474	-15.8957049761113	22.7728112006777	-2.85989193739469	-21.0057624404331	24.6450783400141	-0.893647194809553	-16.1078959076752	23.7539428048417	2	1
-2.85989193739469	-21.0057624404331	24.6450783400141	-3.54479046186429	-25.8561673720385	26.4222117341736	-0.621636911012148	-21.0471251417524	24.258180179883	2	1
-3.54479046186429	-25.8561673720385	26.4222117341736	-4.04155248941861	-29.3742023833562	27.7111798901509	-0.890337379719287	-26.2284326608651	28.6094401171793	2	1
-4.04155248941861	-29.3742023833562	27.7111798901509	-4.50692018751941	-32.6699048812205	28.9186879330373	-1.57789773856499	-29.659380124883	29.3464780538917	2	1
-4.50692018751941	-32.6699048812205	28.9186879330373	-5.25261679621676	-37.9508777247642	30.853576530226	-2.52342345534454	-32.6547755045167	29.0489861214828	2	1
0.334662782345355	-7.10289937352914	20.3100109643855	0.766868039618892	-1.40647224370596	16.3427816974664	-0.967011803434361	-7.60051362082227	19.7335471028763	2	1
0.549126294466848	-12.8064613343184	21.7028239169894	0.334662782345355	-7.10289937352914	20.3100109643855	-1.6080754699737	-12.1404830594534	21.3969404507765	2	1
-0.893647194809553	-16.1078959076752	23.7539428048417	0.549126294466848	-12.8064613343184	21.7028239169894	-2.13832933249474	-15.8957049761113	22.7728112006777	2	1
-0.621636911012148	-21.0471251417524	24.258180179883	-0.893647194809553	-16.1078959076752	23.7539428048417	-2.85989193739469	-21.0057624404331	24.6450783400141	2	1
-0.890337379719287	-26.2284326608651	28.6094401171793	-0.621636911012148	-21.0471251417524	24.258180179883	-3.54479046186429	-25.8561673720385	26.4222117341736	2	1
-1.57789773856499	-29.659380124883	29.3464780538917	-0.890337379719287	-26.2284326608651	28.6094401171793	-4.04155248941861	-29.3742023833562	27.7111798901509	2	1
-2.52342345534454	-32.6547755045167	29.0489861214828	-1.57789773856499	-29.659380124883	29.3464780538917	-4.50692018751941	-32.6699048812205	28.9186879330373	2	1
-0.967011803434361	-7.60051362082227	19.7335471028763	0.12035	-1.5779	16.987	-1.26542747962834	-1.31809118491561	16.2402319978337	2	1
-1.6080754699737	-12.1404830594534	21.3969404507765	-0.967011803434361	-7.60051362082227	19.7335471028763	-2.24889587393624	-7.34762533674073	20.5888318505877	2	1
-2.13832933249474	-15.8957049761113	22.7728112006777	-1.6080754699737	-12.1404830594534	21.3969404507765	-2.26852757745413	-12.1934617381822	21.8961200710784	2	1
-2.85989193739469	-21.0057624404331	24.6450783400141	-2.13832933249474	-15.8957049761113	22.7728112006777	-4.20304941193145	-14.7285698019458	25.3566955249648	2	1
-3.54479046186429	-25.8561673720385	26.4222117341736	-2.85989193739469	-21.0057624404331	24.6450783400141	-3.67731452005174	-21.5405111813569	24.1784389230734	2	1
-4.04155248941861	-29.3742023833562	27.7111798901509	-3.54479046186429	-25.8561673720385	26.4222117341736	-4.34129913329463	-25.354141175305	26.1634160732179	2	1
-4.50692018751941	-32.6699048812205	28.9186879330373	-4.04155248941861	-29.3742023833562	27.7111798901509	-4.3769554808102	-29.1919646998669	29.3828151703727	2	1
-1.26542747962834	-1.31809118491561	16.2402319978337	-2.24889587393624	-7.34762533674073	20.5888318505877	-0.967011803434361	-7.60051362082227	19.7335471028763	2	1
-2.24889587393624	-7.34762533674073	20.5888318505877	-2.26852757745413	-12.1934617381822	21.8961200710784	-1.6080754699737	-12.1404830594534	21.3969404507765	2	1
-2.26852757745413	-12.1934617381822	21.8961200710784	-4.20304941193145	-14.7285698019458	25.3566955249648	-2.13832933249474	-15.8957049761113	22.7728112006777	2	1
-4.20304941193145	-14.7285698019458	25.3566955249648	-3.67731452005174	-21.5405111813569	24.1784389230734	-2.85989193739469	-21.0057624404331	24.6450783400141	2	1
-3.67731452005174	-21.5405111813569	24.1784389230734	-4.34129913329463	-25.354141175305	26.1634160732179	-3.54479046186429	-25.8561673720385	26.4222117341736	2	1
-4.34129913329463	-25.354141175305	26.1634160732179	-4.3769554808102	-29.1919646998669	29.3828151703727	-4.04155248941861	-29.3742023833562	27.7111798901509	2	1
0.0037021	2.3981	21.682	0.622149377163281	7.33778867225122	24.9802556983573	1.07361971332033	1.83495453753853	21.6791233560525	3	2
0.622149377163281	7.33778867225122	24.9802556983573	1.080546494773	11.9556622335935	28.0454507976166	1.41351457798424	7.5415633824116	25.1012427903493	3	2
1.080546494773	11.9556622335935	28.0454507976166	1.54875172812245	15.9877297635399	29.5157344559344	2.90317946109402	11.1545176905649	28.6262647297456	3	2
1.54875172812245	15.9877297635399	29.5157344559344	2.06653241906817	20.4467288581469	31.1416976751917	3.02587537802822	15.8816891266555	29.5228524766014	3	2
2.06653241906817	20.4467288581469	31.1416976751917	2.47440512954334	23.9592276409846	32.4225218483762	4.14025363017772	19.6596983290521	32.2205212821206	3	2
2.47440512954334	23.9592276409846	32.4225218483762	2.90581686807539	27.6744387045792	33.7772645637288	4.39838786693195	23.5078775749009	32.7327599892887	3	2
2.90581686807539	27.6744387045792	33.7772645637288	3.50848579857811	32.8644742977394	35.6697984714664	4.9200426895609	27.5427322571139	33.8788186958805	3	2
3.50848579857811	32.8644742977394	35.6697984714664	3.8877572399077	36.1306660331052	36.8608073763953	5.58615533889934	33.3312772127989	35.6041554237507	3	2
3.8877572399077	36.1306660331052	36.8608073763953	4.29515638398205	39.6390865793662	38.1401444304905	6.5017849025968	36.7501453298206	37.9208437293744	3	2
4.29515638398205	39.6390865793662	38.1401444304905	4.67282980557664	42.891516564485	39.3261351465255	5.43621144053826	39.3024414495756	38.6161449079017	3	2
4.67282980557664	42.891516564485	39.3261351465255	5.38425771316702	49.0181575368039	41.5601999371271	6.80573617614668	42.5811592803806	39.5813845551146	3	2
1.41351457798424	7.5415633824116	25.1012427903493	1.07361971332033	1.83495453753853	21.6791233560525	0.622149377163281	7.33778867225122	24.9802556983573	3	2
2.90317946109402	11.1545176905649	28.6262647297456	1.41351457798424	7.5415633824116	25.1012427903493	1.080546494773	11.9556622335935	28.0454507976166	3	2
3.02587537802822	15.8816891266555	29.5228524766014	2.90317946109402	11.1545176905649	28.6262647297456	1.54875172812245	15.9877297635399	29.5157344559344	3	2
4.14025363017772	19.6596983290521	32.2205212821206	3.02587537802822	15.8816891266555	29.5228524766014	2.06653241906817	20.4467288581469	31.1416976751917	3	2
4.39838786693195	23.5078775749009	32.7327599892887	4.14025363017772	19.6596983290521	32.2205212821206	2.47440512954334	23.9592276409846	32.4225218483762	3	2
4.9200426895609	27.5427322571139	33.8788186958805	4.39838786693195	23.5078775749009	32.7327599892887	2.90581686807539	27.6744387045792	33.7772645637288	3	2
5.58615533889934	33.3312772127989	35.6041554237507	4.9200426895609	27.5427322571139	33.8788186958805	3.50848579857811	32.8644742977394	35.6697984714664	3	2
6.5017849025968	36.7501453298206	37.9208437293744	5.58615533889934	33.3312772127989	35.6041554237507	3.8877572399077	36.1306660331052	36.8608073763953	3	2
5.43621144053826	39.3024414495756	38.6161449079017	6.5017849025968	36.7501453298206	37.9208437293744	4.29515638398205	39.6390865793662	38.1401444304905	3	2
6.80573617614668	42.5811592803806	39.5813845551146	5.43621144053826	39.3024414495756	38.6161449079017	4.67282980557664	42.891516564485	39.3261351465255	3	2
0.622149377163281	7.33778867225122	24.9802556983573	0.0037021	2.3981	21.682	-1.45355151647325	2.02486916784842	22.0740253926361	3	2
1.080546494773	11.9556622335935	28.0454507976166	0.622149377163281	7.33778867225122	24.9802556983573	-1.02386798619442	7.32961048987979	24.953793520479	3	2
1.54875172812245	15.9877297635399	29.5157344559344	1.080546494773	11.9556622335935	28.0454507976166	-1.59105547082648	11.5421903605439	28.367822477672	3	2
2.06653241906817	20.4467288581469	31.1416976751917	1.54875172812245	15.9877297635399	29.5157344559344	-0.499339947620623	15.8776333674794	28.8405213922823	3	2
2.47440512954334	23.9592276409846	32.4225218483762	2.06653241906817	20.4467288581469	31.1416976751917	-0.897825749635798	19.2402846876473	32.9883086550967	3	2
2.90581686807539	27.6744387045792	33.7772645637288	2.47440512954334	23.9592276409846	32.4225218483762	-0.501404105804123	24.3612653983493	31.2524965510113	3	2
3.50848579857811	32.8644742977394	35.6697984714664	2.90581686807539	27.6744387045792	33.7772645637288	0.409872220701955	27.7044348173512	33.2649951492929	3	2
3.8877572399077	36.1306660331052	36.8608073763953	3.50848579857811	32.8644742977394	35.6697984714664	2.32401105152939	32.8439886757021	34.8876926263958	3	2
4.29515638398205	39.6390865793662	38.1401444304905	3.8877572399077	36.1306660331052	36.8608073763953	2.7289449385125	36.1843713964638	37.6971107149524	3	2
4.67282980557664	42.891516564485	39.3261351465255	4.29515638398205	39.6390865793662	38.1401444304905	2.79026936942083	39.8636813896486	38.7519877802126	3	2
5.38425771316702	49.0181575368039	41.5601999371271	4.67282980557664	42.891516564485	39.3261351465255	3.88203173370161	42.5024616000642	40.9387607956389	3	2
-1.45355151647325	2.02486916784842	22.0740253926361	-1.02386798619442	7.32961048987979	24.953793520479	0.622149377163281	7.33778867225122	24.9802556983573	3	2
-1.02386798619442	7.32961048987979	24.953793520479	-1.59105547082648	11.5421903605439	28.367822477672	1.080546494773	11.9556622335935	28.0454507976166	3	2
-1.59105547082648	11.5421903605439	28.367822477672	-0.499339947620623	15.8776333674794	28.8405213922823	1.54875172812245	15.9877297635399	29.5157344559344	3	2
-0.499339947620623	15.8776333674794	28.8405213922823	-0.897825749635798	19.2402846876473	32.9883086550967	2.06653241906817	20.4467288581469	31.1416976751917	3	2
-0.897825749635798	19.2402846876473	32.9883086550967	-0.501404105804123	24.3612653983493	31.2524965510113	2.47440512954334	23.9592276409846	32.4225218483762	3	2
-0.501404105804123	24.3612653983493	31.2524965510113	0.409872220701955	27.7044348173512	33.2649951492929	2.90581686807539	27.6744387045792	33.7772645637288	3	2
0.409872220701955	27.7044348173512	33.2649951492929	2.32401105152939	32.8439886757021	34.8876926263958	3.50848579857811	32.8644742977394	35.6697984714664	3	2
2.32401105152939	32.8439886757021	34.8876926263958	2.7289449385125	36.1843713964638	37.6971107149524	3.8877572399077	36.1306660331052	36.8608073763953	3	2
2.7289449385125	36.1843713964638	37.6971107149524	2.79026936942083	39.8636813896486	38.7519877802126	4.29515638398205	39.6390865793662	38.1401444304905	3	2
2.79026936942083	39.8636813896486	38.7519877802126	3.88203173370161	42.5024616000642	40.9387607956389	4.67282980557664	42.891516564485	39.3261351465255	3	2
0.23953	-1.8413	25.174	1.27849062096426	-5.25562813765109	27.9086287713197	0.988918269205419	-2.56223546042558	24.8815730744643	4	2
1.27849062096426	-5.25562813765109	27.9086287713197	2.46197041687361	-8.88937617858945	30.9793436164577	1.92723147172954	-4.82279361512441	28.4664237579926	4	2
2.46197041687361	-8.88937617858945	30.9793436164577	3.86971002334822	-12.584988045139	33.6494132358087	3.19368758022309	-7.16448878391637	32.1738837323842	4	2
3.86971002334822	-12.584988045139	33.6494132358087	5.1168799724806	-15.8590708672882	36.0149292559803	5.20522692053449	-12.5890755468494	34.0932349563899	4	2
5.1168799724806	-15.8590708672882	36.0149292559803	6.63907987012494	-19.8551650164631	38.9020965151708	5.39407571974606	-15.7772999774412	36.394661594966	4	2
6.63907987012494	-19.8551650164631	38.9020965151708	7.9042245428781	-23.1764352599262	41.3017053201411	8.64918129074095	-19.0056130379793	40.4379815872683	4	2
7.9042245428781	-23.1764352599262	41.3017053201411	9.07946494798329	-26.2616879353354	43.5307920679122	8.52904009789483	-22.8422862374596	41.8032996213385	4	2
9.07946494798329	-26.2616879353354	43.5307920679122	10.3217667803814	-29.5229909295335	45.887074696812	11.3502800993473	-25.7711027669008	44.7977420672601	4	2
10.3217667803814	-29.5229909295335	45.887074696812	11.5978722350678	-32.8730355255775	48.3074728940175	13.1685593578689	-29.7055369221442	47.0510288803365	4	2
11.5978722350678	-32.8730355255775	48.3074728940175	12.9472419235646	-36.4154141091135	50.8668318791291	13.7045369310013	-33.7896698600738	48.4409620536137	4	2
12.9472419235646	-36.4154141091135	50.8668318791291	14.6018136049892	-40.7590119675573	54.0050696322558	13.9581241164404	-35.3389299402768	52.067223492883	4	2
1.92723147172954	-4.82279361512441	28.4664237579926	0.988918269205419	-2.56223546042558	24.8815730744643	1.27849062096426	-5.25562813765109	27.9086287713197	4	2
3.19368758022309	-7.16448878391637	32.1738837323842	1.92723147172954	-4.82279361512441	28.4664237579926	2.46197041687361	-8.88937617858945	30.9793436164577	4	2
5.20522692053449	-12.5890755468494	34.0932349563899	3.19368758022309	-7.16448878391637	32.1738837323842	3.86971002334822	-12.584988045139	33.6494132358087	4	2
5.39407571974606	-15.7772999774412	36.394661594966	5.20522692053449	-12.5890755468494	34.0932349563899	5.1168799724806	-15.8590708672882	36.0149292559803	4	2
8.64918129074095	-19.0056130379793	40.4379815872683	5.39407571974606	-15.7772999774412	36.394661594966	6.63907987012494	-19.8551650164631	38.9020965151708	4	2
8.52904009789483	-22.8422862374596	41.8032996213385	8.64918129074095	-19.0056130379793	40.4379815872683	7.9042245428781	-23.1764352599262	41.3017053201411	4	2
11.3502800993473	-25.7711027669008	44.7977420672601	8.52904009789483	-22.8422862374596	41.8032996213385	9.07946494798329	-26.2616879353354	43.5307920679122	4	2
13.1685593578689	-29.7055369221442	47.0510288803365	11.3502800993473	-25.7711027669008	44.7977420672601	10.3217667803814	-29.5229909295335	45.887074696812	4	2
13.7045369310013	-33.7896698600738	48.4409620536137	13.1685593578689	-29.7055369221442	47.0510288803365	11.5978722350678	-32.8730355255775	48.3074728940175	4	2
13.9581241164404	-35.3389299402768	52.067223492883	13.7045369310013	-33.7896698600738	48.4409620536137	12.9472419235646	-36.4154141091135	50.8668318791291	4	2
1.27849062096426	-5.25562813765109	27.9086287713197	0.23953	-1.8413	25.174	-1.72167925633469	-2.00178663503087	25.1288334001324	4	2
2.46197041687361	-8.88937617858945	30.9793436164577	1.27849062096426	-5.25562813765109	27.9086287713197	-0.798611881638335	-4.860529225252	28.4572163355272	4	2
3.86971002334822	-12.584988045139	33.6494132358087	2.46197041687361	-8.88937617858945	30.9793436164577	-0.821291720650511	-8.53182787755805	31.5545666677431	4	2
5.1168799724806	-15.8590708672882	36.0149292559803	3.86971002334822	-12.584988045139	33.6494132358087	0.725836006245575	-13.2915738441181	32.8569500532141	4	2
6.63907987012494	-19.8551650164631	38.9020965151708	5.1168799724806	-15.8590708672882	36.0149292559803	0.944856427865626	-15.1950233207012	37.5735633371713	4	2
7.9042245428781	-23.1764352599262	41.3017053201411	6.63907987012494	-19.8551650164631	38.9020965151708	4.01415204566901	-19.6444469168952	38.301842703095	4	2
9.07946494798329	-26.2616879353354	43.5307920679122	7.9042245428781	-23.1764352599262	41.3017053201411	6.79040075030845	-22.6192412325727	41.2422190613301	4	2
10.3217667803814	-29.5229909295335	45.887074696812	9.07946494798329	-26.2616879353354	43.5307920679122	8.47162052771253	-26.359010966286	42.7792811908171	4	2
11.5978722350678	-32.8730355255775	48.3074728940175	10.3217667803814	-29.5229909295335	45.887074696812	8.71122552105799	-29.1976292148429	45.1101657146072	4	2
12.9472419235646	-36.4154141091135	50.8668318791291	11.5978722350678	-32.8730355255775	48.3074728940175	10.3912763290722	-32.6137813317406	47.8657673103843	4	2
14.6018136049892	-40.7590119675573	54.0050696322558	12.9472419235646	-36.4154141091135	50.8668318791291	12.26456311001	-36.339347504042	50.2955302870461	4	2
-1.72167925633469	-2.00178663503087	25.1288334001324	-0.798611881638335	-4.860529225252	28.4572163355272	1.27849062096426	-5.25562813765109	27.9086287713197	4	2
-0.798611881638335	-4.860529225252	28.4572163355272	-0.821291720650511	-8.53182787755805	31.5545666677431	2.46197041687361	-8.88937617858945	30.9793436164577	4	2
-0.821291720650511	-8.53182787755805	31.5545666677431	0.725836006245575	-13.2915738441181	32.8569500532141	3.86971002334822	-12.584988045139	33.6494132358087	4	2
0.725836006245575	-13.2915738441181	32.8569500532141	0.944856427865626	-15.1950233207012	37.5735633371713	5.1168799724806	-15.8590708672882	36.0149292559803	4	2
0.944856427865626	-15.1950233207012	37.5735633371713	4.01415204566901	-19.6444469168952	38.301842703095	6.63907987012494	-19.8551650164631	38.9020965151708	4	2
4.01415204566901	-19.6444469168952	38.301842703095	6.79040075030845	-22.6192412325727	41.2422190613301	7.9042245428781	-23.1764352599262	41.3017053201411	4	2
6.79040075030845	-22.6192412325727	41.2422190613301	8.47162052771253	-26.359010966286	42.7792811908171	9.07946494798329	-26.2616879353354	43.5307920679122	4	2
8.47162052771253	-26.359010966286	42.7792811908171	8.71122552105799	-29.1976292148429	45.1101657146072	10.3217667803814	-29.5229909295335	45.887074696812	4	2
8.71122552105799	-29.1976292148429	45.1101657146072	10.3912763290722	-32.6137813317406	47.8657673103843	11.5978722350678	-32.8730355255775	48.3074728940175	4	2
10.3912763290722	-32.6137813317406	47.8657673103843	12.26456311001	-36.339347504042	50.2955302870461	12.9472419235646	-36.4154141091135	50.8668318791291	4	2
-0.096448	-0.21984	26.534	-1.15360135466151	2.38249211567398	28.9944484943936	0.893359397603237	0.87366492791877	25.6604354056103	5	2
-1.15360135466151	2.38249211567398	28.9944484943936	-2.48046092751855	5.64874413503301	32.082618837809	1.84356742477332	3.89186541468357	28.3078601447852	5	2
-2.48046092751855	5.64874413503301	32.082618837809	-3.8568631648361	9.03695241197109	35.2860961739542	-0.768231225018793	5.46420819266557	32.12296427562	5	2
-3.8568631648361	9.03695241197109	35.2860961739542	-4.92731320170991	11.6720161866805	37.7774917410553	-2.85800185145316	9.19712997160463	35.8234930500306	5	2
-4.92731320170991	11.6720161866805	37.7774917410553	-6.12186908986063	14.6125840219852	40.5577347620979	-1.78675032191576	12.5048093971036	37.8895304077394	5	2
-6.12186908986063	14.6125840219852	40.5577347620979	-7.92392462616093	19.048597941502	44.751889575638	-2.88417340071701	14.5466904464504	40.2048470693342	5	2
-7.92392462616093	19.048597941502	44.751889575638	-8.91962918479737	21.4996651771466	47.0693204113395	-5.95052962884616	17.9739032784484	44.7521257474111	5	2
1.84356742477332	3.89186541468357	28.3078601447852	0.893359397603237	0.87366492791877	25.6604354056103	-1.15360135466151	2.38249211567398	28.9944484943936	5	2
-0.768231225018793	5.46420819266557	32.12296427562	1.84356742477332	3.89186541468357	28.3078601447852	-2.48046092751855	5.64874413503301	32.082618837809	5	2
-2.85800185145316	9.19712997160463	35.8234930500306	-0.768231225018793	5.46420819266557	32.12296427562	-3.8568631648361	9.03695241197109	35.2860961739542	5	2
-1.78675032191576	12.5048093971036	37.8895304077394	-2.85800185145316	9.19712997160463	35.8234930500306	-4.92731320170991	11.6720161866805	37.7774917410553	5	2
-2.88417340071701	14.5466904464504	40.2048470693342	-1.78675032191576	12.5048093971036	37.8895304077394	-6.12186908986063	14.6125840219852	40.5577347620979	5	2
-5.95052962884616	17.9739032784484	44.7521257474111	-2.88417340071701	14.5466904464504	40.2048470693342	-7.92392462616093	19.048597941502	44.751889575638	5	2
-1.15360135466151	2.38249211567398	28.9944484943936	-0.096448	-0.21984	26.534	-1.18836985464347	0.32241698119688	26.121340508289	5	2
-2.48046092751855	5.64874413503301	32.082618837809	-1.15360135466151	2.38249211567398	28.9944484943936	-3.19349811999128	0.425629817115754	29.8674969735049	5	2
-3.8568631648361	9.03695241197109	35.2860961739542	-2.48046092751855	5.64874413503301	32.082618837809	-5.051408799494	4.39018902498233	32.870497181559	5	2
-4.92731320170991	11.6720161866805	37.7774917410553	-3.8568631648361	9.03695241197109	35.2860961739542	-6.41579544894464	7.76751250673331	35.8001073239665	5	2
-6.12186908986063	14.6125840219852	40.5577347620979	-4.92731320170991	11.6720161866805	37.7774917410553	-6.69145761561476	9.63442468585154	39.2016071481195	5	2
-7.92392462616093	19.048597941502	44.751889575638	-6.12186908986063	14.6125840219852	40.5577347620979	-7.09228558903943	13.2059414249781	41.8045170335497	5	2
-8.91962918479737	21.4996651771466	47.0693204113395	-7.92392462616093	19.048597941502	44.751889575638	-8.59511675760544	18.9111428504466	44.7318688206593	5	2
-1.18836985464347	0.32241698119688	26.121340508289	-3.19349811999128	0.425629817115754	29.8674969735049	-1.15360135466151	2.38249211567398	28.9944484943936	5	2
-3.19349811999128	0.425629817115754	29.8674969735049	-5.051408799494	4.39018902498233	32.870497181559	-2.48046092751855	5.64874413503301	32.082618837809	5	2
-5.051408799494	4.39018902498233	32.870497181559	-6.41579544894464	7.76751250673331	35.8001073239665	-3.8568631648361	9.03695241197109	35.2860961739542	5	2
-6.41579544894464	7.76751250673331	35.8001073239665	-6.69145761561476	9.63442468585154	39.2016071481195	-4.92731320170991	11.6720161866805	37.7774917410553	5	2
-6.69145761561476	9.63442468585154	39.2016071481195	-7.09228558903943	13.2059414249781	41.8045170335497	-6.12186908986063	14.6125840219852	40.5577347620979	5	2
-7.09228558903943	13.2059414249781	41.8045170335497	-8.59511675760544	18.9111428504466	44.7318688206593	-7.92392462616093	19.048597941502	44.751889575638	5	2
0.66812	-1.503	30.237	0.396706892985233	-4.19506525748659	33.7954184173835	1.98474241012767	-1.11091558968084	30.8632286856527	6	2
0.396706892985233	-4.19506525748659	33.7954184173835	-0.0247921509947654	-7.09372191635252	37.064964979957	1.84130400797274	-5.04712463907609	33.063033166566	6	2
-0.0247921509947654	-7.09372191635252	37.064964979957	-0.420327762175987	-9.81382757149953	40.1331145199933	1.79444127011406	-7.49969816496642	37.4901508287127	6	2
-0.420327762175987	-9.81382757149953	40.1331145199933	-0.8771024292239	-12.9550753374198	43.6762922895448	1.06504173168963	-7.67886183523698	41.9806477461298	6	2
-0.8771024292239	-12.9550753374198	43.6762922895448	-1.31718235670972	-15.9815130730663	47.0899698167402	0.128202199613224	-10.7954711311377	46.1939198901735	6	2
-1.31718235670972	-15.9815130730663	47.0899698167402	-1.79297922200948	-19.2535768453726	50.7807018068652	0.409870508393839	-15.1388509368737	49.1265733435379	6	2
-1.79297922200948	-19.2535768453726	50.7807018068652	-2.16398758750138	-21.8050081819027	53.6585947544411	-0.832388182550442	-18.4136664235325	52.3926829910591	6	2
-2.16398758750138	-21.8050081819027	53.6585947544411	-2.95074000515425	-27.2155189929702	59.7613930868981	-1.58008066892323	-20.6653253404448	56.6893961486804	6	2
-2.95074000515425	-27.2155189929702	59.7613930868981	-3.14633233651764	-28.5606110443688	61.2785928144145	-3.61083260970685	-26.6377613208487	61.1451108419767	6	2
1.84130400797274	-5.04712463907609	33.063033166566	1.98474241012767	-1.11091558968084	30.8632286856527	0.396706892985233	-4.19506525748659	33.7954184173835	6	2
1.79444127011406	-7.49969816496642	37.4901508287127	1.84130400797274	-5.04712463907609	33.063033166566	-0.0247921509947654	-7.09372191635252	37.064964979957	6	2
1.06504173168963	-7.67886183523698	41.9806477461298	1.79444127011406	-7.49969816496642	37.4901508287127	-0.420327762175987	-9.81382757149953	40.1331145199933	6	2
0.128202199613224	-10.7954711311377	46.1939198901735	1.06504173168963	-7.67886183523698	41.9806477461298	-0.8771024292239	-12.9550753374198	43.6762922895448	6	2
0.409870508393839	-15.1388509368737	49.1265733435379	0.128202199613224	-10.7954711311377	46.1939198901735	-1.31718235670972	-15.9815130730663	47.0899698167402	6	2
-0.832388182550442	-18.4136664235325	52.3926829910591	0.409870508393839	-15.1388509368737	49.1265733435379	-1.79297922200948	-19.2535768453726	50.7807018068652	6	2
-1.58008066892323	-20.6653253404448	56.6893961486804	-0.832388182550442	-18.4136664235325	52.3926829910591	-2.16398758750138	-21.8050081819027	53.6585947544411	6	2
-3.61083260970685	-26.6377613208487	61.1451108419767	-1.58008066892323	-20.6653253404448	56.6893961486804	-2.95074000515425	-27.2155189929702	59.7613930868981	6	2
0.396706892985233	-4.19506525748659	33.7954184173835	0.66812	-1.503	30.237	-2.95842378800848	-1.28585490015758	30.5470113153927	6	2
-0.0247921509947654	-7.09372191635252	37.064964979957	0.396706892985233	-4.19506525748659	33.7954184173835	-1.6573907734355	-3.63232263758685	34.1861041229747	6	2
-0.420327762175987	-9.81382757149953	40.1331145199933	-0.0247921509947654	-7.09372191635252	37.064964979957	-3.30911378269813	-6.81872834643097	36.9067754957075	6	2
-0.8771024292239	-12.9550753374198	43.6762922895448	-0.420327762175987	-9.81382757149953	40.1331145199933	-4.17259488561557	-9.55779042879154	38.7738555505881	6	2
-1.31718235670972	-15.9815130730663	47.0899698167402	-0.8771024292239	-12.9550753374198	43.6762922895448	-3.92228289350291	-12.6402235941795	42.1315714572415	6	2
-1.79297922200948	-19.2535768453726	50.7807018068652	-1.31718235670972	-15.9815130730663	47.0899698167402	-3.75852943079021	-14.3349014405177	46.1696546979171	6	2
-2.16398758750138	-21.8050081819027	53.6585947544411	-1.79297922200948	-19.2535768453726	50.7807018068652	-3.26851679709879	-18.5980212450926	49.5911232766953	6	2
-2.95074000515425	-27.2155189929702	59.7613930868981	-2.16398758750138	-21.8050081819027	53.6585947544411	-2.39311263807921	-21.2724820486146	52.8009549765839	6	2
-3.14633233651764	-28.5606110443688	61.2785928144145	-2.95074000515425	-27.2155189929702	59.7613930868981	-3.89490656718148	-25.8053969401807	59.5694947039278	6	2
-2.95842378800848	-1.28585490015758	30.5470113153927	-1.6573907734355	-3.63232263758685	34.1861041229747	0.396706892985233	-4.19506525748659	33.7954184173835	6	2
-1.6573907734355	-3.63232263758685	34.1861041229747	-3.30911378269813	-6.81872834643097	36.9067754957075	-0.0247921509947654	-7.09372191635252	37.064964979957	6	2
-3.30911378269813	-6.81872834643097	36.9067754957075	-4.17259488561557	-9.55779042879154	38.7738555505881	-0.420327762175987	-9.81382757149953	40.1331145199933	6	2
-4.17259488561557	-9.55779042879154	38.7738555505881	-3.92228289350291	-12.6402235941795	42.1315714572415	-0.8771024292239	-12.9550753374198	43.6762922895448	6	2
-3.92228289350291	-12.6402235941795	42.1315714572415	-3.75852943079021	-14.3349014405177	46.1696546979171	-1.31718235670972	-15.9815130730663	47.0899698167402	6	2
-3.75852943079021	-14.3349014405177	46.1696546979171	-3.26851679709879	-18.5980212450926	49.5911232766953	-1.79297922200948	-19.2535768453726	50.7807018068652	6	2
-3.26851679709879	-18.5980212450926	49.5911232766953	-2.39311263807921	-21.2724820486146	52.8009549765839	-2.16398758750138	-21.8050081819027	53.6585947544411	6	2
-2.39311263807921	-21.2724820486146	52.8009549765839	-3.89490656718148	-25.8053969401807	59.5694947039278	-2.95074000515425	-27.2155189929702	59.7613930868981	6	2
0.48025	-0.065238	32.487	0.48025	-0.0652379999999998	36.5079518069164	0.89608979090416	-0.034704529059744	32.5882347008546	7	2
0.48025	-0.0652379999999998	36.5079518069164	0.48025	-0.065238	41.1136476283965	2.29652576765665	0.904610640369078	35.568272464695	7	2
2.29652576765665	0.904610640369078	35.568272464695	0.89608979090416	-0.034704529059744	32.5882347008546	0.48025	-0.0652379999999998	36.5079518069164	7	2
0.48025	-0.0652379999999998	36.5079518069164	0.48025	-0.065238	32.487	-3.54086856736165	-1.454845237716	33.2821715025393	7	2
0.48025	-0.065238	41.1136476283965	0.48025	-0.0652379999999998	36.5079518069164	-1.38131788472932	0.253580969065893	37.5368504975114	7	2
-3.54086856736165	-1.454845237716	33.2821715025393	-1.38131788472932	0.253580969065893	37.5368504975114	0.48025	-0.0652379999999998	36.5079518069164	7	2
1.6541	2.9057	32.832	2.4970252915373	6.85343688837674	36.0750093020274	3.000083334332	2.72223675705602	32.7202531781705	8	2
2.4970252915373	6.85343688837674	36.0750093020274	4.32865358484546	10.3500955053075	38.9814743167484	4.15459765873287	4.74173453541647	37.1427179092849	8	2
4.32865358484546	10.3500955053075	38.9814743167484	5.7005885325598	12.9691793960294	41.1584885846394	7.11343113276965	9.25382693741972	39.8800254035757	8	2
5.7005885325598	12.9691793960294	41.1584885846394	8.01267643727969	17.3830564499475	44.8273566789899	8.47227235208096	12.2172962750522	42.7119273465461	8	2
8.01267643727969	17.3830564499475	44.8273566789899	9.55170394292798	20.3211273505662	47.2695168149752	10.1306630685176	16.7791978414203	46.6413205294579	8	2
9.55170394292798	20.3211273505662	47.2695168149752	11.3233112532633	23.7032032827484	50.080739313626	12.2265809389087	20.5240700469343	49.2892623752783	8	2
11.3233112532633	23.7032032827484	50.080739313626	13.3316321625712	27.5371758407997	53.2675837637593	13.3648332518231	23.5708514677891	51.4056109777781	8	2
13.3316321625712	27.5371758407997	53.2675837637593	14.9121028332063	30.5543635581292	55.7755067565282	14.443487751325	26.819543726166	55.0984655998709	8	2
14.9121028332063	30.5543635581292	55.7755067565282	16.2206093466164	33.0523597903022	57.8518714952994	15.7047302005371	29.7305151663923	56.2745034338626	8	2
4.15459765873287	4.74173453541647	37.1427179092849	3.000083334332	2.72223675705602	32.7202531781705	2.4970252915373	6.85343688837674	36.0750093020274	8	2
7.11343113276965	9.25382693741972	39.8800254035757	4.15459765873287	4.74173453541647	37.1427179092849	4.32865358484546	10.3500955053075	38.9814743167484	8	2
8.47227235208096	12.2172962750522	42.7119273465461	7.11343113276965	9.25382693741972	39.8800254035757	5.7005885325598	12.9691793960294	41.1584885846394	8	2
10.1306630685176	16.7791978414203	46.6413205294579	8.47227235208096	12.2172962750522	42.7119273465461	8.01267643727969	17.3830564499475	44.8273566789899	8	2
12.2265809389087	20.5240700469343	49.2892623752783	10.1306630685176	16.7791978414203	46.6413205294579	9.55170394292798	20.3211273505662	47.2695168149752	8	2
13.3648332518231	23.5708514677891	51.4056109777781	12.2265809389087	20.5240700469343	49.2892623752783	11.3233112532633	23.7032032827484	50.080739313626	8	2
14.443487751325	26.819543726166	55.0984655998709	13.3648332518231	23.5708514677891	51.4056109777781	13.3316321625712	27.5371758407997	53.2675837637593	8	2
15.7047302005371	29.7305151663923	56.2745034338626	14.443487751325	26.819543726166	55.0984655998709	14.9121028332063	30.5543635581292	55.7755067565282	8	2
2.4970252915373	6.85343688837674	36.0750093020274	1.6541	2.9057	32.832	0.67142279669504	1.3247218626494	34.9514195373791	8	2
4.32865358484546	10.3500955053075	38.9814743167484	2.4970252915373	6.85343688837674	36.0750093020274	0.0970074770004372	6.8107904600182	36.4900122597927	8	2
5.7005885325598	12.9691793960294	41.1584885846394	4.32865358484546	10.3500955053075	38.9814743167484	1.7220807208753	10.810402312098	38.5717807746504	8	2
8.01267643727969	17.3830564499475	44.8273566789899	5.7005885325598	12.9691793960294	41.1584885846394	1.9394562639406	12.9579147795642	40.6671508913293	8	2
9.55170394292798	20.3211273505662	47.2695168149752	8.01267643727969	17.3830564499475	44.8273566789899	4.70408609727257	16.9475619010486	43.832945647328	8	2
11.3233112532633	23.7032032827484	50.080739313626	9.55170394292798	20.3211273505662	47.2695168149752	7.52535717972548	20.3681911484481	45.3295342160358	8	2
13.3316321625712	27.5371758407997	53.2675837637593	11.3233112532633	23.7032032827484	50.080739313626	8.79161210900844	23.3370699657008	48.8276546887395	8	2
14.9121028332063	30.5543635581292	55.7755067565282	13.3316321625712	27.5371758407997	53.2675837637593	12.1285987174031	27.4197751586839	53.7091906133957	8	2
16.2206093466164	33.0523597903022	57.8518714952994	14.9121028332063	30.5543635581292	55.7755067565282	14.5396590155538	30.8570173936469	56.2859430978469	8	2
0.67142279669504	1.3247218626494	34.9514195373791	0.0970074770004372	6.8107904600182	36.4900122597927	2.4970252915373	6.85343688837674	36.0750093020274	8	2
0.0970074770004372	6.8107904600182	36.4900122597927	1.7220807208753	10.810402312098	38.5717807746504	4.32865358484546	10.3500955053075	38.9814743167484	8	2
1.7220807208753	10.810402312098	38.5717807746504	1.9394562639406	12.9579147795642	40.6671508913293	5.7005885325598	12.9691793960294	41.1584885846394	8	2
1.9394562639406	12.9579147795642	40.6671508913293	4.70408609727257	16.9475619010486	43.832945647328	8.01267643727969	17.3830564499475	44.8273566789899	8	2
4.70408609727257	16.9475619010486	43.832945647328	7.52535717972548	20.3681911484481	45.3295342160358	9.55170394292798	20.3211273505662	47.2695168149752	8	2
7.52535717972548	20.3681911484481	45.3295342160358	8.79161210900844	23.3370699657008	48.8276546887395	11.3233112532633	23.7032032827484	50.080739313626	8	2
8.79161210900844	23.3370699657008	48.8276546887395	12.1285987174031	27.4197751586839	53.7091906133957	13.3316321625712	27.5371758407997	53.2675837637593	8	2
12.1285987174031	27.4197751586839	53.7091906133957	14.5396590155538	30.8570173936469	56.2859430978469	14.9121028332063	30.5543635581292	55.7755067565282	8	2
