-0.3475	-0.70784	0.031499	-0.41155	-0.34074	1.0263	-0.22515	-0.60134	1.8261	0	0
-0.41155	-0.34074	0	-0.087748	-0.21784	1.0423	-0.37868	0.45443	1.0936	0	0
-0.41155	-0.34074	0	-0.087748	-0.21784	1.0423	-0.1292	-0.21974	1.7978	0	0
-0.41155	-0.34074	0	-0.37868	0.45443	1.0936	-0.36431	0.45368	1.7658	0	0
-0.41155	-0.34074	0	-0.22515	-0.60134	1.8261	-0.1292	-0.21974	1.7978	0	0
-0.087748	-0.21784	0.015999	-0.37868	0.45443	1.0936	0.077885	0.65153	1.042	0	0
-0.087748	-0.21784	0.015999	0.077885	0.65153	1.042	0.58995	0.54246	1.7331	0	0
-0.087748	-0.21784	0.015999	-0.1292	-0.21974	1.7978	0.58995	0.54246	1.7331	0	0
-0.37868	0.45443	0.0673	0.077885	0.65153	1.042	0.090202	1.1281	1.0615	0	0
-0.37868	0.45443	0.0673	-0.36431	0.45368	1.7658	-0.23335	1.161	2.1406	0	0
-0.37868	0.45443	0.0673	0.090202	1.1281	1.0615	-0.23335	1.161	2.1406	0	0
-0.22515	-0.60134	0.79975	-0.1292	-0.21974	1.7978	0.21832	-0.029304	2.3827	0	0
-0.22515	-0.60134	0.79975	-0.15305	-0.60444	2.5182	0.21832	-0.029304	2.3827	0	0
0.077885	0.65153	0.015633	0.090202	1.1281	1.0615	0.65045	1.0875	1.0299	0	0
0.077885	0.65153	0.015633	0.65045	1.0875	1.0299	0.58995	0.54246	1.7331	0	0
-0.1292	-0.21974	0.77145	-0.36431	0.45368	1.7658	-0.53225	-0.15794	2.129	0	0
-0.1292	-0.21974	0.77145	-0.36431	0.45368	1.7658	0.17911	0.61674	1.8577	0	0
-0.1292	-0.21974	0.77145	-0.53225	-0.15794	2.129	-0.15305	-0.60444	2.5182	0	0
-0.1292	-0.21974	0.77145	0.58995	0.54246	1.7331	0.21832	-0.029304	2.3827	0	0
-0.36431	0.45368	0.7395	-0.53225	-0.15794	2.129	-0.33152	0.41281	2.5918	0	0
-0.36431	0.45368	0.7395	-0.33152	0.41281	2.5918	-0.23335	1.161	2.1406	0	0
0.090202	1.1281	0.03515	0.65045	1.0875	1.0299	0.2262	1.2084	1.817	0	0
0.090202	1.1281	0.03515	0.2262	1.2084	1.817	-0.23335	1.161	2.1406	0	0
-0.53225	-0.15794	1.1027	-0.33152	0.41281	2.5918	-0.13415	-0.24834	3.0499	0	0
0.65045	1.0875	0.003549	0.58995	0.54246	1.7331	0.65255	1.1118	1.7913	0	0
0.65045	1.0875	0.003549	0.2262	1.2084	1.817	0.65255	1.1118	1.7913	0	0
0.58995	0.54246	0.7068	0.17911	0.61674	1.8577	0.21832	-0.029304	2.3827	0	0
0.58995	0.54246	0.7068	0.17911	0.61674	1.8577	0.65255	1.1118	1.7913	0	0
0.17911	0.61674	0.83138	0.21832	-0.029304	2.3827	0.1928	0.65786	2.5434	0	0
0.17911	0.61674	0.83138	0.2262	1.2084	1.817	0.65255	1.1118	1.7913	0	0
0.17911	0.61674	0.83138	0.2262	1.2084	1.817	-0.23335	1.161	2.1406	0	0
0.17911	0.61674	0.83138	0.1928	0.65786	2.5434	-0.23335	1.161	2.1406	0	0
-0.15305	-0.60444	1.4919	0.21832	-0.029304	2.3827	-0.13415	-0.24834	3.0499	0	0
-0.15305	-0.60444	1.4919	-0.13415	-0.24834	3.0499	-0.20925	-0.38654	3.2845	0	0
0.21832	-0.029304	1.3563	0.1928	0.65786	2.5434	0.019302	0.37346	3.2258	0	0
0.21832	-0.029304	1.3563	-0.13415	-0.24834	3.0499	0.019302	0.37346	3.2258	0	0
-0.33152	0.41281	1.5654	0.019302	0.37346	3.2258	-0.19325	0.5944	3.2322	0	0
-0.33152	0.41281	1.5654	-0.19325	0.5944	3.2322	-0.24735	1.2865	3.1824	0	0
-0.33152	0.41281	1.5654	-0.23335	1.161	2.1406	-0.24735	1.2865	3.1824	0	0
0.1928	0.65786	1.5171	0.19635	1.1336	2.5602	0.59565	1.1524	2.462	0	0
0.1928	0.65786	1.5171	0.19635	1.1336	2.5602	-0.23335	1.161	2.1406	0	0
0.1928	0.65786	1.5171	0.59565	1.1524	2.462	0.58445	0.89706	3.0215	0	0
0.1928	0.65786	1.5171	0.019302	0.37346	3.2258	0.58445	0.89706	3.0215	0	0
-0.13415	-0.24834	2.0236	-0.20925	-0.38654	3.2845	0.019302	0.37346	3.2258	0	0
0.19635	1.1336	1.5339	0.58445	0.89706	3.0215	0.088202	1.1438	3.2618	0	0
0.19635	1.1336	1.5339	0.088202	1.1438	3.2618	-0.24735	1.2865	3.1824	0	0
0.19635	1.1336	1.5339	-0.23335	1.161	2.1406	-0.24735	1.2865	3.1824	0	0
-0.20925	-0.38654	2.2582	0.019302	0.37346	3.2258	-0.16545	-0.28084	4.0561	0	0
-0.20925	-0.38654	2.2582	-0.35048	-0.63784	3.8856	-0.16545	-0.28084	4.0561	0	0
0.019302	0.37346	2.1995	-0.19325	0.5944	3.2322	0.19198	0.45409	3.8968	0	0
0.019302	0.37346	2.1995	0.58445	0.89706	3.0215	0.5727	0.89226	3.8548	0	0
0.019302	0.37346	2.1995	-0.16545	-0.28084	4.0561	0.19198	0.45409	3.8968	0	0
-0.19325	0.5944	2.2059	0.19198	0.45409	3.8968	-0.17965	0.74516	4.0608	0	0
-0.19325	0.5944	2.2059	-0.24735	1.2865	3.1824	-0.17965	0.74516	4.0608	0	0
0.58445	0.89706	1.9952	0.088202	1.1438	3.2618	0.5727	0.89226	3.8548	0	0
0.088202	1.1438	2.2354	-0.24735	1.2865	3.1824	0.11245	1.1443	4.0705	0	0
0.088202	1.1438	2.2354	0.5727	0.89226	3.8548	0.11245	1.1443	4.0705	0	0
-0.35048	-0.63784	2.8592	-0.16545	-0.28084	4.0561	-0.2666	-0.57164	4.7374	0	0
-0.16545	-0.28084	3.0298	0.19198	0.45409	3.8968	0.12835	-0.030738	4.352	0	0
-0.16545	-0.28084	3.0298	0.12835	-0.030738	4.352	-0.15805	-0.24374	4.5619	0	0
-0.16545	-0.28084	3.0298	-0.15805	-0.24374	4.5619	-0.2666	-0.57164	4.7374	0	0
0.19198	0.45409	2.8704	0.5727	0.89226	3.8548	0.2311	0.63296	4.6118	0	0
0.19198	0.45409	2.8704	-0.17965	0.74516	4.0608	-0.1763	0.49556	4.57	0	0
0.19198	0.45409	2.8704	0.12835	-0.030738	4.352	0.2311	0.63296	4.6118	0	0
-0.24735	1.2865	2.1561	-0.17965	0.74516	4.0608	-0.41335	1.134	4.6148	0	0
-0.24735	1.2865	2.1561	0.11245	1.1443	4.0705	-0.41335	1.134	4.6148	0	0
0.5727	0.89226	2.8285	0.11245	1.1443	4.0705	0.23795	1.2918	4.5479	0	0
0.5727	0.89226	2.8285	0.2311	0.63296	4.6118	0.60185	0.89616	4.6843	0	0
0.5727	0.89226	2.8285	0.23795	1.2918	4.5479	0.60185	0.89616	4.6843	0	0
-0.17965	0.74516	3.0345	-0.1763	0.49556	4.57	-0.41335	1.134	4.6148	0	0
0.12835	-0.030738	3.3257	-0.1763	0.49556	4.57	-0.15805	-0.24374	4.5619	0	0
0.12835	-0.030738	3.3257	0.2311	0.63296	4.6118	-0.13315	-0.26594	5.0635	0	0
0.11245	1.1443	3.0442	-0.41335	1.134	4.6148	0.23795	1.2918	4.5479	0	0
-0.1763	0.49556	3.5437	-0.15805	-0.24374	4.5619	-0.13315	-0.26594	5.0635	0	0
-0.1763	0.49556	3.5437	-0.13315	-0.26594	5.0635	-0.39075	0.5507	5.3515	0	0
-0.1763	0.49556	3.5437	-0.41335	1.134	4.6148	-0.39075	0.5507	5.3515	0	0
-0.15805	-0.24374	3.5356	-0.2666	-0.57164	4.7374	-0.13315	-0.26594	5.0635	0	0
-0.2666	-0.57164	3.7111	-0.13315	-0.26594	5.0635	-0.40125	-0.59064	5.3859	0	0
0.2311	0.63296	3.5854	-0.13315	-0.26594	5.0635	0.035852	0.38686	5.6041	0	0
0.2311	0.63296	3.5854	0.035852	0.38686	5.6041	0.60185	0.89616	4.6843	0	0
-0.13315	-0.26594	4.0372	-0.36955	-0.2854	5.3799	-0.40125	-0.59064	5.3859	0	0
-0.13315	-0.26594	4.0372	-0.36955	-0.2854	5.3799	0.035852	0.38686	5.6041	0	0
-0.41335	1.134	3.5884	0.23795	1.2918	4.5479	-0.40672	1.1238	5.295	0	0
-0.41335	1.134	3.5884	-0.39075	0.5507	5.3515	-0.40672	1.1238	5.295	0	0
0.23795	1.2918	3.5216	0.2735	1.0969	5.3112	0.60185	0.89616	4.6843	0	0
0.23795	1.2918	3.5216	0.2735	1.0969	5.3112	-0.40672	1.1238	5.295	0	0
-0.36955	-0.2854	4.3535	-0.40125	-0.59064	5.3859	-0.32761	-0.32944	6.058	0	0
-0.36955	-0.2854	4.3535	0.035852	0.38686	5.6041	-0.32761	-0.32944	6.058	0	0
-0.40125	-0.59064	4.3596	-0.32761	-0.32944	6.058	-0.45215	-0.71554	6.0998	0	0
-0.39075	0.5507	4.3252	0.035852	0.38686	5.6041	0.2735	1.0969	5.3112	0	0
-0.39075	0.5507	4.3252	0.2735	1.0969	5.3112	-0.40672	1.1238	5.295	0	0
0.035852	0.38686	4.5778	0.2735	1.0969	5.3112	0.32645	1.112	6.0266	0	0
0.035852	0.38686	4.5778	-0.32761	-0.32944	6.058	-0.1037	0.50781	6.0765	0	0
0.035852	0.38686	4.5778	0.32645	1.112	6.0266	-0.1037	0.50781	6.0765	0	0
0.2735	1.0969	4.2849	0.60185	0.89616	4.6843	0.32645	1.112	6.0266	0	0
-0.32761	-0.32944	5.0317	-0.45215	-0.71554	6.0998	-0.3167	-0.29826	6.6523	0	0
-0.32761	-0.32944	5.0317	-0.1037	0.50781	6.0765	-0.3167	-0.29826	6.6523	0	0
0.32645	1.112	5.0003	-0.1037	0.50781	6.0765	0.30095	1.1021	6.8031	0	0
-0.45215	-0.71554	5.0735	-0.3167	-0.29826	6.6523	-0.59195	-0.91369	6.7385	0	0
-0.1037	0.50781	5.0502	-0.3167	-0.29826	6.6523	-0.13598	0.39563	6.7364	0	0
-0.1037	0.50781	5.0502	-0.13598	0.39563	6.7364	0.30095	1.1021	6.8031	0	0
-0.3167	-0.29826	5.6259	-0.13598	0.39563	6.7364	-0.42788	-0.25034	7.4039	0	0
-0.3167	-0.29826	5.6259	-0.59195	-0.91369	6.7385	-0.42788	-0.25034	7.4039	0	0
-0.13598	0.39563	5.7101	0.30095	1.1021	6.8031	-0.11615	0.77816	7.5529	0	0
-0.13598	0.39563	5.7101	-0.42788	-0.25034	7.4039	-0.11615	0.77816	7.5529	0	0
-0.59195	-0.91369	5.7121	-0.42788	-0.25034	7.4039	-0.56585	-0.73734	7.548	0	0
-0.59195	-0.91369	5.7121	-0.94701	-1.0701	7.415	-0.56585	-0.73734	7.548	0	0
0.30095	1.1021	5.7767	-0.11615	0.77816	7.5529	0.2734	1.0952	7.5373	0	0
-0.42788	-0.25034	6.3776	-0.56585	-0.73734	7.548	-0.4124	-0.22374	8.0443	0	0
-0.42788	-0.25034	6.3776	-0.54988	0.3956	7.5862	-0.11615	0.77816	7.5529	0	0
-0.42788	-0.25034	6.3776	-0.54988	0.3956	7.5862	-0.4124	-0.22374	8.0443	0	0
-0.94701	-1.0701	6.3887	-0.56585	-0.73734	7.548	-0.62795	-0.78214	8.0021	0	0
-0.94701	-1.0701	6.3887	-0.62795	-0.78214	8.0021	-1.0538	-0.90764	8.1021	0	0
-0.56585	-0.73734	6.5217	-0.4124	-0.22374	8.0443	-0.62795	-0.78214	8.0021	0	0
-0.54988	0.3956	6.5599	-0.11615	0.77816	7.5529	-0.51378	1.1669	7.4114	0	0
-0.54988	0.3956	6.5599	-0.51378	1.1669	7.4114	-0.4791	1.2056	8.0208	0	0
-0.54988	0.3956	6.5599	-0.4124	-0.22374	8.0443	-0.4438	0.46864	8.0486	0	0
-0.54988	0.3956	6.5599	-0.4438	0.46864	8.0486	-0.4791	1.2056	8.0208	0	0
-0.11615	0.77816	6.5266	-0.51378	1.1669	7.4114	0.2734	1.0952	7.5373	0	0
-0.51378	1.1669	6.385	0.2734	1.0952	7.5373	0.026352	1.5502	7.4657	0	0
-0.51378	1.1669	6.385	0.026352	1.5502	7.4657	-0.28695	1.5502	7.7489	0	0
-0.51378	1.1669	6.385	-0.28695	1.5502	7.7489	-0.4791	1.2056	8.0208	0	0
0.2734	1.0952	6.511	-0.4124	-0.22374	8.0443	0.2581	1.0921	8.0847	0	0
0.2734	1.0952	6.511	0.026352	1.5502	7.4657	0.2581	1.0921	8.0847	0	0
-0.4124	-0.22374	7.0179	-0.62795	-0.78214	8.0021	-0.89135	-0.40644	8.3197	0	0
-0.4124	-0.22374	7.0179	-0.4438	0.46864	8.0486	-0.89135	-0.40644	8.3197	0	0
-0.4124	-0.22374	7.0179	0.2581	1.0921	8.0847	0.18565	0.81736	8.7878	0	0
-0.4124	-0.22374	7.0179	0.18565	0.81736	8.7878	-0.4245	-0.22426	8.8192	0	0
-0.62795	-0.78214	6.9758	-1.0538	-0.90764	8.1021	-0.89135	-0.40644	8.3197	0	0
-0.4438	0.46864	7.0223	-0.4791	1.2056	8.0208	-0.46324	0.48506	8.815	0	0
-0.4438	0.46864	7.0223	-0.89135	-0.40644	8.3197	-0.46324	0.48506	8.815	0	0
-1.0538	-0.90764	7.0758	-0.89135	-0.40644	8.3197	-0.54655	-0.74849	8.802	0	0
-1.0538	-0.90764	7.0758	-0.54655	-0.74849	8.802	-0.85995	-1.0273	9.7054	0	0
0.026352	1.5502	6.4394	-0.28695	1.5502	7.7489	-0.034448	1.5586	8.1141	0	0
0.026352	1.5502	6.4394	0.2581	1.0921	8.0847	-0.034448	1.5586	8.1141	0	0
-0.28695	1.5502	6.7226	-0.31265	1.5695	7.8874	-0.4791	1.2056	8.0208	0	0
-0.28695	1.5502	6.7226	-0.31265	1.5695	7.8874	-0.034448	1.5586	8.1141	0	0
0.2581	1.0921	7.0584	-0.034448	1.5586	8.1141	0.038052	1.586	8.4944	0	0
0.2581	1.0921	7.0584	0.038052	1.586	8.4944	0.15865	1.3202	8.8175	0	0
0.2581	1.0921	7.0584	0.18565	0.81736	8.7878	0.15865	1.3202	8.8175	0	0
-0.31265	1.5695	6.8611	-0.4791	1.2056	8.0208	-0.16725	1.5609	8.5345	0	0
-0.31265	1.5695	6.8611	-0.034448	1.5586	8.1141	-0.16725	1.5609	8.5345	0	0
-0.4791	1.2056	6.9945	-0.16725	1.5609	8.5345	-0.43757	1.192	8.8144	0	0
-0.4791	1.2056	6.9945	-0.46324	0.48506	8.815	-0.43757	1.192	8.8144	0	0
-0.89135	-0.40644	7.2934	-0.54655	-0.74849	8.802	-0.4245	-0.22426	8.8192	0	0
-0.89135	-0.40644	7.2934	-0.4245	-0.22426	8.8192	-0.46324	0.48506	8.815	0	0
-0.034448	1.5586	7.0878	0.038052	1.586	8.4944	-0.16725	1.5609	8.5345	0	0
0.038052	1.586	7.4681	-0.16725	1.5609	8.5345	-0.2822	1.5457	9.3801	0	0
0.038052	1.586	7.4681	0.15865	1.3202	8.8175	-0.2822	1.5457	9.3801	0	0
-0.16725	1.5609	7.5082	-0.43757	1.192	8.8144	-0.2822	1.5457	9.3801	0	0
0.18565	0.81736	7.7615	-0.4245	-0.22426	8.8192	0.099852	0.53146	9.6678	0	0
0.18565	0.81736	7.7615	0.15865	1.3202	8.8175	0.1686	1.0787	9.5365	0	0
0.18565	0.81736	7.7615	0.1686	1.0787	9.5365	0.099852	0.53146	9.6678	0	0
-0.54655	-0.74849	7.7756	-0.4245	-0.22426	8.8192	-0.54215	-0.73694	9.5497	0	0
-0.54655	-0.74849	7.7756	-0.54215	-0.73694	9.5497	-0.85995	-1.0273	9.7054	0	0
-0.4245	-0.22426	7.7929	-0.54215	-0.73694	9.5497	-0.40325	-0.23239	9.5557	0	0
-0.4245	-0.22426	7.7929	-0.40325	-0.23239	9.5557	0.099852	0.53146	9.6678	0	0
-0.46324	0.48506	7.7886	-0.43757	1.192	8.8144	-0.50717	0.49754	9.5691	0	0
-0.46324	0.48506	7.7886	-0.40325	-0.23239	9.5557	-0.50717	0.49754	9.5691	0	0
-0.43757	1.192	7.7881	-0.2822	1.5457	9.3801	-0.4315	1.1788	9.5592	0	0
-0.43757	1.192	7.7881	-0.50717	0.49754	9.5691	-0.4315	1.1788	9.5592	0	0
0.15865	1.3202	7.7912	-0.2822	1.5457	9.3801	0.1686	1.0787	9.5365	0	0
-0.54215	-0.73694	8.5234	-0.40325	-0.23239	9.5557	-0.39457	-0.35364	10.274	0	0
-0.54215	-0.73694	8.5234	-0.85995	-1.0273	9.7054	-0.65628	-0.8273	10.225	0	0
-0.54215	-0.73694	8.5234	-0.65628	-0.8273	10.225	-0.39457	-0.35364	10.274	0	0
-0.40325	-0.23239	8.5294	-0.50717	0.49754	9.5691	-0.50472	0.53016	10.263	0	0
-0.40325	-0.23239	8.5294	-0.39457	-0.35364	10.274	-0.50472	0.53016	10.263	0	0
-0.2822	1.5457	8.3537	0.1686	1.0787	9.5365	-0.016698	1.5936	10.331	0	0
-0.2822	1.5457	8.3537	-0.4315	1.1788	9.5592	-0.25145	1.5798	10.313	0	0
-0.2822	1.5457	8.3537	-0.25145	1.5798	10.313	-0.016698	1.5936	10.331	0	0
0.1686	1.0787	8.5102	0.099852	0.53146	9.6678	0.23665	0.83626	10.139	0	0
0.1686	1.0787	8.5102	0.23665	0.83626	10.139	0.10795	1.333	10.31	0	0
0.1686	1.0787	8.5102	-0.016698	1.5936	10.331	0.10795	1.333	10.31	0	0
-0.50717	0.49754	8.5427	-0.4315	1.1788	9.5592	-0.50472	0.53016	10.263	0	0
0.099852	0.53146	8.6415	-0.39457	-0.35364	10.274	0.23665	0.83626	10.139	0	0
-0.65628	-0.8273	9.1986	-0.39457	-0.35364	10.274	-0.42485	-0.68119	11.11	0	0
-0.39457	-0.35364	9.2478	0.23665	0.83626	10.139	0.17135	0.54336	11.136	0	0
-0.39457	-0.35364	9.2478	-0.50472	0.53016	10.263	-0.35848	-0.20897	10.899	0	0
-0.39457	-0.35364	9.2478	-0.35848	-0.20897	10.899	-0.42485	-0.68119	11.11	0	0
-0.4315	1.1788	8.5329	-0.50472	0.53016	10.263	-0.4806	1.1799	10.32	0	0
-0.4315	1.1788	8.5329	-0.4806	1.1799	10.32	-0.25145	1.5798	10.313	0	0
0.23665	0.83626	9.1124	0.10795	1.333	10.31	0.21739	1.0475	10.913	0	0
0.23665	0.83626	9.1124	0.21739	1.0475	10.913	0.17135	0.54336	11.136	0	0
-0.50472	0.53016	9.2364	-0.4806	1.1799	10.32	-0.40839	0.43862	10.972	0	0
-0.50472	0.53016	9.2364	-0.35848	-0.20897	10.899	-0.40839	0.43862	10.972	0	0
-0.4806	1.1799	9.2938	-0.25145	1.5798	10.313	-0.36515	1.6128	11.053	0	0
-0.4806	1.1799	9.2938	-0.36515	1.6128	11.053	-0.52258	1.2767	11.081	0	0
-0.4806	1.1799	9.2938	-0.52258	1.2767	11.081	-0.40839	0.43862	10.972	0	0
-0.35848	-0.20897	9.8729	-0.40839	0.43862	10.972	-0.3805	-0.25454	11.548	0	0
-0.35848	-0.20897	9.8729	-0.42485	-0.68119	11.11	-0.3805	-0.25454	11.548	0	0
-0.25145	1.5798	9.2866	-0.016698	1.5936	10.331	-0.36515	1.6128	11.053	0	0
-0.016698	1.5936	9.3044	0.10795	1.333	10.31	-0.012848	1.6031	11.064	0	0
-0.016698	1.5936	9.3044	-0.012848	1.6031	11.064	-0.36515	1.6128	11.053	0	0
0.10795	1.333	9.284	0.21739	1.0475	10.913	-0.012848	1.6031	11.064	0	0
0.21739	1.0475	9.8871	-0.012848	1.6031	11.064	0.2639	1.1164	11.541	0	0
0.21739	1.0475	9.8871	0.17135	0.54336	11.136	0.2639	1.1164	11.541	0	0
-0.36515	1.6128	10.026	-0.52258	1.2767	11.081	-0.51385	1.2237	11.577	0	0
-0.52258	1.2767	10.054	-0.40839	0.43862	10.972	-0.47425	0.49099	11.542	0	0
-0.52258	1.2767	10.054	-0.47425	0.49099	11.542	-0.51385	1.2237	11.577	0	0
-0.40839	0.43862	9.946	-0.3805	-0.25454	11.548	-0.47425	0.49099	11.542	0	0
0.17135	0.54336	10.11	0.14235	0.54886	11.383	0.2639	1.1164	11.541	0	0
-0.42485	-0.68119	10.083	-0.3805	-0.25454	11.548	-0.73568	-0.83094	11.678	0	0
-0.3805	-0.25454	10.522	-0.73568	-0.83094	11.678	-0.96105	-0.55514	11.959	0	0
-0.3805	-0.25454	10.522	-0.47425	0.49099	11.542	-0.45897	0.4671	12.308	0	0
-0.3805	-0.25454	10.522	-0.96105	-0.55514	11.959	-0.37735	-0.30974	12.377	0	0
-0.3805	-0.25454	10.522	-0.37735	-0.30974	12.377	-0.45897	0.4671	12.308	0	0
-0.73568	-0.83094	10.652	-0.96105	-0.55514	11.959	-0.86515	-0.80664	12.027	0	0
-0.47425	0.49099	10.516	-0.51385	1.2237	11.577	-0.46937	1.2148	12.265	0	0
-0.47425	0.49099	10.516	-0.45897	0.4671	12.308	-0.46937	1.2148	12.265	0	0
-0.96105	-0.55514	10.932	-0.86515	-0.80664	12.027	-0.37735	-0.30974	12.377	0	0
-0.86515	-0.80664	11.001	-0.68505	-0.91876	12.451	-0.37735	-0.30974	12.377	0	0
-0.68505	-0.91876	11.424	-0.37735	-0.30974	12.377	-0.6718	-0.79579	12.916	0	0
-0.37735	-0.30974	11.351	-0.45897	0.4671	12.308	-0.45517	0.47934	13.071	0	0
-0.37735	-0.30974	11.351	-0.6718	-0.79579	12.916	-0.38811	-0.35657	12.961	0	0
-0.37735	-0.30974	11.351	-0.38811	-0.35657	12.961	-0.45517	0.47934	13.071	0	0
-0.45897	0.4671	11.282	-0.46937	1.2148	12.265	-0.3675	1.1734	13.003	0	0
-0.45897	0.4671	11.282	-0.45517	0.47934	13.071	-0.3675	1.1734	13.003	0	0
-0.6718	-0.79579	11.89	-0.38811	-0.35657	12.961	-0.42152	-0.31249	13.655	0	0
-0.6718	-0.79579	11.89	-0.42152	-0.31249	13.655	-0.48425	-0.71459	13.816	0	0
-0.38811	-0.35657	11.934	-0.45517	0.47934	13.071	-0.42152	-0.31249	13.655	0	0
-0.46937	1.2148	11.239	0.3201	1.1734	12.319	0.44915	1.7967	12.608	0	0
-0.46937	1.2148	11.239	-0.3675	1.1734	13.003	0.27305	1.7982	12.942	0	0
-0.46937	1.2148	11.239	0.44915	1.7967	12.608	0.27305	1.7982	12.942	0	0
-0.45517	0.47934	12.045	-0.3675	1.1734	13.003	-0.41085	1.0843	13.778	0	0
-0.45517	0.47934	12.045	-0.42152	-0.31249	13.655	-0.4279	0.48226	13.809	0	0
-0.45517	0.47934	12.045	-0.4279	0.48226	13.809	-0.41085	1.0843	13.778	0	0
-0.3675	1.1734	11.976	0.27305	1.7982	12.942	0.2212	1.1343	13.055	0	0
-0.42152	-0.31249	12.628	-0.48425	-0.71459	13.816	-0.34132	-0.30249	14.365	0	0
-0.42152	-0.31249	12.628	-0.4279	0.48226	13.809	-0.34132	-0.30249	14.365	0	0
-0.48425	-0.71459	12.79	-0.34132	-0.30249	14.365	-0.3805	-0.66844	14.533	0	0
-0.4279	0.48226	12.782	-0.34132	-0.30249	14.365	-0.45917	0.47431	14.571	0	0
-0.4279	0.48226	12.782	-0.41085	1.0843	13.778	-0.43095	1.0746	14.544	0	0
-0.4279	0.48226	12.782	-0.45917	0.47431	14.571	-0.43095	1.0746	14.544	0	0
-0.34132	-0.30249	13.339	-0.3805	-0.66844	14.533	-0.88565	-0.52164	15.158	0	0
-0.34132	-0.30249	13.339	-0.45917	0.47431	14.571	-0.88565	-0.52164	15.158	0	0
-0.3805	-0.66844	13.506	-0.45015	-0.71134	15.077	-0.88565	-0.52164	15.158	0	0
-0.45917	0.47431	13.544	-0.88565	-0.52164	15.158	-0.42075	0.48256	15.058	0	0
-0.45917	0.47431	13.544	-0.43095	1.0746	14.544	-0.42075	0.48256	15.058	0	0
-0.45015	-0.71134	14.05	-0.88565	-0.52164	15.158	-0.96415	-0.59844	15.237	0	0
-0.45015	-0.71134	14.05	-0.96415	-0.59844	15.237	-0.41911	-0.86022	15.823	0	0
-0.88565	-0.52164	14.132	-0.96415	-0.59844	15.237	-0.9813	-0.23194	15.939	0	0
-0.88565	-0.52164	14.132	-0.42075	0.48256	15.058	-0.9813	-0.23194	15.939	0	0
-0.36742	-0.36009	14.155	-0.42075	0.48256	15.058	0.16885	0.67156	15.048	0	0
-0.96415	-0.59844	14.211	-0.41911	-0.86022	15.823	-0.88385	-0.74594	16.35	0	0
-0.96415	-0.59844	14.211	-0.88385	-0.74594	16.35	-0.9813	-0.23194	15.939	0	0
-0.43095	1.0746	13.518	-0.42075	0.48256	15.058	-0.24235	1.0866	15.056	0	0
-0.42075	0.48256	14.032	0.16885	0.67156	15.048	-0.24235	1.0866	15.056	0	0
-0.42075	0.48256	14.032	-0.2845	1.1115	15.833	-0.41087	0.47619	15.805	0	0
-0.42075	0.48256	14.032	-0.41087	0.47619	15.805	-0.9813	-0.23194	15.939	0	0
0.16885	0.67156	14.021	-0.24235	1.0866	15.056	0.038752	1.0985	14.99	0	0
-0.2845	1.1115	14.806	0.086652	1.0978	15.893	-0.40285	1.0613	16.442	0	0
-0.2845	1.1115	14.806	-0.41087	0.47619	15.805	-0.40285	1.0613	16.442	0	0
0.15923	0.66041	14.794	0.086652	1.0978	15.893	0.19095	0.60506	16.561	0	0
0.086652	1.0978	14.867	-0.40285	1.0613	16.442	0.098052	1.2044	16.563	0	0
0.086652	1.0978	14.867	0.098052	1.2044	16.563	0.19095	0.60506	16.561	0	0
-0.41087	0.47619	14.779	-0.33885	0.3976	16.548	-0.40285	1.0613	16.442	0	0
-0.41087	0.47619	14.779	-0.33885	0.3976	16.548	-0.9813	-0.23194	15.939	0	0
-0.41911	-0.86022	14.797	-0.88385	-0.74594	16.35	-0.40575	-0.89959	16.375	0	0
0.0025521	-0.12704	15.073	-0.3584	-0.28179	16.533	-0.13335	-0.68374	16.621	0	0
0.0025521	-0.12704	15.073	-0.3584	-0.28179	16.533	-0.33885	0.3976	16.548	0	0
0.0025521	-0.12704	15.073	-0.13335	-0.68374	16.621	0.14772	-0.31664	17.336	0	0
0.0025521	-0.12704	15.073	-0.33885	0.3976	16.548	0.19095	0.60506	16.561	0	0
0.0025521	-0.12704	15.073	0.19095	0.60506	16.561	0.14772	-0.31664	17.336	0	0
-0.88385	-0.74594	15.324	-0.40575	-0.89959	16.375	-0.62545	-0.83467	17.168	0	0
-0.88385	-0.74594	15.324	-0.3584	-0.28179	16.533	-0.97425	-0.35344	16.392	0	0
-0.88385	-0.74594	15.324	-0.62545	-0.83467	17.168	-0.8889	-0.31899	17.315	0	0
-0.88385	-0.74594	15.324	-0.9813	-0.23194	15.939	-0.97425	-0.35344	16.392	0	0
-0.40575	-0.89959	15.348	-0.13335	-0.68374	16.621	-0.62545	-0.83467	17.168	0	0
-0.3584	-0.28179	15.506	-0.13335	-0.68374	16.621	-0.62545	-0.83467	17.168	0	0
-0.3584	-0.28179	15.506	-0.33885	0.3976	16.548	-0.97425	-0.35344	16.392	0	0
-0.3584	-0.28179	15.506	-0.62545	-0.83467	17.168	-0.42971	-0.24287	17.25	0	0
-0.13335	-0.68374	15.594	0.14772	-0.31664	17.336	0.13693	-0.69866	17.265	0	0
-0.33885	0.3976	15.521	-0.40285	1.0613	16.442	-0.38725	0.43935	17.265	0	0
-0.33885	0.3976	15.521	-0.42971	-0.24287	17.25	-0.38725	0.43935	17.265	0	0
-0.33885	0.3976	15.521	-0.9813	-0.23194	15.939	-0.97425	-0.35344	16.392	0	0
-0.40285	1.0613	15.416	0.098052	1.2044	16.563	-0.15665	1.2386	17.304	0	0
-0.40285	1.0613	15.416	-0.38725	0.43935	17.265	-0.15665	1.2386	17.304	0	0
0.098052	1.2044	15.537	0.19095	0.60506	16.561	0.2491	0.60551	17.313	0	0
0.098052	1.2044	15.537	0.2491	0.60551	17.313	0.062652	1.2484	17.309	0	0
0.098052	1.2044	15.537	-0.15665	1.2386	17.304	0.062652	1.2484	17.309	0	0
-0.62545	-0.83467	16.142	-0.8889	-0.31899	17.315	-0.29075	-0.65094	18.07	0	0
-0.62545	-0.83467	16.142	-0.29075	-0.65094	18.07	0.13693	-0.69866	17.265	0	0
-0.42971	-0.24287	16.224	-0.38725	0.43935	17.265	-0.62165	0.4732	17.91	0	0
-0.42971	-0.24287	16.224	-0.55715	-0.25834	18.062	-0.62165	0.4732	17.91	0	0
-0.42971	-0.24287	16.224	-0.55715	-0.25834	18.062	-0.29075	-0.65094	18.07	0	0
-0.38725	0.43935	16.239	0.2491	0.60551	17.313	-0.15665	1.2386	17.304	0	0
-0.38725	0.43935	16.239	-0.62165	0.4732	17.91	-0.38205	1.0578	18.07	0	0
0.19095	0.60506	15.535	0.2491	0.60551	17.313	0.14772	-0.31664	17.336	0	0
-0.8889	-0.31899	16.288	-0.9936	0.070962	17.954	-0.34635	-0.56554	18.285	0	0
-0.8889	-0.31899	16.288	-0.29075	-0.65094	18.07	-0.34635	-0.56554	18.285	0	0
0.2491	0.60551	16.286	0.062652	1.2484	17.309	0.10355	1.2579	18.077	0	0
0.2491	0.60551	16.286	0.10355	1.2579	18.077	0.21259	0.4143	18.048	0	0
0.2491	0.60551	16.286	0.21259	0.4143	18.048	0.14772	-0.31664	17.336	0	0
-0.15665	1.2386	16.278	0.062652	1.2484	17.309	-0.073448	1.5697	17.597	0	0
0.062652	1.2484	16.282	-0.073448	1.5697	17.597	0.10355	1.2579	18.077	0	0
-0.9936	0.070962	16.928	-0.55715	-0.25834	18.062	-0.62165	0.4732	17.91	0	0
-0.9936	0.070962	16.928	-0.62165	0.4732	17.91	-0.57545	0.52846	18.614	0	0
-0.073448	1.5697	16.57	0.10355	1.2579	18.077	-0.23995	1.5602	18.699	0	0
-0.62165	0.4732	16.884	-0.38205	1.0578	18.07	-0.57545	0.52846	18.614	0	0
-0.38205	1.0578	17.044	-0.57545	0.52846	18.614	-0.45155	1.1916	18.521	0	0
0.10355	1.2579	17.05	0.21259	0.4143	18.048	0.16085	1.0296	18.564	0	0
0.10355	1.2579	17.05	-0.23995	1.5602	18.699	0.16085	1.0296	18.564	0	0
0.022952	-0.076438	17.013	0.21259	0.4143	18.048	0.14772	-0.31664	17.336	0	0
0.022952	-0.076438	17.013	0.21259	0.4143	18.048	0.083602	0.26871	18.527	0	0
0.022952	-0.076438	17.013	-0.29075	-0.65094	18.07	-0.34635	-0.56554	18.285	0	0
0.022952	-0.076438	17.013	-0.29075	-0.65094	18.07	0.14772	-0.31664	17.336	0	0
0.022952	-0.076438	17.013	-0.34635	-0.56554	18.285	-0.33482	-0.38494	18.527	0	0
0.022952	-0.076438	17.013	-0.33482	-0.38494	18.527	0.083602	0.26871	18.527	0	0
0.21259	0.4143	17.022	0.083602	0.26871	18.527	0.16085	1.0296	18.564	0	0
-0.29075	-0.65094	17.044	0.14772	-0.31664	17.336	0.13693	-0.69866	17.265	0	0
-0.34635	-0.56554	17.259	-0.33482	-0.38494	18.527	-0.30967	-0.65984	19.43	0	0
-0.33482	-0.38494	17.501	0.083602	0.26871	18.527	-0.3333	-0.25534	19.303	0	0
-0.33482	-0.38494	17.501	-0.3333	-0.25534	19.303	-0.30967	-0.65984	19.43	0	0
0.083602	0.26871	17.501	0.16085	1.0296	18.564	0.012912	0.41294	19.344	0	0
0.083602	0.26871	17.501	-0.3333	-0.25534	19.303	0.012912	0.41294	19.344	0	0
-0.57545	0.52846	17.588	-0.45155	1.1916	18.521	-0.46765	1.1308	19.26	0	0
-0.57545	0.52846	17.588	-0.3333	-0.25534	19.303	-0.70147	0.45576	19.303	0	0
-0.57545	0.52846	17.588	-0.70147	0.45576	19.303	-0.46765	1.1308	19.26	0	0
-0.45155	1.1916	17.494	-0.23995	1.5602	18.699	-0.46765	1.1308	19.26	0	0
-0.23995	1.5602	17.673	0.16085	1.0296	18.564	0.26243	1.0638	19.343	0	0
-0.23995	1.5602	17.673	-0.46765	1.1308	19.26	-0.2114	1.6082	19.361	0	0
-0.23995	1.5602	17.673	0.26243	1.0638	19.343	-0.015798	1.6102	19.449	0	0
-0.23995	1.5602	17.673	-0.2114	1.6082	19.361	-0.015798	1.6102	19.449	0	0
0.16085	1.0296	17.538	0.012912	0.41294	19.344	0.26243	1.0638	19.343	0	0
-0.3333	-0.25534	18.277	-0.30967	-0.65984	19.43	-0.35305	-0.28614	20.053	0	0
-0.3333	-0.25534	18.277	-0.70147	0.45576	19.303	-0.70195	0.43951	20.061	0	0
-0.3333	-0.25534	18.277	0.012912	0.41294	19.344	-0.35305	-0.28614	20.053	0	0
-0.3333	-0.25534	18.277	-0.70195	0.43951	20.061	-0.10255	0.48991	20.051	0	0
-0.30967	-0.65984	18.403	-0.35305	-0.28614	20.053	-0.2813	-0.69894	20.021	0	0
-0.70147	0.45576	18.277	-0.46765	1.1308	19.26	-0.501	1.2706	20.018	0	0
-0.70147	0.45576	18.277	-0.70195	0.43951	20.061	-0.501	1.2706	20.018	0	0
-0.46765	1.1308	18.234	-0.2114	1.6082	19.361	-0.501	1.2706	20.018	0	0
0.012912	0.41294	18.317	0.26243	1.0638	19.343	0.28835	1.1383	19.911	0	0
0.012912	0.41294	18.317	-0.35305	-0.28614	20.053	-0.10255	0.48991	20.051	0	0
0.012912	0.41294	18.317	-0.10255	0.48991	20.051	0.28835	1.1383	19.911	0	0
0.26243	1.0638	18.316	-0.015798	1.6102	19.449	0.28835	1.1383	19.911	0	0
-0.2114	1.6082	18.335	-0.015798	1.6102	19.449	-0.26135	1.6477	20.091	0	0
-0.2114	1.6082	18.335	-0.501	1.2706	20.018	-0.26135	1.6477	20.091	0	0
-0.015798	1.6102	18.423	0.045752	1.7212	20.087	-0.26135	1.6477	20.091	0	0
-0.015798	1.6102	18.423	0.045752	1.7212	20.087	0.28835	1.1383	19.911	0	0
-0.70195	0.43951	19.035	-0.501	1.2706	20.018	-0.44551	1.2559	20.727	0	0
-0.70195	0.43951	19.035	-0.48658	0.37955	20.803	-0.44551	1.2559	20.727	0	0
-0.70195	0.43951	19.035	-0.48658	0.37955	20.803	-1.3729	0.25606	21.372	0	0
-0.35305	-0.28614	19.026	-0.2813	-0.69894	20.021	-0.30075	-0.65276	20.777	0	0
-0.35305	-0.28614	19.026	-0.10255	0.48991	20.051	-0.38382	-0.26259	20.793	0	0
-0.35305	-0.28614	19.026	-0.30075	-0.65276	20.777	-0.38382	-0.26259	20.793	0	0
-0.10255	0.48991	19.024	0.28835	1.1383	19.911	0.051352	0.73821	20.576	0	0
-0.10255	0.48991	19.024	-0.38382	-0.26259	20.793	0.051352	0.73821	20.576	0	0
-0.501	1.2706	18.992	-0.26135	1.6477	20.091	-0.44551	1.2559	20.727	0	0
0.045752	1.7212	19.061	-0.26135	1.6477	20.091	-0.44551	1.2559	20.727	0	0
0.045752	1.7212	19.061	0.28835	1.1383	19.911	0.58715	1.316	20.14	0	0
0.045752	1.7212	19.061	-0.44551	1.2559	20.727	0.34502	1.172	20.878	0	0
0.045752	1.7212	19.061	0.58715	1.316	20.14	0.34502	1.172	20.878	0	0
0.28835	1.1383	18.885	0.58715	1.316	20.14	0.051352	0.73821	20.576	0	0
-0.30075	-0.65276	19.751	-0.38382	-0.26259	20.793	-0.423	-0.26574	21.556	0	0
-0.30075	-0.65276	19.751	-0.3939	-0.77024	21.538	-0.423	-0.26574	21.556	0	0
-0.38382	-0.26259	19.767	0.051352	0.73821	20.576	0.2381	0.44926	21.314	0	0
-0.38382	-0.26259	19.767	-0.423	-0.26574	21.556	0.2381	0.44926	21.314	0	0
-0.48658	0.37955	19.777	-0.44551	1.2559	20.727	-0.54335	1.2539	21.341	0	0
-0.48658	0.37955	19.777	-0.39635	0.5562	21.475	0.2381	0.44926	21.314	0	0
-0.48658	0.37955	19.777	-0.39635	0.5562	21.475	-1.3729	0.25606	21.372	0	0
-0.44551	1.2559	19.701	0.34502	1.172	20.878	-0.54335	1.2539	21.341	0	0
0.58715	1.316	19.114	0.051352	0.73821	20.576	0.656	1.2231	20.593	0	0
0.051352	0.73821	19.55	0.34502	1.172	20.878	0.656	1.2231	20.593	0	0
0.051352	0.73821	19.55	0.34502	1.172	20.878	0.2381	0.44926	21.314	0	0
-0.3939	-0.77024	20.511	-0.423	-0.26574	21.556	-0.59085	-0.65714	22.028	0	0
0.34502	1.172	19.851	-0.54335	1.2539	21.341	0.95315	1.598	21.969	0	0
0.34502	1.172	19.851	0.656	1.2231	20.593	0.85285	1.191	21.302	0	0
0.34502	1.172	19.851	0.3645	0.98856	21.495	0.85285	1.191	21.302	0	0
0.34502	1.172	19.851	0.3645	0.98856	21.495	0.2381	0.44926	21.314	0	0
-0.54335	1.2539	20.315	-0.25505	1.1246	22.068	0.95315	1.598	21.969	0	0
0.3645	0.98856	20.468	0.19025	1.0859	22.049	0.21475	0.67251	22.012	0	0
0.3645	0.98856	20.468	0.19025	1.0859	22.049	0.95315	1.598	21.969	0	0
0.3645	0.98856	20.468	0.85285	1.191	21.302	0.95315	1.598	21.969	0	0
0.3645	0.98856	20.468	0.21475	0.67251	22.012	0.2381	0.44926	21.314	0	0
-0.39635	0.5562	20.449	-0.423	-0.26574	21.556	-0.415	0.47006	22.041	0	0
-0.39635	0.5562	20.449	-0.423	-0.26574	21.556	-1.105	-0.074787	21.691	0	0
-0.39635	0.5562	20.449	-0.415	0.47006	22.041	0.2381	0.44926	21.314	0	0
-0.39635	0.5562	20.449	-1.105	-0.074787	21.691	-1.3729	0.25606	21.372	0	0
-0.423	-0.26574	20.53	-0.415	0.47006	22.041	-0.35988	-0.3019	22.122	0	0
-0.423	-0.26574	20.53	-0.59085	-0.65714	22.028	-1.105	-0.074787	21.691	0	0
-0.423	-0.26574	20.53	-0.35988	-0.3019	22.122	0.3372	-0.36624	22.18	0	0
-0.423	-0.26574	20.53	0.2381	0.44926	21.314	0.3372	-0.36624	22.18	0	0
-0.415	0.47006	21.015	-0.35988	-0.3019	22.122	-0.47126	0.4628	22.806	0	0
-0.415	0.47006	21.015	-0.25505	1.1246	22.068	0.21475	0.67251	22.012	0	0
-0.415	0.47006	21.015	-0.25505	1.1246	22.068	-0.26585	1.0335	22.716	0	0
-0.415	0.47006	21.015	0.21475	0.67251	22.012	0.2381	0.44926	21.314	0	0
-0.415	0.47006	21.015	-0.47126	0.4628	22.806	-0.26585	1.0335	22.716	0	0
-0.59085	-0.65714	21.002	-0.35988	-0.3019	22.122	-0.6199	-0.31859	22.825	0	0
-0.59085	-0.65714	21.002	-1.105	-0.074787	21.691	-1.1567	-0.12344	22.002	0	0
-0.59085	-0.65714	21.002	-1.1567	-0.12344	22.002	-1.1862	-0.4681	22.686	0	0
-0.59085	-0.65714	21.002	-0.6199	-0.31859	22.825	-1.1862	-0.4681	22.686	0	0
-0.35988	-0.3019	21.095	-0.56622	-0.76911	22.772	0.154	-0.21294	22.793	0	0
-0.35988	-0.3019	21.095	-0.47126	0.4628	22.806	-0.6199	-0.31859	22.825	0	0
-0.35988	-0.3019	21.095	0.154	-0.21294	22.793	0.3372	-0.36624	22.18	0	0
-0.25505	1.1246	21.041	0.19025	1.0859	22.049	0.21475	0.67251	22.012	0	0
-0.25505	1.1246	21.041	0.19025	1.0859	22.049	0.011352	1.0912	22.825	0	0
-0.25505	1.1246	21.041	-0.26585	1.0335	22.716	0.011352	1.0912	22.825	0	0
0.19025	1.0859	21.022	0.95315	1.598	21.969	0.011352	1.0912	22.825	0	0
0.85285	1.191	20.275	0.2381	0.44926	21.314	0.65595	-0.22354	22.245	0	0
-0.56622	-0.76911	21.746	-0.61585	-0.67474	23.591	-0.6199	-0.31859	22.825	0	0
-0.56622	-0.76911	21.746	-0.61585	-0.67474	23.591	-1.0935	-0.92016	22.872	0	0
-0.56622	-0.76911	21.746	-0.6199	-0.31859	22.825	-1.1862	-0.4681	22.686	0	0
-0.56622	-0.76911	21.746	-1.1862	-0.4681	22.686	-1.0935	-0.92016	22.872	0	0
-0.56622	-0.76911	21.746	0.154	-0.21294	22.793	0.3931	-0.63109	22.812	0	0
-0.47126	0.4628	21.78	-0.26585	1.0335	22.716	-0.45125	0.44716	23.551	0	0
-0.47126	0.4628	21.78	-0.6199	-0.31859	22.825	-0.45125	0.44716	23.551	0	0
-0.26585	1.0335	21.69	0.011352	1.0912	22.825	-0.19085	1.1827	23.58	0	0
-0.26585	1.0335	21.69	-0.45125	0.44716	23.551	-0.19085	1.1827	23.58	0	0
-0.61585	-0.67474	22.565	0.059185	-0.32804	23.606	-0.69795	-0.32734	23.565	0	0
-0.61585	-0.67474	22.565	0.059185	-0.32804	23.606	0.34065	-0.69554	23.591	0	0
-0.61585	-0.67474	22.565	-0.6199	-0.31859	22.825	-0.69795	-0.32734	23.565	0	0
-0.61585	-0.67474	22.565	-1.0935	-0.92016	22.872	-1.2522	-1.1001	23.588	0	0
-0.61585	-0.67474	22.565	-1.2522	-1.1001	23.588	-0.88495	-0.79124	24.23	0	0
-0.61585	-0.67474	22.565	-0.65755	-0.88027	24.238	-0.88495	-0.79124	24.23	0	0
-0.61585	-0.67474	22.565	-0.65755	-0.88027	24.238	0.20085	-0.77226	24.295	0	0
-0.61585	-0.67474	22.565	0.20085	-0.77226	24.295	0.34065	-0.69554	23.591	0	0
0.059185	-0.32804	22.58	0.2188	0.55101	23.55	-0.45125	0.44716	23.551	0	0
0.059185	-0.32804	22.58	0.2188	0.55101	23.55	0.25115	-0.20677	24.211	0	0
0.059185	-0.32804	22.58	-0.45125	0.44716	23.551	-0.56201	-0.20524	24.273	0	0
0.059185	-0.32804	22.58	-0.56201	-0.20524	24.273	0.20085	-0.77226	24.295	0	0
0.059185	-0.32804	22.58	0.20085	-0.77226	24.295	0.25115	-0.20677	24.211	0	0
0.059185	-0.32804	22.58	0.34065	-0.69554	23.591	0.3931	-0.63109	22.812	0	0
0.011352	1.0912	21.799	0.036752	1.1831	23.557	-0.19085	1.1827	23.58	0	0
0.2381	0.44926	20.288	0.3372	-0.36624	22.18	0.65595	-0.22354	22.245	0	0
-1.105	-0.074787	20.664	-1.1567	-0.12344	22.002	-1.5789	-0.13094	22.108	0	0
-1.105	-0.074787	20.664	-1.3729	0.25606	21.372	-1.5789	-0.13094	22.108	0	0
-1.1567	-0.12344	20.976	-1.1862	-0.4681	22.686	-1.5789	-0.13094	22.108	0	0
0.2188	0.55101	22.524	0.036752	1.1831	23.557	0.35425	0.57406	24.307	0	0
0.2188	0.55101	22.524	0.35425	0.57406	24.307	0.25115	-0.20677	24.211	0	0
0.2188	0.55101	22.524	0.84775	-0.62624	23.106	0.88052	-0.3274	22.704	0	0
-0.6199	-0.31859	21.799	-0.69795	-0.32734	23.565	-0.45125	0.44716	23.551	0	0
-1.1862	-0.4681	21.66	-1.0935	-0.92016	22.872	-1.7044	-0.7402	22.887	0	0
-1.1862	-0.4681	21.66	-1.5789	-0.13094	22.108	-1.7044	-0.7402	22.887	0	0
-1.0935	-0.92016	21.846	-1.2522	-1.1001	23.588	-1.7044	-0.7402	22.887	0	0
-0.69795	-0.32734	22.539	-0.45125	0.44716	23.551	-0.9193	-0.076787	24.143	0	0
-0.69795	-0.32734	22.539	-0.88495	-0.79124	24.23	-0.9193	-0.076787	24.143	0	0
-0.45125	0.44716	22.525	-0.19085	1.1827	23.58	-0.48988	0.57153	24.206	0	0
-0.45125	0.44716	22.525	-0.48988	0.57153	24.206	-0.9193	-0.076787	24.143	0	0
0.036752	1.1831	22.53	-0.19085	1.1827	23.58	-0.070648	1.5571	24.502	0	0
0.036752	1.1831	22.53	0.35425	0.57406	24.307	0.092302	1.2865	24.319	0	0
0.036752	1.1831	22.53	0.092302	1.2865	24.319	-0.070648	1.5571	24.502	0	0
-1.2522	-1.1001	22.562	-0.88495	-0.79124	24.23	-1.895	-1.1264	23.905	0	0
-1.2522	-1.1001	22.562	-1.7044	-0.7402	22.887	-1.8615	-0.94627	23.51	0	0
-1.2522	-1.1001	22.562	-1.8615	-0.94627	23.51	-1.895	-1.1264	23.905	0	0
-0.65755	-0.88027	23.212	-0.88495	-0.79124	24.23	-0.56235	-0.98259	24.845	0	0
-0.65755	-0.88027	23.212	-0.56235	-0.98259	24.845	0.20085	-0.77226	24.295	0	0
-0.88495	-0.79124	23.204	-0.56235	-0.98259	24.845	-0.90285	-0.61954	24.875	0	0
-0.88495	-0.79124	23.204	-0.90285	-0.61954	24.875	-1.895	-1.1264	23.905	0	0
-0.88495	-0.79124	23.204	-0.9193	-0.076787	24.143	-0.9921	-0.30204	24.834	0	0
-0.19085	1.1827	22.553	-0.48988	0.57153	24.206	-0.22925	1.1973	24.317	0	0
-0.19085	1.1827	22.553	-0.22925	1.1973	24.317	-0.070648	1.5571	24.502	0	0
0.35425	0.57406	23.28	0.092302	1.2865	24.319	0.19245	1.2739	25.036	0	0
0.35425	0.57406	23.28	0.19245	1.2739	25.036	0.66172	0.44816	24.975	0	0
0.35425	0.57406	23.28	0.25115	-0.20677	24.211	0.6572	-0.24529	24.815	0	0
0.35425	0.57406	23.28	0.66172	0.44816	24.975	0.6572	-0.24529	24.815	0	0
-0.56201	-0.20524	23.247	-0.48988	0.57153	24.206	0.17749	-0.20924	24.888	0	0
-0.56201	-0.20524	23.247	-0.60445	-0.36564	25.114	-0.89945	0.26706	24.422	0	0
-0.56201	-0.20524	23.247	0.20085	-0.77226	24.295	0.17749	-0.20924	24.888	0	0
-0.48988	0.57153	23.179	-0.22925	1.1973	24.317	-0.44528	1.1017	24.921	0	0
-0.48988	0.57153	23.179	-0.4588	0.81476	25.072	-0.44528	1.1017	24.921	0	0
-0.48988	0.57153	23.179	-0.4588	0.81476	25.072	-0.89945	0.26706	24.422	0	0
-0.48988	0.57153	23.179	-0.9193	-0.076787	24.143	-0.89945	0.26706	24.422	0	0
-0.48988	0.57153	23.179	0.23865	0.44446	25.084	0.17749	-0.20924	24.888	0	0
-0.56235	-0.98259	23.818	-0.90285	-0.61954	24.875	-0.60445	-0.36564	25.114	0	0
-0.56235	-0.98259	23.818	-0.60445	-0.36564	25.114	0.10852	-0.74714	24.903	0	0
-0.56235	-0.98259	23.818	0.20085	-0.77226	24.295	0.10852	-0.74714	24.903	0	0
-0.90285	-0.61954	23.848	-0.60445	-0.36564	25.114	-0.9921	-0.30204	24.834	0	0
0.092302	1.2865	23.292	-0.070648	1.5571	24.502	0.19245	1.2739	25.036	0	0
-0.22925	1.1973	23.291	-0.070648	1.5571	24.502	-0.44528	1.1017	24.921	0	0
-0.070648	1.5571	23.476	0.19245	1.2739	25.036	-0.018081	1.6022	25.037	0	0
-0.070648	1.5571	23.476	-0.018081	1.6022	25.037	-0.44528	1.1017	24.921	0	0
-0.60445	-0.36564	24.087	-0.42345	-0.73714	25.519	-0.62845	-0.29764	25.565	0	0
-0.60445	-0.36564	24.087	-0.62845	-0.29764	25.565	-0.89475	-0.064838	25.368	0	0
-0.60445	-0.36564	24.087	0.10852	-0.74714	24.903	0.17749	-0.20924	24.888	0	0
-0.60445	-0.36564	24.087	-0.4588	0.81476	25.072	-0.89945	0.26706	24.422	0	0
-0.60445	-0.36564	24.087	-0.9921	-0.30204	24.834	-0.89475	-0.064838	25.368	0	0
-0.60445	-0.36564	24.087	0.10345	0.32781	25.549	0.17749	-0.20924	24.888	0	0
-0.42345	-0.73714	24.492	-0.62845	-0.29764	25.565	-0.1227	-0.41594	26.058	0	0
-0.42345	-0.73714	24.492	0.10852	-0.74714	24.903	0.15392	-0.8914	25.526	0	0
-0.42345	-0.73714	24.492	-0.1227	-0.41594	26.058	0.15392	-0.8914	25.526	0	0
-0.62845	-0.29764	24.539	-0.89475	-0.064838	25.368	-0.53875	-0.15177	26.196	0	0
-0.62845	-0.29764	24.539	-0.4519	0.44011	25.569	-0.1227	-0.41594	26.058	0	0
-0.62845	-0.29764	24.539	-0.53875	-0.15177	26.196	-0.39071	-0.69007	26.436	0	0
0.20085	-0.77226	23.269	0.10852	-0.74714	24.903	0.6572	-0.24529	24.815	0	0
0.20085	-0.77226	23.269	0.25115	-0.20677	24.211	0.6572	-0.24529	24.815	0	0
0.20085	-0.77226	23.269	0.34065	-0.69554	23.591	0.77965	-0.91354	23.662	0	0
0.10852	-0.74714	23.876	0.17749	-0.20924	24.888	0.6572	-0.24529	24.815	0	0
-0.4588	0.81476	24.045	0.23865	0.44446	25.084	0.19245	1.2739	25.036	0	0
-0.4588	0.81476	24.045	0.23865	0.44446	25.084	-0.4519	0.44011	25.569	0	0
-0.4588	0.81476	24.045	0.19245	1.2739	25.036	-0.44528	1.1017	24.921	0	0
-0.4588	0.81476	24.045	-0.4519	0.44011	25.569	-0.5612	1.2395	25.561	0	0
-0.9193	-0.076787	23.116	-0.9921	-0.30204	24.834	-0.89945	0.26706	24.422	0	0
0.23865	0.44446	24.058	0.19245	1.2739	25.036	0.3303	1.0826	25.548	0	0
0.23865	0.44446	24.058	0.10345	0.32781	25.549	-0.4519	0.44011	25.569	0	0
0.23865	0.44446	24.058	0.10345	0.32781	25.549	0.81262	0.58566	25.648	0	0
0.23865	0.44446	24.058	0.17749	-0.20924	24.888	0.66172	0.44816	24.975	0	0
0.23865	0.44446	24.058	0.66172	0.44816	24.975	0.81262	0.58566	25.648	0	0
0.19245	1.2739	24.009	-0.018081	1.6022	25.037	0.075752	1.721	25.588	0	0
0.19245	1.2739	24.009	0.075752	1.721	25.588	0.3303	1.0826	25.548	0	0
0.19245	1.2739	24.009	0.66172	0.44816	24.975	0.81262	0.58566	25.648	0	0
-0.9921	-0.30204	23.807	-0.89475	-0.064838	25.368	-1.0342	0.36408	24.889	0	0
-0.9921	-0.30204	23.807	-0.89945	0.26706	24.422	-1.0342	0.36408	24.889	0	0
-0.89475	-0.064838	24.341	-0.53875	-0.15177	26.196	-1.1659	0.45924	25.541	0	0
-0.89475	-0.064838	24.341	-1.0342	0.36408	24.889	-1.1659	0.45924	25.541	0	0
-0.018081	1.6022	24.011	0.075752	1.721	25.588	-0.20965	1.5844	25.621	0	0
-0.018081	1.6022	24.011	-0.20965	1.5844	25.621	-0.5612	1.2395	25.561	0	0
-0.018081	1.6022	24.011	-0.44528	1.1017	24.921	-0.5612	1.2395	25.561	0	0
0.075752	1.721	24.562	-0.20965	1.5844	25.621	-0.44435	1.6571	26.418	0	0
0.075752	1.721	24.562	0.3303	1.0826	25.548	0.1939	1.1617	26.29	0	0
0.075752	1.721	24.562	-0.44435	1.6571	26.418	0.37085	2.2796	26.511	0	0
-0.20965	1.5844	24.595	-0.5612	1.2395	25.561	-0.44435	1.6571	26.418	0	0
0.10345	0.32781	24.523	-0.4519	0.44011	25.569	0.11317	0.45303	26.287	0	0
0.10345	0.32781	24.523	0.17749	-0.20924	24.888	0.26805	-0.25924	25.715	0	0
0.10345	0.32781	24.523	0.26805	-0.25924	25.715	0.11317	0.45303	26.287	0	0
-0.4519	0.44011	24.542	-0.53875	-0.15177	26.196	-1.1918	0.54756	26.238	0	0
-0.4519	0.44011	24.542	-0.5612	1.2395	25.561	-0.5522	1.2715	26.074	0	0
-0.4519	0.44011	24.542	-0.5522	1.2715	26.074	0.11317	0.45303	26.287	0	0
-0.53875	-0.15177	25.169	-0.39071	-0.69007	26.436	-0.1227	-0.41594	26.058	0	0
-0.53875	-0.15177	25.169	-0.1227	-0.41594	26.058	0.11317	0.45303	26.287	0	0
-0.53875	-0.15177	25.169	0.11317	0.45303	26.287	-1.171	0.66716	27.045	0	0
-0.53875	-0.15177	25.169	-1.1918	0.54756	26.238	-1.171	0.66716	27.045	0	0
-0.44528	1.1017	23.895	-0.5612	1.2395	25.561	-1.0336	0.96496	25.703	0	0
-0.44528	1.1017	23.895	-0.89945	0.26706	24.422	-1.0342	0.36408	24.889	0	0
-0.44528	1.1017	23.895	-1.0342	0.36408	24.889	-1.0336	0.96496	25.703	0	0
-0.5612	1.2395	24.535	-0.5522	1.2715	26.074	-1.0336	0.96496	25.703	0	0
0.3303	1.0826	24.521	0.1939	1.1617	26.29	0.81262	0.58566	25.648	0	0
-0.5522	1.2715	25.047	-0.44435	1.6571	26.418	0.1939	1.1617	26.29	0	0
-0.5522	1.2715	25.047	-0.44435	1.6571	26.418	-1.0762	1.135	26.383	0	0
-0.5522	1.2715	25.047	0.11317	0.45303	26.287	0.1939	1.1617	26.29	0	0
-0.5522	1.2715	25.047	-1.0336	0.96496	25.703	-1.0762	1.135	26.383	0	0
-0.44435	1.6571	25.392	0.1939	1.1617	26.29	0.2694	1.8699	26.383	0	0
-0.44435	1.6571	25.392	0.2694	1.8699	26.383	-0.44275	1.8337	27.102	0	0
-0.44435	1.6571	25.392	-0.44275	1.8337	27.102	-1.1561	1.2942	27.092	0	0
-0.44435	1.6571	25.392	-1.1561	1.2942	27.092	-1.0762	1.135	26.383	0	0
-0.1227	-0.41594	25.032	0.15392	-0.8914	25.526	0.26805	-0.25924	25.715	0	0
-0.1227	-0.41594	25.032	0.26805	-0.25924	25.715	0.11317	0.45303	26.287	0	0
0.34065	-0.69554	22.564	0.77965	-0.91354	23.662	0.84775	-0.62624	23.106	0	0
0.34065	-0.69554	22.564	0.3931	-0.63109	22.812	0.84775	-0.62624	23.106	0	0
0.17749	-0.20924	23.862	0.15392	-0.8914	25.526	0.26805	-0.25924	25.715	0	0
0.17749	-0.20924	23.862	0.66172	0.44816	24.975	0.6572	-0.24529	24.815	0	0
0.154	-0.21294	21.767	0.3931	-0.63109	22.812	0.3372	-0.36624	22.18	0	0
0.11317	0.45303	25.26	0.1939	1.1617	26.29	0.72342	1.0219	26.401	0	0
0.11317	0.45303	25.26	-1.171	0.66716	27.045	-0.29025	1.3411	27.202	0	0
0.11317	0.45303	25.26	-0.29025	1.3411	27.202	0.8639	0.62481	26.575	0	0
0.11317	0.45303	25.26	0.72342	1.0219	26.401	0.8639	0.62481	26.575	0	0
0.1939	1.1617	25.264	0.2694	1.8699	26.383	0.72342	1.0219	26.401	0	0
0.2694	1.8699	25.357	0.37085	2.2796	26.511	0.30568	1.9962	27.098	0	0
0.2694	1.8699	25.357	0.37085	2.2796	26.511	0.72342	1.0219	26.401	0	0
0.2694	1.8699	25.357	-0.44275	1.8337	27.102	0.30568	1.9962	27.098	0	0
0.37085	2.2796	25.485	0.30568	1.9962	27.098	0.44235	2.2929	27.586	0	0
0.37085	2.2796	25.485	0.72342	1.0219	26.401	1.1543	1.0309	27.023	0	0
-1.1918	0.54756	25.212	-1.5835	0.40701	26.386	-1.1659	0.45924	25.541	0	0
-1.1918	0.54756	25.212	-1.5835	0.40701	26.386	-1.6032	0.93386	26.667	0	0
-1.1918	0.54756	25.212	-1.1659	0.45924	25.541	-1.0336	0.96496	25.703	0	0
-1.1918	0.54756	25.212	-1.6032	0.93386	26.667	-1.0762	1.135	26.383	0	0
-1.1918	0.54756	25.212	-1.0336	0.96496	25.703	-1.0762	1.135	26.383	0	0
-1.171	0.66716	26.019	-0.29025	1.3411	27.202	-1.1561	1.2942	27.092	0	0
-0.44275	1.8337	26.075	-0.40083	1.9232	27.751	0.10825	2.1963	27.576	0	0
-0.44275	1.8337	26.075	-0.40083	1.9232	27.751	-1.4209	1.5539	27.532	0	0
-0.44275	1.8337	26.075	0.30568	1.9962	27.098	0.10825	2.1963	27.576	0	0
-0.44275	1.8337	26.075	-1.1561	1.2942	27.092	-1.4209	1.5539	27.532	0	0
-0.29025	1.3411	26.176	-0.40083	1.9232	27.751	-1.3147	1.1609	27.813	0	0
-0.29025	1.3411	26.176	0.30568	1.9962	27.098	1.1543	1.0309	27.023	0	0
-0.29025	1.3411	26.176	-1.3147	1.1609	27.813	-1.1561	1.2942	27.092	0	0
-0.29025	1.3411	26.176	0.8639	0.62481	26.575	1.1543	1.0309	27.023	0	0
-0.40083	1.9232	26.724	-1.3147	1.1609	27.813	-0.71142	1.9394	28.343	0	0
-0.40083	1.9232	26.724	-0.71142	1.9394	28.343	0.11445	2.2429	28.089	0	0
-0.40083	1.9232	26.724	-1.2985	1.9022	28.368	-1.7246	2.1012	28.149	0	0
-0.40083	1.9232	26.724	0.10825	2.1963	27.576	0.11445	2.2429	28.089	0	0
-0.40083	1.9232	26.724	-1.4209	1.5539	27.532	-1.6492	1.7615	27.739	0	0
-0.40083	1.9232	26.724	-1.7246	2.1012	28.149	-1.6492	1.7615	27.739	0	0
0.30568	1.9962	26.072	0.10825	2.1963	27.576	0.44235	2.2929	27.586	0	0
-1.3147	1.1609	26.787	-0.71142	1.9394	28.343	-1.2985	1.9022	28.368	0	0
-1.3147	1.1609	26.787	-1.2985	1.9022	28.368	-1.7044	1.4623	28.538	0	0
-0.71142	1.9394	27.317	-1.2985	1.9022	28.368	-1.1185	2.4661	28.989	0	0
-0.71142	1.9394	27.317	0.11445	2.2429	28.089	-0.72875	2.4381	29.56	0	0
-0.71142	1.9394	27.317	-1.1185	2.4661	28.989	-0.72875	2.4381	29.56	0	0
-1.2985	1.9022	27.342	-1.7246	2.1012	28.149	-1.7316	2.4308	28.501	0	0
-1.2985	1.9022	27.342	-1.7316	2.4308	28.501	-1.1185	2.4661	28.989	0	0
0.3931	-0.63109	21.785	0.3372	-0.36624	22.18	0.65595	-0.22354	22.245	0	0
0.3931	-0.63109	21.785	0.84775	-0.62624	23.106	0.88052	-0.3274	22.704	0	0
0.3931	-0.63109	21.785	0.65595	-0.22354	22.245	0.88052	-0.3274	22.704	0	0
0.72342	1.0219	25.375	0.8639	0.62481	26.575	1.1543	1.0309	27.023	0	0
-1.0342	0.36408	23.863	-1.1659	0.45924	25.541	-1.0336	0.96496	25.703	0	0
-1.1561	1.2942	26.066	-1.4209	1.5539	27.532	-1.7671	1.1124	26.986	0	0
-1.1561	1.2942	26.066	-1.6032	0.93386	26.667	-1.7671	1.1124	26.986	0	0
-1.1561	1.2942	26.066	-1.6032	0.93386	26.667	-1.0762	1.135	26.383	0	0
0.10825	2.1963	26.55	0.44235	2.2929	27.586	0.11445	2.2429	28.089	0	0
-1.4209	1.5539	26.505	-1.7671	1.1124	26.986	-1.6492	1.7615	27.739	0	0
-1.7316	2.4308	27.475	-1.1185	2.4661	28.989	-1.7713	2.7764	28.897	0	0
-1.1185	2.4661	27.962	-1.7713	2.7764	28.897	-1.6864	2.9906	29.15	0	0
-1.1185	2.4661	27.962	-0.72875	2.4381	29.56	-1.1639	2.6667	29.562	0	0
-1.1185	2.4661	27.962	-1.1639	2.6667	29.562	-1.6864	2.9906	29.15	0	0
-1.1639	2.6667	28.535	-1.6947	2.9989	29.58	-1.6864	2.9906	29.15	0	0
-0.41205	2.6872	12.111	-2.22048140572355	9.87483644909278	16.5474071013564	0.187654503373598	2.34103248023095	11.7667062309736	1	1
-2.22048140572355	9.87483644909278	16.5474071013564	-1.94855386448364	13.271690100596	18.3519503240542	-0.0305256335640592	8.65075293190031	17.8835484318855	1	1
-1.94855386448364	13.271690100596	18.3519503240542	-2.2588183361655	18.5384761848932	18.8818909432417	-0.141249774628518	12.2778692048162	19.4574206001057	1	1
-2.2588183361655	18.5384761848932	18.8818909432417	-1.922015173757	22.0161325885237	18.4746769846407	-1.44286554412542	18.6342713287523	20.9587305955921	1	1
-1.922015173757	22.0161325885237	18.4746769846407	-0.178740830050914	27.0045305443327	14.9680693081167	-1.53803174108378	22.6995829669653	18.637001085256	1	1
-0.0305256335640592	8.65075293190031	17.8835484318855	0.187654503373598	2.34103248023095	11.7667062309736	-2.22048140572355	9.87483644909278	16.5474071013564	1	1
-0.141249774628518	12.2778692048162	19.4574206001057	-0.0305256335640592	8.65075293190031	17.8835484318855	-1.94855386448364	13.271690100596	18.3519503240542	1	1
-1.44286554412542	18.6342713287523	20.9587305955921	-0.141249774628518	12.2778692048162	19.4574206001057	-2.2588183361655	18.5384761848932	18.8818909432417	1	1
-1.53803174108378	22.6995829669653	18.637001085256	-1.44286554412542	18.6342713287523	20.9587305955921	-1.922015173757	22.0161325885237	18.4746769846407	1	1
-2.22048140572355	9.87483644909278	16.5474071013564	-0.41205	2.6872	12.111	-1.77591729179456	1.91905639915208	12.5654718487974	1	1
-1.94855386448364	13.271690100596	18.3519503240542	-2.22048140572355	9.87483644909278	16.5474071013564	-3.33657386866222	9.98498811043794	16.9130056184136	1	1
-2.2588183361655	18.5384761848932	18.8818909432417	-1.94855386448364	13.271690100596	18.3519503240542	-3.92981507282992	12.8405815740576	19.040910281271	1	1
-1.922015173757	22.0161325885237	18.4746769846407	-2.2588183361655	18.5384761848932	18.8818909432417	-4.17268150053288	19.0607008999985	19.7878260926928	1	1
-0.178740830050914	27.0045305443327	14.9680693081167	-1.922015173757	22.0161325885237	18.4746769846407	-3.97441844511716	22.7223354451536	18.7017043552326	1	1
-1.77591729179456	1.91905639915208	12.5654718487974	-3.33657386866222	9.98498811043794	16.9130056184136	-2.22048140572355	9.87483644909278	16.5474071013564	1	1
-3.33657386866222	9.98498811043794	16.9130056184136	-3.92981507282992	12.8405815740576	19.040910281271	-1.94855386448364	13.271690100596	18.3519503240542	1	1
-3.92981507282992	12.8405815740576	19.040910281271	-4.17268150053288	19.0607008999985	19.7878260926928	-2.2588183361655	18.5384761848932	18.8818909432417	1	1
-4.17268150053288	19.0607008999985	19.7878260926928	-3.97441844511716	22.7223354451536	18.7017043552326	-1.922015173757	22.0161325885237	18.4746769846407	1	1
0.12035	-1.5779	16.987	-0.738171356799514	-6.31137660939883	21.6619215794271	0.726434395791762	-1.63961222893941	16.2861122925339	2	1
-0.738171356799514	-6.31137660939883	21.6619215794271	-1.23065899493674	-10.0184403669445	24.7931029510301	0.589093617744391	-5.66027063610469	21.9597738060256	2	1
-1.23065899493674	-10.0184403669445	24.7931029510301	-1.04809626252589	-13.5466406090489	26.7410133757799	1.02183808003111	-10.3362379542143	24.9190903741593	2	1
-1.04809626252589	-13.5466406090489	26.7410133757799	-1.70441256642806	-18.1317914458852	29.6879380160093	0.241741470311948	-13.5652004662544	27.6859218341229	2	1
-1.70441256642806	-18.1317914458852	29.6879380160093	-1.8731234882669	-23.2829470056236	30.4566057688319	0.507446879601021	-17.8797215045048	29.2348098242529	2	1
-1.8731234882669	-23.2829470056236	30.4566057688319	-1.24099924643856	-26.9770368159096	30.9453809486784	1.01899841414029	-23.2976153844337	32.3550489073745	2	1
-1.24099924643856	-26.9770368159096	30.9453809486784	-0.924127736645609	-30.4195513469549	30.1805385647045	1.42842380572617	-27.5092823021922	32.1353458519017	2	1
-0.924127736645609	-30.4195513469549	30.1805385647045	-0.47661872623152	-32.6499486751796	24.9830781335086	1.01915767245938	-30.116748221195	30.4693601156484	2	1
0.589093617744391	-5.66027063610469	21.9597738060256	0.726434395791762	-1.63961222893941	16.2861122925339	-0.738171356799514	-6.31137660939883	21.6619215794271	2	1
1.02183808003111	-10.3362379542143	24.9190903741593	0.589093617744391	-5.66027063610469	21.9597738060256	-1.23065899493674	-10.0184403669445	24.7931029510301	2	1
0.241741470311948	-13.5652004662544	27.6859218341229	1.02183808003111	-10.3362379542143	24.9190903741593	-1.04809626252589	-13.5466406090489	26.7410133757799	2	1
0.507446879601021	-17.8797215045048	29.2348098242529	0.241741470311948	-13.5652004662544	27.6859218341229	-1.70441256642806	-18.1317914458852	29.6879380160093	2	1
1.01899841414029	-23.2976153844337	32.3550489073745	0.507446879601021	-17.8797215045048	29.2348098242529	-1.8731234882669	-23.2829470056236	30.4566057688319	2	1
1.42842380572617	-27.5092823021922	32.1353458519017	1.01899841414029	-23.2976153844337	32.3550489073745	-1.24099924643856	-26.9770368159096	30.9453809486784	2	1
1.01915767245938	-30.116748221195	30.4693601156484	1.42842380572617	-27.5092823021922	32.1353458519017	-0.924127736645609	-30.4195513469549	30.1805385647045	2	1
-0.738171356799514	-6.31137660939883	21.6619215794271	0.12035	-1.5779	16.987	-1.30925092740366	-1.57266189008981	16.2786525971875	2	1
-1.23065899493674	-10.0184403669445	24.7931029510301	-0.738171356799514	-6.31137660939883	21.6619215794271	-1.97102514707471	-5.77331145428265	22.4551735411353	2	1
-1.04809626252589	-13.5466406090489	26.7410133757799	-1.23065899493674	-10.0184403669445	24.7931029510301	-1.82071369652027	-10.0790928405074	25.3730518682546	2	1
-1.70441256642806	-18.1317914458852	29.6879380160093	-1.04809626252589	-13.5466406090489	26.7410133757799	-2.97845153331988	-11.8264388660419	29.1109007601029	2	1
-1.8731234882669	-23.2829470056236	30.4566057688319	-1.70441256642806	-18.1317914458852	29.6879380160093	-2.49324030978588	-18.6380051281017	29.1462861543436	2	1
-1.24099924643856	-26.9770368159096	30.9453809486784	-1.8731234882669	-23.2829470056236	30.4566057688319	-2.80064508944718	-22.9929493067463	30.3615448726135	2	1
-0.924127736645609	-30.4195513469549	30.1805385647045	-1.24099924643856	-26.9770368159096	30.9453809486784	-1.37856850164031	-27.7819090618827	32.4531361070796	2	1
-1.30925092740366	-1.57266189008981	16.2786525971875	-1.97102514707471	-5.77331145428265	22.4551735411353	-0.738171356799514	-6.31137660939883	21.6619215794271	2	1
-1.97102514707471	-5.77331145428265	22.4551735411353	-1.82071369652027	-10.0790928405074	25.3730518682546	-1.23065899493674	-10.0184403669445	24.7931029510301	2	1
-1.82071369652027	-10.0790928405074	25.3730518682546	-2.97845153331988	-11.8264388660419	29.1109007601029	-1.04809626252589	-13.5466406090489	26.7410133757799	2	1
-2.97845153331988	-11.8264388660419	29.1109007601029	-2.49324030978588	-18.6380051281017	29.1462861543436	-1.70441256642806	-18.1317914458852	29.6879380160093	2	1
-2.49324030978588	-18.6380051281017	29.1462861543436	-2.80064508944718	-22.9929493067463	30.3615448726135	-1.8731234882669	-23.2829470056236	30.4566057688319	2	1
-2.80064508944718	-22.9929493067463	30.3615448726135	-1.37856850164031	-27.7819090618827	32.4531361070796	-1.24099924643856	-26.9770368159096	30.9453809486784	2	1
0.0037021	2.3981	21.682	0.460803438592942	5.91865524824189	26.4838997256791	1.07671941102583	1.86221822113161	21.5292604976434	3	2
0.460803438592942	5.91865524824189	26.4838997256791	0.769160814927387	9.21684011050596	30.9512476509355	1.24550573236655	6.0638257308912	26.6974149033921	3	2
0.769160814927387	9.21684011050596	30.9512476509355	1.15290587736026	12.5060302392154	33.7211730590934	2.57337346800647	8.25367796459259	31.2952007228056	3	2
1.15290587736026	12.5060302392154	33.7211730590934	1.78411415282193	16.5080658362531	36.247002299765	2.62620935866403	12.3561812999173	33.7106038883886	3	2
1.78411415282193	16.5080658362531	36.247002299765	2.09475138311462	20.0521338223895	37.4666764491996	3.87442482827652	15.795393033221	37.3453173028033	3	2
2.09475138311462	20.0521338223895	37.4666764491996	2.85670071317006	23.8247170444515	38.4723037216244	3.9919346769438	19.4818554269711	37.7444394080951	3	2
2.85670071317006	23.8247170444515	38.4723037216244	3.9920906894362	29.2381216561699	37.9362962574777	4.85729772120822	23.5378111689349	38.4644220959783	3	2
3.9920906894362	29.2381216561699	37.9362962574777	4.59875921078358	32.3750202940319	36.5142633004104	6.03766676859288	29.2857763703999	37.3427710073041	3	2
4.59875921078358	32.3750202940319	36.5142633004104	5.88658172837297	35.3795728052741	34.6633528594712	7.45768146313909	32.7612889676674	36.6481750502846	3	2
5.88658172837297	35.3795728052741	34.6633528594712	5.60466545956601	38.1123973840894	32.523328317835	7.12403269071582	35.6363713569156	34.8747355921425	3	2
5.60466545956601	38.1123973840894	32.523328317835	5.50216296671477	42.6086941532644	27.7477955347347	7.77317049911112	38.1064052344121	32.4321500440539	3	2
1.24550573236655	6.0638257308912	26.6974149033921	1.07671941102583	1.86221822113161	21.5292604976434	0.460803438592942	5.91865524824189	26.4838997256791	3	2
2.57337346800647	8.25367796459259	31.2952007228056	1.24550573236655	6.0638257308912	26.6974149033921	0.769160814927387	9.21684011050596	30.9512476509355	3	2
2.62620935866403	12.3561812999173	33.7106038883886	2.57337346800647	8.25367796459259	31.2952007228056	1.15290587736026	12.5060302392154	33.7211730590934	3	2
3.87442482827652	15.795393033221	37.3453173028033	2.62620935866403	12.3561812999173	33.7106038883886	1.78411415282193	16.5080658362531	36.247002299765	3	2
3.9919346769438	19.4818554269711	37.7444394080951	3.87442482827652	15.795393033221	37.3453173028033	2.09475138311462	20.0521338223895	37.4666764491996	3	2
4.85729772120822	23.5378111689349	38.4644220959783	3.9919346769438	19.4818554269711	37.7444394080951	2.85670071317006	23.8247170444515	38.4723037216244	3	2
6.03766676859288	29.2857763703999	37.3427710073041	4.85729772120822	23.5378111689349	38.4644220959783	3.9920906894362	29.2381216561699	37.9362962574777	3	2
7.45768146313909	32.7612889676674	36.6481750502846	6.03766676859288	29.2857763703999	37.3427710073041	4.59875921078358	32.3750202940319	36.5142633004104	3	2
7.12403269071582	35.6363713569156	34.8747355921425	7.45768146313909	32.7612889676674	36.6481750502846	5.88658172837297	35.3795728052741	34.6633528594712	3	2
7.77317049911112	38.1064052344121	32.4321500440539	7.12403269071582	35.6363713569156	34.8747355921425	5.60466545956601	38.1123973840894	32.523328317835	3	2
0.460803438592942	5.91865524824189	26.4838997256791	0.0037021	2.3981	21.682	-1.46505008737958	1.92373240267109	21.8672448648047	3	2
0.769160814927387	9.21684011050596	30.9512476509355	0.460803438592942	5.91865524824189	26.4838997256791	-1.18286939388426	5.93109860841204	26.392657890077	3	2
1.15290587736026	12.5060302392154	33.7211730590934	0.769160814927387	9.21684011050596	30.9512476509355	-1.91004159703485	8.73651779444944	31.010446138533	3	2
1.78411415282193	16.5080658362531	36.247002299765	1.15290587736026	12.5060302392154	33.7211730590934	-0.891043900894362	12.6017823683715	33.0313801599309	3	2
2.09475138311462	20.0521338223895	37.4666764491996	1.78411415282193	16.5080658362531	36.247002299765	-1.15325620529325	15.2561290146247	38.1064131134147	3	2
2.85670071317006	23.8247170444515	38.4723037216244	2.09475138311462	20.0521338223895	37.4666764491996	-0.891305009736887	20.5814045137441	36.3760922415459	3	2
3.9920906894362	29.2381216561699	37.9362962574777	2.85670071317006	23.8247170444515	38.4723037216244	0.32537710551452	23.8994419572222	38.1896796192602	3	2
4.59875921078358	32.3750202940319	36.5142633004104	3.9920906894362	29.2381216561699	37.9362962574777	2.6969203674225	28.8366820766038	37.5162132407622	3	2
5.88658172837297	35.3795728052741	34.6633528594712	4.59875921078358	32.3750202940319	36.5142633004104	3.7037325157279	33.3519203828871	37.0525261744157	3	2
5.60466545956601	38.1123973840894	32.523328317835	5.88658172837297	35.3795728052741	34.6633528594712	4.45725801402555	35.9777399923621	35.2006700617785	3	2
5.50216296671477	42.6086941532644	27.7477955347347	5.60466545956601	38.1123973840894	32.523328317835	5.12431211314198	39.4655957432256	33.6702379495891	3	2
-1.46505008737958	1.92373240267109	21.8672448648047	-1.18286939388426	5.93109860841204	26.392657890077	0.460803438592942	5.91865524824189	26.4838997256791	3	2
-1.18286939388426	5.93109860841204	26.392657890077	-1.91004159703485	8.73651779444944	31.010446138533	0.769160814927387	9.21684011050596	30.9512476509355	3	2
-1.91004159703485	8.73651779444944	31.010446138533	-0.891043900894362	12.6017823683715	33.0313801599309	1.15290587736026	12.5060302392154	33.7211730590934	3	2
-0.891043900894362	12.6017823683715	33.0313801599309	-1.15325620529325	15.2561290146247	38.1064131134147	1.78411415282193	16.5080658362531	36.247002299765	3	2
-1.15325620529325	15.2561290146247	38.1064131134147	-0.891305009736887	20.5814045137441	36.3760922415459	2.09475138311462	20.0521338223895	37.4666764491996	3	2
-0.891305009736887	20.5814045137441	36.3760922415459	0.32537710551452	23.8994419572222	38.1896796192602	2.85670071317006	23.8247170444515	38.4723037216244	3	2
0.32537710551452	23.8994419572222	38.1896796192602	2.6969203674225	28.8366820766038	37.5162132407622	3.9920906894362	29.2381216561699	37.9362962574777	3	2
2.6969203674225	28.8366820766038	37.5162132407622	3.7037325157279	33.3519203828871	37.0525261744157	4.59875921078358	32.3750202940319	36.5142633004104	3	2
3.7037325157279	33.3519203828871	37.0525261744157	4.45725801402555	35.9777399923621	35.2006700617785	5.88658172837297	35.3795728052741	34.6633528594712	3	2
4.45725801402555	35.9777399923621	35.2006700617785	5.12431211314198	39.4655957432256	33.6702379495891	5.60466545956601	38.1123973840894	32.523328317835	3	2
0.23953	-1.8413	25.174	0.910226671973974	-4.16573370796013	28.9637815546416	1.0031180317429	-2.60426032366556	25.2148544390631	4	2
0.910226671973974	-4.16573370796013	28.9637815546416	1.68374035833581	-6.58616781908536	33.1563003921917	1.50180501651932	-3.56372406718714	29.4187157445871	4	2
1.68374035833581	-6.58616781908536	33.1563003921917	2.72286081617004	-9.19083402591961	37.0169340532746	2.31169938559446	-4.55420335409201	33.8000087835372	4	2
2.72286081617004	-9.19083402591961	37.0169340532746	3.73098471345712	-12.2394442314369	39.7665484394267	4.03188418018661	-9.18700042167598	37.5336960351746	4	2
3.73098471345712	-12.2394442314369	39.7665484394267	4.17871469425737	-16.0663755153842	43.1981268768572	3.96051765311477	-12.1562805525919	40.1765716608826	4	2
4.17871469425737	-16.0663755153842	43.1981268768572	5.61804220287314	-19.5840297425979	45.184076158865	6.23327507311937	-15.3279268622128	44.7326184787371	4	2
5.61804220287314	-19.5840297425979	45.184076158865	7.19111864115845	-22.7132460934451	47.0820322592271	6.2481180179824	-19.2356160947785	45.6691115052343	4	2
7.19111864115845	-22.7132460934451	47.0820322592271	9.13245654398865	-26.3572255819306	47.9091353510676	9.64106134435956	-22.3508004684991	48.0141542898589	4	2
9.13245654398865	-26.3572255819306	47.9091353510676	11.3148504746396	-30.0797370693181	47.6097421017689	12.2111917272473	-26.4545043038339	47.9744567229912	4	2
11.3148504746396	-30.0797370693181	47.6097421017689	13.5831703783555	-34.0486433862727	47.4611807957564	13.3896934871861	-30.4802433319162	46.698317279358	4	2
13.5831703783555	-34.0486433862727	47.4611807957564	16.2421656947244	-38.9806295248469	47.2198456834314	14.8999048412619	-33.5564012052946	48.7439703301153	4	2
1.50180501651932	-3.56372406718714	29.4187157445871	1.0031180317429	-2.60426032366556	25.2148544390631	0.910226671973974	-4.16573370796013	28.9637815546416	4	2
2.31169938559446	-4.55420335409201	33.8000087835372	1.50180501651932	-3.56372406718714	29.4187157445871	1.68374035833581	-6.58616781908536	33.1563003921917	4	2
4.03188418018661	-9.18700042167598	37.5336960351746	2.31169938559446	-4.55420335409201	33.8000087835372	2.72286081617004	-9.19083402591961	37.0169340532746	4	2
3.96051765311477	-12.1562805525919	40.1765716608826	4.03188418018661	-9.18700042167598	37.5336960351746	3.73098471345712	-12.2394442314369	39.7665484394267	4	2
6.23327507311937	-15.3279268622128	44.7326184787371	3.96051765311477	-12.1562805525919	40.1765716608826	4.17871469425737	-16.0663755153842	43.1981268768572	4	2
6.2481180179824	-19.2356160947785	45.6691115052343	6.23327507311937	-15.3279268622128	44.7326184787371	5.61804220287314	-19.5840297425979	45.184076158865	4	2
9.64106134435956	-22.3508004684991	48.0141542898589	6.2481180179824	-19.2356160947785	45.6691115052343	7.19111864115845	-22.7132460934451	47.0820322592271	4	2
12.2111917272473	-26.4545043038339	47.9744567229912	9.64106134435956	-22.3508004684991	48.0141542898589	9.13245654398865	-26.3572255819306	47.9091353510676	4	2
13.3896934871861	-30.4802433319162	46.698317279358	12.2111917272473	-26.4545043038339	47.9744567229912	11.3148504746396	-30.0797370693181	47.6097421017689	4	2
14.8999048412619	-33.5564012052946	48.7439703301153	13.3896934871861	-30.4802433319162	46.698317279358	13.5831703783555	-34.0486433862727	47.4611807957564	4	2
0.910226671973974	-4.16573370796013	28.9637815546416	0.23953	-1.8413	25.174	-1.70754967765701	-2.04360378584596	24.968837537577	4	2
1.68374035833581	-6.58616781908536	33.1563003921917	0.910226671973974	-4.16573370796013	28.9637815546416	-1.20687547549088	-3.65225397049107	29.1238544408791	4	2
2.72286081617004	-9.19083402591961	37.0169340532746	1.68374035833581	-6.58616781908536	33.1563003921917	-1.63567062586363	-6.12163531083193	33.2215144761911	4	2
3.73098471345712	-12.2394442314369	39.7665484394267	2.72286081617004	-9.19083402591961	37.0169340532746	-0.396239357841242	-9.88620899693605	36.1231371095191	4	2
4.17871469425737	-16.0663755153842	43.1981268768572	3.73098471345712	-12.2394442314369	39.7665484394267	-0.464115020104947	-10.8213561845793	40.5827863439786	4	2
5.61804220287314	-19.5840297425979	45.184076158865	4.17871469425737	-16.0663755153842	43.1981268768572	1.52656002001271	-15.863892183681	42.7290544685186	4	2
7.19111864115845	-22.7132460934451	47.0820322592271	5.61804220287314	-19.5840297425979	45.184076158865	4.46183930134621	-19.1207968835346	45.240798366022	4	2
9.13245654398865	-26.3572255819306	47.9091353510676	7.19111864115845	-22.7132460934451	47.0820322592271	6.44460989823437	-22.6451321928599	46.4641322646609	4	2
11.3148504746396	-30.0797370693181	47.6097421017689	9.13245654398865	-26.3572255819306	47.9091353510676	7.33983680226365	-26.057615699086	47.9028632158942	4	2
13.5831703783555	-34.0486433862727	47.4611807957564	11.3148504746396	-30.0797370693181	47.6097421017689	10.0197216725204	-29.8966830578305	47.6953157822997	4	2
16.2421656947244	-38.9806295248469	47.2198456834314	13.5831703783555	-34.0486433862727	47.4611807957564	12.7528288671352	-33.8249158394779	47.2188979867304	4	2
-1.70754967765701	-2.04360378584596	24.968837537577	-1.20687547549088	-3.65225397049107	29.1238544408791	0.910226671973974	-4.16573370796013	28.9637815546416	4	2
-1.20687547549088	-3.65225397049107	29.1238544408791	-1.63567062586363	-6.12163531083193	33.2215144761911	1.68374035833581	-6.58616781908536	33.1563003921917	4	2
-1.63567062586363	-6.12163531083193	33.2215144761911	-0.396239357841242	-9.88620899693605	36.1231371095191	2.72286081617004	-9.19083402591961	37.0169340532746	4	2
-0.396239357841242	-9.88620899693605	36.1231371095191	-0.464115020104947	-10.8213561845793	40.5827863439786	3.73098471345712	-12.2394442314369	39.7665484394267	4	2
-0.464115020104947	-10.8213561845793	40.5827863439786	1.52656002001271	-15.863892183681	42.7290544685186	4.17871469425737	-16.0663755153842	43.1981268768572	4	2
1.52656002001271	-15.863892183681	42.7290544685186	4.46183930134621	-19.1207968835346	45.240798366022	5.61804220287314	-19.5840297425979	45.184076158865	4	2
4.46183930134621	-19.1207968835346	45.240798366022	6.44460989823437	-22.6451321928599	46.4641322646609	7.19111864115845	-22.7132460934451	47.0820322592271	4	2
6.44460989823437	-22.6451321928599	46.4641322646609	7.33983680226365	-26.057615699086	47.9028632158942	9.13245654398865	-26.3572255819306	47.9091353510676	4	2
7.33983680226365	-26.057615699086	47.9028632158942	10.0197216725204	-29.8966830578305	47.6953157822997	11.3148504746396	-30.0797370693181	47.6097421017689	4	2
10.0197216725204	-29.8966830578305	47.6953157822997	12.7528288671352	-33.8249158394779	47.2188979867304	13.5831703783555	-34.0486433862727	47.4611807957564	4	2
-0.096448	-0.21984	26.534	-0.73768962420968	1.45777115517544	29.8078268800466	0.789657219092899	1.11210272069549	25.918099893013	5	2
-0.73768962420968	1.45777115517544	29.8078268800466	-1.22779573842684	4.04545248102982	33.6846111147741	2.21054839252298	2.94032287333082	28.8899134801625	5	2
-1.22779573842684	4.04545248102982	33.6846111147741	-1.97572570928605	6.90654506462636	37.5435559805087	0.461877079554918	3.80437184712766	33.4515924060168	5	2
-1.97572570928605	6.90654506462636	37.5435559805087	-2.7245321149236	9.38200452272885	40.3017919544905	-0.926636113654229	7.001922815819	37.9935451818397	5	2
-2.7245321149236	9.38200452272885	40.3017919544905	-3.52073652362437	12.3471287136926	43.1962264919653	0.449550357047304	10.0646439293472	40.1331612996296	5	2
-3.52073652362437	12.3471287136926	43.1962264919653	-5.38784533700209	17.6798834955428	46.1274701470817	-0.275102369990889	12.1788154896467	42.9746984759511	5	2
-5.38784533700209	17.6798834955428	46.1274701470817	-6.95143917958786	20.6519712498284	47.1722249107721	-3.37765030356597	16.9483707595918	46.8154102132868	5	2
2.21054839252298	2.94032287333082	28.8899134801625	0.789657219092899	1.11210272069549	25.918099893013	-0.73768962420968	1.45777115517544	29.8078268800466	5	2
0.461877079554918	3.80437184712766	33.4515924060168	2.21054839252298	2.94032287333082	28.8899134801625	-1.22779573842684	4.04545248102982	33.6846111147741	5	2
-0.926636113654229	7.001922815819	37.9935451818397	0.461877079554918	3.80437184712766	33.4515924060168	-1.97572570928605	6.90654506462636	37.5435559805087	5	2
0.449550357047304	10.0646439293472	40.1331612996296	-0.926636113654229	7.001922815819	37.9935451818397	-2.7245321149236	9.38200452272885	40.3017919544905	5	2
-0.275102369990889	12.1788154896467	42.9746984759511	0.449550357047304	10.0646439293472	40.1331612996296	-3.52073652362437	12.3471287136926	43.1962264919653	5	2
-3.37765030356597	16.9483707595918	46.8154102132868	-0.275102369990889	12.1788154896467	42.9746984759511	-5.38784533700209	17.6798834955428	46.1274701470817	5	2
-0.73768962420968	1.45777115517544	29.8078268800466	-0.096448	-0.21984	26.534	-1.2212022745191	0.402443372817226	26.4683109425381	5	2
-1.22779573842684	4.04545248102982	33.6846111147741	-0.73768962420968	1.45777115517544	29.8078268800466	-2.75189181500981	-0.545095053651895	30.6350021938185	5	2
-1.97572570928605	6.90654506462636	37.5435559805087	-1.22779573842684	4.04545248102982	33.6846111147741	-3.7316434804214	2.75473368554764	34.6223091929943	5	2
-2.7245321149236	9.38200452272885	40.3017919544905	-1.97572570928605	6.90654506462636	37.5435559805087	-4.5155798396932	5.66949797098543	38.2088942812011	5	2
-3.52073652362437	12.3471287136926	43.1962264919653	-2.7245321149236	9.38200452272885	40.3017919544905	-4.44822456848721	7.41543162056066	41.8681778188245	5	2
-5.38784533700209	17.6798834955428	46.1274701470817	-3.52073652362437	12.3471287136926	43.1962264919653	-4.54685675098565	11.2913442972837	44.7151781551423	5	2
-6.95143917958786	20.6519712498284	47.1722249107721	-5.38784533700209	17.6798834955428	46.1274701470817	-6.03334432981826	17.457570754046	46.066628506395	5	2
-1.2212022745191	0.402443372817226	26.4683109425381	-2.75189181500981	-0.545095053651895	30.6350021938185	-0.73768962420968	1.45777115517544	29.8078268800466	5	2
-2.75189181500981	-0.545095053651895	30.6350021938185	-3.7316434804214	2.75473368554764	34.6223091929943	-1.22779573842684	4.04545248102982	33.6846111147741	5	2
-3.7316434804214	2.75473368554764	34.6223091929943	-4.5155798396932	5.66949797098543	38.2088942812011	-1.97572570928605	6.90654506462636	37.5435559805087	5	2
-4.5155798396932	5.66949797098543	38.2088942812011	-4.44822456848721	7.41543162056066	41.8681778188245	-2.7245321149236	9.38200452272885	40.3017919544905	5	2
-4.44822456848721	7.41543162056066	41.8681778188245	-4.54685675098565	11.2913442972837	44.7151781551423	-3.52073652362437	12.3471287136926	43.1962264919653	5	2
-4.54685675098565	11.2913442972837	44.7151781551423	-6.03334432981826	17.457570754046	46.066628506395	-5.38784533700209	17.6798834955428	46.1274701470817	5	2
0.66812	-1.503	30.237	0.610178972310263	-2.82949126186703	34.5055226751068	2.01107652863295	-0.931815294690278	30.6237853629888	6	2
0.610178972310263	-2.82949126186703	34.5055226751068	0.389642656644825	-4.44704869562086	38.5804065111051	2.02404713509735	-3.88981298127187	34.030181913531	6	2
0.389642656644825	-4.44704869562086	38.5804065111051	0.466436060007944	-6.66519029333823	42.050696905377	2.26318904524574	-4.70402466757466	38.8614709885811	6	2
0.466436060007944	-6.66519029333823	42.050696905377	1.04808949128364	-9.94272758652609	45.4491697841342	2.0126466020358	-4.41857632656387	43.7059125692759	6	2
1.04808949128364	-9.94272758652609	45.4491697841342	1.93555217200802	-13.4382967895136	48.2775254738321	2.32213292956467	-8.00027705108155	48.0214597550986	6	2
1.93555217200802	-13.4382967895136	48.2775254738321	3.80268502639219	-17.1412912327678	50.9897079284815	4.03864693224504	-12.3478485865082	49.7703282558586	6	2
3.80268502639219	-17.1412912327678	50.9897079284815	5.38694992854587	-20.619618646969	51.5563295036269	5.32414379419606	-16.8435260939253	52.3399549947485	6	2
5.38694992854587	-20.619618646969	51.5563295036269	10.8411595379311	-26.7331704132208	51.4430315413783	7.60810291665851	-20.6247045902308	53.9836809195903	6	2
10.8411595379311	-26.7331704132208	51.4430315413783	12.1498320656994	-28.2719567653835	51.1804734002697	11.3463973484856	-27.4800607736121	52.8109096588802	6	2
2.02404713509735	-3.88981298127187	34.030181913531	2.01107652863295	-0.931815294690278	30.6237853629888	0.610178972310263	-2.82949126186703	34.5055226751068	6	2
2.26318904524574	-4.70402466757466	38.8614709885811	2.02404713509735	-3.88981298127187	34.030181913531	0.389642656644825	-4.44704869562086	38.5804065111051	6	2
2.0126466020358	-4.41857632656387	43.7059125692759	2.26318904524574	-4.70402466757466	38.8614709885811	0.466436060007944	-6.66519029333823	42.050696905377	6	2
2.32213292956467	-8.00027705108155	48.0214597550986	2.0126466020358	-4.41857632656387	43.7059125692759	1.04808949128364	-9.94272758652609	45.4491697841342	6	2
4.03864693224504	-12.3478485865082	49.7703282558586	2.32213292956467	-8.00027705108155	48.0214597550986	1.93555217200802	-13.4382967895136	48.2775254738321	6	2
5.32414379419606	-16.8435260939253	52.3399549947485	4.03864693224504	-12.3478485865082	49.7703282558586	3.80268502639219	-17.1412912327678	50.9897079284815	6	2
7.60810291665851	-20.6247045902308	53.9836809195903	5.32414379419606	-16.8435260939253	52.3399549947485	5.38694992854587	-20.619618646969	51.5563295036269	6	2
11.3463973484856	-27.4800607736121	52.8109096588802	7.60810291665851	-20.6247045902308	53.9836809195903	10.8411595379311	-26.7331704132208	51.4430315413783	6	2
0.610178972310263	-2.82949126186703	34.5055226751068	0.66812	-1.503	30.237	-2.93965771187406	-1.16695124027092	30.6445414938252	6	2
0.389642656644825	-4.44704869562086	38.5804065111051	0.610178972310263	-2.82949126186703	34.5055226751068	-1.42689902521076	-2.15256399956125	34.7896256732658	6	2
0.466436060007944	-6.66519029333823	42.050696905377	0.389642656644825	-4.44704869562086	38.5804065111051	-2.90427756325342	-4.33913181903692	38.7412091528553	6	2
1.04808949128364	-9.94272758652609	45.4491697841342	0.466436060007944	-6.66519029333823	42.050696905377	-3.47763895902707	-6.8355004588705	41.4120144946748	6	2
1.93555217200802	-13.4382967895136	48.2775254738321	1.04808949128364	-9.94272758652609	45.4491697841342	-2.29961733561274	-9.9942137102422	44.7084766558982	6	2
3.80268502639219	-17.1412912327678	50.9897079284815	1.93555217200802	-13.4382967895136	48.2775254738321	-1.00676263518127	-12.5891105484394	48.651893776263	6	2
5.38694992854587	-20.619618646969	51.5563295036269	3.80268502639219	-17.1412912327678	50.9897079284815	1.84315814874157	-16.7175387227588	51.0421444236534	6	2
10.8411595379311	-26.7331704132208	51.4430315413783	5.38694992854587	-20.619618646969	51.5563295036269	4.47154302305633	-20.137676306951	51.5190449454286	6	2
12.1498320656994	-28.2719567653835	51.1804734002697	10.8411595379311	-26.7331704132208	51.4430315413783	9.80530804190379	-26.5416679817097	52.7873001852524	6	2
-2.93965771187406	-1.16695124027092	30.6445414938252	-1.42689902521076	-2.15256399956125	34.7896256732658	0.610178972310263	-2.82949126186703	34.5055226751068	6	2
-1.42689902521076	-2.15256399956125	34.7896256732658	-2.90427756325342	-4.33913181903692	38.7412091528553	0.389642656644825	-4.44704869562086	38.5804065111051	6	2
-2.90427756325342	-4.33913181903692	38.7412091528553	-3.47763895902707	-6.8355004588705	41.4120144946748	0.466436060007944	-6.66519029333823	42.050696905377	6	2
-3.47763895902707	-6.8355004588705	41.4120144946748	-2.29961733561274	-9.9942137102422	44.7084766558982	1.04808949128364	-9.94272758652609	45.4491697841342	6	2
-2.29961733561274	-9.9942137102422	44.7084766558982	-1.00676263518127	-12.5891105484394	48.651893776263	1.93555217200802	-13.4382967895136	48.2775254738321	6	2
-1.00676263518127	-12.5891105484394	48.651893776263	1.84315814874157	-16.7175387227588	51.0421444236534	3.80268502639219	-17.1412912327678	50.9897079284815	6	2
1.84315814874157	-16.7175387227588	51.0421444236534	4.47154302305633	-20.137676306951	51.5190449454286	5.38694992854587	-20.619618646969	51.5563295036269	6	2
4.47154302305633	-20.137676306951	51.5190449454286	9.80530804190379	-26.5416679817097	52.7873001852524	10.8411595379311	-26.7331704132208	51.4430315413783	6	2
0.48025	-0.065238	32.487	-1.2776	-1.5731	35.774	0.80535	-0.11254	32.763	7	2
-1.2776	-1.5731	35.774	-3.7106	-3.0051	39.413	0.6961	-0.59294	36.29	7	2
0.6961	-0.59294	36.29	0.80535	-0.11254	32.763	-1.2776	-1.5731	35.774	7	2
-1.2776	-1.5731	35.774	0.48025	-0.065238	32.487	-3.3403	-1.2828	30.858	7	2
-3.7106	-3.0051	39.413	-1.2776	-1.5731	35.774	-3.4174	-1.3611	35.729	7	2
-3.3403	-1.2828	30.858	-3.4174	-1.3611	35.729	-1.2776	-1.5731	35.774	7	2
1.6541	2.9057	32.832	2.00123741866019	5.59876096288959	37.2409882266486	3.00687310046472	2.73901427489457	32.8381690927319	8	2
2.00123741866019	5.59876096288959	37.2409882266486	3.38055842881973	7.95046512394519	41.3148050683594	3.55345234505223	3.22277869514435	37.7815173522708	8	2
3.38055842881973	7.95046512394519	41.3148050683594	4.71016253684094	10.0775202094381	43.9960336354927	6.1143757162441	6.64418656443705	42.0790459884553	8	2
4.71016253684094	10.0775202094381	43.9960336354927	7.53141032328538	14.0286187736912	47.83244280072	7.52721523111352	9.04213562347759	45.2816946665763	8	2
7.53141032328538	14.0286187736912	47.83244280072	9.90843216696809	17.0033630658094	49.4026899026646	9.96852706837765	13.3683739771383	49.161170093815	8	2
9.90843216696809	17.0033630658094	49.4026899026646	12.9684986903228	20.5844226493818	49.9430667540822	13.194232714327	17.195798469739	50.0675268663562	8	2
12.9684986903228	20.5844226493818	49.9430667540822	15.7253946021068	24.9906550606106	48.5743750905488	15.3924778275092	20.7983334341855	49.8045701164695	8	2
15.7253946021068	24.9906550606106	48.5743750905488	16.9707383693579	28.2254151578915	46.1502395715632	17.8117622508971	25.7677191178207	48.9572438475309	8	2
16.9707383693579	28.2254151578915	46.1502395715632	17.4871044387246	30.7128808409184	43.7399811708579	18.2050049708688	28.1087745643814	46.2879455203824	8	2
3.55345234505223	3.22277869514435	37.7815173522708	3.00687310046472	2.73901427489457	32.8381690927319	2.00123741866019	5.59876096288959	37.2409882266486	8	2
6.1143757162441	6.64418656443705	42.0790459884553	3.55345234505223	3.22277869514435	37.7815173522708	3.38055842881973	7.95046512394519	41.3148050683594	8	2
7.52721523111352	9.04213562347759	45.2816946665763	6.1143757162441	6.64418656443705	42.0790459884553	4.71016253684094	10.0775202094381	43.9960336354927	8	2
9.96852706837765	13.3683739771383	49.161170093815	7.52721523111352	9.04213562347759	45.2816946665763	7.53141032328538	14.0286187736912	47.83244280072	8	2
13.194232714327	17.195798469739	50.0675268663562	9.96852706837765	13.3683739771383	49.161170093815	9.90843216696809	17.0033630658094	49.4026899026646	8	2
15.3924778275092	20.7983334341855	49.8045701164695	13.194232714327	17.195798469739	50.0675268663562	12.9684986903228	20.5844226493818	49.9430667540822	8	2
17.8117622508971	25.7677191178207	48.9572438475309	15.3924778275092	20.7983334341855	49.8045701164695	15.7253946021068	24.9906550606106	48.5743750905488	8	2
18.2050049708688	28.1087745643814	46.2879455203824	17.8117622508971	25.7677191178207	48.9572438475309	16.9707383693579	28.2254151578915	46.1502395715632	8	2
2.00123741866019	5.59876096288959	37.2409882266486	1.6541	2.9057	32.832	0.444328488332346	0.753919844154775	34.197056988762	8	2
3.38055842881973	7.95046512394519	41.3148050683594	2.00123741866019	5.59876096288959	37.2409882266486	-0.430588800243595	5.47687578286056	37.3151294893936	8	2
4.71016253684094	10.0775202094381	43.9960336354927	3.38055842881973	7.95046512394519	41.3148050683594	0.797677805884118	8.53571737142028	40.9146041881891	8	2
7.53141032328538	14.0286187736912	47.83244280072	4.71016253684094	10.0775202094381	43.9960336354927	0.931213347136909	10.3198626442348	43.7758774899231	8	2
9.90843216696809	17.0033630658094	49.4026899026646	7.53141032328538	14.0286187736912	47.83244280072	4.05315081991945	13.9093986233589	47.7194108450642	8	2
12.9684986903228	20.5844226493818	49.9430667540822	9.90843216696809	17.0033630658094	49.4026899026646	7.26141239003552	16.9241698198603	48.4759518488846	8	2
15.7253946021068	24.9906550606106	48.5743750905488	12.9684986903228	20.5844226493818	49.9430667540822	10.2530940902367	20.1319177947898	50.6749085774305	8	2
16.9707383693579	28.2254151578915	46.1502395715632	15.7253946021068	24.9906550606106	48.5743750905488	15.1126414476453	25.5906771546807	49.5338520617812	8	2
0.444328488332346	0.753919844154775	34.197056988762	-0.430588800243595	5.47687578286056	37.3151294893936	2.00123741866019	5.59876096288959	37.2409882266486	8	2
-0.430588800243595	5.47687578286056	37.3151294893936	0.797677805884118	8.53571737142028	40.9146041881891	3.38055842881973	7.95046512394519	41.3148050683594	8	2
0.797677805884118	8.53571737142028	40.9146041881891	0.931213347136909	10.3198626442348	43.7758774899231	4.71016253684094	10.0775202094381	43.9960336354927	8	2
0.931213347136909	10.3198626442348	43.7758774899231	4.05315081991945	13.9093986233589	47.7194108450642	7.53141032328538	14.0286187736912	47.83244280072	8	2
4.05315081991945	13.9093986233589	47.7194108450642	7.26141239003552	16.9241698198603	48.4759518488846	9.90843216696809	17.0033630658094	49.4026899026646	8	2
7.26141239003552	16.9241698198603	48.4759518488846	10.2530940902367	20.1319177947898	50.6749085774305	12.9684986903228	20.5844226493818	49.9430667540822	8	2
10.2530940902367	20.1319177947898	50.6749085774305	15.1126414476453	25.5906771546807	49.5338520617812	15.7253946021068	24.9906550606106	48.5743750905488	8	2
15.1126414476453	25.5906771546807	49.5338520617812	16.7879657968021	28.8943358807866	46.2502308371959	16.9707383693579	28.2254151578915	46.1502395715632	8	2
