-0.3475	-0.70784	0.031499	-0.41155	-0.34074	1.0263	-0.22515	-0.60134	1.8261	0	0
-0.41155	-0.34074	0	-0.087748	-0.21784	1.0423	-0.37868	0.45443	1.0936	0	0
-0.41155	-0.34074	0	-0.087748	-0.21784	1.0423	-0.1292	-0.21974	1.7978	0	0
-0.41155	-0.34074	0	-0.37868	0.45443	1.0936	-0.36431	0.45368	1.7658	0	0
-0.41155	-0.34074	0	-0.22515	-0.60134	1.8261	-0.1292	-0.21974	1.7978	0	0
-0.087748	-0.21784	0.015999	-0.37868	0.45443	1.0936	0.077885	0.65153	1.042	0	0
-0.087748	-0.21784	0.015999	0.077885	0.65153	1.042	0.58995	0.54246	1.7331	0	0
-0.087748	-0.21784	0.015999	-0.1292	-0.21974	1.7978	0.58995	0.54246	1.7331	0	0
-0.37868	0.45443	0.0673	0.077885	0.65153	1.042	0.090202	1.1281	1.0615	0	0
-0.37868	0.45443	0.0673	-0.36431	0.45368	1.7658	-0.23335	1.161	2.1406	0	0
-0.37868	0.45443	0.0673	0.090202	1.1281	1.0615	-0.23335	1.161	2.1406	0	0
-0.22515	-0.60134	0.79975	-0.1292	-0.21974	1.7978	0.21832	-0.029304	2.3827	0	0
-0.22515	-0.60134	0.79975	-0.15305	-0.60444	2.5182	0.21832	-0.029304	2.3827	0	0
0.077885	0.65153	0.015633	0.090202	1.1281	1.0615	0.65045	1.0875	1.0299	0	0
0.077885	0.65153	0.015633	0.65045	1.0875	1.0299	0.58995	0.54246	1.7331	0	0
-0.1292	-0.21974	0.77145	-0.36431	0.45368	1.7658	-0.53225	-0.15794	2.129	0	0
-0.1292	-0.21974	0.77145	-0.36431	0.45368	1.7658	0.17911	0.61674	1.8577	0	0
-0.1292	-0.21974	0.77145	-0.53225	-0.15794	2.129	-0.15305	-0.60444	2.5182	0	0
-0.1292	-0.21974	0.77145	0.58995	0.54246	1.7331	0.21832	-0.029304	2.3827	0	0
-0.36431	0.45368	0.7395	-0.53225	-0.15794	2.129	-0.33152	0.41281	2.5918	0	0
-0.36431	0.45368	0.7395	-0.33152	0.41281	2.5918	-0.23335	1.161	2.1406	0	0
0.090202	1.1281	0.03515	0.65045	1.0875	1.0299	0.2262	1.2084	1.817	0	0
0.090202	1.1281	0.03515	0.2262	1.2084	1.817	-0.23335	1.161	2.1406	0	0
-0.53225	-0.15794	1.1027	-0.33152	0.41281	2.5918	-0.13415	-0.24834	3.0499	0	0
0.65045	1.0875	0.003549	0.58995	0.54246	1.7331	0.65255	1.1118	1.7913	0	0
0.65045	1.0875	0.003549	0.2262	1.2084	1.817	0.65255	1.1118	1.7913	0	0
0.58995	0.54246	0.7068	0.17911	0.61674	1.8577	0.21832	-0.029304	2.3827	0	0
0.58995	0.54246	0.7068	0.17911	0.61674	1.8577	0.65255	1.1118	1.7913	0	0
0.17911	0.61674	0.83138	0.21832	-0.029304	2.3827	0.1928	0.65786	2.5434	0	0
0.17911	0.61674	0.83138	0.2262	1.2084	1.817	0.65255	1.1118	1.7913	0	0
0.17911	0.61674	0.83138	0.2262	1.2084	1.817	-0.23335	1.161	2.1406	0	0
0.17911	0.61674	0.83138	0.1928	0.65786	2.5434	-0.23335	1.161	2.1406	0	0
-0.15305	-0.60444	1.4919	0.21832	-0.029304	2.3827	-0.13415	-0.24834	3.0499	0	0
-0.15305	-0.60444	1.4919	-0.13415	-0.24834	3.0499	-0.20925	-0.38654	3.2845	0	0
0.21832	-0.029304	1.3563	0.1928	0.65786	2.5434	0.019302	0.37346	3.2258	0	0
0.21832	-0.029304	1.3563	-0.13415	-0.24834	3.0499	0.019302	0.37346	3.2258	0	0
-0.33152	0.41281	1.5654	0.019302	0.37346	3.2258	-0.19325	0.5944	3.2322	0	0
-0.33152	0.41281	1.5654	-0.19325	0.5944	3.2322	-0.24735	1.2865	3.1824	0	0
-0.33152	0.41281	1.5654	-0.23335	1.161	2.1406	-0.24735	1.2865	3.1824	0	0
0.1928	0.65786	1.5171	0.19635	1.1336	2.5602	0.59565	1.1524	2.462	0	0
0.1928	0.65786	1.5171	0.19635	1.1336	2.5602	-0.23335	1.161	2.1406	0	0
0.1928	0.65786	1.5171	0.59565	1.1524	2.462	0.58445	0.89706	3.0215	0	0
0.1928	0.65786	1.5171	0.019302	0.37346	3.2258	0.58445	0.89706	3.0215	0	0
-0.13415	-0.24834	2.0236	-0.20925	-0.38654	3.2845	0.019302	0.37346	3.2258	0	0
0.19635	1.1336	1.5339	0.58445	0.89706	3.0215	0.088202	1.1438	3.2618	0	0
0.19635	1.1336	1.5339	0.088202	1.1438	3.2618	-0.24735	1.2865	3.1824	0	0
0.19635	1.1336	1.5339	-0.23335	1.161	2.1406	-0.24735	1.2865	3.1824	0	0
-0.20925	-0.38654	2.2582	0.019302	0.37346	3.2258	-0.16545	-0.28084	4.0561	0	0
-0.20925	-0.38654	2.2582	-0.35048	-0.63784	3.8856	-0.16545	-0.28084	4.0561	0	0
0.019302	0.37346	2.1995	-0.19325	0.5944	3.2322	0.19198	0.45409	3.8968	0	0
0.019302	0.37346	2.1995	0.58445	0.89706	3.0215	0.5727	0.89226	3.8548	0	0
0.019302	0.37346	2.1995	-0.16545	-0.28084	4.0561	0.19198	0.45409	3.8968	0	0
-0.19325	0.5944	2.2059	0.19198	0.45409	3.8968	-0.17965	0.74516	4.0608	0	0
-0.19325	0.5944	2.2059	-0.24735	1.2865	3.1824	-0.17965	0.74516	4.0608	0	0
0.58445	0.89706	1.9952	0.088202	1.1438	3.2618	0.5727	0.89226	3.8548	0	0
0.088202	1.1438	2.2354	-0.24735	1.2865	3.1824	0.11245	1.1443	4.0705	0	0
0.088202	1.1438	2.2354	0.5727	0.89226	3.8548	0.11245	1.1443	4.0705	0	0
-0.35048	-0.63784	2.8592	-0.16545	-0.28084	4.0561	-0.2666	-0.57164	4.7374	0	0
-0.16545	-0.28084	3.0298	0.19198	0.45409	3.8968	0.12835	-0.030738	4.352	0	0
-0.16545	-0.28084	3.0298	0.12835	-0.030738	4.352	-0.15805	-0.24374	4.5619	0	0
-0.16545	-0.28084	3.0298	-0.15805	-0.24374	4.5619	-0.2666	-0.57164	4.7374	0	0
0.19198	0.45409	2.8704	0.5727	0.89226	3.8548	0.2311	0.63296	4.6118	0	0
0.19198	0.45409	2.8704	-0.17965	0.74516	4.0608	-0.1763	0.49556	4.57	0	0
0.19198	0.45409	2.8704	0.12835	-0.030738	4.352	0.2311	0.63296	4.6118	0	0
-0.24735	1.2865	2.1561	-0.17965	0.74516	4.0608	-0.41335	1.134	4.6148	0	0
-0.24735	1.2865	2.1561	0.11245	1.1443	4.0705	-0.41335	1.134	4.6148	0	0
0.5727	0.89226	2.8285	0.11245	1.1443	4.0705	0.23795	1.2918	4.5479	0	0
0.5727	0.89226	2.8285	0.2311	0.63296	4.6118	0.60185	0.89616	4.6843	0	0
0.5727	0.89226	2.8285	0.23795	1.2918	4.5479	0.60185	0.89616	4.6843	0	0
-0.17965	0.74516	3.0345	-0.1763	0.49556	4.57	-0.41335	1.134	4.6148	0	0
0.12835	-0.030738	3.3257	-0.1763	0.49556	4.57	-0.15805	-0.24374	4.5619	0	0
0.12835	-0.030738	3.3257	0.2311	0.63296	4.6118	-0.13315	-0.26594	5.0635	0	0
0.11245	1.1443	3.0442	-0.41335	1.134	4.6148	0.23795	1.2918	4.5479	0	0
-0.1763	0.49556	3.5437	-0.15805	-0.24374	4.5619	-0.13315	-0.26594	5.0635	0	0
-0.1763	0.49556	3.5437	-0.13315	-0.26594	5.0635	-0.39075	0.5507	5.3515	0	0
-0.1763	0.49556	3.5437	-0.41335	1.134	4.6148	-0.39075	0.5507	5.3515	0	0
-0.15805	-0.24374	3.5356	-0.2666	-0.57164	4.7374	-0.13315	-0.26594	5.0635	0	0
-0.2666	-0.57164	3.7111	-0.13315	-0.26594	5.0635	-0.40125	-0.59064	5.3859	0	0
0.2311	0.63296	3.5854	-0.13315	-0.26594	5.0635	0.035852	0.38686	5.6041	0	0
0.2311	0.63296	3.5854	0.035852	0.38686	5.6041	0.60185	0.89616	4.6843	0	0
-0.13315	-0.26594	4.0372	-0.36955	-0.2854	5.3799	-0.40125	-0.59064	5.3859	0	0
-0.13315	-0.26594	4.0372	-0.36955	-0.2854	5.3799	0.035852	0.38686	5.6041	0	0
-0.41335	1.134	3.5884	0.23795	1.2918	4.5479	-0.40672	1.1238	5.295	0	0
-0.41335	1.134	3.5884	-0.39075	0.5507	5.3515	-0.40672	1.1238	5.295	0	0
0.23795	1.2918	3.5216	0.2735	1.0969	5.3112	0.60185	0.89616	4.6843	0	0
0.23795	1.2918	3.5216	0.2735	1.0969	5.3112	-0.40672	1.1238	5.295	0	0
-0.36955	-0.2854	4.3535	-0.40125	-0.59064	5.3859	-0.32761	-0.32944	6.058	0	0
-0.36955	-0.2854	4.3535	0.035852	0.38686	5.6041	-0.32761	-0.32944	6.058	0	0
-0.40125	-0.59064	4.3596	-0.32761	-0.32944	6.058	-0.45215	-0.71554	6.0998	0	0
-0.39075	0.5507	4.3252	0.035852	0.38686	5.6041	0.2735	1.0969	5.3112	0	0
-0.39075	0.5507	4.3252	0.2735	1.0969	5.3112	-0.40672	1.1238	5.295	0	0
0.035852	0.38686	4.5778	0.2735	1.0969	5.3112	0.32645	1.112	6.0266	0	0
0.035852	0.38686	4.5778	-0.32761	-0.32944	6.058	-0.1037	0.50781	6.0765	0	0
0.035852	0.38686	4.5778	0.32645	1.112	6.0266	-0.1037	0.50781	6.0765	0	0
0.2735	1.0969	4.2849	0.60185	0.89616	4.6843	0.32645	1.112	6.0266	0	0
-0.32761	-0.32944	5.0317	-0.45215	-0.71554	6.0998	-0.3167	-0.29826	6.6523	0	0
-0.32761	-0.32944	5.0317	-0.1037	0.50781	6.0765	-0.3167	-0.29826	6.6523	0	0
0.32645	1.112	5.0003	-0.1037	0.50781	6.0765	0.30095	1.1021	6.8031	0	0
-0.45215	-0.71554	5.0735	-0.3167	-0.29826	6.6523	-0.59195	-0.91369	6.7385	0	0
-0.1037	0.50781	5.0502	-0.3167	-0.29826	6.6523	-0.13598	0.39563	6.7364	0	0
-0.1037	0.50781	5.0502	-0.13598	0.39563	6.7364	0.30095	1.1021	6.8031	0	0
-0.3167	-0.29826	5.6259	-0.13598	0.39563	6.7364	-0.42788	-0.25034	7.4039	0	0
-0.3167	-0.29826	5.6259	-0.59195	-0.91369	6.7385	-0.42788	-0.25034	7.4039	0	0
-0.13598	0.39563	5.7101	0.30095	1.1021	6.8031	-0.11615	0.77816	7.5529	0	0
-0.13598	0.39563	5.7101	-0.42788	-0.25034	7.4039	-0.11615	0.77816	7.5529	0	0
-0.59195	-0.91369	5.7121	-0.42788	-0.25034	7.4039	-0.56585	-0.73734	7.548	0	0
-0.59195	-0.91369	5.7121	-0.94701	-1.0701	7.415	-0.56585	-0.73734	7.548	0	0
0.30095	1.1021	5.7767	-0.11615	0.77816	7.5529	0.2734	1.0952	7.5373	0	0
-0.42788	-0.25034	6.3776	-0.56585	-0.73734	7.548	-0.4124	-0.22374	8.0443	0	0
-0.42788	-0.25034	6.3776	-0.54988	0.3956	7.5862	-0.11615	0.77816	7.5529	0	0
-0.42788	-0.25034	6.3776	-0.54988	0.3956	7.5862	-0.4124	-0.22374	8.0443	0	0
-0.94701	-1.0701	6.3887	-0.56585	-0.73734	7.548	-0.62795	-0.78214	8.0021	0	0
-0.94701	-1.0701	6.3887	-0.62795	-0.78214	8.0021	-1.0538	-0.90764	8.1021	0	0
-0.56585	-0.73734	6.5217	-0.4124	-0.22374	8.0443	-0.62795	-0.78214	8.0021	0	0
-0.54988	0.3956	6.5599	-0.11615	0.77816	7.5529	-0.51378	1.1669	7.4114	0	0
-0.54988	0.3956	6.5599	-0.51378	1.1669	7.4114	-0.4791	1.2056	8.0208	0	0
-0.54988	0.3956	6.5599	-0.4124	-0.22374	8.0443	-0.4438	0.46864	8.0486	0	0
-0.54988	0.3956	6.5599	-0.4438	0.46864	8.0486	-0.4791	1.2056	8.0208	0	0
-0.11615	0.77816	6.5266	-0.51378	1.1669	7.4114	0.2734	1.0952	7.5373	0	0
-0.51378	1.1669	6.385	0.2734	1.0952	7.5373	0.026352	1.5502	7.4657	0	0
-0.51378	1.1669	6.385	0.026352	1.5502	7.4657	-0.28695	1.5502	7.7489	0	0
-0.51378	1.1669	6.385	-0.28695	1.5502	7.7489	-0.4791	1.2056	8.0208	0	0
0.2734	1.0952	6.511	-0.4124	-0.22374	8.0443	0.2581	1.0921	8.0847	0	0
0.2734	1.0952	6.511	0.026352	1.5502	7.4657	0.2581	1.0921	8.0847	0	0
-0.4124	-0.22374	7.0179	-0.62795	-0.78214	8.0021	-0.89135	-0.40644	8.3197	0	0
-0.4124	-0.22374	7.0179	-0.4438	0.46864	8.0486	-0.89135	-0.40644	8.3197	0	0
-0.4124	-0.22374	7.0179	0.2581	1.0921	8.0847	0.18565	0.81736	8.7878	0	0
-0.4124	-0.22374	7.0179	0.18565	0.81736	8.7878	-0.4245	-0.22426	8.8192	0	0
-0.62795	-0.78214	6.9758	-1.0538	-0.90764	8.1021	-0.89135	-0.40644	8.3197	0	0
-0.4438	0.46864	7.0223	-0.4791	1.2056	8.0208	-0.46324	0.48506	8.815	0	0
-0.4438	0.46864	7.0223	-0.89135	-0.40644	8.3197	-0.46324	0.48506	8.815	0	0
-1.0538	-0.90764	7.0758	-0.89135	-0.40644	8.3197	-0.54655	-0.74849	8.802	0	0
-1.0538	-0.90764	7.0758	-0.54655	-0.74849	8.802	-0.85995	-1.0273	9.7054	0	0
0.026352	1.5502	6.4394	-0.28695	1.5502	7.7489	-0.034448	1.5586	8.1141	0	0
0.026352	1.5502	6.4394	0.2581	1.0921	8.0847	-0.034448	1.5586	8.1141	0	0
-0.28695	1.5502	6.7226	-0.31265	1.5695	7.8874	-0.4791	1.2056	8.0208	0	0
-0.28695	1.5502	6.7226	-0.31265	1.5695	7.8874	-0.034448	1.5586	8.1141	0	0
0.2581	1.0921	7.0584	-0.034448	1.5586	8.1141	0.038052	1.586	8.4944	0	0
0.2581	1.0921	7.0584	0.038052	1.586	8.4944	0.15865	1.3202	8.8175	0	0
0.2581	1.0921	7.0584	0.18565	0.81736	8.7878	0.15865	1.3202	8.8175	0	0
-0.31265	1.5695	6.8611	-0.4791	1.2056	8.0208	-0.16725	1.5609	8.5345	0	0
-0.31265	1.5695	6.8611	-0.034448	1.5586	8.1141	-0.16725	1.5609	8.5345	0	0
-0.4791	1.2056	6.9945	-0.16725	1.5609	8.5345	-0.43757	1.192	8.8144	0	0
-0.4791	1.2056	6.9945	-0.46324	0.48506	8.815	-0.43757	1.192	8.8144	0	0
-0.89135	-0.40644	7.2934	-0.54655	-0.74849	8.802	-0.4245	-0.22426	8.8192	0	0
-0.89135	-0.40644	7.2934	-0.4245	-0.22426	8.8192	-0.46324	0.48506	8.815	0	0
-0.034448	1.5586	7.0878	0.038052	1.586	8.4944	-0.16725	1.5609	8.5345	0	0
0.038052	1.586	7.4681	-0.16725	1.5609	8.5345	-0.2822	1.5457	9.3801	0	0
0.038052	1.586	7.4681	0.15865	1.3202	8.8175	-0.2822	1.5457	9.3801	0	0
-0.16725	1.5609	7.5082	-0.43757	1.192	8.8144	-0.2822	1.5457	9.3801	0	0
0.18565	0.81736	7.7615	-0.4245	-0.22426	8.8192	0.099852	0.53146	9.6678	0	0
0.18565	0.81736	7.7615	0.15865	1.3202	8.8175	0.1686	1.0787	9.5365	0	0
0.18565	0.81736	7.7615	0.1686	1.0787	9.5365	0.099852	0.53146	9.6678	0	0
-0.54655	-0.74849	7.7756	-0.4245	-0.22426	8.8192	-0.54215	-0.73694	9.5497	0	0
-0.54655	-0.74849	7.7756	-0.54215	-0.73694	9.5497	-0.85995	-1.0273	9.7054	0	0
-0.4245	-0.22426	7.7929	-0.54215	-0.73694	9.5497	-0.40325	-0.23239	9.5557	0	0
-0.4245	-0.22426	7.7929	-0.40325	-0.23239	9.5557	0.099852	0.53146	9.6678	0	0
-0.46324	0.48506	7.7886	-0.43757	1.192	8.8144	-0.50717	0.49754	9.5691	0	0
-0.46324	0.48506	7.7886	-0.40325	-0.23239	9.5557	-0.50717	0.49754	9.5691	0	0
-0.43757	1.192	7.7881	-0.2822	1.5457	9.3801	-0.4315	1.1788	9.5592	0	0
-0.43757	1.192	7.7881	-0.50717	0.49754	9.5691	-0.4315	1.1788	9.5592	0	0
0.15865	1.3202	7.7912	-0.2822	1.5457	9.3801	0.1686	1.0787	9.5365	0	0
-0.54215	-0.73694	8.5234	-0.40325	-0.23239	9.5557	-0.39457	-0.35364	10.274	0	0
-0.54215	-0.73694	8.5234	-0.85995	-1.0273	9.7054	-0.65628	-0.8273	10.225	0	0
-0.54215	-0.73694	8.5234	-0.65628	-0.8273	10.225	-0.39457	-0.35364	10.274	0	0
-0.40325	-0.23239	8.5294	-0.50717	0.49754	9.5691	-0.50472	0.53016	10.263	0	0
-0.40325	-0.23239	8.5294	-0.39457	-0.35364	10.274	-0.50472	0.53016	10.263	0	0
-0.2822	1.5457	8.3537	0.1686	1.0787	9.5365	-0.016698	1.5936	10.331	0	0
-0.2822	1.5457	8.3537	-0.4315	1.1788	9.5592	-0.25145	1.5798	10.313	0	0
-0.2822	1.5457	8.3537	-0.25145	1.5798	10.313	-0.016698	1.5936	10.331	0	0
0.1686	1.0787	8.5102	0.099852	0.53146	9.6678	0.23665	0.83626	10.139	0	0
0.1686	1.0787	8.5102	0.23665	0.83626	10.139	0.10795	1.333	10.31	0	0
0.1686	1.0787	8.5102	-0.016698	1.5936	10.331	0.10795	1.333	10.31	0	0
-0.50717	0.49754	8.5427	-0.4315	1.1788	9.5592	-0.50472	0.53016	10.263	0	0
0.099852	0.53146	8.6415	-0.39457	-0.35364	10.274	0.23665	0.83626	10.139	0	0
-0.65628	-0.8273	9.1986	-0.39457	-0.35364	10.274	-0.42485	-0.68119	11.11	0	0
-0.39457	-0.35364	9.2478	0.23665	0.83626	10.139	0.17135	0.54336	11.136	0	0
-0.39457	-0.35364	9.2478	-0.50472	0.53016	10.263	-0.35848	-0.20897	10.899	0	0
-0.39457	-0.35364	9.2478	-0.35848	-0.20897	10.899	-0.42485	-0.68119	11.11	0	0
-0.4315	1.1788	8.5329	-0.50472	0.53016	10.263	-0.4806	1.1799	10.32	0	0
-0.4315	1.1788	8.5329	-0.4806	1.1799	10.32	-0.25145	1.5798	10.313	0	0
0.23665	0.83626	9.1124	0.10795	1.333	10.31	0.21739	1.0475	10.913	0	0
0.23665	0.83626	9.1124	0.21739	1.0475	10.913	0.17135	0.54336	11.136	0	0
-0.50472	0.53016	9.2364	-0.4806	1.1799	10.32	-0.40839	0.43862	10.972	0	0
-0.50472	0.53016	9.2364	-0.35848	-0.20897	10.899	-0.40839	0.43862	10.972	0	0
-0.4806	1.1799	9.2938	-0.25145	1.5798	10.313	-0.36515	1.6128	11.053	0	0
-0.4806	1.1799	9.2938	-0.36515	1.6128	11.053	-0.52258	1.2767	11.081	0	0
-0.4806	1.1799	9.2938	-0.52258	1.2767	11.081	-0.40839	0.43862	10.972	0	0
-0.35848	-0.20897	9.8729	-0.40839	0.43862	10.972	-0.3805	-0.25454	11.548	0	0
-0.35848	-0.20897	9.8729	-0.42485	-0.68119	11.11	-0.3805	-0.25454	11.548	0	0
-0.25145	1.5798	9.2866	-0.016698	1.5936	10.331	-0.36515	1.6128	11.053	0	0
-0.016698	1.5936	9.3044	0.10795	1.333	10.31	-0.012848	1.6031	11.064	0	0
-0.016698	1.5936	9.3044	-0.012848	1.6031	11.064	-0.36515	1.6128	11.053	0	0
0.10795	1.333	9.284	0.21739	1.0475	10.913	-0.012848	1.6031	11.064	0	0
0.21739	1.0475	9.8871	-0.012848	1.6031	11.064	0.2639	1.1164	11.541	0	0
0.21739	1.0475	9.8871	0.17135	0.54336	11.136	0.2639	1.1164	11.541	0	0
-0.36515	1.6128	10.026	-0.52258	1.2767	11.081	-0.51385	1.2237	11.577	0	0
-0.52258	1.2767	10.054	-0.40839	0.43862	10.972	-0.47425	0.49099	11.542	0	0
-0.52258	1.2767	10.054	-0.47425	0.49099	11.542	-0.51385	1.2237	11.577	0	0
-0.40839	0.43862	9.946	-0.3805	-0.25454	11.548	-0.47425	0.49099	11.542	0	0
0.17135	0.54336	10.11	0.14235	0.54886	11.383	0.2639	1.1164	11.541	0	0
-0.42485	-0.68119	10.083	-0.3805	-0.25454	11.548	-0.73568	-0.83094	11.678	0	0
-0.3805	-0.25454	10.522	-0.73568	-0.83094	11.678	-0.96105	-0.55514	11.959	0	0
-0.3805	-0.25454	10.522	-0.47425	0.49099	11.542	-0.45897	0.4671	12.308	0	0
-0.3805	-0.25454	10.522	-0.96105	-0.55514	11.959	-0.37735	-0.30974	12.377	0	0
-0.3805	-0.25454	10.522	-0.37735	-0.30974	12.377	-0.45897	0.4671	12.308	0	0
-0.73568	-0.83094	10.652	-0.96105	-0.55514	11.959	-0.86515	-0.80664	12.027	0	0
-0.47425	0.49099	10.516	-0.51385	1.2237	11.577	-0.46937	1.2148	12.265	0	0
-0.47425	0.49099	10.516	-0.45897	0.4671	12.308	-0.46937	1.2148	12.265	0	0
-0.96105	-0.55514	10.932	-0.86515	-0.80664	12.027	-0.37735	-0.30974	12.377	0	0
-0.86515	-0.80664	11.001	-0.68505	-0.91876	12.451	-0.37735	-0.30974	12.377	0	0
-0.68505	-0.91876	11.424	-0.37735	-0.30974	12.377	-0.6718	-0.79579	12.916	0	0
-0.37735	-0.30974	11.351	-0.45897	0.4671	12.308	-0.45517	0.47934	13.071	0	0
-0.37735	-0.30974	11.351	-0.6718	-0.79579	12.916	-0.38811	-0.35657	12.961	0	0
-0.37735	-0.30974	11.351	-0.38811	-0.35657	12.961	-0.45517	0.47934	13.071	0	0
-0.45897	0.4671	11.282	-0.46937	1.2148	12.265	-0.3675	1.1734	13.003	0	0
-0.45897	0.4671	11.282	-0.45517	0.47934	13.071	-0.3675	1.1734	13.003	0	0
-0.6718	-0.79579	11.89	-0.38811	-0.35657	12.961	-0.42152	-0.31249	13.655	0	0
-0.6718	-0.79579	11.89	-0.42152	-0.31249	13.655	-0.48425	-0.71459	13.816	0	0
-0.38811	-0.35657	11.934	-0.45517	0.47934	13.071	-0.42152	-0.31249	13.655	0	0
-0.46937	1.2148	11.239	0.3201	1.1734	12.319	0.44915	1.7967	12.608	0	0
-0.46937	1.2148	11.239	-0.3675	1.1734	13.003	0.27305	1.7982	12.942	0	0
-0.46937	1.2148	11.239	0.44915	1.7967	12.608	0.27305	1.7982	12.942	0	0
-0.45517	0.47934	12.045	-0.3675	1.1734	13.003	-0.41085	1.0843	13.778	0	0
-0.45517	0.47934	12.045	-0.42152	-0.31249	13.655	-0.4279	0.48226	13.809	0	0
-0.45517	0.47934	12.045	-0.4279	0.48226	13.809	-0.41085	1.0843	13.778	0	0
-0.3675	1.1734	11.976	0.27305	1.7982	12.942	0.2212	1.1343	13.055	0	0
-0.42152	-0.31249	12.628	-0.48425	-0.71459	13.816	-0.34132	-0.30249	14.365	0	0
-0.42152	-0.31249	12.628	-0.4279	0.48226	13.809	-0.34132	-0.30249	14.365	0	0
-0.48425	-0.71459	12.79	-0.34132	-0.30249	14.365	-0.3805	-0.66844	14.533	0	0
-0.4279	0.48226	12.782	-0.34132	-0.30249	14.365	-0.45917	0.47431	14.571	0	0
-0.4279	0.48226	12.782	-0.41085	1.0843	13.778	-0.43095	1.0746	14.544	0	0
-0.4279	0.48226	12.782	-0.45917	0.47431	14.571	-0.43095	1.0746	14.544	0	0
-0.34132	-0.30249	13.339	-0.3805	-0.66844	14.533	-0.88565	-0.52164	15.158	0	0
-0.34132	-0.30249	13.339	-0.45917	0.47431	14.571	-0.88565	-0.52164	15.158	0	0
-0.3805	-0.66844	13.506	-0.45015	-0.71134	15.077	-0.88565	-0.52164	15.158	0	0
-0.45917	0.47431	13.544	-0.88565	-0.52164	15.158	-0.42075	0.48256	15.058	0	0
-0.45917	0.47431	13.544	-0.43095	1.0746	14.544	-0.42075	0.48256	15.058	0	0
-0.45015	-0.71134	14.05	-0.88565	-0.52164	15.158	-0.96415	-0.59844	15.237	0	0
-0.45015	-0.71134	14.05	-0.96415	-0.59844	15.237	-0.41911	-0.86022	15.823	0	0
-0.88565	-0.52164	14.132	-0.96415	-0.59844	15.237	-0.9813	-0.23194	15.939	0	0
-0.88565	-0.52164	14.132	-0.42075	0.48256	15.058	-0.9813	-0.23194	15.939	0	0
-0.36742	-0.36009	14.155	-0.42075	0.48256	15.058	0.16885	0.67156	15.048	0	0
-0.96415	-0.59844	14.211	-0.41911	-0.86022	15.823	-0.88385	-0.74594	16.35	0	0
-0.96415	-0.59844	14.211	-0.88385	-0.74594	16.35	-0.9813	-0.23194	15.939	0	0
-0.43095	1.0746	13.518	-0.42075	0.48256	15.058	-0.24235	1.0866	15.056	0	0
-0.42075	0.48256	14.032	0.16885	0.67156	15.048	-0.24235	1.0866	15.056	0	0
-0.42075	0.48256	14.032	-0.2845	1.1115	15.833	-0.41087	0.47619	15.805	0	0
-0.42075	0.48256	14.032	-0.41087	0.47619	15.805	-0.9813	-0.23194	15.939	0	0
0.16885	0.67156	14.021	-0.24235	1.0866	15.056	0.038752	1.0985	14.99	0	0
-0.2845	1.1115	14.806	0.086652	1.0978	15.893	-0.40285	1.0613	16.442	0	0
-0.2845	1.1115	14.806	-0.41087	0.47619	15.805	-0.40285	1.0613	16.442	0	0
0.15923	0.66041	14.794	0.086652	1.0978	15.893	0.19095	0.60506	16.561	0	0
0.086652	1.0978	14.867	-0.40285	1.0613	16.442	0.098052	1.2044	16.563	0	0
0.086652	1.0978	14.867	0.098052	1.2044	16.563	0.19095	0.60506	16.561	0	0
-0.41087	0.47619	14.779	-0.33885	0.3976	16.548	-0.40285	1.0613	16.442	0	0
-0.41087	0.47619	14.779	-0.33885	0.3976	16.548	-0.9813	-0.23194	15.939	0	0
-0.41911	-0.86022	14.797	-0.88385	-0.74594	16.35	-0.40575	-0.89959	16.375	0	0
0.0025521	-0.12704	15.073	-0.3584	-0.28179	16.533	-0.13335	-0.68374	16.621	0	0
0.0025521	-0.12704	15.073	-0.3584	-0.28179	16.533	-0.33885	0.3976	16.548	0	0
0.0025521	-0.12704	15.073	-0.13335	-0.68374	16.621	0.14772	-0.31664	17.336	0	0
0.0025521	-0.12704	15.073	-0.33885	0.3976	16.548	0.19095	0.60506	16.561	0	0
0.0025521	-0.12704	15.073	0.19095	0.60506	16.561	0.14772	-0.31664	17.336	0	0
-0.88385	-0.74594	15.324	-0.40575	-0.89959	16.375	-0.62545	-0.83467	17.168	0	0
-0.88385	-0.74594	15.324	-0.3584	-0.28179	16.533	-0.97425	-0.35344	16.392	0	0
-0.88385	-0.74594	15.324	-0.62545	-0.83467	17.168	-0.8889	-0.31899	17.315	0	0
-0.88385	-0.74594	15.324	-0.9813	-0.23194	15.939	-0.97425	-0.35344	16.392	0	0
-0.40575	-0.89959	15.348	-0.13335	-0.68374	16.621	-0.62545	-0.83467	17.168	0	0
-0.3584	-0.28179	15.506	-0.13335	-0.68374	16.621	-0.62545	-0.83467	17.168	0	0
-0.3584	-0.28179	15.506	-0.33885	0.3976	16.548	-0.97425	-0.35344	16.392	0	0
-0.3584	-0.28179	15.506	-0.62545	-0.83467	17.168	-0.42971	-0.24287	17.25	0	0
-0.13335	-0.68374	15.594	0.14772	-0.31664	17.336	0.13693	-0.69866	17.265	0	0
-0.33885	0.3976	15.521	-0.40285	1.0613	16.442	-0.38725	0.43935	17.265	0	0
-0.33885	0.3976	15.521	-0.42971	-0.24287	17.25	-0.38725	0.43935	17.265	0	0
-0.33885	0.3976	15.521	-0.9813	-0.23194	15.939	-0.97425	-0.35344	16.392	0	0
-0.40285	1.0613	15.416	0.098052	1.2044	16.563	-0.15665	1.2386	17.304	0	0
-0.40285	1.0613	15.416	-0.38725	0.43935	17.265	-0.15665	1.2386	17.304	0	0
0.098052	1.2044	15.537	0.19095	0.60506	16.561	0.2491	0.60551	17.313	0	0
0.098052	1.2044	15.537	0.2491	0.60551	17.313	0.062652	1.2484	17.309	0	0
0.098052	1.2044	15.537	-0.15665	1.2386	17.304	0.062652	1.2484	17.309	0	0
-0.62545	-0.83467	16.142	-0.8889	-0.31899	17.315	-0.29075	-0.65094	18.07	0	0
-0.62545	-0.83467	16.142	-0.29075	-0.65094	18.07	0.13693	-0.69866	17.265	0	0
-0.42971	-0.24287	16.224	-0.38725	0.43935	17.265	-0.62165	0.4732	17.91	0	0
-0.42971	-0.24287	16.224	-0.55715	-0.25834	18.062	-0.62165	0.4732	17.91	0	0
-0.42971	-0.24287	16.224	-0.55715	-0.25834	18.062	-0.29075	-0.65094	18.07	0	0
-0.38725	0.43935	16.239	0.2491	0.60551	17.313	-0.15665	1.2386	17.304	0	0
-0.38725	0.43935	16.239	-0.62165	0.4732	17.91	-0.38205	1.0578	18.07	0	0
0.19095	0.60506	15.535	0.2491	0.60551	17.313	0.14772	-0.31664	17.336	0	0
-0.8889	-0.31899	16.288	-0.9936	0.070962	17.954	-0.34635	-0.56554	18.285	0	0
-0.8889	-0.31899	16.288	-0.29075	-0.65094	18.07	-0.34635	-0.56554	18.285	0	0
0.2491	0.60551	16.286	0.062652	1.2484	17.309	0.10355	1.2579	18.077	0	0
0.2491	0.60551	16.286	0.10355	1.2579	18.077	0.21259	0.4143	18.048	0	0
0.2491	0.60551	16.286	0.21259	0.4143	18.048	0.14772	-0.31664	17.336	0	0
-0.15665	1.2386	16.278	0.062652	1.2484	17.309	-0.073448	1.5697	17.597	0	0
0.062652	1.2484	16.282	-0.073448	1.5697	17.597	0.10355	1.2579	18.077	0	0
-0.9936	0.070962	16.928	-0.55715	-0.25834	18.062	-0.62165	0.4732	17.91	0	0
-0.9936	0.070962	16.928	-0.62165	0.4732	17.91	-0.57545	0.52846	18.614	0	0
-0.073448	1.5697	16.57	0.10355	1.2579	18.077	-0.23995	1.5602	18.699	0	0
-0.62165	0.4732	16.884	-0.38205	1.0578	18.07	-0.57545	0.52846	18.614	0	0
-0.38205	1.0578	17.044	-0.57545	0.52846	18.614	-0.45155	1.1916	18.521	0	0
0.10355	1.2579	17.05	0.21259	0.4143	18.048	0.16085	1.0296	18.564	0	0
0.10355	1.2579	17.05	-0.23995	1.5602	18.699	0.16085	1.0296	18.564	0	0
0.022952	-0.076438	17.013	0.21259	0.4143	18.048	0.14772	-0.31664	17.336	0	0
0.022952	-0.076438	17.013	0.21259	0.4143	18.048	0.083602	0.26871	18.527	0	0
0.022952	-0.076438	17.013	-0.29075	-0.65094	18.07	-0.34635	-0.56554	18.285	0	0
0.022952	-0.076438	17.013	-0.29075	-0.65094	18.07	0.14772	-0.31664	17.336	0	0
0.022952	-0.076438	17.013	-0.34635	-0.56554	18.285	-0.33482	-0.38494	18.527	0	0
0.022952	-0.076438	17.013	-0.33482	-0.38494	18.527	0.083602	0.26871	18.527	0	0
0.21259	0.4143	17.022	0.083602	0.26871	18.527	0.16085	1.0296	18.564	0	0
-0.29075	-0.65094	17.044	0.14772	-0.31664	17.336	0.13693	-0.69866	17.265	0	0
-0.34635	-0.56554	17.259	-0.33482	-0.38494	18.527	-0.30967	-0.65984	19.43	0	0
-0.33482	-0.38494	17.501	0.083602	0.26871	18.527	-0.3333	-0.25534	19.303	0	0
-0.33482	-0.38494	17.501	-0.3333	-0.25534	19.303	-0.30967	-0.65984	19.43	0	0
0.083602	0.26871	17.501	0.16085	1.0296	18.564	0.012912	0.41294	19.344	0	0
0.083602	0.26871	17.501	-0.3333	-0.25534	19.303	0.012912	0.41294	19.344	0	0
-0.57545	0.52846	17.588	-0.45155	1.1916	18.521	-0.46765	1.1308	19.26	0	0
-0.57545	0.52846	17.588	-0.3333	-0.25534	19.303	-0.70147	0.45576	19.303	0	0
-0.57545	0.52846	17.588	-0.70147	0.45576	19.303	-0.46765	1.1308	19.26	0	0
-0.45155	1.1916	17.494	-0.23995	1.5602	18.699	-0.46765	1.1308	19.26	0	0
-0.23995	1.5602	17.673	0.16085	1.0296	18.564	0.26243	1.0638	19.343	0	0
-0.23995	1.5602	17.673	-0.46765	1.1308	19.26	-0.2114	1.6082	19.361	0	0
-0.23995	1.5602	17.673	0.26243	1.0638	19.343	-0.015798	1.6102	19.449	0	0
-0.23995	1.5602	17.673	-0.2114	1.6082	19.361	-0.015798	1.6102	19.449	0	0
0.16085	1.0296	17.538	0.012912	0.41294	19.344	0.26243	1.0638	19.343	0	0
-0.3333	-0.25534	18.277	-0.30967	-0.65984	19.43	-0.35305	-0.28614	20.053	0	0
-0.3333	-0.25534	18.277	-0.70147	0.45576	19.303	-0.70195	0.43951	20.061	0	0
-0.3333	-0.25534	18.277	0.012912	0.41294	19.344	-0.35305	-0.28614	20.053	0	0
-0.3333	-0.25534	18.277	-0.70195	0.43951	20.061	-0.10255	0.48991	20.051	0	0
-0.30967	-0.65984	18.403	-0.35305	-0.28614	20.053	-0.2813	-0.69894	20.021	0	0
-0.70147	0.45576	18.277	-0.46765	1.1308	19.26	-0.501	1.2706	20.018	0	0
-0.70147	0.45576	18.277	-0.70195	0.43951	20.061	-0.501	1.2706	20.018	0	0
-0.46765	1.1308	18.234	-0.2114	1.6082	19.361	-0.501	1.2706	20.018	0	0
0.012912	0.41294	18.317	0.26243	1.0638	19.343	0.28835	1.1383	19.911	0	0
0.012912	0.41294	18.317	-0.35305	-0.28614	20.053	-0.10255	0.48991	20.051	0	0
0.012912	0.41294	18.317	-0.10255	0.48991	20.051	0.28835	1.1383	19.911	0	0
0.26243	1.0638	18.316	-0.015798	1.6102	19.449	0.28835	1.1383	19.911	0	0
-0.2114	1.6082	18.335	-0.015798	1.6102	19.449	-0.26135	1.6477	20.091	0	0
-0.2114	1.6082	18.335	-0.501	1.2706	20.018	-0.26135	1.6477	20.091	0	0
-0.015798	1.6102	18.423	0.045752	1.7212	20.087	-0.26135	1.6477	20.091	0	0
-0.015798	1.6102	18.423	0.045752	1.7212	20.087	0.28835	1.1383	19.911	0	0
-0.70195	0.43951	19.035	-0.501	1.2706	20.018	-0.44551	1.2559	20.727	0	0
-0.70195	0.43951	19.035	-0.48658	0.37955	20.803	-0.44551	1.2559	20.727	0	0
-0.70195	0.43951	19.035	-0.48658	0.37955	20.803	-1.3729	0.25606	21.372	0	0
-0.35305	-0.28614	19.026	-0.2813	-0.69894	20.021	-0.30075	-0.65276	20.777	0	0
-0.35305	-0.28614	19.026	-0.10255	0.48991	20.051	-0.38382	-0.26259	20.793	0	0
-0.35305	-0.28614	19.026	-0.30075	-0.65276	20.777	-0.38382	-0.26259	20.793	0	0
-0.10255	0.48991	19.024	0.28835	1.1383	19.911	0.051352	0.73821	20.576	0	0
-0.10255	0.48991	19.024	-0.38382	-0.26259	20.793	0.051352	0.73821	20.576	0	0
-0.501	1.2706	18.992	-0.26135	1.6477	20.091	-0.44551	1.2559	20.727	0	0
0.045752	1.7212	19.061	-0.26135	1.6477	20.091	-0.44551	1.2559	20.727	0	0
0.045752	1.7212	19.061	0.28835	1.1383	19.911	0.58715	1.316	20.14	0	0
0.045752	1.7212	19.061	-0.44551	1.2559	20.727	0.34502	1.172	20.878	0	0
0.045752	1.7212	19.061	0.58715	1.316	20.14	0.34502	1.172	20.878	0	0
0.28835	1.1383	18.885	0.58715	1.316	20.14	0.051352	0.73821	20.576	0	0
-0.30075	-0.65276	19.751	-0.38382	-0.26259	20.793	-0.423	-0.26574	21.556	0	0
-0.30075	-0.65276	19.751	-0.3939	-0.77024	21.538	-0.423	-0.26574	21.556	0	0
-0.38382	-0.26259	19.767	0.051352	0.73821	20.576	0.2381	0.44926	21.314	0	0
-0.38382	-0.26259	19.767	-0.423	-0.26574	21.556	0.2381	0.44926	21.314	0	0
-0.48658	0.37955	19.777	-0.44551	1.2559	20.727	-0.54335	1.2539	21.341	0	0
-0.48658	0.37955	19.777	-0.39635	0.5562	21.475	0.2381	0.44926	21.314	0	0
-0.48658	0.37955	19.777	-0.39635	0.5562	21.475	-1.3729	0.25606	21.372	0	0
-0.44551	1.2559	19.701	0.34502	1.172	20.878	-0.54335	1.2539	21.341	0	0
0.58715	1.316	19.114	0.051352	0.73821	20.576	0.656	1.2231	20.593	0	0
0.051352	0.73821	19.55	0.34502	1.172	20.878	0.656	1.2231	20.593	0	0
0.051352	0.73821	19.55	0.34502	1.172	20.878	0.2381	0.44926	21.314	0	0
-0.3939	-0.77024	20.511	-0.423	-0.26574	21.556	-0.59085	-0.65714	22.028	0	0
0.34502	1.172	19.851	-0.54335	1.2539	21.341	0.95315	1.598	21.969	0	0
0.34502	1.172	19.851	0.656	1.2231	20.593	0.85285	1.191	21.302	0	0
0.34502	1.172	19.851	0.3645	0.98856	21.495	0.85285	1.191	21.302	0	0
0.34502	1.172	19.851	0.3645	0.98856	21.495	0.2381	0.44926	21.314	0	0
-0.54335	1.2539	20.315	-0.25505	1.1246	22.068	0.95315	1.598	21.969	0	0
0.3645	0.98856	20.468	0.19025	1.0859	22.049	0.21475	0.67251	22.012	0	0
0.3645	0.98856	20.468	0.19025	1.0859	22.049	0.95315	1.598	21.969	0	0
0.3645	0.98856	20.468	0.85285	1.191	21.302	0.95315	1.598	21.969	0	0
0.3645	0.98856	20.468	0.21475	0.67251	22.012	0.2381	0.44926	21.314	0	0
-0.39635	0.5562	20.449	-0.423	-0.26574	21.556	-0.415	0.47006	22.041	0	0
-0.39635	0.5562	20.449	-0.423	-0.26574	21.556	-1.105	-0.074787	21.691	0	0
-0.39635	0.5562	20.449	-0.415	0.47006	22.041	0.2381	0.44926	21.314	0	0
-0.39635	0.5562	20.449	-1.105	-0.074787	21.691	-1.3729	0.25606	21.372	0	0
-0.423	-0.26574	20.53	-0.415	0.47006	22.041	-0.35988	-0.3019	22.122	0	0
-0.423	-0.26574	20.53	-0.59085	-0.65714	22.028	-1.105	-0.074787	21.691	0	0
-0.423	-0.26574	20.53	-0.35988	-0.3019	22.122	0.3372	-0.36624	22.18	0	0
-0.423	-0.26574	20.53	0.2381	0.44926	21.314	0.3372	-0.36624	22.18	0	0
-0.415	0.47006	21.015	-0.35988	-0.3019	22.122	-0.47126	0.4628	22.806	0	0
-0.415	0.47006	21.015	-0.25505	1.1246	22.068	0.21475	0.67251	22.012	0	0
-0.415	0.47006	21.015	-0.25505	1.1246	22.068	-0.26585	1.0335	22.716	0	0
-0.415	0.47006	21.015	0.21475	0.67251	22.012	0.2381	0.44926	21.314	0	0
-0.415	0.47006	21.015	-0.47126	0.4628	22.806	-0.26585	1.0335	22.716	0	0
-0.59085	-0.65714	21.002	-0.35988	-0.3019	22.122	-0.6199	-0.31859	22.825	0	0
-0.59085	-0.65714	21.002	-1.105	-0.074787	21.691	-1.1567	-0.12344	22.002	0	0
-0.59085	-0.65714	21.002	-1.1567	-0.12344	22.002	-1.1862	-0.4681	22.686	0	0
-0.59085	-0.65714	21.002	-0.6199	-0.31859	22.825	-1.1862	-0.4681	22.686	0	0
-0.35988	-0.3019	21.095	-0.56622	-0.76911	22.772	0.154	-0.21294	22.793	0	0
-0.35988	-0.3019	21.095	-0.47126	0.4628	22.806	-0.6199	-0.31859	22.825	0	0
-0.35988	-0.3019	21.095	0.154	-0.21294	22.793	0.3372	-0.36624	22.18	0	0
-0.25505	1.1246	21.041	0.19025	1.0859	22.049	0.21475	0.67251	22.012	0	0
-0.25505	1.1246	21.041	0.19025	1.0859	22.049	0.011352	1.0912	22.825	0	0
-0.25505	1.1246	21.041	-0.26585	1.0335	22.716	0.011352	1.0912	22.825	0	0
0.19025	1.0859	21.022	0.95315	1.598	21.969	0.011352	1.0912	22.825	0	0
0.85285	1.191	20.275	0.2381	0.44926	21.314	0.65595	-0.22354	22.245	0	0
-0.56622	-0.76911	21.746	-0.61585	-0.67474	23.591	-0.6199	-0.31859	22.825	0	0
-0.56622	-0.76911	21.746	-0.61585	-0.67474	23.591	-1.0935	-0.92016	22.872	0	0
-0.56622	-0.76911	21.746	-0.6199	-0.31859	22.825	-1.1862	-0.4681	22.686	0	0
-0.56622	-0.76911	21.746	-1.1862	-0.4681	22.686	-1.0935	-0.92016	22.872	0	0
-0.56622	-0.76911	21.746	0.154	-0.21294	22.793	0.3931	-0.63109	22.812	0	0
-0.47126	0.4628	21.78	-0.26585	1.0335	22.716	-0.45125	0.44716	23.551	0	0
-0.47126	0.4628	21.78	-0.6199	-0.31859	22.825	-0.45125	0.44716	23.551	0	0
-0.26585	1.0335	21.69	0.011352	1.0912	22.825	-0.19085	1.1827	23.58	0	0
-0.26585	1.0335	21.69	-0.45125	0.44716	23.551	-0.19085	1.1827	23.58	0	0
-0.61585	-0.67474	22.565	0.059185	-0.32804	23.606	-0.69795	-0.32734	23.565	0	0
-0.61585	-0.67474	22.565	0.059185	-0.32804	23.606	0.34065	-0.69554	23.591	0	0
-0.61585	-0.67474	22.565	-0.6199	-0.31859	22.825	-0.69795	-0.32734	23.565	0	0
-0.61585	-0.67474	22.565	-1.0935	-0.92016	22.872	-1.2522	-1.1001	23.588	0	0
-0.61585	-0.67474	22.565	-1.2522	-1.1001	23.588	-0.88495	-0.79124	24.23	0	0
-0.61585	-0.67474	22.565	-0.65755	-0.88027	24.238	-0.88495	-0.79124	24.23	0	0
-0.61585	-0.67474	22.565	-0.65755	-0.88027	24.238	0.20085	-0.77226	24.295	0	0
-0.61585	-0.67474	22.565	0.20085	-0.77226	24.295	0.34065	-0.69554	23.591	0	0
0.059185	-0.32804	22.58	0.2188	0.55101	23.55	-0.45125	0.44716	23.551	0	0
0.059185	-0.32804	22.58	0.2188	0.55101	23.55	0.25115	-0.20677	24.211	0	0
0.059185	-0.32804	22.58	-0.45125	0.44716	23.551	-0.56201	-0.20524	24.273	0	0
0.059185	-0.32804	22.58	-0.56201	-0.20524	24.273	0.20085	-0.77226	24.295	0	0
0.059185	-0.32804	22.58	0.20085	-0.77226	24.295	0.25115	-0.20677	24.211	0	0
0.059185	-0.32804	22.58	0.34065	-0.69554	23.591	0.3931	-0.63109	22.812	0	0
0.011352	1.0912	21.799	0.036752	1.1831	23.557	-0.19085	1.1827	23.58	0	0
0.2381	0.44926	20.288	0.3372	-0.36624	22.18	0.65595	-0.22354	22.245	0	0
-1.105	-0.074787	20.664	-1.1567	-0.12344	22.002	-1.5789	-0.13094	22.108	0	0
-1.105	-0.074787	20.664	-1.3729	0.25606	21.372	-1.5789	-0.13094	22.108	0	0
-1.1567	-0.12344	20.976	-1.1862	-0.4681	22.686	-1.5789	-0.13094	22.108	0	0
0.2188	0.55101	22.524	0.036752	1.1831	23.557	0.35425	0.57406	24.307	0	0
0.2188	0.55101	22.524	0.35425	0.57406	24.307	0.25115	-0.20677	24.211	0	0
0.2188	0.55101	22.524	0.84775	-0.62624	23.106	0.88052	-0.3274	22.704	0	0
-0.6199	-0.31859	21.799	-0.69795	-0.32734	23.565	-0.45125	0.44716	23.551	0	0
-1.1862	-0.4681	21.66	-1.0935	-0.92016	22.872	-1.7044	-0.7402	22.887	0	0
-1.1862	-0.4681	21.66	-1.5789	-0.13094	22.108	-1.7044	-0.7402	22.887	0	0
-1.0935	-0.92016	21.846	-1.2522	-1.1001	23.588	-1.7044	-0.7402	22.887	0	0
-0.69795	-0.32734	22.539	-0.45125	0.44716	23.551	-0.9193	-0.076787	24.143	0	0
-0.69795	-0.32734	22.539	-0.88495	-0.79124	24.23	-0.9193	-0.076787	24.143	0	0
-0.45125	0.44716	22.525	-0.19085	1.1827	23.58	-0.48988	0.57153	24.206	0	0
-0.45125	0.44716	22.525	-0.48988	0.57153	24.206	-0.9193	-0.076787	24.143	0	0
0.036752	1.1831	22.53	-0.19085	1.1827	23.58	-0.070648	1.5571	24.502	0	0
0.036752	1.1831	22.53	0.35425	0.57406	24.307	0.092302	1.2865	24.319	0	0
0.036752	1.1831	22.53	0.092302	1.2865	24.319	-0.070648	1.5571	24.502	0	0
-1.2522	-1.1001	22.562	-0.88495	-0.79124	24.23	-1.895	-1.1264	23.905	0	0
-1.2522	-1.1001	22.562	-1.7044	-0.7402	22.887	-1.8615	-0.94627	23.51	0	0
-1.2522	-1.1001	22.562	-1.8615	-0.94627	23.51	-1.895	-1.1264	23.905	0	0
-0.65755	-0.88027	23.212	-0.88495	-0.79124	24.23	-0.56235	-0.98259	24.845	0	0
-0.65755	-0.88027	23.212	-0.56235	-0.98259	24.845	0.20085	-0.77226	24.295	0	0
-0.88495	-0.79124	23.204	-0.56235	-0.98259	24.845	-0.90285	-0.61954	24.875	0	0
-0.88495	-0.79124	23.204	-0.90285	-0.61954	24.875	-1.895	-1.1264	23.905	0	0
-0.88495	-0.79124	23.204	-0.9193	-0.076787	24.143	-0.9921	-0.30204	24.834	0	0
-0.19085	1.1827	22.553	-0.48988	0.57153	24.206	-0.22925	1.1973	24.317	0	0
-0.19085	1.1827	22.553	-0.22925	1.1973	24.317	-0.070648	1.5571	24.502	0	0
0.35425	0.57406	23.28	0.092302	1.2865	24.319	0.19245	1.2739	25.036	0	0
0.35425	0.57406	23.28	0.19245	1.2739	25.036	0.66172	0.44816	24.975	0	0
0.35425	0.57406	23.28	0.25115	-0.20677	24.211	0.6572	-0.24529	24.815	0	0
0.35425	0.57406	23.28	0.66172	0.44816	24.975	0.6572	-0.24529	24.815	0	0
-0.56201	-0.20524	23.247	-0.48988	0.57153	24.206	0.17749	-0.20924	24.888	0	0
-0.56201	-0.20524	23.247	-0.60445	-0.36564	25.114	-0.89945	0.26706	24.422	0	0
-0.56201	-0.20524	23.247	0.20085	-0.77226	24.295	0.17749	-0.20924	24.888	0	0
-0.48988	0.57153	23.179	-0.22925	1.1973	24.317	-0.44528	1.1017	24.921	0	0
-0.48988	0.57153	23.179	-0.4588	0.81476	25.072	-0.44528	1.1017	24.921	0	0
-0.48988	0.57153	23.179	-0.4588	0.81476	25.072	-0.89945	0.26706	24.422	0	0
-0.48988	0.57153	23.179	-0.9193	-0.076787	24.143	-0.89945	0.26706	24.422	0	0
-0.48988	0.57153	23.179	0.23865	0.44446	25.084	0.17749	-0.20924	24.888	0	0
-0.56235	-0.98259	23.818	-0.90285	-0.61954	24.875	-0.60445	-0.36564	25.114	0	0
-0.56235	-0.98259	23.818	-0.60445	-0.36564	25.114	0.10852	-0.74714	24.903	0	0
-0.56235	-0.98259	23.818	0.20085	-0.77226	24.295	0.10852	-0.74714	24.903	0	0
-0.90285	-0.61954	23.848	-0.60445	-0.36564	25.114	-0.9921	-0.30204	24.834	0	0
0.092302	1.2865	23.292	-0.070648	1.5571	24.502	0.19245	1.2739	25.036	0	0
-0.22925	1.1973	23.291	-0.070648	1.5571	24.502	-0.44528	1.1017	24.921	0	0
-0.070648	1.5571	23.476	0.19245	1.2739	25.036	-0.018081	1.6022	25.037	0	0
-0.070648	1.5571	23.476	-0.018081	1.6022	25.037	-0.44528	1.1017	24.921	0	0
-0.60445	-0.36564	24.087	-0.42345	-0.73714	25.519	-0.62845	-0.29764	25.565	0	0
-0.60445	-0.36564	24.087	-0.62845	-0.29764	25.565	-0.89475	-0.064838	25.368	0	0
-0.60445	-0.36564	24.087	0.10852	-0.74714	24.903	0.17749	-0.20924	24.888	0	0
-0.60445	-0.36564	24.087	-0.4588	0.81476	25.072	-0.89945	0.26706	24.422	0	0
-0.60445	-0.36564	24.087	-0.9921	-0.30204	24.834	-0.89475	-0.064838	25.368	0	0
-0.60445	-0.36564	24.087	0.10345	0.32781	25.549	0.17749	-0.20924	24.888	0	0
-0.42345	-0.73714	24.492	-0.62845	-0.29764	25.565	-0.1227	-0.41594	26.058	0	0
-0.42345	-0.73714	24.492	0.10852	-0.74714	24.903	0.15392	-0.8914	25.526	0	0
-0.42345	-0.73714	24.492	-0.1227	-0.41594	26.058	0.15392	-0.8914	25.526	0	0
-0.62845	-0.29764	24.539	-0.89475	-0.064838	25.368	-0.53875	-0.15177	26.196	0	0
-0.62845	-0.29764	24.539	-0.4519	0.44011	25.569	-0.1227	-0.41594	26.058	0	0
-0.62845	-0.29764	24.539	-0.53875	-0.15177	26.196	-0.39071	-0.69007	26.436	0	0
0.20085	-0.77226	23.269	0.10852	-0.74714	24.903	0.6572	-0.24529	24.815	0	0
0.20085	-0.77226	23.269	0.25115	-0.20677	24.211	0.6572	-0.24529	24.815	0	0
0.20085	-0.77226	23.269	0.34065	-0.69554	23.591	0.77965	-0.91354	23.662	0	0
0.10852	-0.74714	23.876	0.17749	-0.20924	24.888	0.6572	-0.24529	24.815	0	0
-0.4588	0.81476	24.045	0.23865	0.44446	25.084	0.19245	1.2739	25.036	0	0
-0.4588	0.81476	24.045	0.23865	0.44446	25.084	-0.4519	0.44011	25.569	0	0
-0.4588	0.81476	24.045	0.19245	1.2739	25.036	-0.44528	1.1017	24.921	0	0
-0.4588	0.81476	24.045	-0.4519	0.44011	25.569	-0.5612	1.2395	25.561	0	0
-0.9193	-0.076787	23.116	-0.9921	-0.30204	24.834	-0.89945	0.26706	24.422	0	0
0.23865	0.44446	24.058	0.19245	1.2739	25.036	0.3303	1.0826	25.548	0	0
0.23865	0.44446	24.058	0.10345	0.32781	25.549	-0.4519	0.44011	25.569	0	0
0.23865	0.44446	24.058	0.10345	0.32781	25.549	0.81262	0.58566	25.648	0	0
0.23865	0.44446	24.058	0.17749	-0.20924	24.888	0.66172	0.44816	24.975	0	0
0.23865	0.44446	24.058	0.66172	0.44816	24.975	0.81262	0.58566	25.648	0	0
0.19245	1.2739	24.009	-0.018081	1.6022	25.037	0.075752	1.721	25.588	0	0
0.19245	1.2739	24.009	0.075752	1.721	25.588	0.3303	1.0826	25.548	0	0
0.19245	1.2739	24.009	0.66172	0.44816	24.975	0.81262	0.58566	25.648	0	0
-0.9921	-0.30204	23.807	-0.89475	-0.064838	25.368	-1.0342	0.36408	24.889	0	0
-0.9921	-0.30204	23.807	-0.89945	0.26706	24.422	-1.0342	0.36408	24.889	0	0
-0.89475	-0.064838	24.341	-0.53875	-0.15177	26.196	-1.1659	0.45924	25.541	0	0
-0.89475	-0.064838	24.341	-1.0342	0.36408	24.889	-1.1659	0.45924	25.541	0	0
-0.018081	1.6022	24.011	0.075752	1.721	25.588	-0.20965	1.5844	25.621	0	0
-0.018081	1.6022	24.011	-0.20965	1.5844	25.621	-0.5612	1.2395	25.561	0	0
-0.018081	1.6022	24.011	-0.44528	1.1017	24.921	-0.5612	1.2395	25.561	0	0
0.075752	1.721	24.562	-0.20965	1.5844	25.621	-0.44435	1.6571	26.418	0	0
0.075752	1.721	24.562	0.3303	1.0826	25.548	0.1939	1.1617	26.29	0	0
0.075752	1.721	24.562	-0.44435	1.6571	26.418	0.37085	2.2796	26.511	0	0
-0.20965	1.5844	24.595	-0.5612	1.2395	25.561	-0.44435	1.6571	26.418	0	0
0.10345	0.32781	24.523	-0.4519	0.44011	25.569	0.11317	0.45303	26.287	0	0
0.10345	0.32781	24.523	0.17749	-0.20924	24.888	0.26805	-0.25924	25.715	0	0
0.10345	0.32781	24.523	0.26805	-0.25924	25.715	0.11317	0.45303	26.287	0	0
-0.4519	0.44011	24.542	-0.53875	-0.15177	26.196	-1.1918	0.54756	26.238	0	0
-0.4519	0.44011	24.542	-0.5612	1.2395	25.561	-0.5522	1.2715	26.074	0	0
-0.4519	0.44011	24.542	-0.5522	1.2715	26.074	0.11317	0.45303	26.287	0	0
-0.53875	-0.15177	25.169	-0.39071	-0.69007	26.436	-0.1227	-0.41594	26.058	0	0
-0.53875	-0.15177	25.169	-0.1227	-0.41594	26.058	0.11317	0.45303	26.287	0	0
-0.53875	-0.15177	25.169	0.11317	0.45303	26.287	-1.171	0.66716	27.045	0	0
-0.53875	-0.15177	25.169	-1.1918	0.54756	26.238	-1.171	0.66716	27.045	0	0
-0.44528	1.1017	23.895	-0.5612	1.2395	25.561	-1.0336	0.96496	25.703	0	0
-0.44528	1.1017	23.895	-0.89945	0.26706	24.422	-1.0342	0.36408	24.889	0	0
-0.44528	1.1017	23.895	-1.0342	0.36408	24.889	-1.0336	0.96496	25.703	0	0
-0.5612	1.2395	24.535	-0.5522	1.2715	26.074	-1.0336	0.96496	25.703	0	0
0.3303	1.0826	24.521	0.1939	1.1617	26.29	0.81262	0.58566	25.648	0	0
-0.5522	1.2715	25.047	-0.44435	1.6571	26.418	0.1939	1.1617	26.29	0	0
-0.5522	1.2715	25.047	-0.44435	1.6571	26.418	-1.0762	1.135	26.383	0	0
-0.5522	1.2715	25.047	0.11317	0.45303	26.287	0.1939	1.1617	26.29	0	0
-0.5522	1.2715	25.047	-1.0336	0.96496	25.703	-1.0762	1.135	26.383	0	0
-0.44435	1.6571	25.392	0.1939	1.1617	26.29	0.2694	1.8699	26.383	0	0
-0.44435	1.6571	25.392	0.2694	1.8699	26.383	-0.44275	1.8337	27.102	0	0
-0.44435	1.6571	25.392	-0.44275	1.8337	27.102	-1.1561	1.2942	27.092	0	0
-0.44435	1.6571	25.392	-1.1561	1.2942	27.092	-1.0762	1.135	26.383	0	0
-0.1227	-0.41594	25.032	0.15392	-0.8914	25.526	0.26805	-0.25924	25.715	0	0
-0.1227	-0.41594	25.032	0.26805	-0.25924	25.715	0.11317	0.45303	26.287	0	0
0.34065	-0.69554	22.564	0.77965	-0.91354	23.662	0.84775	-0.62624	23.106	0	0
0.34065	-0.69554	22.564	0.3931	-0.63109	22.812	0.84775	-0.62624	23.106	0	0
0.17749	-0.20924	23.862	0.15392	-0.8914	25.526	0.26805	-0.25924	25.715	0	0
0.17749	-0.20924	23.862	0.66172	0.44816	24.975	0.6572	-0.24529	24.815	0	0
0.154	-0.21294	21.767	0.3931	-0.63109	22.812	0.3372	-0.36624	22.18	0	0
0.11317	0.45303	25.26	0.1939	1.1617	26.29	0.72342	1.0219	26.401	0	0
0.11317	0.45303	25.26	-1.171	0.66716	27.045	-0.29025	1.3411	27.202	0	0
0.11317	0.45303	25.26	-0.29025	1.3411	27.202	0.8639	0.62481	26.575	0	0
0.11317	0.45303	25.26	0.72342	1.0219	26.401	0.8639	0.62481	26.575	0	0
0.1939	1.1617	25.264	0.2694	1.8699	26.383	0.72342	1.0219	26.401	0	0
0.2694	1.8699	25.357	0.37085	2.2796	26.511	0.30568	1.9962	27.098	0	0
0.2694	1.8699	25.357	0.37085	2.2796	26.511	0.72342	1.0219	26.401	0	0
0.2694	1.8699	25.357	-0.44275	1.8337	27.102	0.30568	1.9962	27.098	0	0
0.37085	2.2796	25.485	0.30568	1.9962	27.098	0.44235	2.2929	27.586	0	0
0.37085	2.2796	25.485	0.72342	1.0219	26.401	1.1543	1.0309	27.023	0	0
-1.1918	0.54756	25.212	-1.5835	0.40701	26.386	-1.1659	0.45924	25.541	0	0
-1.1918	0.54756	25.212	-1.5835	0.40701	26.386	-1.6032	0.93386	26.667	0	0
-1.1918	0.54756	25.212	-1.1659	0.45924	25.541	-1.0336	0.96496	25.703	0	0
-1.1918	0.54756	25.212	-1.6032	0.93386	26.667	-1.0762	1.135	26.383	0	0
-1.1918	0.54756	25.212	-1.0336	0.96496	25.703	-1.0762	1.135	26.383	0	0
-1.171	0.66716	26.019	-0.29025	1.3411	27.202	-1.1561	1.2942	27.092	0	0
-0.44275	1.8337	26.075	-0.40083	1.9232	27.751	0.10825	2.1963	27.576	0	0
-0.44275	1.8337	26.075	-0.40083	1.9232	27.751	-1.4209	1.5539	27.532	0	0
-0.44275	1.8337	26.075	0.30568	1.9962	27.098	0.10825	2.1963	27.576	0	0
-0.44275	1.8337	26.075	-1.1561	1.2942	27.092	-1.4209	1.5539	27.532	0	0
-0.29025	1.3411	26.176	-0.40083	1.9232	27.751	-1.3147	1.1609	27.813	0	0
-0.29025	1.3411	26.176	0.30568	1.9962	27.098	1.1543	1.0309	27.023	0	0
-0.29025	1.3411	26.176	-1.3147	1.1609	27.813	-1.1561	1.2942	27.092	0	0
-0.29025	1.3411	26.176	0.8639	0.62481	26.575	1.1543	1.0309	27.023	0	0
-0.40083	1.9232	26.724	-1.3147	1.1609	27.813	-0.71142	1.9394	28.343	0	0
-0.40083	1.9232	26.724	-0.71142	1.9394	28.343	0.11445	2.2429	28.089	0	0
-0.40083	1.9232	26.724	-1.2985	1.9022	28.368	-1.7246	2.1012	28.149	0	0
-0.40083	1.9232	26.724	0.10825	2.1963	27.576	0.11445	2.2429	28.089	0	0
-0.40083	1.9232	26.724	-1.4209	1.5539	27.532	-1.6492	1.7615	27.739	0	0
-0.40083	1.9232	26.724	-1.7246	2.1012	28.149	-1.6492	1.7615	27.739	0	0
0.30568	1.9962	26.072	0.10825	2.1963	27.576	0.44235	2.2929	27.586	0	0
-1.3147	1.1609	26.787	-0.71142	1.9394	28.343	-1.2985	1.9022	28.368	0	0
-1.3147	1.1609	26.787	-1.2985	1.9022	28.368	-1.7044	1.4623	28.538	0	0
-0.71142	1.9394	27.317	-1.2985	1.9022	28.368	-1.1185	2.4661	28.989	0	0
-0.71142	1.9394	27.317	0.11445	2.2429	28.089	-0.72875	2.4381	29.56	0	0
-0.71142	1.9394	27.317	-1.1185	2.4661	28.989	-0.72875	2.4381	29.56	0	0
-1.2985	1.9022	27.342	-1.7246	2.1012	28.149	-1.7316	2.4308	28.501	0	0
-1.2985	1.9022	27.342	-1.7316	2.4308	28.501	-1.1185	2.4661	28.989	0	0
0.3931	-0.63109	21.785	0.3372	-0.36624	22.18	0.65595	-0.22354	22.245	0	0
0.3931	-0.63109	21.785	0.84775	-0.62624	23.106	0.88052	-0.3274	22.704	0	0
0.3931	-0.63109	21.785	0.65595	-0.22354	22.245	0.88052	-0.3274	22.704	0	0
0.72342	1.0219	25.375	0.8639	0.62481	26.575	1.1543	1.0309	27.023	0	0
-1.0342	0.36408	23.863	-1.1659	0.45924	25.541	-1.0336	0.96496	25.703	0	0
-1.1561	1.2942	26.066	-1.4209	1.5539	27.532	-1.7671	1.1124	26.986	0	0
-1.1561	1.2942	26.066	-1.6032	0.93386	26.667	-1.7671	1.1124	26.986	0	0
-1.1561	1.2942	26.066	-1.6032	0.93386	26.667	-1.0762	1.135	26.383	0	0
0.10825	2.1963	26.55	0.44235	2.2929	27.586	0.11445	2.2429	28.089	0	0
-1.4209	1.5539	26.505	-1.7671	1.1124	26.986	-1.6492	1.7615	27.739	0	0
-1.7316	2.4308	27.475	-1.1185	2.4661	28.989	-1.7713	2.7764	28.897	0	0
-1.1185	2.4661	27.962	-1.7713	2.7764	28.897	-1.6864	2.9906	29.15	0	0
-1.1185	2.4661	27.962	-0.72875	2.4381	29.56	-1.1639	2.6667	29.562	0	0
-1.1185	2.4661	27.962	-1.1639	2.6667	29.562	-1.6864	2.9906	29.15	0	0
-1.1639	2.6667	28.535	-1.6947	2.9989	29.58	-1.6864	2.9906	29.15	0	0
-0.41205	2.6872	12.111	-2.1725	9.463	17.171	0.184	2.3724	11.732	1	1
-2.1725	9.463	17.171	-0.813033942217858	12.62411138541	18.9111616036362	-0.164322979828212	7.70089894822056	18.1414562510473	1	1
-0.813033942217858	12.62411138541	18.9111616036362	-0.161054339115328	17.8808251922727	18.6702896254474	0.97087398524502	11.4560813017789	19.8752522671098	1	1
-0.161054339115328	17.8808251922727	18.6702896254474	1.05378473672693	20.609766785249	16.8127650786565	1.11119459926837	18.4214062900736	20.4245339999523	1	1
1.05378473672693	20.609766785249	16.8127650786565	3.24550890747011	22.662227323443	11.226785495939	1.65064777090334	21.0982283106425	16.5981569086257	1	1
-0.164322979828212	7.70089894822056	18.1414562510473	0.184	2.3724	11.732	-2.1725	9.463	17.171	1	1
0.97087398524502	11.4560813017789	19.8752522671098	-0.164322979828212	7.70089894822056	18.1414562510473	-0.813033942217858	12.62411138541	18.9111616036362	1	1
1.11119459926837	18.4214062900736	20.4245339999523	0.97087398524502	11.4560813017789	19.8752522671098	-0.161054339115328	17.8808251922727	18.6702896254474	1	1
1.65064777090334	21.0982283106425	16.5981569086257	1.11119459926837	18.4214062900736	20.4245339999523	1.05378473672693	20.609766785249	16.8127650786565	1	1
-2.1725	9.463	17.171	-0.41205	2.6872	12.111	-1.7716	1.882	12.511	1	1
-0.813033942217858	12.62411138541	18.9111616036362	-2.1725	9.463	17.171	-3.15881272244923	9.82185309448071	17.7093955052899	1	1
-0.161054339115328	17.8808251922727	18.6702896254474	-0.813033942217858	12.62411138541	18.9111616036362	-2.68873804473053	12.658531242065	19.9438598912716	1	1
1.05378473672693	20.609766785249	16.8127650786565	-0.161054339115328	17.8808251922727	18.6702896254474	-1.5766027026454	19.3411067329301	19.4577602677717	1	1
3.24550890747011	22.662227323443	11.226785495939	1.05378473672693	20.609766785249	16.8127650786565	-0.570319356909958	22.0666010620992	16.8631919844346	1	1
-1.7716	1.882	12.511	-3.15881272244923	9.82185309448071	17.7093955052899	-2.1725	9.463	17.171	1	1
-3.15881272244923	9.82185309448071	17.7093955052899	-2.68873804473053	12.658531242065	19.9438598912716	-0.813033942217858	12.62411138541	18.9111616036362	1	1
-2.68873804473053	12.658531242065	19.9438598912716	-1.5766027026454	19.3411067329301	19.4577602677717	-0.161054339115328	17.8808251922727	18.6702896254474	1	1
-1.5766027026454	19.3411067329301	19.4577602677717	-0.570319356909958	22.0666010620992	16.8631919844346	1.05378473672693	20.609766785249	16.8127650786565	1	1
0.12035	-1.5779	16.987	-0.69681	-5.8877	22.062	0.7205	-1.7004	16.289	2	1
-0.69681	-5.8877	22.062	-1.1614	-9.309	25.507	0.63269	-5.2137	22.291	2	1
-1.1614	-9.309	25.507	-0.314547041965504	-12.9968575478178	26.9064384220006	1.11307276465384	-9.31869730740562	25.3755054560941	2	1
-0.314547041965504	-12.9968575478178	26.9064384220006	-1.7644773315796	-17.4379941264353	29.7896193333943	0.913773093668634	-13.2023098050738	27.9093825153499	2	1
-1.7644773315796	-17.4379941264353	29.7896193333943	-2.59581547135684	-22.5754341930124	30.0528750069899	0.484264177440133	-17.425247783186	29.4668411141083	2	1
-2.59581547135684	-22.5754341930124	30.0528750069899	-1.25549217047489	-26.1078269330054	30.1554261627981	0.221747190201661	-22.2444350607133	32.0328878434656	2	1
-1.25549217047489	-26.1078269330054	30.1554261627981	-0.427899934103609	-29.123601980421	28.4951582096702	1.51038741560439	-26.4929012655946	31.1687124173634	2	1
-0.427899934103609	-29.123601980421	28.4951582096702	0.60148110504772	-31.9688725986665	23.6958518769608	1.43838131037613	-28.5139937649503	28.8063461635402	2	1
0.63269	-5.2137	22.291	0.7205	-1.7004	16.289	-0.69681	-5.8877	22.062	2	1
1.11307276465384	-9.31869730740562	25.3755054560941	0.63269	-5.2137	22.291	-1.1614	-9.309	25.507	2	1
0.913773093668634	-13.2023098050738	27.9093825153499	1.11307276465384	-9.31869730740562	25.3755054560941	-0.314547041965504	-12.9968575478178	26.9064384220006	2	1
0.484264177440133	-17.425247783186	29.4668411141083	0.913773093668634	-13.2023098050738	27.9093825153499	-1.7644773315796	-17.4379941264353	29.7896193333943	2	1
0.221747190201661	-22.2444350607133	32.0328878434656	0.484264177440133	-17.425247783186	29.4668411141083	-2.59581547135684	-22.5754341930124	30.0528750069899	2	1
1.51038741560439	-26.4929012655946	31.1687124173634	0.221747190201661	-22.2444350607133	32.0328878434656	-1.25549217047489	-26.1078269330054	30.1554261627981	2	1
1.43838131037613	-28.5139937649503	28.8063461635402	1.51038741560439	-26.4929012655946	31.1687124173634	-0.427899934103609	-29.123601980421	28.4951582096702	2	1
-0.69681	-5.8877	22.062	0.12035	-1.5779	16.987	-1.3152	-1.6336	16.293	2	1
-1.1614	-9.309	25.507	-0.69681	-5.8877	22.062	-1.9231	-5.2824	22.816	2	1
-0.314547041965504	-12.9968575478178	26.9064384220006	-1.1614	-9.309	25.507	-1.67035813955646	-9.52653354109821	26.1249197283438	2	1
-1.7644773315796	-17.4379941264353	29.7896193333943	-0.314547041965504	-12.9968575478178	26.9064384220006	-2.08291979867707	-11.0145528930373	29.1966475328584	2	1
-2.59581547135684	-22.5754341930124	30.0528750069899	-1.7644773315796	-17.4379941264353	29.7896193333943	-2.57553004734405	-17.791152174624	29.1656312523778	2	1
-1.25549217047489	-26.1078269330054	30.1554261627981	-2.59581547135684	-22.5754341930124	30.0528750069899	-3.56113763941056	-22.4620184709672	29.9594857899622	2	1
-0.427899934103609	-29.123601980421	28.4951582096702	-1.25549217047489	-26.1078269330054	30.1554261627981	-1.20271631628818	-27.2954999741516	31.3910303496433	2	1
-1.3152	-1.6336	16.293	-1.9231	-5.2824	22.816	-0.69681	-5.8877	22.062	2	1
-1.9231	-5.2824	22.816	-1.67035813955646	-9.52653354109821	26.1249197283438	-1.1614	-9.309	25.507	2	1
-1.67035813955646	-9.52653354109821	26.1249197283438	-2.08291979867707	-11.0145528930373	29.1966475328584	-0.314547041965504	-12.9968575478178	26.9064384220006	2	1
-2.08291979867707	-11.0145528930373	29.1966475328584	-2.57553004734405	-17.791152174624	29.1656312523778	-1.7644773315796	-17.4379941264353	29.7896193333943	2	1
-2.57553004734405	-17.791152174624	29.1656312523778	-3.56113763941056	-22.4620184709672	29.9594857899622	-2.59581547135684	-22.5754341930124	30.0528750069899	2	1
-3.56113763941056	-22.4620184709672	29.9594857899622	-1.20271631628818	-27.2954999741516	31.3910303496433	-1.25549217047489	-26.1078269330054	30.1554261627981	2	1
0.0037021	2.3981	21.682	0.412	5.4894	26.775	1.0784	1.877	21.494	3	2
0.412	5.4894	26.775	0.67495	8.3882	31.514	1.1945	5.6152	27.008	3	2
0.67495	8.3882	31.514	1.03	11.425	34.562	2.4761	7.3981	31.791	3	2
1.03	11.425	34.562	1.88520519875485	15.6012543393379	36.71189532796	2.496410796378	11.2252394617975	34.5079198405783	3	2
1.88520519875485	15.6012543393379	36.71189532796	2.26808665244043	19.2962641733465	37.299111241405	4.01648778525618	15.0577365862522	37.8280584336739	3	2
2.26808665244043	19.2962641733465	37.299111241405	3.69016422582144	23.0088295531527	37.1620315713159	4.0783782290852	18.4989552607816	37.5971331625342	3	2
3.69016422582144	23.0088295531527	37.1620315713159	5.56980534588777	27.8612219821103	35.2120057086283	5.61309070178486	22.389388421641	37.1036197349262	3	2
5.56980534588777	27.8612219821103	35.2120057086283	6.49373822698868	30.4139345064792	33.0073823192144	7.52739790726973	27.41350311951	34.5004553775245	3	2
6.49373822698868	30.4139345064792	33.0073823192144	8.27486289481354	32.3032222435887	30.2926302395442	9.36515031176485	30.1056590783811	32.9843347633285	3	2
8.27486289481354	32.3032222435887	30.2926302395442	8.86440596937166	34.2279995808357	27.4509435634203	9.53135358013908	32.2129105329068	30.5271254262835	3	2
8.86440596937166	34.2279995808357	27.4509435634203	10.3108303470898	35.929360861847	21.2827889714034	10.8837939187362	33.4675623627848	27.6845480097913	3	2
1.1945	5.6152	27.008	1.0784	1.877	21.494	0.412	5.4894	26.775	3	2
2.4761	7.3981	31.791	1.1945	5.6152	27.008	0.67495	8.3882	31.514	3	2
2.496410796378	11.2252394617975	34.5079198405783	2.4761	7.3981	31.791	1.03	11.425	34.562	3	2
4.01648778525618	15.0577365862522	37.8280584336739	2.496410796378	11.2252394617975	34.5079198405783	1.88520519875485	15.6012543393379	36.71189532796	3	2
4.0783782290852	18.4989552607816	37.5971331625342	4.01648778525618	15.0577365862522	37.8280584336739	2.26808665244043	19.2962641733465	37.299111241405	3	2
5.61309070178486	22.389388421641	37.1036197349262	4.0783782290852	18.4989552607816	37.5971331625342	3.69016422582144	23.0088295531527	37.1620315713159	3	2
7.52739790726973	27.41350311951	34.5004553775245	5.61309070178486	22.389388421641	37.1036197349262	5.56980534588777	27.8612219821103	35.2120057086283	3	2
9.36515031176485	30.1056590783811	32.9843347633285	7.52739790726973	27.41350311951	34.5004553775245	6.49373822698868	30.4139345064792	33.0073823192144	3	2
9.53135358013908	32.2129105329068	30.5271254262835	9.36515031176485	30.1056590783811	32.9843347633285	8.27486289481354	32.3032222435887	30.2926302395442	3	2
10.8837939187362	33.4675623627848	27.6845480097913	9.53135358013908	32.2129105329068	30.5271254262835	8.86440596937166	34.2279995808357	27.4509435634203	3	2
0.412	5.4894	26.775	0.0037021	2.3981	21.682	-1.4666	1.9101	21.811	3	2
0.67495	8.3882	31.514	0.412	5.4894	26.775	-1.2307	5.5104	26.669	3	2
1.03	11.425	34.562	0.67495	8.3882	31.514	-2.0045	7.9057	31.505	3	2
1.88520519875485	15.6012543393379	36.71189532796	1.03	11.425	34.562	-1.03662805700492	11.531364170503	33.9451948871538	3	2
2.26808665244043	19.2962641733465	37.299111241405	1.88520519875485	15.6012543393379	36.71189532796	-0.977019952944144	14.7199305304043	38.8761121666314	3	2
3.69016422582144	23.0088295531527	37.1620315713159	2.26808665244043	19.2962641733465	37.299111241405	-0.708986715718473	20.0295383630413	36.3064495249443	3	2
5.56980534588777	27.8612219821103	35.2120057086283	3.69016422582144	23.0088295531527	37.1620315713159	1.18372136288767	23.4473160369625	37.0258949455883	3	2
6.49373822698868	30.4139345064792	33.0073823192144	5.56980534588777	27.8612219821103	35.2120057086283	4.1927300031286	27.5992194338029	34.9881579812663	3	2
8.27486289481354	32.3032222435887	30.2926302395442	6.49373822698868	30.4139345064792	33.0073823192144	5.8985543153473	31.6967697918051	33.2200398656268	3	2
8.86440596937166	34.2279995808357	27.4509435634203	8.27486289481354	32.3032222435887	30.2926302395442	7.12048969254314	33.4466228633906	30.5152006160918	3	2
10.3108303470898	35.929360861847	21.2827889714034	8.86440596937166	34.2279995808357	27.4509435634203	8.92134521250095	36.0204769375494	27.8522784463554	3	2
-1.4666	1.9101	21.811	-1.2307	5.5104	26.669	0.412	5.4894	26.775	3	2
-1.2307	5.5104	26.669	-2.0045	7.9057	31.505	0.67495	8.3882	31.514	3	2
-2.0045	7.9057	31.505	-1.03662805700492	11.531364170503	33.9451948871538	1.03	11.425	34.562	3	2
-1.03662805700492	11.531364170503	33.9451948871538	-0.977019952944144	14.7199305304043	38.8761121666314	1.88520519875485	15.6012543393379	36.71189532796	3	2
-0.977019952944144	14.7199305304043	38.8761121666314	-0.708986715718473	20.0295383630413	36.3064495249443	2.26808665244043	19.2962641733465	37.299111241405	3	2
-0.708986715718473	20.0295383630413	36.3064495249443	1.18372136288767	23.4473160369625	37.0258949455883	3.69016422582144	23.0088295531527	37.1620315713159	3	2
1.18372136288767	23.4473160369625	37.0258949455883	4.1927300031286	27.5992194338029	34.9881579812663	5.56980534588777	27.8612219821103	35.2120057086283	3	2
4.1927300031286	27.5992194338029	34.9881579812663	5.8985543153473	31.6967697918051	33.2200398656268	6.49373822698868	30.4139345064792	33.0073823192144	3	2
5.8985543153473	31.6967697918051	33.2200398656268	7.12048969254314	33.4466228633906	30.5152006160918	8.27486289481354	32.3032222435887	30.2926302395442	3	2
7.12048969254314	33.4466228633906	30.5152006160918	8.92134521250095	36.0204769375494	27.8522784463554	8.86440596937166	34.2279995808357	27.4509435634203	3	2
0.23953	-1.8413	25.174	0.80155	-3.8441	29.16	1.0008	-2.5974	25.299	4	2
0.80155	-3.8441	29.16	1.455	-5.9092	33.558	1.3809	-3.2059	29.58	4	2
1.455	-5.9092	33.558	2.383	-8.185	37.648	2.0671	-3.8303	34.049	4	2
2.383	-8.185	37.648	3.31169276689452	-11.0057941494017	40.6565490458723	3.67752704117963	-8.13939119568692	38.1981994062373	4	2
3.31169276689452	-11.0057941494017	40.6565490458723	3.2095734672251	-14.5685990328308	44.3871775145419	3.51040859675197	-10.9042505063467	41.0783564871523	4	2
3.2095734672251	-14.5685990328308	44.3871775145419	3.94105930219419	-17.9058982244378	46.9788781278341	5.12100091895374	-13.8397672256295	46.1007814750852	4	2
3.94105930219419	-17.9058982244378	46.9788781278341	5.43441041370177	-20.533591680697	49.5738600868642	4.52845198094265	-17.4461246529739	47.4229783349226	4	2
5.43441041370177	-20.533591680697	49.5738600868642	7.32198889881775	-23.7829745980034	51.4738698261141	7.77536129213143	-19.8627335850489	50.6093966435743	4	2
7.32198889881775	-23.7829745980034	51.4738698261141	9.53793309494807	-27.3666716000441	52.4517647474636	10.373649861563	-23.7511336213464	51.8965894502888	4	2
9.53793309494807	-27.3666716000441	52.4517647474636	11.4620003884002	-30.9812219237878	54.489546386254	11.7143717818406	-28.0913753211964	52.2673924102065	4	2
11.4620003884002	-30.9812219237878	54.489546386254	12.7569403972864	-36.0653100371318	56.4715061308352	12.6278507162803	-30.3098143234143	55.8355203262479	4	2
1.3809	-3.2059	29.58	1.0008	-2.5974	25.299	0.80155	-3.8441	29.16	4	2
2.0671	-3.8303	34.049	1.3809	-3.2059	29.58	1.455	-5.9092	33.558	4	2
3.67752704117963	-8.13939119568692	38.1981994062373	2.0671	-3.8303	34.049	2.383	-8.185	37.648	4	2
3.51040859675197	-10.9042505063467	41.0783564871523	3.67752704117963	-8.13939119568692	38.1981994062373	3.31169276689452	-11.0057941494017	40.6565490458723	4	2
5.12100091895374	-13.8397672256295	46.1007814750852	3.51040859675197	-10.9042505063467	41.0783564871523	3.2095734672251	-14.5685990328308	44.3871775145419	4	2
4.52845198094265	-17.4461246529739	47.4229783349226	5.12100091895374	-13.8397672256295	46.1007814750852	3.94105930219419	-17.9058982244378	46.9788781278341	4	2
7.77536129213143	-19.8627335850489	50.6093966435743	4.52845198094265	-17.4461246529739	47.4229783349226	5.43441041370177	-20.533591680697	49.5738600868642	4	2
11.7143717818406	-28.0913753211964	52.2673924102065	10.373649861563	-23.7511336213464	51.8965894502888	9.53793309494807	-27.3666716000441	52.4517647474636	4	2
12.6278507162803	-30.3098143234143	55.8355203262479	11.7143717818406	-28.0913753211964	52.2673924102065	11.4620003884002	-30.9812219237878	54.489546386254	4	2
0.80155	-3.8441	29.16	0.23953	-1.8413	25.174	-1.7013	-2.0621	24.932	4	2
1.455	-5.9092	33.558	0.80155	-3.8441	29.16	-1.3186	-3.3216	29.218	4	2
2.383	-8.185	37.648	1.455	-5.9092	33.558	-1.8644	-5.4447	33.492	4	2
3.31169276689452	-11.0057941494017	40.6565490458723	2.383	-8.185	37.648	-0.711720832122245	-8.95105674515974	36.7276385183397	4	2
3.2095734672251	-14.5685990328308	44.3871775145419	3.31169276689452	-11.0057941494017	40.6565490458723	-0.834217545892787	-9.27950725655958	40.9843310495355	4	2
3.94105930219419	-17.9058982244378	46.9788781278341	3.2095734672251	-14.5685990328308	44.3871775145419	0.685343816734461	-14.1612952528651	43.5169355123325	4	2
5.43441041370177	-20.533591680697	49.5738600868642	3.94105930219419	-17.9058982244378	46.9788781278341	2.77519913288721	-17.4790698377711	46.8640093594113	4	2
7.32198889881775	-23.7829745980034	51.4738698261141	5.43441041370177	-20.533591680697	49.5738600868642	4.75248912219413	-20.6489546983125	48.8916651467223	4	2
9.53793309494807	-27.3666716000441	52.4517647474636	7.32198889881775	-23.7829745980034	51.4738698261141	5.5406281055202	-23.5592884463114	51.1910108689578	4	2
11.4620003884002	-30.9812219237878	54.489546386254	9.53793309494807	-27.3666716000441	52.4517647474636	8.27111033555633	-27.1827036074085	52.1697964620612	4	2
12.7569403972864	-36.0653100371318	56.4715061308352	11.4620003884002	-30.9812219237878	54.489546386254	10.770285536081	-30.711304536234	53.9926589070627	4	2
-1.7013	-2.0621	24.932	-1.3186	-3.3216	29.218	0.80155	-3.8441	29.16	4	2
-1.3186	-3.3216	29.218	-1.8644	-5.4447	33.492	1.455	-5.9092	33.558	4	2
-1.8644	-5.4447	33.492	-0.711720832122245	-8.95105674515974	36.7276385183397	2.383	-8.185	37.648	4	2
-0.711720832122245	-8.95105674515974	36.7276385183397	-0.834217545892787	-9.27950725655958	40.9843310495355	3.31169276689452	-11.0057941494017	40.6565490458723	4	2
-0.834217545892787	-9.27950725655958	40.9843310495355	0.685343816734461	-14.1612952528651	43.5169355123325	3.2095734672251	-14.5685990328308	44.3871775145419	4	2
0.685343816734461	-14.1612952528651	43.5169355123325	2.77519913288721	-17.4790698377711	46.8640093594113	3.94105930219419	-17.9058982244378	46.9788781278341	4	2
2.77519913288721	-17.4790698377711	46.8640093594113	4.75248912219413	-20.6489546983125	48.8916651467223	5.43441041370177	-20.533591680697	49.5738600868642	4	2
4.75248912219413	-20.6489546983125	48.8916651467223	5.5406281055202	-23.5592884463114	51.1910108689578	7.32198889881775	-23.7829745980034	51.4738698261141	4	2
5.5406281055202	-23.5592884463114	51.1910108689578	8.27111033555633	-27.1827036074085	52.1697964620612	9.53793309494807	-27.3666716000441	52.4517647474636	4	2
8.27111033555633	-27.1827036074085	52.1697964620612	10.770285536081	-30.711304536234	53.9926589070627	11.4620003884002	-30.9812219237878	54.489546386254	4	2
-0.096448	-0.21984	26.534	-0.6632	1.1753	29.951	0.777	1.1601	26.013	5	2
-0.6632	1.1753	29.951	-0.837188901722821	3.76217471203268	33.8553004157369	2.27084563679594	2.56663626714848	28.8609579811236	5	2
-0.837188901722821	3.76217471203268	33.8553004157369	-1.80162137361444	6.99658931801083	37.3546057259086	0.865352697909373	3.5420827817819	33.7127400206044	5	2
-1.80162137361444	6.99658931801083	37.3546057259086	-2.90082488264394	9.95947473412001	39.4305483808836	-0.805596680912395	7.24257745432192	37.8641161033515	5	2
-2.90082488264394	9.95947473412001	39.4305483808836	-3.93100387327477	13.7592694652291	40.9484236948334	0.287125382629253	10.5925003072502	39.3564934957795	5	2
-3.93100387327477	13.7592694652291	40.9484236948334	-5.89482786498052	19.7429394880193	41.873435390956	-0.683528969448784	13.5348268294679	41.0712134125339	5	2
-5.89482786498052	19.7429394880193	41.873435390956	-7.4711492537503	22.8854280076909	41.7753506161986	-3.96748381172872	19.2794167727142	42.9316168889945	5	2
2.27084563679594	2.56663626714848	28.8609579811236	0.777	1.1601	26.013	-0.6632	1.1753	29.951	5	2
0.865352697909373	3.5420827817819	33.7127400206044	2.27084563679594	2.56663626714848	28.8609579811236	-0.837188901722821	3.76217471203268	33.8553004157369	5	2
-0.805596680912395	7.24257745432192	37.8641161033515	0.865352697909373	3.5420827817819	33.7127400206044	-1.80162137361444	6.99658931801083	37.3546057259086	5	2
0.287125382629253	10.5925003072502	39.3564934957795	-0.805596680912395	7.24257745432192	37.8641161033515	-2.90082488264394	9.95947473412001	39.4305483808836	5	2
-0.683528969448784	13.5348268294679	41.0712134125339	0.287125382629253	10.5925003072502	39.3564934957795	-3.93100387327477	13.7592694652291	40.9484236948334	5	2
-3.96748381172872	19.2794167727142	42.9316168889945	-0.683528969448784	13.5348268294679	41.0712134125339	-5.89482786498052	19.7429394880193	41.873435390956	5	2
-0.6632	1.1753	29.951	-0.096448	-0.21984	26.534	-1.2218	0.40471	26.546	5	2
-0.837188901722821	3.76217471203268	33.8553004157369	-0.6632	1.1753	29.951	-2.68748084374175	-0.765517072469853	30.8934535386266	5	2
-1.80162137361444	6.99658931801083	37.3546057259086	-0.837188901722821	3.76217471203268	33.8553004157369	-3.34737203137325	2.51321710380395	34.8318104046596	5	2
-2.90082488264394	9.95947473412001	39.4305483808836	-1.80162137361444	6.99658931801083	37.3546057259086	-4.35123623003498	5.79422813033969	38.0456999512511	5	2
-3.93100387327477	13.7592694652291	40.9484236948334	-2.90082488264394	9.95947473412001	39.4305483808836	-4.81803790052717	8.66616401903693	41.4164312999678	5	2
-5.89482786498052	19.7429394880193	41.873435390956	-3.93100387327477	13.7592694652291	40.9484236948334	-5.10504157127294	13.2375049868998	42.6289637636306	5	2
-7.4711492537503	22.8854280076909	41.7753506161986	-5.89482786498052	19.7429394880193	41.873435390956	-6.53790736399821	19.5097119186001	41.830455525833	5	2
-1.2218	0.40471	26.546	-2.68748084374175	-0.765517072469853	30.8934535386266	-0.6632	1.1753	29.951	5	2
-2.68748084374175	-0.765517072469853	30.8934535386266	-3.34737203137325	2.51321710380395	34.8318104046596	-0.837188901722821	3.76217471203268	33.8553004157369	5	2
-3.34737203137325	2.51321710380395	34.8318104046596	-4.35123623003498	5.79422813033969	38.0456999512511	-1.80162137361444	6.99658931801083	37.3546057259086	5	2
-4.35123623003498	5.79422813033969	38.0456999512511	-4.81803790052717	8.66616401903693	41.4164312999678	-2.90082488264394	9.95947473412001	39.4305483808836	5	2
-4.81803790052717	8.66616401903693	41.4164312999678	-5.10504157127294	13.2375049868998	42.6289637636306	-3.93100387327477	13.7592694652291	40.9484236948334	5	2
-5.10504157127294	13.2375049868998	42.6289637636306	-6.53790736399821	19.5097119186001	41.830455525833	-5.89482786498052	19.7429394880193	41.873435390956	5	2
0.66812	-1.503	30.237	0.6249	-2.4527	34.605	2.0123	-0.9005	30.568	6	2
0.6249	-2.4527	34.605	0.41847	-3.7092	38.806	2.0373	-3.5506	34.219	6	2
0.41847	-3.7092	38.806	0.669390053268421	-6.00277992387806	42.2185496413314	2.30576605087918	-3.93789865506912	39.0085351880672	6	2
0.669390053268421	-6.00277992387806	42.2185496413314	1.63702046711534	-9.5930364560986	45.1856928372433	2.26268533766598	-3.87844557929105	43.9867108271753	6	2
1.63702046711534	-9.5930364560986	45.1856928372433	3.21603632642085	-13.5646236663106	46.8408042890018	3.1889593438017	-8.22421148111526	47.9661209285435	6	2
3.21603632642085	-13.5646236663106	46.8408042890018	6.22331862067882	-17.3613585450724	47.8873911573677	5.43669516248945	-12.4799527286991	48.1571280678995	6	2
6.22331862067882	-17.3613585450724	47.8873911573677	8.48330820269977	-20.4694576842039	47.4850433967342	7.89053317227038	-16.9854443817825	49.0300862964138	6	2
8.48330820269977	-20.4694576842039	47.4850433967342	14.7532869753818	-25.3083984502153	45.3853356687041	11.0721140339458	-20.4493257636196	49.5156247011591	6	2
14.7532869753818	-25.3083984502153	45.3853356687041	16.0357664859538	-26.4417164434472	44.2806815910943	15.7371325963614	-26.304762184976	46.2359284632497	6	2
2.0373	-3.5506	34.219	2.0123	-0.9005	30.568	0.6249	-2.4527	34.605	6	2
2.30576605087918	-3.93789865506912	39.0085351880672	2.0373	-3.5506	34.219	0.41847	-3.7092	38.806	6	2
2.26268533766598	-3.87844557929105	43.9867108271753	2.30576605087918	-3.93789865506912	39.0085351880672	0.669390053268421	-6.00277992387806	42.2185496413314	6	2
3.1889593438017	-8.22421148111526	47.9661209285435	2.26268533766598	-3.87844557929105	43.9867108271753	1.63702046711534	-9.5930364560986	45.1856928372433	6	2
5.43669516248945	-12.4799527286991	48.1571280678995	3.1889593438017	-8.22421148111526	47.9661209285435	3.21603632642085	-13.5646236663106	46.8408042890018	6	2
7.89053317227038	-16.9854443817825	49.0300862964138	5.43669516248945	-12.4799527286991	48.1571280678995	6.22331862067882	-17.3613585450724	47.8873911573677	6	2
11.0721140339458	-20.4493257636196	49.5156247011591	7.89053317227038	-16.9854443817825	49.0300862964138	8.48330820269977	-20.4694576842039	47.4850433967342	6	2
15.7371325963614	-26.304762184976	46.2359284632497	11.0721140339458	-20.4493257636196	49.5156247011591	14.7532869753818	-25.3083984502153	45.3853356687041	6	2
0.6249	-2.4527	34.605	0.66812	-1.503	30.237	-2.9383	-1.1322	30.626	6	2
0.41847	-3.7092	38.806	0.6249	-2.4527	34.605	-1.4113	-1.7533	34.836	6	2
0.669390053268421	-6.00277992387806	42.2185496413314	0.41847	-3.7092	38.806	-2.86805682639194	-3.66553360481663	39.0962561321278	6	2
1.63702046711534	-9.5930364560986	45.1856928372433	0.669390053268421	-6.00277992387806	42.2185496413314	-3.30465629840042	-6.27717127839599	41.865968431745	6	2
3.21603632642085	-13.5646236663106	46.8408042890018	1.63702046711534	-9.5930364560986	45.1856928372433	-1.77622877500382	-9.81930036689254	44.9470458514144	6	2
6.22331862067882	-17.3613585450724	47.8873911573677	3.21603632642085	-13.5646236663106	46.8408042890018	0.364855314768888	-13.4909480635047	48.0171648063801	6	2
8.48330820269977	-20.4694576842039	47.4850433967342	6.22331862067882	-17.3613585450724	47.8873911573677	4.26397556178386	-17.3779131435197	48.3148979793372	6	2
14.7532869753818	-25.3083984502153	45.3853356687041	8.48330820269977	-20.4694576842039	47.4850433967342	7.50974276363275	-20.1740804068722	47.6762264500897	6	2
16.0357664859538	-26.4417164434472	44.2806815910943	14.7532869753818	-25.3083984502153	45.3853356687041	14.1955421134095	-25.6986738558652	46.9516451740983	6	2
-2.9383	-1.1322	30.626	-1.4113	-1.7533	34.836	0.6249	-2.4527	34.605	6	2
-1.4113	-1.7533	34.836	-2.86805682639194	-3.66553360481663	39.0962561321278	0.41847	-3.7092	38.806	6	2
-2.86805682639194	-3.66553360481663	39.0962561321278	-3.30465629840042	-6.27717127839599	41.865968431745	0.669390053268421	-6.00277992387806	42.2185496413314	6	2
-3.30465629840042	-6.27717127839599	41.865968431745	-1.77622877500382	-9.81930036689254	44.9470458514144	1.63702046711534	-9.5930364560986	45.1856928372433	6	2
-1.77622877500382	-9.81930036689254	44.9470458514144	0.364855314768888	-13.4909480635047	48.0171648063801	3.21603632642085	-13.5646236663106	46.8408042890018	6	2
0.364855314768888	-13.4909480635047	48.0171648063801	4.26397556178386	-17.3779131435197	48.3148979793372	6.22331862067882	-17.3613585450724	47.8873911573677	6	2
4.26397556178386	-17.3779131435197	48.3148979793372	7.50974276363275	-20.1740804068722	47.6762264500897	8.48330820269977	-20.4694576842039	47.4850433967342	6	2
7.50974276363275	-20.1740804068722	47.6762264500897	14.1955421134095	-25.6986738558652	46.9516451740983	14.7532869753818	-25.3083984502153	45.3853356687041	6	2
0.48025	-0.065238	32.487	-2.07183563009714	-2.25438550540122	34.6921180398771	0.716835767974507	-0.188466414045808	32.8230735359526	7	2
-2.07183563009714	-2.25438550540122	34.6921180398771	-6.57344424610397	-1.33194355389832	35.0036540962182	-0.975868206391454	-2.26648687343086	36.6723125451385	7	2
-0.975868206391454	-2.26648687343086	36.6723125451385	0.716835767974507	-0.188466414045808	32.8230735359526	-2.07183563009714	-2.25438550540122	34.6921180398771	7	2
-2.07183563009714	-2.25438550540122	34.6921180398771	0.48025	-0.065238	32.487	-2.68929748522087	-0.724378090314934	29.6143351036688	7	2
-6.57344424610397	-1.33194355389832	35.0036540962182	-2.07183563009714	-2.25438550540122	34.6921180398771	-2.98258678171154	-1.04562371481039	33.1640014496129	7	2
-2.68929748522087	-0.724378090314934	29.6143351036688	-2.98258678171154	-1.04562371481039	33.1640014496129	-2.07183563009714	-2.25438550540122	34.6921180398771	7	2
1.6541	2.9057	32.832	1.8467	5.2361	37.452	3.0061	2.7372	32.871	8	2
1.8467	5.2361	37.452	3.0828	7.2517	41.746	3.3828	2.8223	37.853	8	2
3.0828	7.2517	41.746	4.63655519599229	9.55172944907634	44.149519580596	5.8581560128516	5.96798142409474	42.3891566215194	8	2
4.63655519599229	9.55172944907634	44.149519580596	8.33896171820999	13.976910238988	46.385277872728	7.63490812453231	8.59189229541066	45.0151544715047	8	2
8.33896171820999	13.976910238988	46.385277872728	11.124658636227	17.0099885307037	46.4583611627038	11.0241087550727	13.4417346582312	47.1881165415706	8	2
11.124658636227	17.0099885307037	46.4583611627038	14.2605409066927	20.2050479924297	44.8970029617089	14.4552444311032	17.0073036320328	46.0309084000644	8	2
14.2605409066927	20.2050479924297	44.8970029617089	16.6882346436524	23.6937092163768	41.606984423151	16.5470477187437	20.0684182350367	44.0640366311533	8	2
16.6882346436524	23.6937092163768	41.606984423151	17.445702540212	26.0291827203811	38.1627438830936	18.8466960762323	24.2552663637828	41.2477563420347	8	2
17.445702540212	26.0291827203811	38.1627438830936	16.9510861930943	27.5235616550303	35.0345413211035	18.650001858375	25.8587128791102	37.8860035978277	8	2
3.3828	2.8223	37.853	3.0061	2.7372	32.871	1.8467	5.2361	37.452	8	2
5.8581560128516	5.96798142409474	42.3891566215194	3.3828	2.8223	37.853	3.0828	7.2517	41.746	8	2
7.63490812453231	8.59189229541066	45.0151544715047	5.8581560128516	5.96798142409474	42.3891566215194	4.63655519599229	9.55172944907634	44.149519580596	8	2
11.0241087550727	13.4417346582312	47.1881165415706	7.63490812453231	8.59189229541066	45.0151544715047	8.33896171820999	13.976910238988	46.385277872728	8	2
14.4552444311032	17.0073036320328	46.0309084000644	11.0241087550727	13.4417346582312	47.1881165415706	11.124658636227	17.0099885307037	46.4583611627038	8	2
16.5470477187437	20.0684182350367	44.0640366311533	14.4552444311032	17.0073036320328	46.0309084000644	14.2605409066927	20.2050479924297	44.8970029617089	8	2
18.8466960762323	24.2552663637828	41.2477563420347	16.5470477187437	20.0684182350367	44.0640366311533	16.6882346436524	23.6937092163768	41.606984423151	8	2
18.650001858375	25.8587128791102	37.8860035978277	18.8466960762323	24.2552663637828	41.2477563420347	17.445702540212	26.0291827203811	38.1627438830936	8	2
1.8467	5.2361	37.452	1.6541	2.9057	32.832	0.40135	0.65306	33.978	8	2
3.0828	7.2517	41.746	1.8467	5.2361	37.452	-0.586069999999999	5.112	37.433	8	2
4.63655519599229	9.55172944907634	44.149519580596	3.0828	7.2517	41.746	0.481027312877897	7.84110556373732	41.5065564451046	8	2
8.33896171820999	13.976910238988	46.385277872728	4.63655519599229	9.55172944907634	44.149519580596	0.909056122175219	10.0239454012745	44.669537187685	8	2
11.124658636227	17.0099885307037	46.4583611627038	8.33896171820999	13.976910238988	46.385277872728	4.95449333655144	14.1647763104248	47.1823719404242	8	2
14.2605409066927	20.2050479924297	44.8970029617089	11.124658636227	17.0099885307037	46.4583611627038	8.31949823816133	16.9667781814912	46.4261633856847	8	2
16.6882346436524	23.6937092163768	41.606984423151	14.2605409066927	20.2050479924297	44.8970029617089	11.8572442937675	20.3114561908543	46.4223284763484	8	2
17.445702540212	26.0291827203811	38.1627438830936	16.6882346436524	23.6937092163768	41.606984423151	16.3949396194877	24.5894400475048	42.4831883417494	8	2
16.9510861930943	27.5235616550303	35.0345413211035	17.445702540212	26.0291827203811	38.1627438830936	17.2835765489312	26.7065899469133	38.0872878535579	8	2
0.40135	0.65306	33.978	-0.586069999999999	5.112	37.433	1.8467	5.2361	37.452	8	2
-0.586069999999999	5.112	37.433	0.481027312877897	7.84110556373732	41.5065564451046	3.0828	7.2517	41.746	8	2
0.481027312877897	7.84110556373732	41.5065564451046	0.909056122175219	10.0239454012745	44.669537187685	4.63655519599229	9.55172944907634	44.149519580596	8	2
0.909056122175219	10.0239454012745	44.669537187685	4.95449333655144	14.1647763104248	47.1823719404242	8.33896171820999	13.976910238988	46.385277872728	8	2
4.95449333655144	14.1647763104248	47.1823719404242	8.31949823816133	16.9667781814912	46.4261633856847	11.124658636227	17.0099885307037	46.4583611627038	8	2
8.31949823816133	16.9667781814912	46.4261633856847	11.8572442937675	20.3114561908543	46.4223284763484	14.2605409066927	20.2050479924297	44.8970029617089	8	2
11.8572442937675	20.3114561908543	46.4223284763484	16.3949396194877	24.5894400475048	42.4831883417494	16.6882346436524	23.6937092163768	41.606984423151	8	2
16.3949396194877	24.5894400475048	42.4831883417494	17.2835765489312	26.7065899469133	38.0872878535579	17.445702540212	26.0291827203811	38.1627438830936	8	2
