0.22655	1.3574	0	0.1382	1.1338	0.2893	-0.12325	0.6238	0.27698	0	0
0.22655	1.3574	0	0.1382	1.1338	0.2893	0.48365	1.3635	0.9658	0	0
0.22655	1.3574	0	-0.12325	0.6238	0.27698	0.61266	-0.081976	0.33694	0	0
0.1382	1.1338	0.3648	-0.12325	0.6238	0.27698	-0.045099	0.6174	1.0396	0	0
0.1382	1.1338	0.3648	0.48365	1.3635	0.9658	0.2696	0.91225	1.0673	0	0
0.1382	1.1338	0.3648	0.2696	0.91225	1.0673	-0.045099	0.6174	1.0396	0	0
-0.12325	0.6238	0.35248	-0.045099	0.6174	1.0396	-0.85717	-0.12112	0.3146	0	0
-0.12325	0.6238	0.35248	-0.20177	0.041992	0.17146	0.61266	-0.081976	0.33694	0	0
-0.12325	0.6238	0.35248	-0.20177	0.041992	0.17146	-0.85717	-0.12112	0.3146	0	0
0.48365	1.3635	1.0413	0.2696	0.91225	1.0673	0.39405	1.2534	1.7022	0	0
0.2696	0.91225	1.1428	-0.045099	0.6174	1.0396	-0.077649	0.66885	1.6933	0	0
0.2696	0.91225	1.1428	0.46615	0.75915	1.5011	0.39405	1.2534	1.7022	0	0
0.2696	0.91225	1.1428	0.46615	0.75915	1.5011	-0.077649	0.66885	1.6933	0	0
-0.045099	0.6174	1.1151	-0.077649	0.66885	1.6933	0.072301	-0.013748	1.7606	0	0
-0.045099	0.6174	1.1151	-0.094483	-0.22318	1.0155	0.072301	-0.013748	1.7606	0	0
-0.045099	0.6174	1.1151	-0.094483	-0.22318	1.0155	-0.75055	-0.29255	1.0405	0	0
-0.045099	0.6174	1.1151	-0.85717	-0.12112	0.3146	-0.75055	-0.29255	1.0405	0	0
-0.20177	0.041992	0.24696	0.61266	-0.081976	0.33694	0.16425	-0.40535	0	0	0
-0.20177	0.041992	0.24696	0.16425	-0.40535	0	-0.64417	-0.606	0.40148	0	0
-0.20177	0.041992	0.24696	-0.64417	-0.606	0.40148	-0.85717	-0.12112	0.3146	0	0
0.61266	-0.081976	0.41244	0.6048	-0.15045	1.0184	-0.094483	-0.22318	1.0155	0	0
0.46615	0.75915	1.5766	0.39405	1.2534	1.7022	-0.077649	0.66885	1.6933	0	0
0.39405	1.2534	1.7777	-0.077649	0.66885	1.6933	0.19785	0.89159	2.2327	0	0
0.39405	1.2534	1.7777	0.19785	0.89159	2.2327	0.52655	1.3304	2.5427	0	0
0.6048	-0.15045	1.0939	-0.094483	-0.22318	1.0155	0.41708	-0.25297	1.6382	0	0
-0.077649	0.66885	1.7688	0.072301	-0.013748	1.7606	-0.014974	0.5832	2.3774	0	0
-0.077649	0.66885	1.7688	0.19785	0.89159	2.2327	-0.014974	0.5832	2.3774	0	0
-0.094483	-0.22318	1.091	0.072301	-0.013748	1.7606	0.41708	-0.25297	1.6382	0	0
-0.094483	-0.22318	1.091	-0.57735	-0.53975	0.9801	-0.75055	-0.29255	1.0405	0	0
-0.64417	-0.606	0.47698	-0.57735	-0.53975	0.9801	-0.75055	-0.29255	1.0405	0	0
-0.64417	-0.606	0.47698	-0.85717	-0.12112	0.3146	-0.75055	-0.29255	1.0405	0	0
0.072301	-0.013748	1.8361	0.41708	-0.25297	1.6382	0.46445	-0.20001	2.3536	0	0
0.072301	-0.013748	1.8361	-0.014974	0.5832	2.3774	-0.010249	-0.051148	2.5497	0	0
0.072301	-0.013748	1.8361	0.46445	-0.20001	2.3536	-0.010249	-0.051148	2.5497	0	0
0.19785	0.89159	2.3082	-0.014974	0.5832	2.3774	0.23505	0.94075	3.0425	0	0
0.19785	0.89159	2.3082	0.52655	1.3304	2.5427	0.23505	0.94075	3.0425	0	0
0.41708	-0.25297	1.7137	0.46445	-0.20001	2.3536	0.56215	-0.67165	1.9636	0	0
-0.014974	0.5832	2.4529	-0.010249	-0.051148	2.5497	0.036317	0.64872	3.0665	0	0
-0.014974	0.5832	2.4529	0.23505	0.94075	3.0425	0.036317	0.64872	3.0665	0	0
-0.014974	0.5832	2.4529	-0.026649	-0.034448	3.0183	-0.65715	-0.77805	2.7897	0	0
-0.014974	0.5832	2.4529	-0.6555	-0.70542	2.2815	-0.65715	-0.77805	2.7897	0	0
-0.014974	0.5832	2.4529	-0.6555	-0.70542	2.2815	-0.63072	-0.5188	1.5596	0	0
0.52655	1.3304	2.6182	0.23505	0.94075	3.0425	0.71725	1.4532	3.1256	0	0
0.46445	-0.20001	2.4291	-0.010249	-0.051148	2.5497	0.38532	-0.25901	3.0032	0	0
-0.010249	-0.051148	2.6252	0.036317	0.64872	3.0665	-0.026649	-0.034448	3.0183	0	0
-0.010249	-0.051148	2.6252	-0.026649	-0.034448	3.0183	0.38532	-0.25901	3.0032	0	0
0.23505	0.94075	3.118	0.036317	0.64872	3.0665	0.38245	0.8164	3.7969	0	0
0.23505	0.94075	3.118	0.71725	1.4532	3.1256	0.68205	1.1892	3.7927	0	0
0.23505	0.94075	3.118	0.68205	1.1892	3.7927	0.38245	0.8164	3.7969	0	0
0.036317	0.64872	3.142	-0.026649	-0.034448	3.0183	-0.028749	0.3782	3.783	0	0
0.036317	0.64872	3.142	0.38245	0.8164	3.7969	-0.028749	0.3782	3.783	0	0
-0.026649	-0.034448	3.0938	-0.028749	0.3782	3.783	-0.098283	-0.050614	3.8158	0	0
-0.026649	-0.034448	3.0938	-0.65715	-0.77805	2.7897	-0.098283	-0.050614	3.8158	0	0
0.38532	-0.25901	3.0787	0.37367	-0.47423	3.8383	-0.098283	-0.050614	3.8158	0	0
0.68205	1.1892	3.8682	0.38245	0.8164	3.7969	0.50075	0.84005	4.5503	0	0
0.68205	1.1892	3.8682	0.50075	0.84005	4.5503	0.68445	1.148	4.5611	0	0
0.68205	1.1892	3.8682	0.68445	1.148	4.5611	1.3205	1.0908	4.6492	0	0
0.38245	0.8164	3.8724	-0.028749	0.3782	3.783	-0.046749	0.60135	4.5328	0	0
0.38245	0.8164	3.8724	0.47065	0.039902	3.7986	0.54785	0.096052	4.5332	0	0
0.38245	0.8164	3.8724	0.50075	0.84005	4.5503	-0.046749	0.60135	4.5328	0	0
0.38245	0.8164	3.8724	0.54785	0.096052	4.5332	1.3205	1.0908	4.6492	0	0
-0.028749	0.3782	3.8585	-0.046749	0.60135	4.5328	-0.045949	-0.045048	4.5458	0	0
-0.028749	0.3782	3.8585	-0.098283	-0.050614	3.8158	-0.045949	-0.045048	4.5458	0	0
0.47065	0.039902	3.8742	0.54785	0.096052	4.5332	0.38285	-0.50718	4.5307	0	0
0.37367	-0.47423	3.9138	0.38285	-0.50718	4.5307	-0.045949	-0.045048	4.5458	0	0
0.37367	-0.47423	3.9138	-0.098283	-0.050614	3.8158	-0.045949	-0.045048	4.5458	0	0
0.50075	0.84005	4.6258	0.68445	1.148	4.5611	0.66525	1.0759	4.9892	0	0
0.50075	0.84005	4.6258	-0.046749	0.60135	4.5328	-0.083199	0.5918	4.9764	0	0
0.50075	0.84005	4.6258	0.66525	1.0759	4.9892	0.53058	0.83155	5.1369	0	0
0.50075	0.84005	4.6258	-0.083199	0.5918	4.9764	0.53058	0.83155	5.1369	0	0
0.68445	1.148	4.6366	0.66525	1.0759	4.9892	1.1591	1.4303	5.2527	0	0
0.68445	1.148	4.6366	1.1591	1.4303	5.2527	1.3205	1.0908	4.6492	0	0
-0.046749	0.60135	4.6083	-0.083199	0.5918	4.9764	-0.045949	-0.045048	4.5458	0	0
0.54785	0.096052	4.6087	0.38285	-0.50718	4.5307	0.6258	-0.16272	5.2632	0	0
0.54785	0.096052	4.6087	0.6258	-0.16272	5.2632	1.3596	1.0348	5.0043	0	0
0.54785	0.096052	4.6087	1.3205	1.0908	4.6492	1.3596	1.0348	5.0043	0	0
0.38285	-0.50718	4.6062	-0.045949	-0.045048	4.5458	0.21015	-0.44465	5.0217	0	0
0.38285	-0.50718	4.6062	0.21015	-0.44465	5.0217	0.6258	-0.16272	5.2632	0	0
0.66525	1.0759	5.0647	0.53058	0.83155	5.1369	0.71065	1.0633	5.7911	0	0
0.66525	1.0759	5.0647	1.1591	1.4303	5.2527	0.71065	1.0633	5.7911	0	0
-0.083199	0.5918	5.0519	-0.045949	-0.045048	4.5458	-0.032349	-0.041548	5.0196	0	0
-0.083199	0.5918	5.0519	-0.032349	-0.041548	5.0196	-0.089899	-0.058548	5.7843	0	0
-0.083199	0.5918	5.0519	0.53058	0.83155	5.1369	0.013851	0.71365	5.7851	0	0
-0.083199	0.5918	5.0519	0.013851	0.71365	5.7851	-0.089899	-0.058548	5.7843	0	0
-0.045949	-0.045048	4.6213	0.21015	-0.44465	5.0217	-0.032349	-0.041548	5.0196	0	0
0.21015	-0.44465	5.0972	-0.032349	-0.041548	5.0196	-0.089899	-0.058548	5.7843	0	0
0.21015	-0.44465	5.0972	0.6258	-0.16272	5.2632	0.29322	-0.53688	5.919	0	0
0.21015	-0.44465	5.0972	-0.089899	-0.058548	5.7843	0.29322	-0.53688	5.919	0	0
-0.032349	-0.041548	5.0951	0.6258	-0.16272	5.2632	0.41378	0.64809	5.889	0	0
0.53058	0.83155	5.2124	0.013851	0.71365	5.7851	0.41378	0.64809	5.889	0	0
0.53058	0.83155	5.2124	0.71065	1.0633	5.7911	0.41378	0.64809	5.889	0	0
1.1591	1.4303	5.3282	0.71065	1.0633	5.7911	1.0825	1.2599	6.0638	0	0
1.1591	1.4303	5.3282	1.0825	1.2599	6.0638	1.3706	0.84142	5.8121	0	0
1.1591	1.4303	5.3282	1.3205	1.0908	4.6492	1.3596	1.0348	5.0043	0	0
1.1591	1.4303	5.3282	1.3596	1.0348	5.0043	1.3706	0.84142	5.8121	0	0
0.6258	-0.16272	5.3387	0.41378	0.64809	5.889	0.69655	0.011112	5.9792	0	0
0.6258	-0.16272	5.3387	0.69655	0.011112	5.9792	0.29322	-0.53688	5.919	0	0
0.6258	-0.16272	5.3387	1.3596	1.0348	5.0043	1.3706	0.84142	5.8121	0	0
0.6258	-0.16272	5.3387	1.3706	0.84142	5.8121	0.89235	-0.16955	6.4974	0	0
0.013851	0.71365	5.8606	0.41378	0.64809	5.889	0.38842	0.80069	6.5143	0	0
0.013851	0.71365	5.8606	-0.089899	-0.058548	5.7843	-0.039399	0.56895	6.6183	0	0
0.013851	0.71365	5.8606	0.38842	0.80069	6.5143	-0.039399	0.56895	6.6183	0	0
0.71065	1.0633	5.8666	0.41378	0.64809	5.889	0.65225	1.0544	6.5387	0	0
0.71065	1.0633	5.8666	1.0825	1.2599	6.0638	0.65225	1.0544	6.5387	0	0
0.41378	0.64809	5.9645	0.69655	0.011112	5.9792	0.73755	0.18775	6.5382	0	0
0.41378	0.64809	5.9645	0.65225	1.0544	6.5387	0.38842	0.80069	6.5143	0	0
0.41378	0.64809	5.9645	0.73755	0.18775	6.5382	1.2595	0.92845	6.4981	0	0
0.41378	0.64809	5.9645	1.3706	0.84142	5.8121	1.2595	0.92845	6.4981	0	0
1.0825	1.2599	6.1393	0.65225	1.0544	6.5387	1.0228	1.2118	6.539	0	0
1.0825	1.2599	6.1393	1.0228	1.2118	6.539	1.2595	0.92845	6.4981	0	0
1.0825	1.2599	6.1393	1.3706	0.84142	5.8121	1.2595	0.92845	6.4981	0	0
-0.089899	-0.058548	5.8598	0.29322	-0.53688	5.919	0.12965	-0.48345	6.565	0	0
-0.089899	-0.058548	5.8598	0.12965	-0.48345	6.565	-0.098349	-0.040448	6.5495	0	0
-0.089899	-0.058548	5.8598	-0.039399	0.56895	6.6183	-0.098349	-0.040448	6.5495	0	0
0.69655	0.011112	6.0547	0.29322	-0.53688	5.919	0.5268	-0.66427	6.4845	0	0
0.69655	0.011112	6.0547	0.73755	0.18775	6.5382	0.89235	-0.16955	6.4974	0	0
0.69655	0.011112	6.0547	0.5268	-0.66427	6.4845	0.89235	-0.16955	6.4974	0	0
0.65225	1.0544	6.6142	0.38842	0.80069	6.5143	0.413	0.72027	7.2731	0	0
0.65225	1.0544	6.6142	1.0228	1.2118	6.539	1.0354	1.2301	7.105	0	0
0.65225	1.0544	6.6142	1.0354	1.2301	7.105	0.66185	1.097	7.2797	0	0
0.65225	1.0544	6.6142	0.66185	1.097	7.2797	0.413	0.72027	7.2731	0	0
0.38842	0.80069	6.5898	-0.039399	0.56895	6.6183	0.413	0.72027	7.2731	0	0
0.29322	-0.53688	5.9945	0.5268	-0.66427	6.4845	0.12965	-0.48345	6.565	0	0
1.0228	1.2118	6.6145	1.0354	1.2301	7.105	1.2595	0.92845	6.4981	0	0
0.73755	0.18775	6.6137	0.413	0.72027	7.2731	0.6618	0.090302	7.3519	0	0
0.73755	0.18775	6.6137	0.413	0.72027	7.2731	1.2595	0.92845	6.4981	0	0
0.73755	0.18775	6.6137	0.95975	0.093852	7.2882	0.6618	0.090302	7.3519	0	0
0.73755	0.18775	6.6137	0.95975	0.093852	7.2882	0.89235	-0.16955	6.4974	0	0
0.5268	-0.66427	6.56	0.12965	-0.48345	6.565	0.56853	-0.58253	7.2284	0	0
0.5268	-0.66427	6.56	0.56853	-0.58253	7.2284	0.89235	-0.16955	6.4974	0	0
0.12965	-0.48345	6.6405	-0.098349	-0.040448	6.5495	-0.051049	-0.013948	7.2865	0	0
0.12965	-0.48345	6.6405	0.56853	-0.58253	7.2284	0.1717	-0.4649	7.2801	0	0
0.12965	-0.48345	6.6405	-0.051049	-0.013948	7.2865	0.1717	-0.4649	7.2801	0	0
-0.039399	0.56895	6.6938	-0.098349	-0.040448	6.5495	-0.051049	-0.013948	7.2865	0	0
-0.039399	0.56895	6.6938	0.413	0.72027	7.2731	-0.044274	0.5931	7.2773	0	0
-0.039399	0.56895	6.6938	-0.051049	-0.013948	7.2865	-0.044274	0.5931	7.2773	0	0
1.0354	1.2301	7.1805	0.66185	1.097	7.2797	1.1316	1.2961	7.6446	0	0
1.0354	1.2301	7.1805	0.413	0.72027	7.2731	1.2595	0.92845	6.4981	0	0
0.66185	1.097	7.3552	0.413	0.72027	7.2731	0.42558	0.78109	8.0116	0	0
0.66185	1.097	7.3552	1.1316	1.2961	7.6446	0.67015	1.1329	8.0599	0	0
0.66185	1.097	7.3552	0.42558	0.78109	8.0116	0.67015	1.1329	8.0599	0	0
0.56853	-0.58253	7.3039	0.95975	0.093852	7.2882	0.89235	-0.16955	6.4974	0	0
0.56853	-0.58253	7.3039	0.95975	0.093852	7.2882	0.53312	-0.47755	7.9594	0	0
0.56853	-0.58253	7.3039	0.1717	-0.4649	7.2801	0.53312	-0.47755	7.9594	0	0
0.413	0.72027	7.3486	0.6618	0.090302	7.3519	0.64325	0.19485	8.0617	0	0
0.413	0.72027	7.3486	-0.044274	0.5931	7.2773	0.42558	0.78109	8.0116	0	0
0.413	0.72027	7.3486	-0.13045	0.41595	7.9896	0.64325	0.19485	8.0617	0	0
0.95975	0.093852	7.3637	0.95465	0.17225	7.8737	0.53312	-0.47755	7.9594	0	0
0.6618	0.090302	7.4274	0.95465	0.17225	7.8737	0.64325	0.19485	8.0617	0	0
-0.051049	-0.013948	7.362	0.1717	-0.4649	7.2801	-0.087349	-0.053648	8.0141	0	0
-0.051049	-0.013948	7.362	-0.044274	0.5931	7.2773	-0.13045	0.41595	7.9896	0	0
-0.051049	-0.013948	7.362	-0.13045	0.41595	7.9896	-0.087349	-0.053648	8.0141	0	0
0.1717	-0.4649	7.3556	-0.087349	-0.053648	8.0141	0.53312	-0.47755	7.9594	0	0
-0.044274	0.5931	7.3528	-0.13045	0.41595	7.9896	0.42558	0.78109	8.0116	0	0
0.79865	-0.77265	0.926	0.92895	-0.86855	0.6754	1.0846	-0.96345	0.6235	0	0
-0.13045	0.41595	8.0651	0.42558	0.78109	8.0116	-0.11772	0.62969	8.7799	0	0
-0.13045	0.41595	8.0651	-0.087349	-0.053648	8.0141	-0.013549	-0.012648	8.5559	0	0
-0.13045	0.41595	8.0651	-0.013549	-0.012648	8.5559	-0.11772	0.62969	8.7799	0	0
0.42558	0.78109	8.0871	0.67015	1.1329	8.0599	0.67245	1.1493	8.5375	0	0
0.42558	0.78109	8.0871	0.67245	1.1493	8.5375	0.35659	0.80623	8.727	0	0
0.42558	0.78109	8.0871	0.35659	0.80623	8.727	-0.11772	0.62969	8.7799	0	0
0.95465	0.17225	7.9492	0.64325	0.19485	8.0617	0.53312	-0.47755	7.9594	0	0
0.64325	0.19485	8.1372	-0.087349	-0.053648	8.0141	0.53312	-0.47755	7.9594	0	0
-0.087349	-0.053648	8.0896	-0.013549	-0.012648	8.5559	0.055684	-0.88715	8.7721	0	0
0.53312	-0.47755	8.0349	0.57248	-0.020748	8.6998	0.5007	-0.62125	8.5492	0	0
0.67245	1.1493	8.613	0.35659	0.80623	8.727	0.61985	1.1921	9.2822	0	0
0.35659	0.80623	8.8025	0.61985	1.1921	9.2822	0.46323	0.81363	9.4305	0	0
0.35659	0.80623	8.8025	0.46323	0.81363	9.4305	-0.083849	0.47925	9.2756	0	0
0.35659	0.80623	8.8025	-0.11772	0.62969	8.7799	-0.083849	0.47925	9.2756	0	0
-0.013549	-0.012648	8.6314	0.055684	-0.88715	8.7721	0.0094008	-0.046398	9.2749	0	0
-0.013549	-0.012648	8.6314	-0.11772	0.62969	8.7799	-0.083849	0.47925	9.2756	0	0
-0.013549	-0.012648	8.6314	-0.083849	0.47925	9.2756	0.0094008	-0.046398	9.2749	0	0
0.57248	-0.020748	8.7753	0.5007	-0.62125	8.5492	0.32542	-0.51581	9.2762	0	0
0.57248	-0.020748	8.7753	0.5772	-0.073073	9.2981	0.32542	-0.51581	9.2762	0	0
0.57248	-0.020748	8.7753	0.5772	-0.073073	9.2981	0.0094008	-0.046398	9.2749	0	0
0.5007	-0.62125	8.6247	0.23005	-1.3791	8.6142	0.055684	-0.88715	8.7721	0	0
0.5007	-0.62125	8.6247	0.055684	-0.88715	8.7721	0.32542	-0.51581	9.2762	0	0
0.23005	-1.3791	8.6897	0.055684	-0.88715	8.7721	-0.092549	-1.0578	9.5745	0	0
0.055684	-0.88715	8.8476	0.018901	-0.82725	9.4246	0.0094008	-0.046398	9.2749	0	0
0.055684	-0.88715	8.8476	0.018901	-0.82725	9.4246	-0.092549	-1.0578	9.5745	0	0
0.61985	1.1921	9.3577	0.46323	0.81363	9.4305	0.64435	1.1542	10.009	0	0
0.46323	0.81363	9.506	-0.083849	0.47925	9.2756	-0.052449	0.42075	10.027	0	0
0.46323	0.81363	9.506	0.64435	1.1542	10.009	0.43175	0.82105	10.021	0	0
0.46323	0.81363	9.506	-0.052449	0.42075	10.027	0.43175	0.82105	10.021	0	0
0.5772	-0.073073	9.3736	0.32542	-0.51581	9.2762	0.42963	-0.59057	10.069	0	0
0.5772	-0.073073	9.3736	0.0094008	-0.046398	9.2749	0.38815	0.086952	10.054	0	0
0.32542	-0.51581	9.3517	0.018901	-0.82725	9.4246	0.42963	-0.59057	10.069	0	0
0.018901	-0.82725	9.5001	0.0094008	-0.046398	9.2749	-0.021149	-0.014448	10.029	0	0
0.018901	-0.82725	9.5001	-0.021149	-0.014448	10.029	-0.092549	-1.0578	9.5745	0	0
-0.083849	0.47925	9.3511	0.0094008	-0.046398	9.2749	-0.052449	0.42075	10.027	0	0
0.0094008	-0.046398	9.3504	-0.052449	0.42075	10.027	0.38815	0.086952	10.054	0	0
0.64435	1.1542	10.085	0.43175	0.82105	10.021	0.6058	1.0915	10.772	0	0
-0.052449	0.42075	10.102	-0.021149	-0.014448	10.029	0.38815	0.086952	10.054	0	0
-0.052449	0.42075	10.102	-0.021149	-0.014448	10.029	-0.088399	0.418	10.771	0	0
-0.052449	0.42075	10.102	0.43175	0.82105	10.021	0.40881	0.79257	10.739	0	0
-0.052449	0.42075	10.102	0.40881	0.79257	10.739	-0.088399	0.418	10.771	0	0
-0.021149	-0.014448	10.104	0.38815	0.086952	10.054	0.42963	-0.59057	10.069	0	0
-0.021149	-0.014448	10.104	0.42963	-0.59057	10.069	-0.069149	-1.0758	10.034	0	0
-0.021149	-0.014448	10.104	-0.069149	-1.0758	10.034	-0.23125	-0.8693	10.654	0	0
-0.021149	-0.014448	10.104	-0.088399	0.418	10.771	-0.047749	-0.030998	10.778	0	0
-0.021149	-0.014448	10.104	-0.047749	-0.030998	10.778	-0.23125	-0.8693	10.654	0	0
0.43175	0.82105	10.097	0.6058	1.0915	10.772	0.40881	0.79257	10.739	0	0
0.38815	0.086952	10.13	0.42963	-0.59057	10.069	0.47005	0.12075	10.816	0	0
0.38815	0.086952	10.13	0.40881	0.79257	10.739	0.47005	0.12075	10.816	0	0
0.42963	-0.59057	10.145	-0.069149	-1.0758	10.034	0.33545	-1.3067	10.652	0	0
0.42963	-0.59057	10.145	0.47005	0.12075	10.816	0.41355	-0.64394	10.79	0	0
0.42963	-0.59057	10.145	0.41355	-0.64394	10.79	0.33545	-1.3067	10.652	0	0
-0.069149	-1.0758	10.11	-0.23125	-0.8693	10.654	-0.097999	-1.1156	10.751	0	0
-0.069149	-1.0758	10.11	0.33545	-1.3067	10.652	-0.097999	-1.1156	10.751	0	0
0.6058	1.0915	10.848	0.40881	0.79257	10.739	0.33735	0.81085	11.547	0	0
0.6058	1.0915	10.848	0.47005	0.12075	10.816	0.88155	0.99885	11.6	0	0
0.6058	1.0915	10.848	0.62325	1.1015	11.529	0.33735	0.81085	11.547	0	0
0.6058	1.0915	10.848	0.62325	1.1015	11.529	0.88155	0.99885	11.6	0	0
0.40881	0.79257	10.815	0.47005	0.12075	10.816	-0.062949	0.42885	11.523	0	0
0.40881	0.79257	10.815	-0.088399	0.418	10.771	0.33735	0.81085	11.547	0	0
0.47005	0.12075	10.892	-0.047749	-0.030998	10.778	-0.062949	0.42885	11.523	0	0
0.47005	0.12075	10.892	0.41355	-0.64394	10.79	0.53915	0.098052	11.528	0	0
0.47005	0.12075	10.892	0.88155	0.99885	11.6	0.53915	0.098052	11.528	0	0
-0.088399	0.418	10.846	-0.047749	-0.030998	10.778	-0.041749	-0.043648	11.527	0	0
-0.088399	0.418	10.846	0.33735	0.81085	11.547	-0.062949	0.42885	11.523	0	0
-0.088399	0.418	10.846	-0.041749	-0.043648	11.527	-0.062949	0.42885	11.523	0	0
-0.047749	-0.030998	10.854	-0.23125	-0.8693	10.654	-0.041749	-0.043648	11.527	0	0
-0.23125	-0.8693	10.73	-0.097999	-1.1156	10.751	-0.096049	-1.4099	11.593	0	0
-0.23125	-0.8693	10.73	-0.041749	-0.043648	11.527	-0.096049	-1.4099	11.593	0	0
0.41355	-0.64394	10.865	0.33545	-1.3067	10.652	0.56995	-1.5145	11.391	0	0
0.41355	-0.64394	10.865	0.56995	-1.5145	11.391	0.40735	-0.6429	11.525	0	0
0.41355	-0.64394	10.865	0.53915	0.098052	11.528	0.40735	-0.6429	11.525	0	0
0.33545	-1.3067	10.728	-0.097999	-1.1156	10.751	-0.096049	-1.4099	11.593	0	0
0.33545	-1.3067	10.728	0.56995	-1.5145	11.391	-0.096049	-1.4099	11.593	0	0
0.56995	-1.5145	11.466	0.40735	-0.6429	11.525	0.5753	-1.3358	12.014	0	0
0.56995	-1.5145	11.466	-0.096049	-1.4099	11.593	0.5753	-1.3358	12.014	0	0
0.62325	1.1015	11.605	0.33735	0.81085	11.547	0.39185	0.8435	12.158	0	0
0.62325	1.1015	11.605	0.88155	0.99885	11.6	0.95215	1.1373	11.991	0	0
0.62325	1.1015	11.605	0.95215	1.1373	11.991	0.67145	1.1364	12.288	0	0
0.62325	1.1015	11.605	0.39185	0.8435	12.158	0.67145	1.1364	12.288	0	0
0.33735	0.81085	11.622	-0.062949	0.42885	11.523	-0.032549	0.42755	12.041	0	0
0.33735	0.81085	11.622	0.39185	0.8435	12.158	-0.032549	0.42755	12.041	0	0
0.88155	0.99885	11.676	0.53915	0.098052	11.528	0.95695	0.9427	12.265	0	0
0.88155	0.99885	11.676	0.95215	1.1373	11.991	0.95695	0.9427	12.265	0	0
0.53915	0.098052	11.604	0.40735	-0.6429	11.525	0.53095	-0.12695	12.015	0	0
0.53915	0.098052	11.604	0.95695	0.9427	12.265	0.53095	-0.12695	12.015	0	0
-0.041749	-0.043648	11.602	-0.096049	-1.4099	11.593	-0.094649	-1.2207	12.248	0	0
-0.041749	-0.043648	11.602	-0.062949	0.42885	11.523	-0.032549	0.42755	12.041	0	0
-0.041749	-0.043648	11.602	-0.032549	0.42755	12.041	-0.0499	-0.014848	12.274	0	0
-0.041749	-0.043648	11.602	-0.0499	-0.014848	12.274	-0.094649	-1.2207	12.248	0	0
0.40735	-0.6429	11.6	0.53095	-0.12695	12.015	0.3572	-0.6759	12.287	0	0
0.40735	-0.6429	11.6	-0.094649	-1.2207	12.248	0.3572	-0.6759	12.287	0	0
-0.096049	-1.4099	11.669	-0.094649	-1.2207	12.248	0.5753	-1.3358	12.014	0	0
0.95215	1.1373	12.067	0.67145	1.1364	12.288	0.96775	1.1252	12.877	0	0
0.95215	1.1373	12.067	0.95695	0.9427	12.265	0.96775	1.1252	12.877	0	0
0.39185	0.8435	12.233	0.67145	1.1364	12.288	0.32932	0.71905	12.876	0	0
0.39185	0.8435	12.233	-0.032549	0.42755	12.041	-0.049999	0.41385	12.789	0	0
0.39185	0.8435	12.233	0.32932	0.71905	12.876	-0.049999	0.41385	12.789	0	0
0.67145	1.1364	12.364	0.96775	1.1252	12.877	0.62655	1.1461	13.021	0	0
0.67145	1.1364	12.364	0.32932	0.71905	12.876	0.62655	1.1461	13.021	0	0
0.95695	0.9427	12.341	0.53095	-0.12695	12.015	0.49568	-0.028014	12.874	0	0
0.95695	0.9427	12.341	0.98548	0.95685	12.826	0.96775	1.1252	12.877	0	0
0.53095	-0.12695	12.09	0.3572	-0.6759	12.287	0.49568	-0.028014	12.874	0	0
-0.032549	0.42755	12.116	-0.0499	-0.014848	12.274	-0.049999	0.41385	12.789	0	0
-0.0499	-0.014848	12.35	-0.094649	-1.2207	12.248	-0.054949	-0.030248	13.032	0	0
-0.0499	-0.014848	12.35	-0.049999	0.41385	12.789	-0.054949	-0.030248	13.032	0	0
-0.094649	-1.2207	12.324	0.5753	-1.3358	12.014	0.73672	-1.3586	12.664	0	0
-0.094649	-1.2207	12.324	0.3572	-0.6759	12.287	0.43035	-0.78192	12.86	0	0
-0.094649	-1.2207	12.324	0.43035	-0.78192	12.86	0.73672	-1.3586	12.664	0	0
0.98548	0.95685	12.902	0.32932	0.71905	12.876	0.49568	-0.028014	12.874	0	0
0.96775	1.1252	12.953	0.62655	1.1461	13.021	0.93465	1.1683	13.344	0	0
0.32932	0.71905	12.952	-0.049999	0.41385	12.789	-0.043749	0.6186	13.569	0	0
0.32932	0.71905	12.952	0.62655	1.1461	13.021	0.3135	0.79895	13.543	0	0
0.32932	0.71905	12.952	0.49568	-0.028014	12.874	-0.054949	-0.030248	13.032	0	0
0.32932	0.71905	12.952	0.3135	0.79895	13.543	-0.043749	0.6186	13.569	0	0
-0.049999	0.41385	12.865	-0.054949	-0.030248	13.032	-0.043749	0.6186	13.569	0	0
0.62655	1.1461	13.097	0.93465	1.1683	13.344	0.56195	1.1434	13.508	0	0
0.62655	1.1461	13.097	0.56195	1.1434	13.508	0.3135	0.79895	13.543	0	0
0.49568	-0.028014	12.949	0.43035	-0.78192	12.86	-0.054949	-0.030248	13.032	0	0
0.49568	-0.028014	12.949	0.43035	-0.78192	12.86	1.1697	-0.99175	12.725	0	0
0.43035	-0.78192	12.936	-0.054949	-0.030248	13.032	0.40188	-0.68508	13.522	0	0
0.43035	-0.78192	12.936	0.73672	-1.3586	12.664	0.99495	-1.3219	12.977	0	0
0.43035	-0.78192	12.936	0.99495	-1.3219	12.977	0.40188	-0.68508	13.522	0	0
-0.054949	-0.030248	13.108	0.40188	-0.68508	13.522	-0.11695	-0.079148	13.539	0	0
-0.054949	-0.030248	13.108	-0.11695	-0.079148	13.539	-0.043749	0.6186	13.569	0	0
0.99495	-1.3219	13.052	1.0838	-1.415	13.5	0.40188	-0.68508	13.522	0	0
1.0838	-1.415	13.575	0.40188	-0.68508	13.522	0.24545	-0.4181	14.27	0	0
0.40188	-0.68508	13.598	-0.11695	-0.079148	13.539	0.24545	-0.4181	14.27	0	0
0.93465	1.1683	13.42	0.56195	1.1434	13.508	0.6406	1.1469	14.293	0	0
0.56195	1.1434	13.583	0.3135	0.79895	13.543	0.6406	1.1469	14.293	0	0
0.3135	0.79895	13.619	-0.043749	0.6186	13.569	0.29195	0.74985	14.295	0	0
0.3135	0.79895	13.619	0.6406	1.1469	14.293	0.29195	0.74985	14.295	0	0
-0.11695	-0.079148	13.615	-0.043749	0.6186	13.569	-0.057849	0.4324	14.294	0	0
-0.11695	-0.079148	13.615	-0.057849	0.4324	14.294	-0.014999	-0.037998	14.289	0	0
-0.11695	-0.079148	13.615	-0.014999	-0.037998	14.289	0.24545	-0.4181	14.27	0	0
-0.043749	0.6186	13.645	0.29195	0.74985	14.295	-0.057849	0.4324	14.294	0	0
0.6406	1.1469	14.368	0.29195	0.74985	14.295	0.2677	0.79585	15.037	0	0
0.6406	1.1469	14.368	0.9646	1.1331	14.872	0.66985	1.1603	15.044	0	0
0.6406	1.1469	14.368	0.66985	1.1603	15.044	0.2677	0.79585	15.037	0	0
0.29195	0.74985	14.371	-0.057849	0.4324	14.294	-0.046683	0.67849	14.938	0	0
0.29195	0.74985	14.371	-0.046683	0.67849	14.938	0.2677	0.79585	15.037	0	0
-0.057849	0.4324	14.369	-0.014999	-0.037998	14.289	0.0017507	-0.057348	15.037	0	0
-0.057849	0.4324	14.369	-0.046683	0.67849	14.938	0.0017507	-0.057348	15.037	0	0
-0.014999	-0.037998	14.364	0.24545	-0.4181	14.27	0.0017507	-0.057348	15.037	0	0
0.24545	-0.4181	14.345	0.0017507	-0.057348	15.037	0.25105	-0.6028	15.046	0	0
0.9646	1.1331	14.947	0.9747	1.0154	15.052	0.66985	1.1603	15.044	0	0
0.9747	1.0154	15.128	0.66985	1.1603	15.044	0.67405	1.1902	15.517	0	0
0.9747	1.0154	15.128	0.67405	1.1902	15.517	0.52185	0.62085	16.3	0	0
0.66985	1.1603	15.12	0.2677	0.79585	15.037	0.35898	0.82692	15.577	0	0
0.66985	1.1603	15.12	0.67405	1.1902	15.517	0.35898	0.82692	15.577	0	0
0.42295	-0.085998	15.114	0.24175	-0.51285	15.549	0.4461	-0.090148	15.543	0	0
-0.046683	0.67849	15.013	0.2677	0.79585	15.037	-0.1055	0.59915	15.45	0	0
-0.046683	0.67849	15.013	0.0017507	-0.057348	15.037	-0.1055	0.59915	15.45	0	0
0.2677	0.79585	15.113	0.35898	0.82692	15.577	-0.1055	0.59915	15.45	0	0
0.0017507	-0.057348	15.112	0.25105	-0.6028	15.046	0.24175	-0.51285	15.549	0	0
0.0017507	-0.057348	15.112	0.24175	-0.51285	15.549	0.019651	-0.035448	15.539	0	0
0.0017507	-0.057348	15.112	0.019651	-0.035448	15.539	-0.1055	0.59915	15.45	0	0
0.67405	1.1902	15.593	0.52185	0.62085	16.3	0.53348	1.2906	16.39	0	0
0.35898	0.82692	15.653	0.4461	-0.090148	15.543	0.019651	-0.035448	15.539	0	0
0.35898	0.82692	15.653	0.4461	-0.090148	15.543	0.52185	0.62085	16.3	0	0
0.35898	0.82692	15.653	-0.1055	0.59915	15.45	-0.056049	0.70575	16.248	0	0
0.35898	0.82692	15.653	0.52185	0.62085	16.3	-0.056049	0.70575	16.248	0	0
0.25105	-0.6028	15.122	0.24175	-0.51285	15.549	0.11675	-0.90385	15.607	0	0
0.25105	-0.6028	15.122	0.11675	-0.90385	15.607	0.039851	-1.0863	15.627	0	0
0.24175	-0.51285	15.624	0.4461	-0.090148	15.543	0.4361	-0.086748	16.276	0	0
0.24175	-0.51285	15.624	0.11675	-0.90385	15.607	0.25968	-0.67207	16.287	0	0
0.24175	-0.51285	15.624	0.019651	-0.035448	15.539	-0.083916	-0.095514	16.386	0	0
0.24175	-0.51285	15.624	0.4361	-0.086748	16.276	0.25968	-0.67207	16.287	0	0
0.4461	-0.090148	15.619	0.52185	0.62085	16.3	0.4361	-0.086748	16.276	0	0
0.11675	-0.90385	15.683	0.039851	-1.0863	15.627	0.25968	-0.67207	16.287	0	0
0.019651	-0.035448	15.614	-0.1055	0.59915	15.45	-0.056049	0.70575	16.248	0	0
0.019651	-0.035448	15.614	-0.056049	0.70575	16.248	-0.083916	-0.095514	16.386	0	0
0.52185	0.62085	16.375	0.53348	1.2906	16.39	0.53585	0.7303	16.965	0	0
0.52185	0.62085	16.375	0.4361	-0.086748	16.276	0.53585	0.7303	16.965	0	0
0.53348	1.2906	16.466	-0.056049	0.70575	16.248	0.098051	1.155	16.561	0	0
0.53348	1.2906	16.466	0.53585	0.7303	16.965	0.66665	1.2338	17.074	0	0
-0.056049	0.70575	16.323	0.098051	1.155	16.561	-0.1743	0.6835	17.068	0	0
-0.056049	0.70575	16.323	-0.083916	-0.095514	16.386	-0.1743	0.6835	17.068	0	0
0.098051	1.155	16.637	0.057001	1.2256	17.039	-0.1743	0.6835	17.068	0	0
0.4361	-0.086748	16.351	0.25968	-0.67207	16.287	0.29965	-0.6545	17.014	0	0
0.4361	-0.086748	16.351	0.53585	0.7303	16.965	0.37702	-0.085114	17.161	0	0
0.4361	-0.086748	16.351	0.37702	-0.085114	17.161	0.29965	-0.6545	17.014	0	0
-0.083916	-0.095514	16.462	0.25968	-0.67207	16.287	-0.16485	-0.37285	16.649	0	0
-0.083916	-0.095514	16.462	0.040751	0.0050523	17.002	-0.16485	-0.37285	16.649	0	0
-0.083916	-0.095514	16.462	0.040751	0.0050523	17.002	-0.1743	0.6835	17.068	0	0
0.25968	-0.67207	16.362	-0.16485	-0.37285	16.649	0.29965	-0.6545	17.014	0	0
0.53585	0.7303	17.041	0.66665	1.2338	17.074	0.51585	0.7829	17.75	0	0
0.53585	0.7303	17.041	0.37702	-0.085114	17.161	0.51585	0.7829	17.75	0	0
0.66665	1.2338	17.15	0.51585	0.7829	17.75	0.4272	1.1653	17.786	0	0
0.040751	0.0050523	17.078	-0.16485	-0.37285	16.649	-0.17445	-0.56915	17.08	0	0
0.040751	0.0050523	17.078	-0.17445	-0.56915	17.08	0.034701	0.039952	17.781	0	0
0.040751	0.0050523	17.078	-0.1743	0.6835	17.068	-0.067589	0.63325	17.724	0	0
0.040751	0.0050523	17.078	-0.067589	0.63325	17.724	0.034701	0.039952	17.781	0	0
-0.16485	-0.37285	16.724	0.29965	-0.6545	17.014	-0.17445	-0.56915	17.08	0	0
0.057001	1.2256	17.114	-0.1743	0.6835	17.068	0.11565	1.1412	17.52	0	0
0.37702	-0.085114	17.236	0.29965	-0.6545	17.014	0.39043	-0.61712	17.813	0	0
0.37702	-0.085114	17.236	0.51585	0.7829	17.75	0.41685	0.10915	18.082	0	0
0.37702	-0.085114	17.236	0.39043	-0.61712	17.813	0.41685	0.10915	18.082	0	0
0.29965	-0.6545	17.089	-0.17445	-0.56915	17.08	-0.21175	-0.77125	17.558	0	0
0.29965	-0.6545	17.089	-0.21175	-0.77125	17.558	0.39043	-0.61712	17.813	0	0
-0.17445	-0.56915	17.155	0.034701	0.039952	17.781	-0.21175	-0.77125	17.558	0	0
-0.1743	0.6835	17.144	0.11565	1.1412	17.52	-0.067589	0.63325	17.724	0	0
0.11565	1.1412	17.596	0.51585	0.7829	17.75	0.4272	1.1653	17.786	0	0
0.11565	1.1412	17.596	0.51585	0.7829	17.75	-0.067589	0.63325	17.724	0	0
0.51585	0.7829	17.825	0.41685	0.10915	18.082	0.4649	0.78945	18.449	0	0
0.51585	0.7829	17.825	0.61505	1.1049	18.394	0.4649	0.78945	18.449	0	0
0.4272	1.1653	17.861	-0.067589	0.63325	17.724	-0.18835	0.57955	18.502	0	0
0.4272	1.1653	17.861	0.61505	1.1049	18.394	-0.18835	0.57955	18.502	0	0
-0.067589	0.63325	17.8	0.034701	0.039952	17.781	-0.16535	0.048452	18.377	0	0
-0.067589	0.63325	17.8	-0.16535	0.048452	18.377	-0.18835	0.57955	18.502	0	0
0.034701	0.039952	17.856	-0.21175	-0.77125	17.558	-0.5572	0.081452	18.682	0	0
0.034701	0.039952	17.856	0.39043	-0.61712	17.813	0.12195	-0.55485	18.554	0	0
0.034701	0.039952	17.856	-0.16535	0.048452	18.377	0.12195	-0.55485	18.554	0	0
-0.21175	-0.77125	17.634	0.39043	-0.61712	17.813	0.065451	-1.2052	18.071	0	0
-0.21175	-0.77125	17.634	0.065451	-1.2052	18.071	-0.151	-1.5524	18.662	0	0
0.39043	-0.61712	17.889	0.065451	-1.2052	18.071	0.47878	-0.67875	18.54	0	0
0.39043	-0.61712	17.889	0.41685	0.10915	18.082	0.47878	-0.67875	18.54	0	0
0.065451	-1.2052	18.147	0.47878	-0.67875	18.54	0.45305	-1.3236	19.157	0	0
0.065451	-1.2052	18.147	-0.151	-1.5524	18.662	0.45305	-1.3236	19.157	0	0
0.41685	0.10915	18.157	0.4649	0.78945	18.449	0.49085	0.097152	18.566	0	0
0.41685	0.10915	18.157	0.49085	0.097152	18.566	0.47878	-0.67875	18.54	0	0
0.61505	1.1049	18.47	0.4649	0.78945	18.449	0.45168	0.7095	19.085	0	0
0.61505	1.1049	18.47	-0.18835	0.57955	18.502	-0.090749	0.52262	19.192	0	0
0.4649	0.78945	18.524	0.49085	0.097152	18.566	0.45168	0.7095	19.085	0	0
-0.16535	0.048452	18.453	-0.18835	0.57955	18.502	-0.5572	0.081452	18.682	0	0
-0.16535	0.048452	18.453	-0.5572	0.081452	18.682	0.12195	-0.55485	18.554	0	0
0.49085	0.097152	18.642	0.47878	-0.67875	18.54	0.474	-0.1033	19.038	0	0
0.49085	0.097152	18.642	0.45168	0.7095	19.085	0.474	-0.1033	19.038	0	0
-0.18835	0.57955	18.578	-0.5572	0.081452	18.682	-0.59865	0.33015	19.006	0	0
-0.18835	0.57955	18.578	-0.090749	0.52262	19.192	-0.59865	0.33015	19.006	0	0
-0.5572	0.081452	18.758	0.12195	-0.55485	18.554	-0.14915	-0.83515	19.115	0	0
-0.5572	0.081452	18.758	-0.090749	0.52262	19.192	-0.33855	-0.057473	19.252	0	0
-0.5572	0.081452	18.758	-0.14915	-0.83515	19.115	-0.33855	-0.057473	19.252	0	0
-0.5572	0.081452	18.758	-0.70882	-0.67948	19.333	-0.59865	0.33015	19.006	0	0
0.47878	-0.67875	18.616	0.474	-0.1033	19.038	0.4143	-0.67482	19.122	0	0
0.47878	-0.67875	18.616	0.4143	-0.67482	19.122	0.45305	-1.3236	19.157	0	0
0.12195	-0.55485	18.629	0.4143	-0.67482	19.122	-0.14915	-0.83515	19.115	0	0
0.45168	0.7095	19.161	0.474	-0.1033	19.038	0.40605	-0.074381	19.836	0	0
0.45168	0.7095	19.161	0.38747	0.83284	19.914	0.40605	-0.074381	19.836	0	0
0.474	-0.1033	19.113	0.4143	-0.67482	19.122	0.40605	-0.074381	19.836	0	0
-0.090749	0.52262	19.267	-0.33855	-0.057473	19.252	-0.19255	-0.014973	19.919	0	0
-0.090749	0.52262	19.267	-0.10465	0.65685	19.915	-0.59865	0.33015	19.006	0	0
-0.151	-1.5524	18.738	0.45305	-1.3236	19.157	-0.2305	-1.6988	19.044	0	0
-0.151	-1.5524	18.738	-0.2305	-1.6988	19.044	-0.70882	-0.67948	19.333	0	0
0.4143	-0.67482	19.197	-0.14915	-0.83515	19.115	-0.011249	-1.119	19.752	0	0
0.4143	-0.67482	19.197	0.45305	-1.3236	19.157	0.3988	-0.73758	19.784	0	0
0.4143	-0.67482	19.197	0.40605	-0.074381	19.836	0.3988	-0.73758	19.784	0	0
-0.14915	-0.83515	19.191	-0.33855	-0.057473	19.252	-0.3422	-0.61165	19.795	0	0
-0.14915	-0.83515	19.191	-0.011249	-1.119	19.752	-0.70882	-0.67948	19.333	0	0
0.45305	-1.3236	19.233	-0.2305	-1.6988	19.044	0.53095	-1.3263	19.861	0	0
0.45305	-1.3236	19.233	0.3988	-0.73758	19.784	0.53095	-1.3263	19.861	0	0
-0.2305	-1.6988	19.12	-0.011249	-1.119	19.752	0.53095	-1.3263	19.861	0	0
-0.2305	-1.6988	19.12	-0.011249	-1.119	19.752	-0.68195	-1.2255	20.051	0	0
-0.2305	-1.6988	19.12	-0.68195	-1.2255	20.051	-0.70882	-0.67948	19.333	0	0
-0.33855	-0.057473	19.328	-0.3422	-0.61165	19.795	-0.70882	-0.67948	19.333	0	0
-0.33855	-0.057473	19.328	-0.70882	-0.67948	19.333	-0.59865	0.33015	19.006	0	0
0.38747	0.83284	19.99	-0.10465	0.65685	19.915	0.45138	0.86368	20.58	0	0
0.38747	0.83284	19.99	0.40605	-0.074381	19.836	0.41595	0.13195	20.486	0	0
0.38747	0.83284	19.99	0.45138	0.86368	20.58	0.41595	0.13195	20.486	0	0
-0.10465	0.65685	19.991	-0.19255	-0.014973	19.919	-0.12695	0.41925	20.537	0	0
-0.10465	0.65685	19.991	-0.19255	-0.014973	19.919	-0.59865	0.33015	19.006	0	0
-0.10465	0.65685	19.991	0.45138	0.86368	20.58	-0.12695	0.41925	20.537	0	0
0.40605	-0.074381	19.912	0.3988	-0.73758	19.784	0.41595	0.13195	20.486	0	0
-0.19255	-0.014973	19.995	-0.1239	-0.627	20.503	-0.13735	-0.096198	20.51	0	0
-0.19255	-0.014973	19.995	-0.13735	-0.096198	20.51	-0.12695	0.41925	20.537	0	0
-0.3422	-0.61165	19.871	0.3988	-0.73758	19.784	-0.011249	-1.119	19.752	0	0
-0.3422	-0.61165	19.871	0.3988	-0.73758	19.784	-0.1239	-0.627	20.503	0	0
-0.3422	-0.61165	19.871	-0.1239	-0.627	20.503	-0.69765	-0.90865	20.495	0	0
-0.3422	-0.61165	19.871	-0.68195	-1.2255	20.051	-0.70882	-0.67948	19.333	0	0
-0.3422	-0.61165	19.871	-0.68195	-1.2255	20.051	-0.69765	-0.90865	20.495	0	0
0.3988	-0.73758	19.86	0.53095	-1.3263	19.861	0.22035	-0.94315	20.463	0	0
0.3988	-0.73758	19.86	0.22035	-0.94315	20.463	-0.1239	-0.627	20.503	0	0
0.3988	-0.73758	19.86	0.41595	0.13195	20.486	0.66275	-1.2607	20.688	0	0
-0.011249	-1.119	19.828	0.53095	-1.3263	19.861	-0.19305	-1.1443	20.558	0	0
-0.011249	-1.119	19.828	-0.19305	-1.1443	20.558	-0.68195	-1.2255	20.051	0	0
0.53095	-1.3263	19.937	0.22035	-0.94315	20.463	0.66275	-1.2607	20.688	0	0
0.22035	-0.94315	20.538	-0.19305	-1.1443	20.558	-0.1239	-0.627	20.503	0	0
0.22035	-0.94315	20.538	-0.19305	-1.1443	20.558	0.4313	-1.2654	21.282	0	0
0.22035	-0.94315	20.538	0.41595	0.13195	20.486	-0.084524	-0.61697	21.321	0	0
0.22035	-0.94315	20.538	0.66275	-1.2607	20.688	0.4313	-1.2654	21.282	0	0
0.22035	-0.94315	20.538	-0.1863	-1.165	21.299	-0.084524	-0.61697	21.321	0	0
-0.19305	-1.1443	20.633	-0.1239	-0.627	20.503	-0.69765	-0.90865	20.495	0	0
-0.19305	-1.1443	20.633	-0.62965	-1.3181	20.517	-0.68195	-1.2255	20.051	0	0
-0.19305	-1.1443	20.633	-0.62965	-1.3181	20.517	-0.69765	-0.90865	20.495	0	0
-0.19305	-1.1443	20.633	-0.57155	-1.2171	20.939	-0.1863	-1.165	21.299	0	0
-0.19305	-1.1443	20.633	-0.1863	-1.165	21.299	0.4313	-1.2654	21.282	0	0
-0.1239	-0.627	20.579	-0.13735	-0.096198	20.51	-0.18855	-0.1763	21.271	0	0
-0.1239	-0.627	20.579	-0.18855	-0.1763	21.271	-0.084524	-0.61697	21.321	0	0
-0.1239	-0.627	20.579	-0.57155	-1.2171	20.939	-0.084524	-0.61697	21.321	0	0
0.45138	0.86368	20.655	0.41595	0.13195	20.486	0.61609	0.15439	21.296	0	0
0.45138	0.86368	20.655	-0.12695	0.41925	20.537	-0.14357	0.61173	21.296	0	0
0.45138	0.86368	20.655	0.38643	0.78782	21.293	0.5385	1.098	21.318	0	0
0.45138	0.86368	20.655	0.38643	0.78782	21.293	0.61609	0.15439	21.296	0	0
0.45138	0.86368	20.655	0.5385	1.098	21.318	0.4841	1.7731	21.302	0	0
0.41595	0.13195	20.562	0.66275	-1.2607	20.688	0.61609	0.15439	21.296	0	0
-0.13735	-0.096198	20.585	-0.12695	0.41925	20.537	-0.18855	-0.1763	21.271	0	0
-0.12695	0.41925	20.613	-0.14357	0.61173	21.296	-0.18855	-0.1763	21.271	0	0
0.66275	-1.2607	20.763	0.61609	0.15439	21.296	0.42585	-0.7443	21.511	0	0
0.66275	-1.2607	20.763	0.4313	-1.2654	21.282	0.42585	-0.7443	21.511	0	0
0.38643	0.78782	21.368	0.5385	1.098	21.318	0.4855	0.75825	21.945	0	0
0.38643	0.78782	21.368	0.61609	0.15439	21.296	0.4855	0.75825	21.945	0	0
0.38643	0.78782	21.368	-0.14357	0.61173	21.296	0.3822	1.0745	22.05	0	0
0.5385	1.098	21.393	0.4841	1.7731	21.302	0.3822	1.0745	22.05	0	0
0.5385	1.098	21.393	0.4855	0.75825	21.945	0.3822	1.0745	22.05	0	0
0.61609	0.15439	21.372	0.42585	-0.7443	21.511	0.5933	-0.7524	21.918	0	0
0.61609	0.15439	21.372	0.4855	0.75825	21.945	0.5969	0.13555	22.111	0	0
0.61609	0.15439	21.372	0.5933	-0.7524	21.918	0.5969	0.13555	22.111	0	0
-0.62965	-1.3181	20.592	-0.68195	-1.2255	20.051	-0.69765	-0.90865	20.495	0	0
-0.14357	0.61173	21.371	-0.18855	-0.1763	21.271	-0.25652	0.048552	21.987	0	0
-0.14357	0.61173	21.371	0.3822	1.0745	22.05	-0.24425	0.6641	22.068	0	0
-0.14357	0.61173	21.371	-0.25652	0.048552	21.987	-0.24425	0.6641	22.068	0	0
-0.18855	-0.1763	21.347	-0.084524	-0.61697	21.321	-0.072749	-0.59205	22.022	0	0
-0.18855	-0.1763	21.347	-0.25652	0.048552	21.987	-0.072749	-0.59205	22.022	0	0
-0.57155	-1.2171	21.014	-0.1863	-1.165	21.299	-0.63575	-1.2807	22.048	0	0
-0.1863	-1.165	21.375	0.4313	-1.2654	21.282	-0.24225	-1.1383	22.05	0	0
-0.1863	-1.165	21.375	-0.084524	-0.61697	21.321	-0.072749	-0.59205	22.022	0	0
-0.1863	-1.165	21.375	-0.24225	-1.1383	22.05	-0.63575	-1.2807	22.048	0	0
0.4313	-1.2654	21.358	0.42585	-0.7443	21.511	-0.24225	-1.1383	22.05	0	0
0.42585	-0.7443	21.586	-0.072749	-0.59205	22.022	-0.24225	-1.1383	22.05	0	0
0.42585	-0.7443	21.586	-0.072749	-0.59205	22.022	0.5969	0.13555	22.111	0	0
0.4841	1.7731	21.377	0.3822	1.0745	22.05	0.341	1.1215	22.54	0	0
0.4855	0.75825	22.021	0.3822	1.0745	22.05	0.341	1.1215	22.54	0	0
0.4855	0.75825	22.021	0.5969	0.13555	22.111	0.59192	0.69912	22.758	0	0
0.4855	0.75825	22.021	0.341	1.1215	22.54	0.59192	0.69912	22.758	0	0
-0.25652	0.048552	22.062	-0.24425	0.6641	22.068	-0.25682	0.042152	22.509	0	0
-0.25652	0.048552	22.062	-0.072749	-0.59205	22.022	0.5969	0.13555	22.111	0	0
-0.24425	0.6641	22.144	0.341	1.1215	22.54	-0.25068	0.62092	22.697	0	0
-0.24425	0.6641	22.144	-0.25682	0.042152	22.509	-0.25068	0.62092	22.697	0	0
-0.072749	-0.59205	22.098	-0.24225	-1.1383	22.05	-0.31905	-1.1071	22.371	0	0
-0.072749	-0.59205	22.098	-0.31905	-1.1071	22.371	-0.043983	-0.53828	22.673	0	0
-0.072749	-0.59205	22.098	-0.043983	-0.53828	22.673	-0.25682	0.042152	22.509	0	0
0.5933	-0.7524	21.994	0.84915	-1.3453	22.221	0.39145	-0.95205	22.486	0	0
0.5933	-0.7524	21.994	0.39145	-0.95205	22.486	0.5266	-0.077348	22.483	0	0
0.5933	-0.7524	21.994	0.5969	0.13555	22.111	0.5266	-0.077348	22.483	0	0
-0.24225	-1.1383	22.125	-0.63575	-1.2807	22.048	-0.31905	-1.1071	22.371	0	0
0.84915	-1.3453	22.296	0.39145	-0.95205	22.486	0.62655	-1.351	22.429	0	0
0.39145	-0.95205	22.561	0.62655	-1.351	22.429	-0.31905	-1.1071	22.371	0	0
0.39145	-0.95205	22.561	-0.31905	-1.1071	22.371	-0.043983	-0.53828	22.673	0	0
0.39145	-0.95205	22.561	-0.043983	-0.53828	22.673	0.5266	-0.077348	22.483	0	0
0.5969	0.13555	22.186	0.5266	-0.077348	22.483	0.59192	0.69912	22.758	0	0
-0.043983	-0.53828	22.749	0.5266	-0.077348	22.483	-0.25682	0.042152	22.509	0	0
-0.043983	-0.53828	22.749	-0.17377	-0.031408	23.243	-0.20371	-0.77045	23.357	0	0
-0.043983	-0.53828	22.749	-0.59965	-0.70665	22.859	-0.20371	-0.77045	23.357	0	0
0.341	1.1215	22.615	0.59192	0.69912	22.758	0.57405	1.1745	23.284	0	0
0.341	1.1215	22.615	0.57405	1.1745	23.284	-0.10015	1.2448	23.327	0	0
0.341	1.1215	22.615	-0.25068	0.62092	22.697	-0.10015	1.2448	23.327	0	0
0.5266	-0.077348	22.558	0.59192	0.69912	22.758	0.4506	0.21025	23.25	0	0
0.5266	-0.077348	22.558	-0.25682	0.042152	22.509	-0.25068	0.62092	22.697	0	0
0.5266	-0.077348	22.558	0.4506	0.21025	23.25	-0.17377	-0.031408	23.243	0	0
0.59192	0.69912	22.833	0.57405	1.1745	23.284	0.50645	0.61212	23.392	0	0
0.59192	0.69912	22.833	0.4506	0.21025	23.25	0.50645	0.61212	23.392	0	0
0.57405	1.1745	23.36	0.50645	0.61212	23.392	0.5469	0.6748	24.046	0	0
0.57405	1.1745	23.36	-0.10015	1.2448	23.327	0.11955	1.1533	24.11	0	0
0.57405	1.1745	23.36	0.69765	1.2217	24.045	0.11955	1.1533	24.11	0	0
0.57405	1.1745	23.36	0.69765	1.2217	24.045	1.102	1.1826	24.181	0	0
0.57405	1.1745	23.36	1.102	1.1826	24.181	1.0833	0.5177	23.394	0	0
0.4506	0.21025	23.326	0.50645	0.61212	23.392	-0.24721	0.71839	23.405	0	0
0.4506	0.21025	23.326	-0.17377	-0.031408	23.243	-0.24721	0.71839	23.405	0	0
0.50645	0.61212	23.467	-0.24721	0.71839	23.405	0.11955	1.1533	24.11	0	0
0.50645	0.61212	23.467	0.5469	0.6748	24.046	0.19205	0.22715	24.248	0	0
0.50645	0.61212	23.467	-0.21938	0.026986	24.063	0.19205	0.22715	24.248	0	0
-0.17377	-0.031408	23.318	-0.24721	0.71839	23.405	-0.21938	0.026986	24.063	0	0
-0.17377	-0.031408	23.318	-0.20371	-0.77045	23.357	-0.18168	-0.70325	23.981	0	0
-0.17377	-0.031408	23.318	-0.21938	0.026986	24.063	-0.18168	-0.70325	23.981	0	0
-0.59965	-0.70665	22.935	-0.20371	-0.77045	23.357	-0.55765	-1.0597	23.633	0	0
-0.25068	0.62092	22.773	-0.10015	1.2448	23.327	-0.63105	0.77895	23.13	0	0
-0.24721	0.71839	23.48	-0.10015	1.2448	23.327	-0.18335	0.71192	24.104	0	0
-0.24721	0.71839	23.48	-0.10015	1.2448	23.327	-0.63105	0.77895	23.13	0	0
-0.24721	0.71839	23.48	-0.18335	0.71192	24.104	-0.21938	0.026986	24.063	0	0
-0.20371	-0.77045	23.433	-0.55765	-1.0597	23.633	-0.18168	-0.70325	23.981	0	0
-0.10015	1.2448	23.403	0.11955	1.1533	24.11	-0.18335	0.71192	24.104	0	0
0.69765	1.2217	24.12	0.11955	1.1533	24.11	0.50745	1.156	24.831	0	0
0.69765	1.2217	24.12	0.5469	0.6748	24.046	0.43839	0.78339	24.706	0	0
0.69765	1.2217	24.12	0.50745	1.156	24.831	1.102	1.1826	24.181	0	0
0.11955	1.1533	24.186	-0.18335	0.71192	24.104	-0.22642	0.69733	24.719	0	0
0.11955	1.1533	24.186	-0.22642	0.69733	24.719	-0.39065	1.3022	25.708	0	0
0.11955	1.1533	24.186	0.50745	1.156	24.831	-0.39065	1.3022	25.708	0	0
0.5469	0.6748	24.122	0.19205	0.22715	24.248	0.43839	0.78339	24.706	0	0
-0.18335	0.71192	24.179	-0.21938	0.026986	24.063	-0.22642	0.69733	24.719	0	0
-0.21938	0.026986	24.139	-0.18168	-0.70325	23.981	-0.1262	-0.11127	24.78	0	0
-0.21938	0.026986	24.139	-0.1262	-0.11127	24.78	-0.22642	0.69733	24.719	0	0
-0.55765	-1.0597	23.709	-0.18168	-0.70325	23.981	-0.55935	-0.976	24.782	0	0
-0.18168	-0.70325	24.057	-0.1262	-0.11127	24.78	-0.075292	-0.75766	24.819	0	0
0.19205	0.22715	24.324	-0.1262	-0.11127	24.78	0.2469	0.15585	24.771	0	0
0.19205	0.22715	24.324	0.43839	0.78339	24.706	0.2469	0.15585	24.771	0	0
-0.1262	-0.11127	24.856	-0.075292	-0.75766	24.819	-0.55935	-0.976	24.782	0	0
-0.1262	-0.11127	24.856	-0.22642	0.69733	24.719	-0.56675	0.33125	25.049	0	0
-0.1262	-0.11127	24.856	0.2469	0.15585	24.771	0.33382	-0.11901	25.61	0	0
-0.1262	-0.11127	24.856	-0.56675	0.33125	25.049	-0.42445	-0.20985	25.577	0	0
-0.1262	-0.11127	24.856	0.33382	-0.11901	25.61	-0.42445	-0.20985	25.577	0	0
-0.075292	-0.75766	24.894	-0.55935	-0.976	24.782	0.11135	-1.1062	24.778	0	0
-0.075292	-0.75766	24.894	0.11135	-1.1062	24.778	-0.087399	-0.77057	25.543	0	0
-0.075292	-0.75766	24.894	-0.42445	-0.20985	25.577	-0.087399	-0.77057	25.543	0	0
0.43839	0.78339	24.782	0.2469	0.15585	24.771	0.3189	0.7979	25.548	0	0
-0.22642	0.69733	24.794	-0.56675	0.33125	25.049	-0.27145	0.6478	25.616	0	0
-0.22642	0.69733	24.794	-0.27145	0.6478	25.616	-0.39065	1.3022	25.708	0	0
0.50745	1.156	24.907	1.102	1.1826	24.181	1.2582	0.98485	24.46	0	0
0.50745	1.156	24.907	0.45435	1.2383	25.487	0.3189	0.7979	25.548	0	0
0.50745	1.156	24.907	0.45435	1.2383	25.487	-0.39065	1.3022	25.708	0	0
0.50745	1.156	24.907	0.3189	0.7979	25.548	1.2582	0.98485	24.46	0	0
1.102	1.1826	24.257	1.0833	0.5177	23.394	1.0878	0.65052	23.99	0	0
1.102	1.1826	24.257	1.2582	0.98485	24.46	1.0878	0.65052	23.99	0	0
0.2469	0.15585	24.847	0.3189	0.7979	25.548	0.33382	-0.11901	25.61	0	0
0.45435	1.2383	25.562	0.3189	0.7979	25.548	0.38665	1.3768	25.851	0	0
0.45435	1.2383	25.562	-0.39065	1.3022	25.708	0.38665	1.3768	25.851	0	0
0.3189	0.7979	25.623	0.38665	1.3768	25.851	-0.15535	0.77789	26.155	0	0
0.3189	0.7979	25.623	0.33382	-0.11901	25.61	0.51215	-0.10495	26.069	0	0
0.3189	0.7979	25.623	0.46908	0.59112	26.334	0.51215	-0.10495	26.069	0	0
-0.55935	-0.976	24.858	0.11135	-1.1062	24.778	-0.54345	-1.0746	25.021	0	0
0.11135	-1.1062	24.854	-0.54345	-1.0746	25.021	-0.087399	-0.77057	25.543	0	0
-0.54345	-1.0746	25.096	-0.087399	-0.77057	25.543	-0.58195	-1.1809	25.571	0	0
-0.56675	0.33125	25.125	-0.27145	0.6478	25.616	-0.42445	-0.20985	25.577	0	0
-0.27145	0.6478	25.691	-0.39065	1.3022	25.708	-0.15535	0.77789	26.155	0	0
-0.27145	0.6478	25.691	-0.42445	-0.20985	25.577	-0.18432	-0.099481	26.203	0	0
-0.27145	0.6478	25.691	-0.15535	0.77789	26.155	-0.18432	-0.099481	26.203	0	0
-0.39065	1.3022	25.784	0.38665	1.3768	25.851	-0.1998	1.3508	26.251	0	0
-0.39065	1.3022	25.784	-0.15535	0.77789	26.155	-0.1998	1.3508	26.251	0	0
0.33382	-0.11901	25.685	0.51215	-0.10495	26.069	-0.087399	-0.77057	25.543	0	0
-0.42445	-0.20985	25.652	-0.087399	-0.77057	25.543	-0.14095	-0.76085	26.125	0	0
-0.42445	-0.20985	25.652	-0.14095	-0.76085	26.125	-0.60645	-0.25085	26.33	0	0
-0.42445	-0.20985	25.652	-0.18432	-0.099481	26.203	-0.60645	-0.25085	26.33	0	0
0.46908	0.59112	26.409	0.51215	-0.10495	26.069	0.60773	0.049452	26.827	0	0
0.46908	0.59112	26.409	0.60773	0.049452	26.827	-0.11835	0.63313	26.834	0	0
0.51215	-0.10495	26.144	-0.087399	-0.77057	25.543	0.55025	-0.36145	26.515	0	0
0.51215	-0.10495	26.144	0.60773	0.049452	26.827	0.55025	-0.36145	26.515	0	0
-0.15535	0.77789	26.23	-0.1998	1.3508	26.251	-0.11835	0.63313	26.834	0	0
-0.15535	0.77789	26.23	-0.18432	-0.099481	26.203	-0.11835	0.63313	26.834	0	0
-0.1998	1.3508	26.327	-0.11835	0.63313	26.834	-0.091499	1.3164	27.058	0	0
-0.087399	-0.77057	25.619	-0.58195	-1.1809	25.571	-0.14095	-0.76085	26.125	0	0
-0.087399	-0.77057	25.619	-0.15642	-1.364	26.818	0.42655	-0.85045	26.833	0	0
-0.087399	-0.77057	25.619	0.55025	-0.36145	26.515	0.42655	-0.85045	26.833	0	0
-0.58195	-1.1809	25.647	-0.14095	-0.76085	26.125	-0.5912	-1.3694	26.125	0	0
-0.14095	-0.76085	26.201	-0.60645	-0.25085	26.33	0.0018505	-0.60225	26.838	0	0
-0.14095	-0.76085	26.201	-0.5912	-1.3694	26.125	-0.15642	-1.364	26.818	0	0
-0.14095	-0.76085	26.201	0.0018505	-0.60225	26.838	-0.15642	-1.364	26.818	0	0
-0.18432	-0.099481	26.279	-0.60645	-0.25085	26.33	-0.22365	-0.029248	27.093	0	0
-0.18432	-0.099481	26.279	-0.11835	0.63313	26.834	-0.22365	-0.029248	27.093	0	0
-0.60645	-0.25085	26.406	0.0018505	-0.60225	26.838	-0.22365	-0.029248	27.093	0	0
0.0018505	-0.60225	26.914	-0.15642	-1.364	26.818	-0.22185	-0.65285	27.532	0	0
0.0018505	-0.60225	26.914	-0.22365	-0.029248	27.093	-0.22185	-0.65285	27.532	0	0
-0.15642	-1.364	26.893	-0.56265	-1.7679	27.128	-0.13355	-1.931	27.089	0	0
-0.15642	-1.364	26.893	-0.56265	-1.7679	27.128	-0.56705	-1.1947	27.525	0	0
-0.15642	-1.364	26.893	0.28815	-1.3665	27.19	-0.13355	-1.931	27.089	0	0
-0.15642	-1.364	26.893	0.28815	-1.3665	27.19	0.42655	-0.85045	26.833	0	0
-0.15642	-1.364	26.893	-0.56705	-1.1947	27.525	-0.22185	-0.65285	27.532	0	0
0.60773	0.049452	26.903	-0.11835	0.63313	26.834	0.2232	0.030952	27.532	0	0
0.60773	0.049452	26.903	0.55025	-0.36145	26.515	0.42655	-0.85045	26.833	0	0
0.60773	0.049452	26.903	0.2232	0.030952	27.532	0.4804	-0.6664	27.535	0	0
-0.11835	0.63313	26.909	-0.091499	1.3164	27.058	-0.16367	0.68809	27.557	0	0
-0.11835	0.63313	26.909	-0.22365	-0.029248	27.093	-0.4387	0.060052	27.554	0	0
-0.11835	0.63313	26.909	-0.16367	0.68809	27.557	-0.4387	0.060052	27.554	0	0
-0.067699	1.1753	27.699	0.2232	0.030952	27.532	0.32748	-0.014481	28.272	0	0
-0.067699	1.1753	27.699	-0.091499	1.3164	27.058	-0.16367	0.68809	27.557	0	0
-0.067699	1.1753	27.699	-0.091499	1.3164	27.058	-0.24465	1.7512	28.354	0	0
-0.067699	1.1753	27.699	-0.16367	0.68809	27.557	-0.21105	0.66104	28.189	0	0
-0.067699	1.1753	27.699	-0.21105	0.66104	28.189	-0.25932	1.432	28.3	0	0
-0.067699	1.1753	27.699	-0.25932	1.432	28.3	-0.24465	1.7512	28.354	0	0
0.2232	0.030952	27.608	0.32748	-0.014481	28.272	0.4804	-0.6664	27.535	0	0
-0.22365	-0.029248	27.169	-0.4387	0.060052	27.554	-0.22185	-0.65285	27.532	0	0
-0.56265	-1.7679	27.204	-0.13355	-1.931	27.089	0.0030506	-1.9811	27.594	0	0
-0.56265	-1.7679	27.204	-0.56705	-1.1947	27.525	-0.19245	-1.4921	27.577	0	0
-0.56265	-1.7679	27.204	-0.19245	-1.4921	27.577	0.0030506	-1.9811	27.594	0	0
0.28815	-1.3665	27.266	-0.13355	-1.931	27.089	0.0030506	-1.9811	27.594	0	0
0.28815	-1.3665	27.266	0.42655	-0.85045	26.833	0.4804	-0.6664	27.535	0	0
0.28815	-1.3665	27.266	0.4804	-0.6664	27.535	0.31175	-1.4222	27.572	0	0
0.28815	-1.3665	27.266	0.0030506	-1.9811	27.594	0.31175	-1.4222	27.572	0	0
-0.56705	-1.1947	27.601	-0.22185	-0.65285	27.532	-0.33725	-0.65115	28.28	0	0
-0.56705	-1.1947	27.601	-0.19245	-1.4921	27.577	-0.61495	-1.2516	28.302	0	0
-0.56705	-1.1947	27.601	-0.33725	-0.65115	28.28	-0.61495	-1.2516	28.302	0	0
-0.16367	0.68809	27.633	-0.4387	0.060052	27.554	-0.21105	0.66104	28.189	0	0
0.42655	-0.85045	26.908	-0.22185	-0.65285	27.532	0.4804	-0.6664	27.535	0	0
-0.22185	-0.65285	27.607	-0.1899	-0.1285	28.04	-0.33725	-0.65115	28.28	0	0
-0.22185	-0.65285	27.607	-0.1899	-0.1285	28.04	0.48115	-0.6879	28.266	0	0
-0.22185	-0.65285	27.607	0.4804	-0.6664	27.535	0.48115	-0.6879	28.266	0	0
-0.21105	0.66104	28.264	-0.25932	1.432	28.3	-0.61335	0.7371	28.846	0	0
-0.21105	0.66104	28.264	0.32748	-0.014481	28.272	-0.1899	-0.1285	28.04	0	0
-0.21105	0.66104	28.264	0.32748	-0.014481	28.272	0.2208	1.093	28.745	0	0
-0.21105	0.66104	28.264	-0.1899	-0.1285	28.04	-0.57372	0.11862	28.357	0	0
-0.21105	0.66104	28.264	-0.57372	0.11862	28.357	-0.61335	0.7371	28.846	0	0
-0.25932	1.432	28.375	-0.24465	1.7512	28.354	-0.32815	1.3188	29.039	0	0
-0.25932	1.432	28.375	-0.32815	1.3188	29.039	-0.61335	0.7371	28.846	0	0
0.32748	-0.014481	28.347	-0.1899	-0.1285	28.04	0.48115	-0.6879	28.266	0	0
0.32748	-0.014481	28.347	0.2208	1.093	28.745	0.4256	0.5911	29.127	0	0
0.32748	-0.014481	28.347	0.48115	-0.6879	28.266	0.55892	-0.73845	29.066	0	0
0.32748	-0.014481	28.347	0.4256	0.5911	29.127	0.047351	-0.21815	29.121	0	0
0.32748	-0.014481	28.347	0.047351	-0.21815	29.121	0.55892	-0.73845	29.066	0	0
-0.19245	-1.4921	27.652	0.0030506	-1.9811	27.594	-0.10685	-1.4297	28.183	0	0
-0.19245	-1.4921	27.652	-0.10685	-1.4297	28.183	-0.61495	-1.2516	28.302	0	0
-0.1899	-0.1285	28.115	-0.33725	-0.65115	28.28	-0.57372	0.11862	28.357	0	0
0.4804	-0.6664	27.611	0.31175	-1.4222	27.572	1.0651	-0.91355	28.127	0	0
0.4804	-0.6664	27.611	0.48115	-0.6879	28.266	1.0651	-0.91355	28.127	0	0
-0.24465	1.7512	28.429	-0.32815	1.3188	29.039	-0.29315	1.5639	29.606	0	0
0.2208	1.093	28.821	0.4256	0.5911	29.127	0.60425	0.65665	29.816	0	0
0.2208	1.093	28.821	-0.29315	1.5639	29.606	0.60425	0.65665	29.816	0	0
0.0030506	-1.9811	27.67	-0.10685	-1.4297	28.183	0.31175	-1.4222	27.572	0	0
-0.10685	-1.4297	28.258	-0.61495	-1.2516	28.302	-0.2172	-1.1317	28.815	0	0
-0.10685	-1.4297	28.258	0.31175	-1.4222	27.572	0.62108	-1.3624	28.278	0	0
-0.10685	-1.4297	28.258	-0.2172	-1.1317	28.815	0.62108	-1.3624	28.278	0	0
-0.33725	-0.65115	28.356	-0.61495	-1.2516	28.302	-0.72895	-0.86355	28.56	0	0
-0.33725	-0.65115	28.356	-0.57372	0.11862	28.357	-0.73175	-0.59605	28.842	0	0
-0.33725	-0.65115	28.356	-0.72895	-0.86355	28.56	-0.73175	-0.59605	28.842	0	0
-0.61495	-1.2516	28.377	-0.72895	-0.86355	28.56	-0.90452	-0.66685	29.849	0	0
0.31175	-1.4222	27.647	0.62108	-1.3624	28.278	1.0651	-0.91355	28.127	0	0
-0.2172	-1.1317	28.891	0.62108	-1.3624	28.278	0.55892	-0.73845	29.066	0	0
-0.2172	-1.1317	28.891	-0.099399	-0.5292	29.101	0.55892	-0.73845	29.066	0	0
-0.2172	-1.1317	28.891	-0.099399	-0.5292	29.101	-0.73175	-0.59605	28.842	0	0
0.48115	-0.6879	28.341	0.55892	-0.73845	29.066	1.0651	-0.91355	28.127	0	0
0.62108	-1.3624	28.353	0.94545	-1.8446	28.383	1.23	-1.3415	28.474	0	0
0.62108	-1.3624	28.353	1.23	-1.3415	28.474	1.0651	-0.91355	28.127	0	0
-0.32815	1.3188	29.114	-0.29315	1.5639	29.606	-0.54675	1.051	29.502	0	0
-0.32815	1.3188	29.114	-0.54675	1.051	29.502	-0.61335	0.7371	28.846	0	0
0.4256	0.5911	29.202	0.47795	-0.060481	29.712	0.60425	0.65665	29.816	0	0
-0.29315	1.5639	29.682	-0.54675	1.051	29.502	-0.66337	1.0893	30.285	0	0
-0.29315	1.5639	29.682	-0.3295	1.5365	30.238	-0.31869	1.9446	30.342	0	0
-0.29315	1.5639	29.682	-0.3295	1.5365	30.238	-0.66337	1.0893	30.285	0	0
-0.29315	1.5639	29.682	-0.31869	1.9446	30.342	0.77075	1.3818	30.421	0	0
-0.29315	1.5639	29.682	0.60425	0.65665	29.816	0.77075	1.3818	30.421	0	0
0.047351	-0.21815	29.197	-0.099399	-0.5292	29.101	-0.096899	-0.5147	29.518	0	0
0.047351	-0.21815	29.197	0.55892	-0.73845	29.066	0.47795	-0.060481	29.712	0	0
0.047351	-0.21815	29.197	-0.096899	-0.5147	29.518	0.12515	-0.12155	29.806	0	0
0.047351	-0.21815	29.197	0.47795	-0.060481	29.712	0.12515	-0.12155	29.806	0	0
-0.099399	-0.5292	29.176	0.51195	-0.8833	29.394	-0.096899	-0.5147	29.518	0	0
-0.23075	-1.0608	29.485	-0.096899	-0.5147	29.518	-0.077562	-0.75686	30.314	0	0
-0.23075	-1.0608	29.485	-0.096899	-0.5147	29.518	-0.90452	-0.66685	29.849	0	0
-0.23075	-1.0608	29.485	-0.077562	-0.75686	30.314	-0.55555	-1.114	30.489	0	0
-0.23075	-1.0608	29.485	-0.55555	-1.114	30.489	-0.90452	-0.66685	29.849	0	0
0.94545	-1.8446	28.459	1.1658	-1.8041	28.843	1.23	-1.3415	28.474	0	0
0.55892	-0.73845	29.142	0.51195	-0.8833	29.394	1.1658	-1.8041	28.843	0	0
0.55892	-0.73845	29.142	0.51195	-0.8833	29.394	1.1373	-0.5602	29.779	0	0
0.55892	-0.73845	29.142	0.47795	-0.060481	29.712	1.1373	-0.5602	29.779	0	0
0.55892	-0.73845	29.142	1.1658	-1.8041	28.843	1.23	-1.3415	28.474	0	0
0.55892	-0.73845	29.142	1.23	-1.3415	28.474	1.0651	-0.91355	28.127	0	0
-0.57372	0.11862	28.433	-0.73175	-0.59605	28.842	-0.76622	-0.034623	29.04	0	0
-0.57372	0.11862	28.433	-0.61335	0.7371	28.846	-0.76622	-0.034623	29.04	0	0
0.51195	-0.8833	29.47	-0.096899	-0.5147	29.518	-0.077562	-0.75686	30.314	0	0
0.51195	-0.8833	29.47	-0.077562	-0.75686	30.314	1.1373	-0.5602	29.779	0	0
-0.72895	-0.86355	28.636	-0.73175	-0.59605	28.842	-0.90452	-0.66685	29.849	0	0
-0.73175	-0.59605	28.918	-0.90452	-0.66685	29.849	-0.87428	0.022752	29.542	0	0
-0.73175	-0.59605	28.918	-0.76622	-0.034623	29.04	-0.87428	0.022752	29.542	0	0
-0.54675	1.051	29.578	-0.61335	0.7371	28.846	-0.78325	0.585	29.715	0	0
-0.54675	1.051	29.578	-0.78325	0.585	29.715	-0.66337	1.0893	30.285	0	0
-0.61335	0.7371	28.922	-0.78325	0.585	29.715	-0.76622	-0.034623	29.04	0	0
-0.096899	-0.5147	29.593	0.12515	-0.12155	29.806	-0.90452	-0.66685	29.849	0	0
0.47795	-0.060481	29.787	0.12515	-0.12155	29.806	0.52818	-0.14718	30.404	0	0
0.47795	-0.060481	29.787	0.52818	-0.14718	30.404	1.1562	-0.23975	30.054	0	0
0.47795	-0.060481	29.787	0.60425	0.65665	29.816	0.71468	0.47979	30.422	0	0
0.47795	-0.060481	29.787	1.1373	-0.5602	29.779	1.1562	-0.23975	30.054	0	0
0.12515	-0.12155	29.881	0.15255	-0.18885	30.463	-0.077562	-0.75686	30.314	0	0
0.12515	-0.12155	29.881	0.15255	-0.18885	30.463	0.52818	-0.14718	30.404	0	0
0.12515	-0.12155	29.881	-0.077562	-0.75686	30.314	-0.90452	-0.66685	29.849	0	0
-0.3295	1.5365	30.314	-0.31869	1.9446	30.342	-0.72402	1.4465	31.14	0	0
-0.3295	1.5365	30.314	-0.66337	1.0893	30.285	-0.72402	1.4465	31.14	0	0
-0.31869	1.9446	30.418	-0.4719	2.0273	31.169	-0.72402	1.4465	31.14	0	0
-0.31869	1.9446	30.418	-0.4719	2.0273	31.169	0.74395	1.7086	31.12	0	0
-0.31869	1.9446	30.418	0.77075	1.3818	30.421	0.74395	1.7086	31.12	0	0
0.15255	-0.18885	30.538	-0.077562	-0.75686	30.314	0.25605	-0.71985	31.047	0	0
0.15255	-0.18885	30.538	0.52818	-0.14718	30.404	0.25605	-0.71985	31.047	0	0
-0.077562	-0.75686	30.389	-0.55555	-1.114	30.489	-0.33475	-0.88095	31.039	0	0
-0.077562	-0.75686	30.389	0.52818	-0.14718	30.404	1.1373	-0.5602	29.779	0	0
-0.077562	-0.75686	30.389	0.25605	-0.71985	31.047	-0.33475	-0.88095	31.039	0	0
-0.55555	-1.114	30.564	-0.90452	-0.66685	29.849	-0.6745	-0.52735	30.544	0	0
-0.55555	-1.114	30.564	-0.6745	-0.52735	30.544	-0.62805	-0.5071	31.062	0	0
-0.55555	-1.114	30.564	-0.33475	-0.88095	31.039	-0.62805	-0.5071	31.062	0	0
0.52818	-0.14718	30.48	0.62788	0.018019	31.023	0.25605	-0.71985	31.047	0	0
0.52818	-0.14718	30.48	0.62788	0.018019	31.023	0.71468	0.47979	30.422	0	0
-0.4719	2.0273	31.244	-0.42287	2.2216	31.722	-0.61225	1.9241	31.785	0	0
-0.4719	2.0273	31.244	-0.42287	2.2216	31.722	0.74395	1.7086	31.12	0	0
-0.4719	2.0273	31.244	-0.72402	1.4465	31.14	-0.61225	1.9241	31.785	0	0
0.60425	0.65665	29.892	0.77075	1.3818	30.421	1.0888	0.71268	30.45	0	0
0.60425	0.65665	29.892	0.71468	0.47979	30.422	1.0888	0.71268	30.45	0	0
0.77075	1.3818	30.496	1.0955	1.2938	30.573	0.74395	1.7086	31.12	0	0
0.77075	1.3818	30.496	1.0955	1.2938	30.573	1.0888	0.71268	30.45	0	0
0.6648	0.63925	31.048	0.62788	0.018019	31.023	0.5905	0.027852	31.762	0	0
0.6648	0.63925	31.048	0.62788	0.018019	31.023	0.71468	0.47979	30.422	0	0
0.6648	0.63925	31.048	0.5905	0.027852	31.762	0.7875	0.73785	31.787	0	0
0.6648	0.63925	31.048	0.71468	0.47979	30.422	1.0888	0.71268	30.45	0	0
0.6648	0.63925	31.048	0.7875	0.73785	31.787	1.26	0.84225	31.062	0	0
0.6648	0.63925	31.048	1.26	0.84225	31.062	1.0888	0.71268	30.45	0	0
-0.42287	2.2216	31.797	-0.61225	1.9241	31.785	-0.098499	1.0016	32.091	0	0
-0.42287	2.2216	31.797	-0.098499	1.0016	32.091	0.7876	1.2057	31.817	0	0
-0.42287	2.2216	31.797	0.74395	1.7086	31.12	0.7876	1.2057	31.817	0	0
0.62788	0.018019	31.098	0.25605	-0.71985	31.047	0.16645	-0.23015	31.538	0	0
0.62788	0.018019	31.098	0.16645	-0.23015	31.538	0.5905	0.027852	31.762	0	0
0.25605	-0.71985	31.122	-0.12015	-1.4865	31.285	0.43978	-0.66518	31.831	0	0
0.25605	-0.71985	31.122	-0.12015	-1.4865	31.285	-0.33475	-0.88095	31.039	0	0
0.25605	-0.71985	31.122	0.16645	-0.23015	31.538	0.43978	-0.66518	31.831	0	0
-0.12015	-1.4865	31.361	0.43978	-0.66518	31.831	-0.18458	-1.2559	31.883	0	0
-0.12015	-1.4865	31.361	-0.33475	-0.88095	31.039	-0.45055	-0.83495	31.497	0	0
-0.12015	-1.4865	31.361	-0.18458	-1.2559	31.883	-0.45055	-0.83495	31.497	0	0
-0.78325	0.585	29.791	-0.66337	1.0893	30.285	-0.97207	0.6831	30.328	0	0
-0.78325	0.585	29.791	-0.76622	-0.034623	29.04	-0.87428	0.022752	29.542	0	0
-0.78325	0.585	29.791	-0.97207	0.6831	30.328	-0.87428	0.022752	29.542	0	0
-0.90452	-0.66685	29.925	-0.6745	-0.52735	30.544	-0.97207	0.6831	30.328	0	0
-0.90452	-0.66685	29.925	-0.97207	0.6831	30.328	-0.87428	0.022752	29.542	0	0
-0.6745	-0.52735	30.62	-0.62805	-0.5071	31.062	-0.97207	0.6831	30.328	0	0
-0.66337	1.0893	30.36	-0.72402	1.4465	31.14	-1.1049	0.84288	31.142	0	0
-0.66337	1.0893	30.36	-0.97207	0.6831	30.328	-1.1049	0.84288	31.142	0	0
-0.72402	1.4465	31.215	-0.61225	1.9241	31.785	-0.92187	1.4568	31.833	0	0
-0.72402	1.4465	31.215	-0.92187	1.4568	31.833	-1.1049	0.84288	31.142	0	0
0.16645	-0.23015	31.613	0.5905	0.027852	31.762	0.43978	-0.66518	31.831	0	0
-0.61225	1.9241	31.86	-0.098499	1.0016	32.091	-0.92187	1.4568	31.833	0	0
-0.098499	1.0016	32.167	0.17485	1.0458	32.601	0.023151	0.62075	32.698	0	0
-0.098499	1.0016	32.167	0.17485	1.0458	32.601	0.78475	1.3094	32.526	0	0
-0.098499	1.0016	32.167	0.023151	0.62075	32.698	-1.1494	0.86379	31.716	0	0
-0.098499	1.0016	32.167	0.7876	1.2057	31.817	0.7875	0.73785	31.787	0	0
-0.098499	1.0016	32.167	-0.92187	1.4568	31.833	-1.1494	0.86379	31.716	0	0
0.17485	1.0458	32.677	0.24645	0.80795	32.669	0.023151	0.62075	32.698	0	0
0.17485	1.0458	32.677	0.24645	0.80795	32.669	0.6991	1.24	33.277	0	0
0.17485	1.0458	32.677	0.78475	1.3094	32.526	0.6991	1.24	33.277	0	0
0.5905	0.027852	31.838	0.43978	-0.66518	31.831	0.95685	-0.13105	32.123	0	0
0.5905	0.027852	31.838	0.95685	-0.13105	32.123	0.7875	0.73785	31.787	0	0
0.43978	-0.66518	31.907	0.95685	-0.13105	32.123	0.57578	-0.73915	32.513	0	0
0.43978	-0.66518	31.907	-0.18458	-1.2559	31.883	-0.11925	-1.2994	32.54	0	0
0.43978	-0.66518	31.907	-0.11925	-1.2994	32.54	0.57578	-0.73915	32.513	0	0
0.95685	-0.13105	32.198	0.7875	0.73785	31.787	1.0828	0.70739	32.616	0	0
0.95685	-0.13105	32.198	1.0828	0.70739	32.616	1.0296	0.024102	32.564	0	0
0.95685	-0.13105	32.198	1.0296	0.024102	32.564	0.98555	-0.53265	32.695	0	0
0.95685	-0.13105	32.198	0.57578	-0.73915	32.513	0.98555	-0.53265	32.695	0	0
-0.33475	-0.88095	31.115	-0.62805	-0.5071	31.062	-0.45055	-0.83495	31.497	0	0
-0.18458	-1.2559	31.958	-0.45055	-0.83495	31.497	-0.11925	-1.2994	32.54	0	0
-0.62805	-0.5071	31.138	-0.97207	0.6831	30.328	-1.1049	0.84288	31.142	0	0
-0.62805	-0.5071	31.138	-1.1049	0.84288	31.142	-1.1494	0.86379	31.716	0	0
-0.11925	-1.2994	32.616	0.57578	-0.73915	32.513	0.65895	-1.1756	32.771	0	0
-0.11925	-1.2994	32.616	0.65895	-1.1756	32.771	-0.037249	-1.4648	33.005	0	0
0.24645	0.80795	32.745	0.023151	0.62075	32.698	0.0058506	0.69352	33.186	0	0
0.24645	0.80795	32.745	0.0058506	0.69352	33.186	0.6991	1.24	33.277	0	0
1.0955	1.2938	30.649	1.0114	1.3805	31.129	0.74395	1.7086	31.12	0	0
1.0955	1.2938	30.649	1.0114	1.3805	31.129	1.26	0.84225	31.062	0	0
1.0955	1.2938	30.649	1.26	0.84225	31.062	1.0888	0.71268	30.45	0	0
1.0114	1.3805	31.205	0.74395	1.7086	31.12	1.032	1.779	31.358	0	0
1.0114	1.3805	31.205	1.032	1.779	31.358	1.4026	1.8108	31.626	0	0
1.0114	1.3805	31.205	1.1116	1.392	31.781	1.2711	0.9194	31.696	0	0
1.0114	1.3805	31.205	1.2711	0.9194	31.696	1.26	0.84225	31.062	0	0
0.74395	1.7086	31.196	1.032	1.779	31.358	0.7876	1.2057	31.817	0	0
1.032	1.779	31.433	1.1116	1.392	31.781	0.7876	1.2057	31.817	0	0
1.032	1.779	31.433	1.1116	1.392	31.781	1.4026	1.8108	31.626	0	0
1.1116	1.392	31.857	0.7876	1.2057	31.817	0.78475	1.3094	32.526	0	0
1.1116	1.392	31.857	1.4026	1.8108	31.626	1.3003	1.5967	32.391	0	0
1.1116	1.392	31.857	1.3003	1.5967	32.391	0.78475	1.3094	32.526	0	0
0.7876	1.2057	31.892	0.7875	0.73785	31.787	0.78475	1.3094	32.526	0	0
1.2711	0.9194	31.772	0.7875	0.73785	31.787	1.26	0.84225	31.062	0	0
0.7875	0.73785	31.862	0.78475	1.3094	32.526	1.0828	0.70739	32.616	0	0
1.3003	1.5967	32.467	0.78475	1.3094	32.526	1.0268	1.3458	33.145	0	0
0.78475	1.3094	32.601	1.0828	0.70739	32.616	1.0268	1.3458	33.145	0	0
1.0828	0.70739	32.691	1.0296	0.024102	32.564	1.2292	-0.088298	33.162	0	0
1.0828	0.70739	32.691	1.2292	-0.088298	33.162	1.1151	0.73942	33.183	0	0
1.0828	0.70739	32.691	1.1151	0.73942	33.183	1.0268	1.3458	33.145	0	0
1.0296	0.024102	32.64	0.98555	-0.53265	32.695	1.2292	-0.088298	33.162	0	0
0.57578	-0.73915	32.588	0.98555	-0.53265	32.695	0.8266	-0.6483	32.979	0	0
0.57578	-0.73915	32.588	0.65895	-1.1756	32.771	0.8266	-0.6483	32.979	0	0
0.98555	-0.53265	32.771	0.8266	-0.6483	32.979	1.2292	-0.088298	33.162	0	0
0.65895	-1.1756	32.847	0.8266	-0.6483	32.979	0.52267	-1.2162	33.25	0	0
0.8266	-0.6483	33.055	0.52267	-1.2162	33.25	0.9915	-0.7644	33.284	0	0
0.8266	-0.6483	33.055	0.9915	-0.7644	33.284	1.2292	-0.088298	33.162	0	0
-0.037249	-1.4648	33.081	0.52267	-1.2162	33.25	0.039851	-1.2069	34.072	0	0
-0.037249	-1.4648	33.081	0.52267	-1.2162	33.25	0.54213	-2.1316	33.859	0	0
-0.037249	-1.4648	33.081	0.039851	-1.2069	34.072	-0.058849	-1.0315	34.566	0	0
0.52267	-1.2162	33.325	0.9915	-0.7644	33.284	0.92615	-1.2906	34.046	0	0
0.52267	-1.2162	33.325	0.039851	-1.2069	34.072	0.68948	-1.5034	33.904	0	0
0.52267	-1.2162	33.325	0.68948	-1.5034	33.904	0.54213	-2.1316	33.859	0	0
0.9915	-0.7644	33.359	1.2292	-0.088298	33.162	1.2981	-0.71598	33.893	0	0
0.9915	-0.7644	33.359	1.2981	-0.71598	33.893	0.92615	-1.2906	34.046	0	0
-0.92187	1.4568	31.908	-1.1049	0.84288	31.142	-1.1494	0.86379	31.716	0	0
1.2292	-0.088298	33.237	0.48892	0.52285	33.762	0.75172	0.088386	34.131	0	0
1.2292	-0.088298	33.237	0.48892	0.52285	33.762	1.1151	0.73942	33.183	0	0
1.2292	-0.088298	33.237	0.75172	0.088386	34.131	1.3674	-0.13888	33.891	0	0
1.2292	-0.088298	33.237	1.2981	-0.71598	33.893	1.3674	-0.13888	33.891	0	0
0.48892	0.52285	33.838	0.80295	1.1525	33.899	0.6991	1.24	33.277	0	0
0.48892	0.52285	33.838	0.80295	1.1525	33.899	0.36115	0.59325	34.527	0	0
0.48892	0.52285	33.838	0.6991	1.24	33.277	1.1151	0.73942	33.183	0	0
0.48892	0.52285	33.838	0.75172	0.088386	34.131	0.36115	0.59325	34.527	0	0
0.80295	1.1525	33.974	0.6991	1.24	33.277	1.1195	1.2626	33.764	0	0
0.80295	1.1525	33.974	0.36115	0.59325	34.527	1.4941	0.70431	34.729	0	0
0.80295	1.1525	33.974	1.1195	1.2626	33.764	1.4941	0.70431	34.729	0	0
0.6991	1.24	33.353	1.1151	0.73942	33.183	1.0268	1.3458	33.145	0	0
0.6991	1.24	33.353	1.0268	1.3458	33.145	1.1195	1.2626	33.764	0	0
0.75172	0.088386	34.207	0.36115	0.59325	34.527	0.78625	-0.023698	34.647	0	0
0.75172	0.088386	34.207	1.3674	-0.13888	33.891	0.89975	-0.17135	34.437	0	0
0.75172	0.088386	34.207	0.89975	-0.17135	34.437	0.78625	-0.023698	34.647	0	0
0.36115	0.59325	34.602	1.4941	0.70431	34.729	1.2256	-0.18735	35.567	0	0
0.36115	0.59325	34.602	0.78625	-0.023698	34.647	0.71975	-0.051748	34.986	0	0
0.36115	0.59325	34.602	0.71975	-0.051748	34.986	-0.037399	-0.6856	35.08	0	0
1.1151	0.73942	33.258	1.2659	0.68221	33.812	1.1195	1.2626	33.764	0	0
1.2981	-0.71598	33.969	0.92615	-1.2906	34.046	0.82495	-0.69635	34.655	0	0
1.2981	-0.71598	33.969	1.3674	-0.13888	33.891	1.6326	-0.73895	34.56	0	0
1.2981	-0.71598	33.969	0.82495	-0.69635	34.655	1.2433	-0.62065	34.527	0	0
1.2981	-0.71598	33.969	1.202	-1.4456	34.657	1.6326	-0.73895	34.56	0	0
0.039851	-1.2069	34.147	0.68948	-1.5034	33.904	0.35735	-1.5773	34.528	0	0
0.039851	-1.2069	34.147	0.35735	-1.5773	34.528	0.14625	-1.0952	34.619	0	0
0.039851	-1.2069	34.147	-0.058849	-1.0315	34.566	0.14625	-1.0952	34.619	0	0
0.68948	-1.5034	33.98	0.54213	-2.1316	33.859	0.96085	-2.2508	34.206	0	0
0.68948	-1.5034	33.98	0.35735	-1.5773	34.528	0.57395	-1.9435	34.525	0	0
0.68948	-1.5034	33.98	0.57395	-1.9435	34.525	0.96085	-2.2508	34.206	0	0
0.92615	-1.2906	34.121	0.96085	-2.2508	34.206	1.202	-1.4456	34.657	0	0
0.92615	-1.2906	34.121	0.82495	-0.69635	34.655	1.202	-1.4456	34.657	0	0
0.35735	-1.5773	34.603	0.57395	-1.9435	34.525	0.29822	-1.5272	35.189	0	0
0.35735	-1.5773	34.603	0.14625	-1.0952	34.619	0.29822	-1.5272	35.189	0	0
0.57395	-1.9435	34.601	0.96085	-2.2508	34.206	0.68365	-2.6105	34.658	0	0
0.57395	-1.9435	34.601	0.68365	-2.6105	34.658	0.5956	-2.2119	35.018	0	0
0.57395	-1.9435	34.601	0.5956	-2.2119	35.018	0.29822	-1.5272	35.189	0	0
0.96085	-2.2508	34.281	1.202	-1.4456	34.657	1.3476	-1.5138	35.038	0	0
0.96085	-2.2508	34.281	1.3476	-1.5138	35.038	0.5956	-2.2119	35.018	0	0
1.3674	-0.13888	33.967	1.2659	0.68221	33.812	1.6462	0.6846	34.405	0	0
1.3674	-0.13888	33.967	1.6462	0.6846	34.405	1.7577	0.019352	34.568	0	0
1.3674	-0.13888	33.967	1.7577	0.019352	34.568	1.6326	-0.73895	34.56	0	0
0.82495	-0.69635	34.73	0.89975	-0.17135	34.437	1.2433	-0.62065	34.527	0	0
0.82495	-0.69635	34.73	0.89975	-0.17135	34.437	0.78625	-0.023698	34.647	0	0
0.82495	-0.69635	34.73	1.202	-1.4456	34.657	1.1409	-0.76545	35.3	0	0
0.82495	-0.69635	34.73	0.78625	-0.023698	34.647	0.71975	-0.051748	34.986	0	0
0.82495	-0.69635	34.73	0.71975	-0.051748	34.986	1.1409	-0.76545	35.3	0	0
0.89975	-0.17135	34.512	1.4941	0.70431	34.729	1.7577	0.019352	34.568	0	0
0.89975	-0.17135	34.512	1.7577	0.019352	34.568	1.2433	-0.62065	34.527	0	0
1.202	-1.4456	34.732	1.3476	-1.5138	35.038	1.1409	-0.76545	35.3	0	0
1.202	-1.4456	34.732	1.6326	-0.73895	34.56	1.7384	-1.9216	35.464	0	0
1.2659	0.68221	33.887	1.1195	1.2626	33.764	1.6462	0.6846	34.405	0	0
1.1195	1.2626	33.84	1.6462	0.6846	34.405	1.4941	0.70431	34.729	0	0
1.6462	0.6846	34.48	1.4941	0.70431	34.729	1.8318	0.46465	34.977	0	0
1.6462	0.6846	34.48	1.7577	0.019352	34.568	1.8318	0.46465	34.977	0	0
1.4941	0.70431	34.804	1.8318	0.46465	34.977	1.2256	-0.18735	35.567	0	0
1.7577	0.019352	34.643	1.6326	-0.73895	34.56	1.9316	-0.13231	35.299	0	0
1.7577	0.019352	34.643	1.8318	0.46465	34.977	1.9316	-0.13231	35.299	0	0
0.68365	-2.6105	34.734	0.5956	-2.2119	35.018	0.61685	-2.8436	35.107	0	0
1.3476	-1.5138	35.114	1.1409	-0.76545	35.3	1.7977	-1.3885	35.485	0	0
1.3476	-1.5138	35.114	1.7977	-1.3885	35.485	1.7384	-1.9216	35.464	0	0
1.3476	-1.5138	35.114	1.0453	-1.7796	35.518	1.7384	-1.9216	35.464	0	0
0.5956	-2.2119	35.093	0.29822	-1.5272	35.189	1.0453	-1.7796	35.518	0	0
0.5956	-2.2119	35.093	1.0453	-1.7796	35.518	0.61685	-2.8436	35.107	0	0
1.6326	-0.73895	34.636	1.7977	-1.3885	35.485	1.8564	-0.7292	35.326	0	0
1.6326	-0.73895	34.636	1.8564	-0.7292	35.326	1.9316	-0.13231	35.299	0	0
0.71975	-0.051748	35.061	1.2256	-0.18735	35.567	1.1409	-0.76545	35.3	0	0
0.71975	-0.051748	35.061	0.47955	-0.85522	35.31	-0.037399	-0.6856	35.08	0	0
1.8318	0.46465	35.052	1.9316	-0.13231	35.299	2.0061	-0.020348	35.963	0	0
1.8318	0.46465	35.052	2.0061	-0.020348	35.963	1.9709	0.39635	36.209	0	0
1.2256	-0.18735	35.642	1.1409	-0.76545	35.3	1.2713	-0.70495	36.033	0	0
1.2256	-0.18735	35.642	1.4467	-0.22495	35.89	1.2713	-0.70495	36.033	0	0
1.1409	-0.76545	35.375	1.7977	-1.3885	35.485	1.2713	-0.70495	36.033	0	0
1.4467	-0.22495	35.966	1.2713	-0.70495	36.033	1.9489	-0.66698	36.023	0	0
1.4467	-0.22495	35.966	1.9489	-0.66698	36.023	1.9722	0.073152	36.578	0	0
1.7977	-1.3885	35.56	1.8564	-0.7292	35.326	1.9489	-0.66698	36.023	0	0
1.7977	-1.3885	35.56	1.7384	-1.9216	35.464	2.07	-1.521	35.985	0	0
1.7977	-1.3885	35.56	2.07	-1.521	35.985	1.9489	-0.66698	36.023	0	0
-0.058849	-1.0315	34.641	0.14625	-1.0952	34.619	0.015151	-1.2295	35.358	0	0
-0.058849	-1.0315	34.641	0.015151	-1.2295	35.358	-0.037399	-0.6856	35.08	0	0
0.14625	-1.0952	34.695	0.29822	-1.5272	35.189	0.015151	-1.2295	35.358	0	0
0.29822	-1.5272	35.265	0.47955	-0.85522	35.31	1.0453	-1.7796	35.518	0	0
0.29822	-1.5272	35.265	0.47955	-0.85522	35.31	0.015151	-1.2295	35.358	0	0
0.47955	-0.85522	35.386	1.0453	-1.7796	35.518	1.2221	-1.3563	35.934	0	0
0.47955	-0.85522	35.386	1.2221	-1.3563	35.934	1.2713	-0.70495	36.033	0	0
0.47955	-0.85522	35.386	0.015151	-1.2295	35.358	-0.037399	-0.6856	35.08	0	0
1.0453	-1.7796	35.593	0.61685	-2.8436	35.107	1.1548	-1.7711	35.957	0	0
1.0453	-1.7796	35.593	1.2221	-1.3563	35.934	1.1548	-1.7711	35.957	0	0
1.2221	-1.3563	36.01	1.1548	-1.7711	35.957	1.3477	-1.2831	36.53	0	0
1.2221	-1.3563	36.01	1.3477	-1.2831	36.53	1.2713	-0.70495	36.033	0	0
1.8564	-0.7292	35.401	1.9316	-0.13231	35.299	1.9489	-0.66698	36.023	0	0
1.1548	-1.7711	36.033	1.7384	-1.9216	35.464	1.944	-1.9721	36.054	0	0
1.1548	-1.7711	36.033	1.944	-1.9721	36.054	1.7676	-2.4782	36.649	0	0
1.1548	-1.7711	36.033	1.3477	-1.2831	36.53	1.8623	-2.143	36.63	0	0
1.7384	-1.9216	35.539	1.944	-1.9721	36.054	2.07	-1.521	35.985	0	0
1.944	-1.9721	36.13	2.07	-1.521	35.985	2.1962	-1.6149	36.358	0	0
1.944	-1.9721	36.13	2.1962	-1.6149	36.358	1.8623	-2.143	36.63	0	0
1.944	-1.9721	36.13	1.7676	-2.4782	36.649	1.8623	-2.143	36.63	0	0
2.07	-1.521	36.061	2.1962	-1.6149	36.358	2.4041	-1.5065	36.157	0	0
2.07	-1.521	36.061	1.9489	-0.66698	36.023	2.4401	-0.6438	36.084	0	0
2.07	-1.521	36.061	2.4401	-0.6438	36.084	2.4041	-1.5065	36.157	0	0
1.3477	-1.2831	36.606	1.2713	-0.70495	36.033	1.9489	-0.66698	36.023	0	0
1.3477	-1.2831	36.606	2.1962	-1.6149	36.358	1.9489	-0.66698	36.023	0	0
1.9316	-0.13231	35.374	1.9489	-0.66698	36.023	2.0061	-0.020348	35.963	0	0
2.1962	-1.6149	36.434	1.9489	-0.66698	36.023	2.5067	-0.8373	36.511	0	0
2.1962	-1.6149	36.434	1.8623	-2.143	36.63	2.5149	-1.9194	36.835	0	0
2.1962	-1.6149	36.434	2.4041	-1.5065	36.157	2.792	-1.4549	36.763	0	0
2.1962	-1.6149	36.434	2.5149	-1.9194	36.835	2.792	-1.4549	36.763	0	0
1.9489	-0.66698	36.099	2.0061	-0.020348	35.963	2.4401	-0.6438	36.084	0	0
1.9489	-0.66698	36.099	1.9722	0.073152	36.578	2.0289	-0.6669	36.798	0	0
1.9489	-0.66698	36.099	2.5067	-0.8373	36.511	2.0289	-0.6669	36.798	0	0
2.0061	-0.020348	36.038	2.4401	-0.6438	36.084	1.9722	0.073152	36.578	0	0
2.0061	-0.020348	36.038	1.9709	0.39635	36.209	1.9722	0.073152	36.578	0	0
2.4401	-0.6438	36.159	1.9722	0.073152	36.578	2.5067	-0.8373	36.511	0	0
2.4401	-0.6438	36.159	2.4041	-1.5065	36.157	2.5067	-0.8373	36.511	0	0
1.9709	0.39635	36.285	1.9722	0.073152	36.578	1.9897	0.35895	36.666	0	0
2.4041	-1.5065	36.232	2.5067	-0.8373	36.511	2.792	-1.4549	36.763	0	0
2.5067	-0.8373	36.586	2.0289	-0.6669	36.798	3.0604	-0.82525	37.014	0	0
2.5067	-0.8373	36.586	2.792	-1.4549	36.763	3.0604	-0.82525	37.014	0	0
0.10135	-2.5016	12.802	0.97763	-6.33696	16.7404	1.7294	-1.8893	13.447	1	1
0.97763	-6.33696	16.7404	1.47531	-9.83312	18.7852	2.65503	-5.47056	17.7014	1	1
1.47531	-9.83312	18.7852	2.14803	-13.57312	19.5708	4.19811	-9.75712	19.2672	1	1
2.14803	-13.57312	19.5708	2.14243	-18.75792	18.7404	4.83573	-14.04912	19.8108	1	1
2.14243	-18.75792	18.7404	1.56723	-21.57712	15.9916	4.25213	-18.74292	18.3434	1	1
2.65503	-5.47056	17.7014	1.7294	-1.8893	13.447	0.97763	-6.33696	16.7404	1	1
4.19811	-9.75712	19.2672	2.65503	-5.47056	17.7014	1.47531	-9.83312	18.7852	1	1
4.83573	-14.04912	19.8108	4.19811	-9.75712	19.2672	2.14803	-13.57312	19.5708	1	1
4.25213	-18.74292	18.3434	4.83573	-14.04912	19.8108	2.14243	-18.75792	18.7404	1	1
0.97763	-6.33696	16.7404	0.10135	-2.5016	12.802	-0.38795	-2.0386	12.59	1	1
1.47531	-9.83312	18.7852	0.97763	-6.33696	16.7404	0.92173	-5.72626	16.8054	1	1
2.14803	-13.57312	19.5708	1.47531	-9.83312	18.7852	0.40716	-10.37312	18.6442	1	1
2.14243	-18.75792	18.7404	2.14803	-13.57312	19.5708	1.31593	-13.84612	20.1618	1	1
1.56723	-21.57712	15.9916	2.14243	-18.75792	18.7404	2.14243	-18.75792	18.8154	1	1
-0.38795	-2.0386	12.59	0.92173	-5.72626	16.8054	0.97763	-6.33696	16.7404	1	1
0.92173	-5.72626	16.8054	0.40716	-10.37312	18.6442	1.47531	-9.83312	18.7852	1	1
0.40716	-10.37312	18.6442	1.31593	-13.84612	20.1618	2.14803	-13.57312	19.5708	1	1
1.31593	-13.84612	20.1618	2.14243	-18.75792	18.8154	2.14243	-18.75792	18.7404	1	1
0.2661	1.5949	17.904	0.7203	4.21074	21.3872	1.4221	1.6127	17.979	2	1
0.7203	4.21074	21.3872	1.02898	6.5681	23.5312	1.44155	3.74634	21.8862	2	1
1.02898	6.5681	23.5312	1.38146	9.95578	26.6512	1.86718	6.8164	23.8772	2	1
1.38146	9.95578	26.6512	1.8305	13.95098	29.0184	2.60116	8.93178	28.7252	2	1
1.8305	13.95098	29.0184	1.74722	17.85098	30.4136	1.8378	13.94798	29.7444	2	1
1.74722	17.85098	30.4136	1.63138	20.49978	30.9272	2.91462	17.44898	29.9766	2	1
1.63138	20.49978	30.9272	1.29106	22.97418	30.9992	3.04548	20.98678	29.1782	2	1
1.29106	22.97418	30.9992	0.34578	25.19658	29.4704	3.07196	21.91118	30.2512	2	1
0.34578	25.19658	29.4704	1.7561	25.71738	25.3584	2.35888	25.80358	30.2714	2	1
1.44155	3.74634	21.8862	1.4221	1.6127	17.979	0.7203	4.21074	21.3872	2	1
1.86718	6.8164	23.8772	1.44155	3.74634	21.8862	1.02898	6.5681	23.5312	2	1
2.60116	8.93178	28.7252	1.86718	6.8164	23.8772	1.38146	9.95578	26.6512	2	1
1.8378	13.94798	29.7444	2.60116	8.93178	28.7252	1.8305	13.95098	29.0184	2	1
2.91462	17.44898	29.9766	1.8378	13.94798	29.7444	1.74722	17.85098	30.4136	2	1
3.04548	20.98678	29.1782	2.91462	17.44898	29.9766	1.63138	20.49978	30.9272	2	1
3.07196	21.91118	30.2512	3.04548	20.98678	29.1782	1.29106	22.97418	30.9992	2	1
2.35888	25.80358	30.2714	3.07196	21.91118	30.2512	0.34578	25.19658	29.4704	2	1
0.7203	4.21074	21.3872	0.2661	1.5949	17.904	-0.95608	1.5453	17.759	2	1
1.02898	6.5681	23.5312	0.7203	4.21074	21.3872	-2.08005	4.24814	21.3562	2	1
1.38146	9.95578	26.6512	1.02898	6.5681	23.5312	-1.16797	5.4572	24.0292	2	1
1.8305	13.95098	29.0184	1.38146	9.95578	26.6512	-0.69749	9.68878	26.4452	2	1
1.74722	17.85098	30.4136	1.8305	13.95098	29.0184	-0.23235	13.43298	29.5974	2	1
1.63138	20.49978	30.9272	1.74722	17.85098	30.4136	-0.63448	17.81698	31.7876	2	1
1.29106	22.97418	30.9992	1.63138	20.49978	30.9272	-0.277103	20.73678	30.9442	2	1
0.34578	25.19658	29.4704	1.29106	22.97418	30.9992	-0.39209	23.70818	31.4752	2	1
1.7561	25.71738	25.3584	0.34578	25.19658	29.4704	-0.50131	25.20858	28.9074	2	1
-0.95608	1.5453	17.759	-2.08005	4.24814	21.3562	0.7203	4.21074	21.3872	2	1
-2.08005	4.24814	21.3562	-1.16797	5.4572	24.0292	1.02898	6.5681	23.5312	2	1
-1.16797	5.4572	24.0292	-0.69749	9.68878	26.4452	1.38146	9.95578	26.6512	2	1
-0.69749	9.68878	26.4452	-0.23235	13.43298	29.5974	1.8305	13.95098	29.0184	2	1
-0.23235	13.43298	29.5974	-0.63448	17.81698	31.7876	1.74722	17.85098	30.4136	2	1
-0.63448	17.81698	31.7876	-0.277103	20.73678	30.9442	1.63138	20.49978	30.9272	2	1
-0.277103	20.73678	30.9442	-0.39209	23.70818	31.4752	1.29106	22.97418	30.9992	2	1
-0.39209	23.70818	31.4752	-0.50131	25.20858	28.9074	0.34578	25.19658	29.4704	2	1
-0.43895	-1.7309	21.465	-0.601646	-3.37578	23.829	0.50035	-2.3221	21.446	3	1
-0.601646	-3.37578	23.829	-1.18067	-5.67978	26.9874	0.886904	-2.87508	23.787	3	1
-1.18067	-5.67978	26.9874	-1.29699	-7.15186	28.9946	0.53148	-5.14288	27.8194	3	1
-1.29699	-7.15186	28.9946	-1.62003	-8.77258	31.5234	1.10176	-5.96526	29.7866	3	1
-1.62003	-8.77258	31.5234	-2.16939	-10.73178	33.2562	0.40852	-9.43858	31.3824	3	1
-2.16939	-10.73178	33.2562	-2.73555	-13.42858	35.1082	-0.0842899999999996	-10.47878	33.4302	3	1
-2.73555	-13.42858	35.1082	-3.24059	-15.80138	36.2042	-0.0277599999999996	-12.87458	35.9362	3	1
-3.24059	-15.80138	36.2042	-3.89723	-19.52938	37.3346	-0.89769	-15.75538	35.2722	3	1
-3.89723	-19.52938	37.3346	-4.39787	-22.01258	36.765	-1.80083	-19.10938	37.1686	3	1
-4.39787	-22.01258	36.765	-5.28123	-25.26858	35.765	-3.82217	-21.66058	36.686	3	1
-7.16355	-28.98858	33.4394	-7.71363	-33.26778	29.5394	-6.59035	-29.87258	34.5604	3	1
0.886904	-2.87508	23.787	0.50035	-2.3221	21.446	-0.601646	-3.37578	23.829	3	1
0.53148	-5.14288	27.8194	0.886904	-2.87508	23.787	-1.18067	-5.67978	26.9874	3	1
1.10176	-5.96526	29.7866	0.53148	-5.14288	27.8194	-1.29699	-7.15186	28.9946	3	1
0.40852	-9.43858	31.3824	1.10176	-5.96526	29.7866	-1.62003	-8.77258	31.5234	3	1
-0.0842899999999996	-10.47878	33.4302	0.40852	-9.43858	31.3824	-2.16939	-10.73178	33.2562	3	1
-0.0277599999999996	-12.87458	35.9362	-0.0842899999999996	-10.47878	33.4302	-2.73555	-13.42858	35.1082	3	1
-0.89769	-15.75538	35.2722	-0.0277599999999996	-12.87458	35.9362	-3.24059	-15.80138	36.2042	3	1
-1.80083	-19.10938	37.1686	-0.89769	-15.75538	35.2722	-3.89723	-19.52938	37.3346	3	1
-3.82217	-21.66058	36.686	-1.80083	-19.10938	37.1686	-4.39787	-22.01258	36.765	3	1
-6.59035	-29.87258	34.5604	-5.28123	-25.26858	35.765	-7.16355	-28.98858	33.4394	3	1
-0.601646	-3.37578	23.829	-0.43895	-1.7309	21.465	-1.2254	-2.1989	21.64	3	1
-1.18067	-5.67978	26.9874	-0.601646	-3.37578	23.829	-1.254326	-3.32358	24.392	3	1
-1.29699	-7.15186	28.9946	-1.18067	-5.67978	26.9874	-2.32177	-4.67628	27.5184	3	1
-1.62003	-8.77258	31.5234	-1.29699	-7.15186	28.9946	-2.92299	-5.53106	29.9186	3	1
-2.16939	-10.73178	33.2562	-1.62003	-8.77258	31.5234	-3.62483	-8.51358	31.7654	3	1
-2.73555	-13.42858	35.1082	-2.16939	-10.73178	33.2562	-4.29419	-9.85478	34.1632	3	1
-3.24059	-15.80138	36.2042	-2.73555	-13.42858	35.1082	-4.93805	-13.00158	35.8722	3	1
-3.89723	-19.52938	37.3346	-3.24059	-15.80138	36.2042	-5.15739	-15.83738	35.8312	3	1
-4.39787	-22.01258	36.765	-3.89723	-19.52938	37.3346	-6.56933	-20.37238	38.5106	3	1
-5.28123	-25.26858	35.765	-4.39787	-22.01258	36.765	-6.72237	-22.61258	37.441	3	1
-7.16355	-28.98858	33.4394	-5.28123	-25.26858	35.765	-8.41333	-25.57058	36.481	3	1
-7.71363	-33.26778	29.5394	-7.16355	-28.98858	33.4394	-10.35685	-27.61258	32.6454	3	1
-1.2254	-2.1989	21.64	-1.254326	-3.32358	24.392	-0.601646	-3.37578	23.829	3	1
-1.254326	-3.32358	24.392	-2.32177	-4.67628	27.5184	-1.18067	-5.67978	26.9874	3	1
-2.32177	-4.67628	27.5184	-2.92299	-5.53106	29.9186	-1.29699	-7.15186	28.9946	3	1
-2.92299	-5.53106	29.9186	-3.62483	-8.51358	31.7654	-1.62003	-8.77258	31.5234	3	1
-3.62483	-8.51358	31.7654	-4.29419	-9.85478	34.1632	-2.16939	-10.73178	33.2562	3	1
-4.29419	-9.85478	34.1632	-4.93805	-13.00158	35.8722	-2.73555	-13.42858	35.1082	3	1
-4.93805	-13.00158	35.8722	-5.15739	-15.83738	35.8312	-3.24059	-15.80138	36.2042	3	1
-5.15739	-15.83738	35.8312	-6.56933	-20.37238	38.5106	-3.89723	-19.52938	37.3346	3	1
-6.56933	-20.37238	38.5106	-6.72237	-22.61258	37.441	-4.39787	-22.01258	36.765	3	1
-6.72237	-22.61258	37.441	-8.41333	-25.57058	36.481	-5.28123	-25.26858	35.765	3	1
-8.41333	-25.57058	36.481	-10.35685	-27.61258	32.6454	-7.16355	-28.98858	33.4394	3	1
-0.26663	1.7798	26.306	-0.73299	3.73964	30.3244	1.0692	2.5398	25.863	4	2
-0.73299	3.73964	30.3244	-1.178126	5.36788	33.738	1.41399	2.97554	30.2494	4	2
-1.178126	5.36788	33.738	-1.953966	7.1834	36.5436	1.245674	5.56918	33.567	4	2
-1.953966	7.1834	36.5436	-2.853166	9.62636	39.582	-0.00676600000000011	8.0269	35.7846	4	2
-2.853166	9.62636	39.582	-4.067886	12.78876	42.5716	0.746984	9.01536	40.436	4	2
-4.067886	12.78876	42.5716	-5.188846	15.59596	44.39	-1.707786	13.65576	41.3896	4	2
-5.188846	15.59596	44.39	-6.968366	19.10876	46.0996	-3.736646	16.48096	42.306	4	2
-6.968366	19.10876	46.0996	-8.599726	21.81676	46.6276	-4.899866	18.97776	45.3666	4	2
-8.599726	21.81676	46.6276	-9.815726	24.09196	46.6204	-6.578526	21.78876	47.2516	4	2
-9.815726	24.09196	46.6204	-11.476526	27.97516	46.218	-8.378726	23.92896	46.0454	4	2
-11.476526	27.97516	46.218	-13.800526	33.55276	45.0652	-11.320526	27.98316	46.531	4	2
1.41399	2.97554	30.2494	1.0692	2.5398	25.863	-0.73299	3.73964	30.3244	4	2
1.245674	5.56918	33.567	1.41399	2.97554	30.2494	-1.178126	5.36788	33.738	4	2
-0.00676600000000011	8.0269	35.7846	1.245674	5.56918	33.567	-1.953966	7.1834	36.5436	4	2
0.746984	9.01536	40.436	-0.00676600000000011	8.0269	35.7846	-2.853166	9.62636	39.582	4	2
-1.707786	13.65576	41.3896	0.746984	9.01536	40.436	-4.067886	12.78876	42.5716	4	2
-3.736646	16.48096	42.306	-1.707786	13.65576	41.3896	-5.188846	15.59596	44.39	4	2
-4.899866	18.97776	45.3666	-3.736646	16.48096	42.306	-6.968366	19.10876	46.0996	4	2
-6.578526	21.78876	47.2516	-4.899866	18.97776	45.3666	-8.599726	21.81676	46.6276	4	2
-8.378726	23.92896	46.0454	-6.578526	21.78876	47.2516	-9.815726	24.09196	46.6204	4	2
-11.320526	27.98316	46.531	-8.378726	23.92896	46.0454	-11.476526	27.97516	46.218	4	2
-0.73299	3.73964	30.3244	-0.26663	1.7798	26.306	-1.6408	2.4631	26.33	4	2
-1.178126	5.36788	33.738	-0.73299	3.73964	30.3244	-2.10341	3.84244	30.3324	4	2
-1.953966	7.1834	36.5436	-1.178126	5.36788	33.738	-3.685026	4.37538	34.476	4	2
-2.853166	9.62636	39.582	-1.953966	7.1834	36.5436	-3.917866	7.4094	36.9686	4	2
-4.067886	12.78876	42.5716	-2.853166	9.62636	39.582	-3.855766	10.85536	39.188	4	2
-5.188846	15.59596	44.39	-4.067886	12.78876	42.5716	-5.469586	11.90576	44.1716	4	2
-6.968366	19.10876	46.0996	-5.188846	15.59596	44.39	-5.888846	15.31496	45.613	4	2
-8.599726	21.81676	46.6276	-6.968366	19.10876	46.0996	-9.691566	18.96176	47.4496	4	2
-9.815726	24.09196	46.6204	-8.599726	21.81676	46.6276	-10.760726	21.93076	46.0946	4	2
-11.476526	27.97516	46.218	-9.815726	24.09196	46.6204	-11.908726	24.49796	46.2674	4	2
-13.800526	33.55276	45.0652	-11.476526	27.97516	46.218	-13.455526	28.33816	46.349	4	2
-1.6408	2.4631	26.33	-2.10341	3.84244	30.3324	-0.73299	3.73964	30.3244	4	2
-2.10341	3.84244	30.3324	-3.685026	4.37538	34.476	-1.178126	5.36788	33.738	4	2
-3.685026	4.37538	34.476	-3.917866	7.4094	36.9686	-1.953966	7.1834	36.5436	4	2
-3.917866	7.4094	36.9686	-3.855766	10.85536	39.188	-2.853166	9.62636	39.582	4	2
-3.855766	10.85536	39.188	-5.469586	11.90576	44.1716	-4.067886	12.78876	42.5716	4	2
-5.469586	11.90576	44.1716	-5.888846	15.31496	45.613	-5.188846	15.59596	44.39	4	2
-5.888846	15.31496	45.613	-9.691566	18.96176	47.4496	-6.968366	19.10876	46.0996	4	2
-9.691566	18.96176	47.4496	-10.760726	21.93076	46.0946	-8.599726	21.81676	46.6276	4	2
-10.760726	21.93076	46.0946	-11.908726	24.49796	46.2674	-9.815726	24.09196	46.6204	4	2
-11.908726	24.49796	46.2674	-13.455526	28.33816	46.349	-11.476526	27.97516	46.218	4	2
-0.5701	-2.0891	29.062	-0.96522	-2.9951	31.858	1.0259	-2.19	28.886	5	2
-0.96522	-2.9951	31.858	-1.56874	-4.28846	34.6828	0.33043	-3.2958	31.898	5	2
-1.56874	-4.28846	34.6828	-2.15306	-5.35974	36.906	0.61568	-4.44256	34.4118	5	2
-2.15306	-5.35974	36.906	-3.2801	-7.05662	40.238	0.12699	-6.84294	35.953	5	2
-3.2801	-7.05662	40.238	-4.45002	-9.36662	43.0508	-1.2	-8.22672	39.933	5	2
-4.45002	-9.36662	43.0508	-5.61162	-11.31782	44.7716	-0.72892	-9.83762	43.1328	5	2
-5.61162	-11.31782	44.7716	-7.7737	-14.40662	46.9516	-2.06382	-10.93482	44.7536	5	2
-7.7737	-14.40662	46.9516	-9.47722	-16.64182	47.658	-5.6659	-14.87762	45.0046	5	2
-9.47722	-16.64182	47.658	-11.27322	-18.73782	47.6764	-6.83622	-16.60582	46.305	5	2
-11.27322	-18.73782	47.6764	-13.67802	-21.87542	46.3588	-8.32522	-18.03882	46.9174	5	2
-13.67802	-21.87542	46.3588	-15.78442	-24.96182	44.5924	-11.67802	-22.87242	47.9428	5	2
0.33043	-3.2958	31.898	1.0259	-2.19	28.886	-0.96522	-2.9951	31.858	5	2
0.61568	-4.44256	34.4118	0.33043	-3.2958	31.898	-1.56874	-4.28846	34.6828	5	2
0.12699	-6.84294	35.953	0.61568	-4.44256	34.4118	-2.15306	-5.35974	36.906	5	2
-1.2	-8.22672	39.933	0.12699	-6.84294	35.953	-3.2801	-7.05662	40.238	5	2
-0.72892	-9.83762	43.1328	-1.2	-8.22672	39.933	-4.45002	-9.36662	43.0508	5	2
-2.06382	-10.93482	44.7536	-0.72892	-9.83762	43.1328	-5.61162	-11.31782	44.7716	5	2
-5.6659	-14.87762	45.0046	-2.06382	-10.93482	44.7536	-7.7737	-14.40662	46.9516	5	2
-6.83622	-16.60582	46.305	-5.6659	-14.87762	45.0046	-9.47722	-16.64182	47.658	5	2
-8.32522	-18.03882	46.9174	-6.83622	-16.60582	46.305	-11.27322	-18.73782	47.6764	5	2
-11.67802	-22.87242	47.9428	-8.32522	-18.03882	46.9174	-13.67802	-21.87542	46.3588	5	2
-0.96522	-2.9951	31.858	-0.5701	-2.0891	29.062	-2.4596	-1.367	29.252	5	2
-1.56874	-4.28846	34.6828	-0.96522	-2.9951	31.858	-2.39632	-3.8435	31.827	5	2
-2.15306	-5.35974	36.906	-1.56874	-4.28846	34.6828	-3.63054	-3.66756	35.4138	5	2
-3.2801	-7.05662	40.238	-2.15306	-5.35974	36.906	-4.34886	-4.13394	37.109	5	2
-4.45002	-9.36662	43.0508	-3.2801	-7.05662	40.238	-5.8026	-5.03552	42.029	5	2
-5.61162	-11.31782	44.7716	-4.45002	-9.36662	43.0508	-7.17672	-8.12002	43.7708	5	2
-7.7737	-14.40662	46.9516	-5.61162	-11.31782	44.7716	-7.47302	-9.66982	46.6736	5	2
-9.47722	-16.64182	47.658	-7.7737	-14.40662	46.9516	-11.0611	-14.40462	47.7976	5	2
-11.27322	-18.73782	47.6764	-9.47722	-16.64182	47.658	-12.11422	-16.82082	48.712	5	2
-13.67802	-21.87542	46.3588	-11.27322	-18.73782	47.6764	-13.01422	-18.82882	47.6564	5	2
-15.78442	-24.96182	44.5924	-13.67802	-21.87542	46.3588	-14.02402	-22.26542	46.5628	5	2
-2.4596	-1.367	29.252	-2.39632	-3.8435	31.827	-0.96522	-2.9951	31.858	5	2
-2.39632	-3.8435	31.827	-3.63054	-3.66756	35.4138	-1.56874	-4.28846	34.6828	5	2
-3.63054	-3.66756	35.4138	-4.34886	-4.13394	37.109	-2.15306	-5.35974	36.906	5	2
-4.34886	-4.13394	37.109	-5.8026	-5.03552	42.029	-3.2801	-7.05662	40.238	5	2
-5.8026	-5.03552	42.029	-7.17672	-8.12002	43.7708	-4.45002	-9.36662	43.0508	5	2
-7.17672	-8.12002	43.7708	-7.47302	-9.66982	46.6736	-5.61162	-11.31782	44.7716	5	2
-7.47302	-9.66982	46.6736	-11.0611	-14.40462	47.7976	-7.7737	-14.40662	46.9516	5	2
-11.0611	-14.40462	47.7976	-12.11422	-16.82082	48.712	-9.47722	-16.64182	47.658	5	2
-12.11422	-16.82082	48.712	-13.01422	-18.82882	47.6564	-11.27322	-18.73782	47.6764	5	2
-13.01422	-18.82882	47.6564	-14.02402	-22.26542	46.5628	-13.67802	-21.87542	46.3588	5	2
-1.8852	0.43245	34.725	-1.6692	2.28673	37.4602	2.2505	2.2712	32.857	6	2
-1.6692	2.28673	37.4602	-1.56536	3.71401	39.7754	1.9649	3.52693	36.8882	6	2
-1.56536	3.71401	39.7754	-2.04168	5.24377	42.617	0.23829	3.44591	40.3004	6	2
-2.04168	5.24377	42.617	-2.74792	7.06561	45.8778	1.19372	5.47757	42.596	6	2
-2.74792	7.06561	45.8778	-3.89528	8.74569	48.2402	0.38703	9.02571	45.3108	6	2
-5.49728	11.05289	50.369	-7.34248	12.99049	51.7418	-2.66728	11.15389	49.618	6	2
-7.34248	12.99049	51.7418	-10.60264	16.16809	52.6522	-4.81248	13.28849	50.5038	6	2
-10.60264	16.16809	52.6522	-12.37144	18.08729	52.609	-8.51964	15.89109	52.1562	6	2
-12.37144	18.08729	52.609	-15.62344	21.26409	51.169	-12.12044	17.67629	52.736	6	2
-15.62344	21.26409	51.169	-15.93144	21.53689	51.1074	-14.55344	20.93509	51.703	6	2
1.9649	3.52693	36.8882	2.2505	2.2712	32.857	-1.6692	2.28673	37.4602	6	2
0.23829	3.44591	40.3004	1.9649	3.52693	36.8882	-1.56536	3.71401	39.7754	6	2
1.19372	5.47757	42.596	0.23829	3.44591	40.3004	-2.04168	5.24377	42.617	6	2
0.38703	9.02571	45.3108	1.19372	5.47757	42.596	-2.74792	7.06561	45.8778	6	2
-1.28808	10.36569	46.8432	0.38703	9.02571	45.3108	-3.89528	8.74569	48.2402	6	2
-4.81248	13.28849	50.5038	-2.66728	11.15389	49.618	-7.34248	12.99049	51.7418	6	2
-8.51964	15.89109	52.1562	-4.81248	13.28849	50.5038	-10.60264	16.16809	52.6522	6	2
-12.12044	17.67629	52.736	-8.51964	15.89109	52.1562	-12.37144	18.08729	52.609	6	2
-14.55344	20.93509	51.703	-12.12044	17.67629	52.736	-15.62344	21.26409	51.169	6	2
-1.6692	2.28673	37.4602	-1.8852	0.43245	34.725	-3.0745	-0.98535	36.231	6	2
-1.56536	3.71401	39.7754	-1.6692	2.28673	37.4602	-5.2832	4.56303	35.9542	6	2
-2.04168	5.24377	42.617	-1.56536	3.71401	39.7754	-3.66116	4.59221	39.8874	6	2
-2.74792	7.06561	45.8778	-2.04168	5.24377	42.617	-4.65428	3.92007	43.284	6	2
-3.89528	8.74569	48.2402	-2.74792	7.06561	45.8778	-3.87252	5.17801	47.4358	6	2
-5.49728	11.05289	50.369	-3.89528	8.74569	48.2402	-5.88528	7.02189	50.4192	6	2
-7.34248	12.99049	51.7418	-5.49728	11.05289	50.369	-8.15908	9.86389	51.818	6	2
-10.60264	16.16809	52.6522	-7.34248	12.99049	51.7418	-9.27768	12.06949	52.9558	6	2
-12.37144	18.08729	52.609	-10.60264	16.16809	52.6522	-13.45064	16.36009	52.8452	6	2
-15.62344	21.26409	51.169	-12.37144	18.08729	52.609	-15.02744	18.44229	52.425	6	2
-15.93144	21.53689	51.1074	-15.62344	21.26409	51.169	-16.04744	21.59609	51.32	6	2
-3.0745	-0.98535	36.231	-5.2832	4.56303	35.9542	-1.6692	2.28673	37.4602	6	2
-5.2832	4.56303	35.9542	-3.66116	4.59221	39.8874	-1.56536	3.71401	39.7754	6	2
-3.66116	4.59221	39.8874	-4.65428	3.92007	43.284	-2.04168	5.24377	42.617	6	2
-4.65428	3.92007	43.284	-3.87252	5.17801	47.4358	-2.74792	7.06561	45.8778	6	2
-3.87252	5.17801	47.4358	-5.88528	7.02189	50.4192	-3.89528	8.74569	48.2402	6	2
-5.88528	7.02189	50.4192	-8.15908	9.86389	51.818	-5.49728	11.05289	50.369	6	2
-8.15908	9.86389	51.818	-9.27768	12.06949	52.9558	-7.34248	12.99049	51.7418	6	2
-13.45064	16.36009	52.8452	-15.02744	18.44229	52.425	-12.37144	18.08729	52.609	6	2
-15.02744	18.44229	52.425	-16.04744	21.59609	51.32	-15.62344	21.26409	51.169	6	2
0.57045	-0.097181	35.401	1.55705	2.0757638	39.9706	1.0358	-0.91461	36.817	7	2
1.55705	2.0757638	39.9706	1.85321	3.0857638	42.181	2.01755	1.5562638	40.8646	7	2
1.85321	3.0857638	42.181	2.40177	4.1392038	44.4274	2.03181	2.6396638	42.69	7	2
2.93825	5.3547238	46.5194	3.48721	6.1704038	47.8066	2.93825	5.3547238	46.5944	7	2
2.01755	1.5562638	40.8646	1.0358	-0.91461	36.817	1.55705	2.0757638	39.9706	7	2
2.03181	2.6396638	42.69	2.01755	1.5562638	40.8646	1.85321	3.0857638	42.181	7	2
2.93825	5.3547238	46.5944	2.40177	4.1392038	44.4274	2.93825	5.3547238	46.5194	7	2
1.55705	2.0757638	39.9706	0.57045	-0.097181	35.401	-0.36255	-0.20915	35.54	7	2
1.85321	3.0857638	42.181	1.55705	2.0757638	39.9706	-0.6883	2.1256638	39.9546	7	2
2.40177	4.1392038	44.4274	1.85321	3.0857638	42.181	-0.60888	3.0769638	42.116	7	2
2.93825	5.3547238	46.5194	2.40177	4.1392038	44.4274	0.17152	4.1024038	43.7324	7	2
3.48721	6.1704038	47.8066	2.93825	5.3547238	46.5194	1.36155	5.7929238	45.3344	7	2
-0.36255	-0.20915	35.54	-0.6883	2.1256638	39.9546	1.55705	2.0757638	39.9706	7	2
-0.6883	2.1256638	39.9546	-0.60888	3.0769638	42.116	1.85321	3.0857638	42.181	7	2
-0.60888	3.0769638	42.116	0.17152	4.1024038	43.7324	2.40177	4.1392038	44.4274	7	2
0.17152	4.1024038	43.7324	1.36155	5.7929238	45.3344	2.93825	5.3547238	46.5194	7	2
-0.060583	-0.93521	36.634	0.0340842	-2.830402	38.8148	1.1782	-2.3637	36.12	8	2
0.0340842	-2.830402	38.8148	0.1229234	-4.488322	41.0604	2.4090332	-2.405802	39.1028	8	2
0.1229234	-4.488322	41.0604	0.4382754	-6.564562	43.346	2.0074234	-2.853622	41.8484	8	2
0.4382754	-6.564562	43.346	0.9814034	-8.620642	45.4388	2.3695854	-5.689562	44.044	8	2
0.9814034	-8.620642	45.4388	1.6939634	-11.591842	47.8556	1.5780034	-8.111642	46.1438	8	2
1.6939634	-11.591842	47.8556	2.6896434	-13.824642	49.5228	2.1998634	-11.086842	48.9176	8	2
2.6896434	-13.824642	49.5228	4.0718034	-16.655842	51.1132	2.8623434	-13.894642	50.0508	8	2
2.4090332	-2.405802	39.1028	1.1782	-2.3637	36.12	0.0340842	-2.830402	38.8148	8	2
2.0074234	-2.853622	41.8484	2.4090332	-2.405802	39.1028	0.1229234	-4.488322	41.0604	8	2
2.3695854	-5.689562	44.044	2.0074234	-2.853622	41.8484	0.4382754	-6.564562	43.346	8	2
1.5780034	-8.111642	46.1438	2.3695854	-5.689562	44.044	0.9814034	-8.620642	45.4388	8	2
2.1998634	-11.086842	48.9176	1.5780034	-8.111642	46.1438	1.6939634	-11.591842	47.8556	8	2
2.8623434	-13.894642	50.0508	2.1998634	-11.086842	48.9176	2.6896434	-13.824642	49.5228	8	2
0.0340842	-2.830402	38.8148	-0.060583	-0.93521	36.634	-0.48745	-0.1631	37.359	8	2
0.1229234	-4.488322	41.0604	0.0340842	-2.830402	38.8148	-2.7872668	-2.562802	38.5128	8	2
0.4382754	-6.564562	43.346	0.1229234	-4.488322	41.0604	-2.1942766	-4.729222	41.1254	8	2
0.9814034	-8.620642	45.4388	0.4382754	-6.564562	43.346	-2.7499146	-6.589062	42.752	8	2
1.6939634	-11.591842	47.8556	0.9814034	-8.620642	45.4388	-1.4799966	-9.433642	44.1768	8	2
2.6896434	-13.824642	49.5228	1.6939634	-11.591842	47.8556	0.2300134	-12.170842	47.7776	8	2
4.0718034	-16.655842	51.1132	2.6896434	-13.824642	49.5228	1.4030434	-13.938642	48.9308	8	2
-0.48745	-0.1631	37.359	-2.7872668	-2.562802	38.5128	0.0340842	-2.830402	38.8148	8	2
-2.7872668	-2.562802	38.5128	-2.1942766	-4.729222	41.1254	0.1229234	-4.488322	41.0604	8	2
-2.1942766	-4.729222	41.1254	-2.7499146	-6.589062	42.752	0.4382754	-6.564562	43.346	8	2
-2.7499146	-6.589062	42.752	-1.4799966	-9.433642	44.1768	0.9814034	-8.620642	45.4388	8	2
-1.4799966	-9.433642	44.1768	0.2300134	-12.170842	47.7776	1.6939634	-11.591842	47.8556	8	2
0.2300134	-12.170842	47.7776	1.4030434	-13.938642	48.9308	2.6896434	-13.824642	49.5228	8	2
