-0.3475	-0.70784	0.031499	-0.41155	-0.34074	1.0263	-0.22515	-0.60134	1.8261	0	0
-0.41155	-0.34074	0	-0.087748	-0.21784	1.0423	-0.37868	0.45443	1.0936	0	0
-0.41155	-0.34074	0	-0.087748	-0.21784	1.0423	-0.1292	-0.21974	1.7978	0	0
-0.41155	-0.34074	0	-0.37868	0.45443	1.0936	-0.36431	0.45368	1.7658	0	0
-0.41155	-0.34074	0	-0.22515	-0.60134	1.8261	-0.1292	-0.21974	1.7978	0	0
-0.087748	-0.21784	0.015999	-0.37868	0.45443	1.0936	0.077885	0.65153	1.042	0	0
-0.087748	-0.21784	0.015999	0.077885	0.65153	1.042	0.58995	0.54246	1.7331	0	0
-0.087748	-0.21784	0.015999	-0.1292	-0.21974	1.7978	0.58995	0.54246	1.7331	0	0
-0.37868	0.45443	0.0673	0.077885	0.65153	1.042	0.090202	1.1281	1.0615	0	0
-0.37868	0.45443	0.0673	-0.36431	0.45368	1.7658	-0.23335	1.161	2.1406	0	0
-0.37868	0.45443	0.0673	0.090202	1.1281	1.0615	-0.23335	1.161	2.1406	0	0
-0.22515	-0.60134	0.79975	-0.1292	-0.21974	1.7978	0.21832	-0.029304	2.3827	0	0
-0.22515	-0.60134	0.79975	-0.15305	-0.60444	2.5182	0.21832	-0.029304	2.3827	0	0
0.077885	0.65153	0.015633	0.090202	1.1281	1.0615	0.65045	1.0875	1.0299	0	0
0.077885	0.65153	0.015633	0.65045	1.0875	1.0299	0.58995	0.54246	1.7331	0	0
-0.1292	-0.21974	0.77145	-0.36431	0.45368	1.7658	-0.53225	-0.15794	2.129	0	0
-0.1292	-0.21974	0.77145	-0.36431	0.45368	1.7658	0.17911	0.61674	1.8577	0	0
-0.1292	-0.21974	0.77145	-0.53225	-0.15794	2.129	-0.15305	-0.60444	2.5182	0	0
-0.1292	-0.21974	0.77145	0.58995	0.54246	1.7331	0.21832	-0.029304	2.3827	0	0
-0.36431	0.45368	0.7395	-0.53225	-0.15794	2.129	-0.33152	0.41281	2.5918	0	0
-0.36431	0.45368	0.7395	-0.33152	0.41281	2.5918	-0.23335	1.161	2.1406	0	0
0.090202	1.1281	0.03515	0.65045	1.0875	1.0299	0.2262	1.2084	1.817	0	0
0.090202	1.1281	0.03515	0.2262	1.2084	1.817	-0.23335	1.161	2.1406	0	0
-0.53225	-0.15794	1.1027	-0.33152	0.41281	2.5918	-0.13415	-0.24834	3.0499	0	0
0.65045	1.0875	0.003549	0.58995	0.54246	1.7331	0.65255	1.1118	1.7913	0	0
0.65045	1.0875	0.003549	0.2262	1.2084	1.817	0.65255	1.1118	1.7913	0	0
0.58995	0.54246	0.7068	0.17911	0.61674	1.8577	0.21832	-0.029304	2.3827	0	0
0.58995	0.54246	0.7068	0.17911	0.61674	1.8577	0.65255	1.1118	1.7913	0	0
0.17911	0.61674	0.83138	0.21832	-0.029304	2.3827	0.1928	0.65786	2.5434	0	0
0.17911	0.61674	0.83138	0.2262	1.2084	1.817	0.65255	1.1118	1.7913	0	0
0.17911	0.61674	0.83138	0.2262	1.2084	1.817	-0.23335	1.161	2.1406	0	0
0.17911	0.61674	0.83138	0.1928	0.65786	2.5434	-0.23335	1.161	2.1406	0	0
-0.15305	-0.60444	1.4919	0.21832	-0.029304	2.3827	-0.13415	-0.24834	3.0499	0	0
-0.15305	-0.60444	1.4919	-0.13415	-0.24834	3.0499	-0.20925	-0.38654	3.2845	0	0
0.21832	-0.029304	1.3563	0.1928	0.65786	2.5434	0.019302	0.37346	3.2258	0	0
0.21832	-0.029304	1.3563	-0.13415	-0.24834	3.0499	0.019302	0.37346	3.2258	0	0
-0.33152	0.41281	1.5654	0.019302	0.37346	3.2258	-0.19325	0.5944	3.2322	0	0
-0.33152	0.41281	1.5654	-0.19325	0.5944	3.2322	-0.24735	1.2865	3.1824	0	0
-0.33152	0.41281	1.5654	-0.23335	1.161	2.1406	-0.24735	1.2865	3.1824	0	0
0.1928	0.65786	1.5171	0.19635	1.1336	2.5602	0.59565	1.1524	2.462	0	0
0.1928	0.65786	1.5171	0.19635	1.1336	2.5602	-0.23335	1.161	2.1406	0	0
0.1928	0.65786	1.5171	0.59565	1.1524	2.462	0.58445	0.89706	3.0215	0	0
0.1928	0.65786	1.5171	0.019302	0.37346	3.2258	0.58445	0.89706	3.0215	0	0
-0.13415	-0.24834	2.0236	-0.20925	-0.38654	3.2845	0.019302	0.37346	3.2258	0	0
0.19635	1.1336	1.5339	0.58445	0.89706	3.0215	0.088202	1.1438	3.2618	0	0
0.19635	1.1336	1.5339	0.088202	1.1438	3.2618	-0.24735	1.2865	3.1824	0	0
0.19635	1.1336	1.5339	-0.23335	1.161	2.1406	-0.24735	1.2865	3.1824	0	0
-0.20925	-0.38654	2.2582	0.019302	0.37346	3.2258	-0.16545	-0.28084	4.0561	0	0
-0.20925	-0.38654	2.2582	-0.35048	-0.63784	3.8856	-0.16545	-0.28084	4.0561	0	0
0.019302	0.37346	2.1995	-0.19325	0.5944	3.2322	0.19198	0.45409	3.8968	0	0
0.019302	0.37346	2.1995	0.58445	0.89706	3.0215	0.5727	0.89226	3.8548	0	0
0.019302	0.37346	2.1995	-0.16545	-0.28084	4.0561	0.19198	0.45409	3.8968	0	0
-0.19325	0.5944	2.2059	0.19198	0.45409	3.8968	-0.17965	0.74516	4.0608	0	0
-0.19325	0.5944	2.2059	-0.24735	1.2865	3.1824	-0.17965	0.74516	4.0608	0	0
0.58445	0.89706	1.9952	0.088202	1.1438	3.2618	0.5727	0.89226	3.8548	0	0
0.088202	1.1438	2.2354	-0.24735	1.2865	3.1824	0.11245	1.1443	4.0705	0	0
0.088202	1.1438	2.2354	0.5727	0.89226	3.8548	0.11245	1.1443	4.0705	0	0
-0.35048	-0.63784	2.8592	-0.16545	-0.28084	4.0561	-0.2666	-0.57164	4.7374	0	0
-0.16545	-0.28084	3.0298	0.19198	0.45409	3.8968	0.12835	-0.030738	4.352	0	0
-0.16545	-0.28084	3.0298	0.12835	-0.030738	4.352	-0.15805	-0.24374	4.5619	0	0
-0.16545	-0.28084	3.0298	-0.15805	-0.24374	4.5619	-0.2666	-0.57164	4.7374	0	0
0.19198	0.45409	2.8704	0.5727	0.89226	3.8548	0.2311	0.63296	4.6118	0	0
0.19198	0.45409	2.8704	-0.17965	0.74516	4.0608	-0.1763	0.49556	4.57	0	0
0.19198	0.45409	2.8704	0.12835	-0.030738	4.352	0.2311	0.63296	4.6118	0	0
-0.24735	1.2865	2.1561	-0.17965	0.74516	4.0608	-0.41335	1.134	4.6148	0	0
-0.24735	1.2865	2.1561	0.11245	1.1443	4.0705	-0.41335	1.134	4.6148	0	0
0.5727	0.89226	2.8285	0.11245	1.1443	4.0705	0.23795	1.2918	4.5479	0	0
0.5727	0.89226	2.8285	0.2311	0.63296	4.6118	0.60185	0.89616	4.6843	0	0
0.5727	0.89226	2.8285	0.23795	1.2918	4.5479	0.60185	0.89616	4.6843	0	0
-0.17965	0.74516	3.0345	-0.1763	0.49556	4.57	-0.41335	1.134	4.6148	0	0
0.12835	-0.030738	3.3257	-0.1763	0.49556	4.57	-0.15805	-0.24374	4.5619	0	0
0.12835	-0.030738	3.3257	0.2311	0.63296	4.6118	-0.13315	-0.26594	5.0635	0	0
0.11245	1.1443	3.0442	-0.41335	1.134	4.6148	0.23795	1.2918	4.5479	0	0
-0.1763	0.49556	3.5437	-0.15805	-0.24374	4.5619	-0.13315	-0.26594	5.0635	0	0
-0.1763	0.49556	3.5437	-0.13315	-0.26594	5.0635	-0.39075	0.5507	5.3515	0	0
-0.1763	0.49556	3.5437	-0.41335	1.134	4.6148	-0.39075	0.5507	5.3515	0	0
-0.15805	-0.24374	3.5356	-0.2666	-0.57164	4.7374	-0.13315	-0.26594	5.0635	0	0
-0.2666	-0.57164	3.7111	-0.13315	-0.26594	5.0635	-0.40125	-0.59064	5.3859	0	0
0.2311	0.63296	3.5854	-0.13315	-0.26594	5.0635	0.035852	0.38686	5.6041	0	0
0.2311	0.63296	3.5854	0.035852	0.38686	5.6041	0.60185	0.89616	4.6843	0	0
-0.13315	-0.26594	4.0372	-0.36955	-0.2854	5.3799	-0.40125	-0.59064	5.3859	0	0
-0.13315	-0.26594	4.0372	-0.36955	-0.2854	5.3799	0.035852	0.38686	5.6041	0	0
-0.41335	1.134	3.5884	0.23795	1.2918	4.5479	-0.40672	1.1238	5.295	0	0
-0.41335	1.134	3.5884	-0.39075	0.5507	5.3515	-0.40672	1.1238	5.295	0	0
0.23795	1.2918	3.5216	0.2735	1.0969	5.3112	0.60185	0.89616	4.6843	0	0
0.23795	1.2918	3.5216	0.2735	1.0969	5.3112	-0.40672	1.1238	5.295	0	0
-0.36955	-0.2854	4.3535	-0.40125	-0.59064	5.3859	-0.32761	-0.32944	6.058	0	0
-0.36955	-0.2854	4.3535	0.035852	0.38686	5.6041	-0.32761	-0.32944	6.058	0	0
-0.40125	-0.59064	4.3596	-0.32761	-0.32944	6.058	-0.45215	-0.71554	6.0998	0	0
-0.39075	0.5507	4.3252	0.035852	0.38686	5.6041	0.2735	1.0969	5.3112	0	0
-0.39075	0.5507	4.3252	0.2735	1.0969	5.3112	-0.40672	1.1238	5.295	0	0
0.035852	0.38686	4.5778	0.2735	1.0969	5.3112	0.32645	1.112	6.0266	0	0
0.035852	0.38686	4.5778	-0.32761	-0.32944	6.058	-0.1037	0.50781	6.0765	0	0
0.035852	0.38686	4.5778	0.32645	1.112	6.0266	-0.1037	0.50781	6.0765	0	0
0.2735	1.0969	4.2849	0.60185	0.89616	4.6843	0.32645	1.112	6.0266	0	0
-0.32761	-0.32944	5.0317	-0.45215	-0.71554	6.0998	-0.3167	-0.29826	6.6523	0	0
-0.32761	-0.32944	5.0317	-0.1037	0.50781	6.0765	-0.3167	-0.29826	6.6523	0	0
0.32645	1.112	5.0003	-0.1037	0.50781	6.0765	0.30095	1.1021	6.8031	0	0
-0.45215	-0.71554	5.0735	-0.3167	-0.29826	6.6523	-0.59195	-0.91369	6.7385	0	0
-0.1037	0.50781	5.0502	-0.3167	-0.29826	6.6523	-0.13598	0.39563	6.7364	0	0
-0.1037	0.50781	5.0502	-0.13598	0.39563	6.7364	0.30095	1.1021	6.8031	0	0
-0.3167	-0.29826	5.6259	-0.13598	0.39563	6.7364	-0.42788	-0.25034	7.4039	0	0
-0.3167	-0.29826	5.6259	-0.59195	-0.91369	6.7385	-0.42788	-0.25034	7.4039	0	0
-0.13598	0.39563	5.7101	0.30095	1.1021	6.8031	-0.11615	0.77816	7.5529	0	0
-0.13598	0.39563	5.7101	-0.42788	-0.25034	7.4039	-0.11615	0.77816	7.5529	0	0
-0.59195	-0.91369	5.7121	-0.42788	-0.25034	7.4039	-0.56585	-0.73734	7.548	0	0
-0.59195	-0.91369	5.7121	-0.94701	-1.0701	7.415	-0.56585	-0.73734	7.548	0	0
0.30095	1.1021	5.7767	-0.11615	0.77816	7.5529	0.2734	1.0952	7.5373	0	0
-0.42788	-0.25034	6.3776	-0.56585	-0.73734	7.548	-0.4124	-0.22374	8.0443	0	0
-0.42788	-0.25034	6.3776	-0.54988	0.3956	7.5862	-0.11615	0.77816	7.5529	0	0
-0.42788	-0.25034	6.3776	-0.54988	0.3956	7.5862	-0.4124	-0.22374	8.0443	0	0
-0.94701	-1.0701	6.3887	-0.56585	-0.73734	7.548	-0.62795	-0.78214	8.0021	0	0
-0.94701	-1.0701	6.3887	-0.62795	-0.78214	8.0021	-1.0538	-0.90764	8.1021	0	0
-0.56585	-0.73734	6.5217	-0.4124	-0.22374	8.0443	-0.62795	-0.78214	8.0021	0	0
-0.54988	0.3956	6.5599	-0.11615	0.77816	7.5529	-0.51378	1.1669	7.4114	0	0
-0.54988	0.3956	6.5599	-0.51378	1.1669	7.4114	-0.4791	1.2056	8.0208	0	0
-0.54988	0.3956	6.5599	-0.4124	-0.22374	8.0443	-0.4438	0.46864	8.0486	0	0
-0.54988	0.3956	6.5599	-0.4438	0.46864	8.0486	-0.4791	1.2056	8.0208	0	0
-0.11615	0.77816	6.5266	-0.51378	1.1669	7.4114	0.2734	1.0952	7.5373	0	0
-0.51378	1.1669	6.385	0.2734	1.0952	7.5373	0.026352	1.5502	7.4657	0	0
-0.51378	1.1669	6.385	0.026352	1.5502	7.4657	-0.28695	1.5502	7.7489	0	0
-0.51378	1.1669	6.385	-0.28695	1.5502	7.7489	-0.4791	1.2056	8.0208	0	0
0.2734	1.0952	6.511	-0.4124	-0.22374	8.0443	0.2581	1.0921	8.0847	0	0
0.2734	1.0952	6.511	0.026352	1.5502	7.4657	0.2581	1.0921	8.0847	0	0
-0.4124	-0.22374	7.0179	-0.62795	-0.78214	8.0021	-0.89135	-0.40644	8.3197	0	0
-0.4124	-0.22374	7.0179	-0.4438	0.46864	8.0486	-0.89135	-0.40644	8.3197	0	0
-0.4124	-0.22374	7.0179	0.2581	1.0921	8.0847	0.18565	0.81736	8.7878	0	0
-0.4124	-0.22374	7.0179	0.18565	0.81736	8.7878	-0.4245	-0.22426	8.8192	0	0
-0.62795	-0.78214	6.9758	-1.0538	-0.90764	8.1021	-0.89135	-0.40644	8.3197	0	0
-0.4438	0.46864	7.0223	-0.4791	1.2056	8.0208	-0.46324	0.48506	8.815	0	0
-0.4438	0.46864	7.0223	-0.89135	-0.40644	8.3197	-0.46324	0.48506	8.815	0	0
-1.0538	-0.90764	7.0758	-0.89135	-0.40644	8.3197	-0.54655	-0.74849	8.802	0	0
-1.0538	-0.90764	7.0758	-0.54655	-0.74849	8.802	-0.85995	-1.0273	9.7054	0	0
0.026352	1.5502	6.4394	-0.28695	1.5502	7.7489	-0.034448	1.5586	8.1141	0	0
0.026352	1.5502	6.4394	0.2581	1.0921	8.0847	-0.034448	1.5586	8.1141	0	0
-0.28695	1.5502	6.7226	-0.31265	1.5695	7.8874	-0.4791	1.2056	8.0208	0	0
-0.28695	1.5502	6.7226	-0.31265	1.5695	7.8874	-0.034448	1.5586	8.1141	0	0
0.2581	1.0921	7.0584	-0.034448	1.5586	8.1141	0.038052	1.586	8.4944	0	0
0.2581	1.0921	7.0584	0.038052	1.586	8.4944	0.15865	1.3202	8.8175	0	0
0.2581	1.0921	7.0584	0.18565	0.81736	8.7878	0.15865	1.3202	8.8175	0	0
-0.31265	1.5695	6.8611	-0.4791	1.2056	8.0208	-0.16725	1.5609	8.5345	0	0
-0.31265	1.5695	6.8611	-0.034448	1.5586	8.1141	-0.16725	1.5609	8.5345	0	0
-0.4791	1.2056	6.9945	-0.16725	1.5609	8.5345	-0.43757	1.192	8.8144	0	0
-0.4791	1.2056	6.9945	-0.46324	0.48506	8.815	-0.43757	1.192	8.8144	0	0
-0.89135	-0.40644	7.2934	-0.54655	-0.74849	8.802	-0.4245	-0.22426	8.8192	0	0
-0.89135	-0.40644	7.2934	-0.4245	-0.22426	8.8192	-0.46324	0.48506	8.815	0	0
-0.034448	1.5586	7.0878	0.038052	1.586	8.4944	-0.16725	1.5609	8.5345	0	0
0.038052	1.586	7.4681	-0.16725	1.5609	8.5345	-0.2822	1.5457	9.3801	0	0
0.038052	1.586	7.4681	0.15865	1.3202	8.8175	-0.2822	1.5457	9.3801	0	0
-0.16725	1.5609	7.5082	-0.43757	1.192	8.8144	-0.2822	1.5457	9.3801	0	0
0.18565	0.81736	7.7615	-0.4245	-0.22426	8.8192	0.099852	0.53146	9.6678	0	0
0.18565	0.81736	7.7615	0.15865	1.3202	8.8175	0.1686	1.0787	9.5365	0	0
0.18565	0.81736	7.7615	0.1686	1.0787	9.5365	0.099852	0.53146	9.6678	0	0
-0.54655	-0.74849	7.7756	-0.4245	-0.22426	8.8192	-0.54215	-0.73694	9.5497	0	0
-0.54655	-0.74849	7.7756	-0.54215	-0.73694	9.5497	-0.85995	-1.0273	9.7054	0	0
-0.4245	-0.22426	7.7929	-0.54215	-0.73694	9.5497	-0.40325	-0.23239	9.5557	0	0
-0.4245	-0.22426	7.7929	-0.40325	-0.23239	9.5557	0.099852	0.53146	9.6678	0	0
-0.46324	0.48506	7.7886	-0.43757	1.192	8.8144	-0.50717	0.49754	9.5691	0	0
-0.46324	0.48506	7.7886	-0.40325	-0.23239	9.5557	-0.50717	0.49754	9.5691	0	0
-0.43757	1.192	7.7881	-0.2822	1.5457	9.3801	-0.4315	1.1788	9.5592	0	0
-0.43757	1.192	7.7881	-0.50717	0.49754	9.5691	-0.4315	1.1788	9.5592	0	0
0.15865	1.3202	7.7912	-0.2822	1.5457	9.3801	0.1686	1.0787	9.5365	0	0
-0.54215	-0.73694	8.5234	-0.40325	-0.23239	9.5557	-0.39457	-0.35364	10.274	0	0
-0.54215	-0.73694	8.5234	-0.85995	-1.0273	9.7054	-0.65628	-0.8273	10.225	0	0
-0.54215	-0.73694	8.5234	-0.65628	-0.8273	10.225	-0.39457	-0.35364	10.274	0	0
-0.40325	-0.23239	8.5294	-0.50717	0.49754	9.5691	-0.50472	0.53016	10.263	0	0
-0.40325	-0.23239	8.5294	-0.39457	-0.35364	10.274	-0.50472	0.53016	10.263	0	0
-0.2822	1.5457	8.3537	0.1686	1.0787	9.5365	-0.016698	1.5936	10.331	0	0
-0.2822	1.5457	8.3537	-0.4315	1.1788	9.5592	-0.25145	1.5798	10.313	0	0
-0.2822	1.5457	8.3537	-0.25145	1.5798	10.313	-0.016698	1.5936	10.331	0	0
0.1686	1.0787	8.5102	0.099852	0.53146	9.6678	0.23665	0.83626	10.139	0	0
0.1686	1.0787	8.5102	0.23665	0.83626	10.139	0.10795	1.333	10.31	0	0
0.1686	1.0787	8.5102	-0.016698	1.5936	10.331	0.10795	1.333	10.31	0	0
-0.50717	0.49754	8.5427	-0.4315	1.1788	9.5592	-0.50472	0.53016	10.263	0	0
0.099852	0.53146	8.6415	-0.39457	-0.35364	10.274	0.23665	0.83626	10.139	0	0
-0.65628	-0.8273	9.1986	-0.39457	-0.35364	10.274	-0.42485	-0.68119	11.11	0	0
-0.39457	-0.35364	9.2478	0.23665	0.83626	10.139	0.17135	0.54336	11.136	0	0
-0.39457	-0.35364	9.2478	-0.50472	0.53016	10.263	-0.35848	-0.20897	10.899	0	0
-0.39457	-0.35364	9.2478	-0.35848	-0.20897	10.899	-0.42485	-0.68119	11.11	0	0
-0.4315	1.1788	8.5329	-0.50472	0.53016	10.263	-0.4806	1.1799	10.32	0	0
-0.4315	1.1788	8.5329	-0.4806	1.1799	10.32	-0.25145	1.5798	10.313	0	0
0.23665	0.83626	9.1124	0.10795	1.333	10.31	0.21739	1.0475	10.913	0	0
0.23665	0.83626	9.1124	0.21739	1.0475	10.913	0.17135	0.54336	11.136	0	0
-0.50472	0.53016	9.2364	-0.4806	1.1799	10.32	-0.40839	0.43862	10.972	0	0
-0.50472	0.53016	9.2364	-0.35848	-0.20897	10.899	-0.40839	0.43862	10.972	0	0
-0.4806	1.1799	9.2938	-0.25145	1.5798	10.313	-0.36515	1.6128	11.053	0	0
-0.4806	1.1799	9.2938	-0.36515	1.6128	11.053	-0.52258	1.2767	11.081	0	0
-0.4806	1.1799	9.2938	-0.52258	1.2767	11.081	-0.40839	0.43862	10.972	0	0
-0.35848	-0.20897	9.8729	-0.40839	0.43862	10.972	-0.3805	-0.25454	11.548	0	0
-0.35848	-0.20897	9.8729	-0.42485	-0.68119	11.11	-0.3805	-0.25454	11.548	0	0
-0.25145	1.5798	9.2866	-0.016698	1.5936	10.331	-0.36515	1.6128	11.053	0	0
-0.016698	1.5936	9.3044	0.10795	1.333	10.31	-0.012848	1.6031	11.064	0	0
-0.016698	1.5936	9.3044	-0.012848	1.6031	11.064	-0.36515	1.6128	11.053	0	0
0.10795	1.333	9.284	0.21739	1.0475	10.913	-0.012848	1.6031	11.064	0	0
0.21739	1.0475	9.8871	-0.012848	1.6031	11.064	0.2639	1.1164	11.541	0	0
0.21739	1.0475	9.8871	0.17135	0.54336	11.136	0.2639	1.1164	11.541	0	0
-0.36515	1.6128	10.026	-0.52258	1.2767	11.081	-0.51385	1.2237	11.577	0	0
-0.52258	1.2767	10.054	-0.40839	0.43862	10.972	-0.47425	0.49099	11.542	0	0
-0.52258	1.2767	10.054	-0.47425	0.49099	11.542	-0.51385	1.2237	11.577	0	0
-0.40839	0.43862	9.946	-0.3805	-0.25454	11.548	-0.47425	0.49099	11.542	0	0
0.17135	0.54336	10.11	0.14235	0.54886	11.383	0.2639	1.1164	11.541	0	0
-0.42485	-0.68119	10.083	-0.3805	-0.25454	11.548	-0.73568	-0.83094	11.678	0	0
-0.3805	-0.25454	10.522	-0.73568	-0.83094	11.678	-0.96105	-0.55514	11.959	0	0
-0.3805	-0.25454	10.522	-0.47425	0.49099	11.542	-0.45897	0.4671	12.308	0	0
-0.3805	-0.25454	10.522	-0.96105	-0.55514	11.959	-0.37735	-0.30974	12.377	0	0
-0.3805	-0.25454	10.522	-0.37735	-0.30974	12.377	-0.45897	0.4671	12.308	0	0
-0.73568	-0.83094	10.652	-0.96105	-0.55514	11.959	-0.86515	-0.80664	12.027	0	0
-0.47425	0.49099	10.516	-0.51385	1.2237	11.577	-0.46937	1.2148	12.265	0	0
-0.47425	0.49099	10.516	-0.45897	0.4671	12.308	-0.46937	1.2148	12.265	0	0
-0.96105	-0.55514	10.932	-0.86515	-0.80664	12.027	-0.37735	-0.30974	12.377	0	0
-0.86515	-0.80664	11.001	-0.68505	-0.91876	12.451	-0.37735	-0.30974	12.377	0	0
-0.68505	-0.91876	11.424	-0.37735	-0.30974	12.377	-0.6718	-0.79579	12.916	0	0
-0.37735	-0.30974	11.351	-0.45897	0.4671	12.308	-0.45517	0.47934	13.071	0	0
-0.37735	-0.30974	11.351	-0.6718	-0.79579	12.916	-0.38811	-0.35657	12.961	0	0
-0.37735	-0.30974	11.351	-0.38811	-0.35657	12.961	-0.45517	0.47934	13.071	0	0
-0.45897	0.4671	11.282	-0.46937	1.2148	12.265	-0.3675	1.1734	13.003	0	0
-0.45897	0.4671	11.282	-0.45517	0.47934	13.071	-0.3675	1.1734	13.003	0	0
-0.6718	-0.79579	11.89	-0.38811	-0.35657	12.961	-0.42152	-0.31249	13.655	0	0
-0.6718	-0.79579	11.89	-0.42152	-0.31249	13.655	-0.48425	-0.71459	13.816	0	0
-0.38811	-0.35657	11.934	-0.45517	0.47934	13.071	-0.42152	-0.31249	13.655	0	0
-0.46937	1.2148	11.239	0.3201	1.1734	12.319	0.44915	1.7967	12.608	0	0
-0.46937	1.2148	11.239	-0.3675	1.1734	13.003	0.27305	1.7982	12.942	0	0
-0.46937	1.2148	11.239	0.44915	1.7967	12.608	0.27305	1.7982	12.942	0	0
-0.45517	0.47934	12.045	-0.3675	1.1734	13.003	-0.41085	1.0843	13.778	0	0
-0.45517	0.47934	12.045	-0.42152	-0.31249	13.655	-0.4279	0.48226	13.809	0	0
-0.45517	0.47934	12.045	-0.4279	0.48226	13.809	-0.41085	1.0843	13.778	0	0
-0.3675	1.1734	11.976	0.27305	1.7982	12.942	0.2212	1.1343	13.055	0	0
-0.42152	-0.31249	12.628	-0.48425	-0.71459	13.816	-0.34132	-0.30249	14.365	0	0
-0.42152	-0.31249	12.628	-0.4279	0.48226	13.809	-0.34132	-0.30249	14.365	0	0
-0.48425	-0.71459	12.79	-0.34132	-0.30249	14.365	-0.3805	-0.66844	14.533	0	0
-0.4279	0.48226	12.782	-0.34132	-0.30249	14.365	-0.45917	0.47431	14.571	0	0
-0.4279	0.48226	12.782	-0.41085	1.0843	13.778	-0.43095	1.0746	14.544	0	0
-0.4279	0.48226	12.782	-0.45917	0.47431	14.571	-0.43095	1.0746	14.544	0	0
-0.34132	-0.30249	13.339	-0.3805	-0.66844	14.533	-0.88565	-0.52164	15.158	0	0
-0.34132	-0.30249	13.339	-0.45917	0.47431	14.571	-0.88565	-0.52164	15.158	0	0
-0.3805	-0.66844	13.506	-0.45015	-0.71134	15.077	-0.88565	-0.52164	15.158	0	0
-0.45917	0.47431	13.544	-0.88565	-0.52164	15.158	-0.42075	0.48256	15.058	0	0
-0.45917	0.47431	13.544	-0.43095	1.0746	14.544	-0.42075	0.48256	15.058	0	0
-0.45015	-0.71134	14.05	-0.88565	-0.52164	15.158	-0.96415	-0.59844	15.237	0	0
-0.45015	-0.71134	14.05	-0.96415	-0.59844	15.237	-0.41911	-0.86022	15.823	0	0
-0.88565	-0.52164	14.132	-0.96415	-0.59844	15.237	-0.9813	-0.23194	15.939	0	0
-0.88565	-0.52164	14.132	-0.42075	0.48256	15.058	-0.9813	-0.23194	15.939	0	0
-0.36742	-0.36009	14.155	-0.42075	0.48256	15.058	0.16885	0.67156	15.048	0	0
-0.96415	-0.59844	14.211	-0.41911	-0.86022	15.823	-0.88385	-0.74594	16.35	0	0
-0.96415	-0.59844	14.211	-0.88385	-0.74594	16.35	-0.9813	-0.23194	15.939	0	0
-0.43095	1.0746	13.518	-0.42075	0.48256	15.058	-0.24235	1.0866	15.056	0	0
-0.42075	0.48256	14.032	0.16885	0.67156	15.048	-0.24235	1.0866	15.056	0	0
-0.42075	0.48256	14.032	-0.2845	1.1115	15.833	-0.41087	0.47619	15.805	0	0
-0.42075	0.48256	14.032	-0.41087	0.47619	15.805	-0.9813	-0.23194	15.939	0	0
0.16885	0.67156	14.021	-0.24235	1.0866	15.056	0.038752	1.0985	14.99	0	0
-0.2845	1.1115	14.806	0.086652	1.0978	15.893	-0.40285	1.0613	16.442	0	0
-0.2845	1.1115	14.806	-0.41087	0.47619	15.805	-0.40285	1.0613	16.442	0	0
0.15923	0.66041	14.794	0.086652	1.0978	15.893	0.19095	0.60506	16.561	0	0
0.086652	1.0978	14.867	-0.40285	1.0613	16.442	0.098052	1.2044	16.563	0	0
0.086652	1.0978	14.867	0.098052	1.2044	16.563	0.19095	0.60506	16.561	0	0
-0.41087	0.47619	14.779	-0.33885	0.3976	16.548	-0.40285	1.0613	16.442	0	0
-0.41087	0.47619	14.779	-0.33885	0.3976	16.548	-0.9813	-0.23194	15.939	0	0
-0.41911	-0.86022	14.797	-0.88385	-0.74594	16.35	-0.40575	-0.89959	16.375	0	0
0.0025521	-0.12704	15.073	-0.3584	-0.28179	16.533	-0.13335	-0.68374	16.621	0	0
0.0025521	-0.12704	15.073	-0.3584	-0.28179	16.533	-0.33885	0.3976	16.548	0	0
0.0025521	-0.12704	15.073	-0.13335	-0.68374	16.621	0.14772	-0.31664	17.336	0	0
0.0025521	-0.12704	15.073	-0.33885	0.3976	16.548	0.19095	0.60506	16.561	0	0
0.0025521	-0.12704	15.073	0.19095	0.60506	16.561	0.14772	-0.31664	17.336	0	0
-0.88385	-0.74594	15.324	-0.40575	-0.89959	16.375	-0.62545	-0.83467	17.168	0	0
-0.88385	-0.74594	15.324	-0.3584	-0.28179	16.533	-0.97425	-0.35344	16.392	0	0
-0.88385	-0.74594	15.324	-0.62545	-0.83467	17.168	-0.8889	-0.31899	17.315	0	0
-0.88385	-0.74594	15.324	-0.9813	-0.23194	15.939	-0.97425	-0.35344	16.392	0	0
-0.40575	-0.89959	15.348	-0.13335	-0.68374	16.621	-0.62545	-0.83467	17.168	0	0
-0.3584	-0.28179	15.506	-0.13335	-0.68374	16.621	-0.62545	-0.83467	17.168	0	0
-0.3584	-0.28179	15.506	-0.33885	0.3976	16.548	-0.97425	-0.35344	16.392	0	0
-0.3584	-0.28179	15.506	-0.62545	-0.83467	17.168	-0.42971	-0.24287	17.25	0	0
-0.13335	-0.68374	15.594	0.14772	-0.31664	17.336	0.13693	-0.69866	17.265	0	0
-0.33885	0.3976	15.521	-0.40285	1.0613	16.442	-0.38725	0.43935	17.265	0	0
-0.33885	0.3976	15.521	-0.42971	-0.24287	17.25	-0.38725	0.43935	17.265	0	0
-0.33885	0.3976	15.521	-0.9813	-0.23194	15.939	-0.97425	-0.35344	16.392	0	0
-0.40285	1.0613	15.416	0.098052	1.2044	16.563	-0.15665	1.2386	17.304	0	0
-0.40285	1.0613	15.416	-0.38725	0.43935	17.265	-0.15665	1.2386	17.304	0	0
0.098052	1.2044	15.537	0.19095	0.60506	16.561	0.2491	0.60551	17.313	0	0
0.098052	1.2044	15.537	0.2491	0.60551	17.313	0.062652	1.2484	17.309	0	0
0.098052	1.2044	15.537	-0.15665	1.2386	17.304	0.062652	1.2484	17.309	0	0
-0.62545	-0.83467	16.142	-0.8889	-0.31899	17.315	-0.29075	-0.65094	18.07	0	0
-0.62545	-0.83467	16.142	-0.29075	-0.65094	18.07	0.13693	-0.69866	17.265	0	0
-0.42971	-0.24287	16.224	-0.38725	0.43935	17.265	-0.62165	0.4732	17.91	0	0
-0.42971	-0.24287	16.224	-0.55715	-0.25834	18.062	-0.62165	0.4732	17.91	0	0
-0.42971	-0.24287	16.224	-0.55715	-0.25834	18.062	-0.29075	-0.65094	18.07	0	0
-0.38725	0.43935	16.239	0.2491	0.60551	17.313	-0.15665	1.2386	17.304	0	0
-0.38725	0.43935	16.239	-0.62165	0.4732	17.91	-0.38205	1.0578	18.07	0	0
0.19095	0.60506	15.535	0.2491	0.60551	17.313	0.14772	-0.31664	17.336	0	0
-0.8889	-0.31899	16.288	-0.9936	0.070962	17.954	-0.34635	-0.56554	18.285	0	0
-0.8889	-0.31899	16.288	-0.29075	-0.65094	18.07	-0.34635	-0.56554	18.285	0	0
0.2491	0.60551	16.286	0.062652	1.2484	17.309	0.10355	1.2579	18.077	0	0
0.2491	0.60551	16.286	0.10355	1.2579	18.077	0.21259	0.4143	18.048	0	0
0.2491	0.60551	16.286	0.21259	0.4143	18.048	0.14772	-0.31664	17.336	0	0
-0.15665	1.2386	16.278	0.062652	1.2484	17.309	-0.073448	1.5697	17.597	0	0
0.062652	1.2484	16.282	-0.073448	1.5697	17.597	0.10355	1.2579	18.077	0	0
-0.9936	0.070962	16.928	-0.55715	-0.25834	18.062	-0.62165	0.4732	17.91	0	0
-0.9936	0.070962	16.928	-0.62165	0.4732	17.91	-0.57545	0.52846	18.614	0	0
-0.073448	1.5697	16.57	0.10355	1.2579	18.077	-0.23995	1.5602	18.699	0	0
-0.62165	0.4732	16.884	-0.38205	1.0578	18.07	-0.57545	0.52846	18.614	0	0
-0.38205	1.0578	17.044	-0.57545	0.52846	18.614	-0.45155	1.1916	18.521	0	0
0.10355	1.2579	17.05	0.21259	0.4143	18.048	0.16085	1.0296	18.564	0	0
0.10355	1.2579	17.05	-0.23995	1.5602	18.699	0.16085	1.0296	18.564	0	0
0.022952	-0.076438	17.013	0.21259	0.4143	18.048	0.14772	-0.31664	17.336	0	0
0.022952	-0.076438	17.013	0.21259	0.4143	18.048	0.083602	0.26871	18.527	0	0
0.022952	-0.076438	17.013	-0.29075	-0.65094	18.07	-0.34635	-0.56554	18.285	0	0
0.022952	-0.076438	17.013	-0.29075	-0.65094	18.07	0.14772	-0.31664	17.336	0	0
0.022952	-0.076438	17.013	-0.34635	-0.56554	18.285	-0.33482	-0.38494	18.527	0	0
0.022952	-0.076438	17.013	-0.33482	-0.38494	18.527	0.083602	0.26871	18.527	0	0
0.21259	0.4143	17.022	0.083602	0.26871	18.527	0.16085	1.0296	18.564	0	0
-0.29075	-0.65094	17.044	0.14772	-0.31664	17.336	0.13693	-0.69866	17.265	0	0
-0.34635	-0.56554	17.259	-0.33482	-0.38494	18.527	-0.30967	-0.65984	19.43	0	0
-0.33482	-0.38494	17.501	0.083602	0.26871	18.527	-0.3333	-0.25534	19.303	0	0
-0.33482	-0.38494	17.501	-0.3333	-0.25534	19.303	-0.30967	-0.65984	19.43	0	0
0.083602	0.26871	17.501	0.16085	1.0296	18.564	0.012912	0.41294	19.344	0	0
0.083602	0.26871	17.501	-0.3333	-0.25534	19.303	0.012912	0.41294	19.344	0	0
-0.57545	0.52846	17.588	-0.45155	1.1916	18.521	-0.46765	1.1308	19.26	0	0
-0.57545	0.52846	17.588	-0.3333	-0.25534	19.303	-0.70147	0.45576	19.303	0	0
-0.57545	0.52846	17.588	-0.70147	0.45576	19.303	-0.46765	1.1308	19.26	0	0
-0.45155	1.1916	17.494	-0.23995	1.5602	18.699	-0.46765	1.1308	19.26	0	0
-0.23995	1.5602	17.673	0.16085	1.0296	18.564	0.26243	1.0638	19.343	0	0
-0.23995	1.5602	17.673	-0.46765	1.1308	19.26	-0.2114	1.6082	19.361	0	0
-0.23995	1.5602	17.673	0.26243	1.0638	19.343	-0.015798	1.6102	19.449	0	0
-0.23995	1.5602	17.673	-0.2114	1.6082	19.361	-0.015798	1.6102	19.449	0	0
0.16085	1.0296	17.538	0.012912	0.41294	19.344	0.26243	1.0638	19.343	0	0
-0.3333	-0.25534	18.277	-0.30967	-0.65984	19.43	-0.35305	-0.28614	20.053	0	0
-0.3333	-0.25534	18.277	-0.70147	0.45576	19.303	-0.70195	0.43951	20.061	0	0
-0.3333	-0.25534	18.277	0.012912	0.41294	19.344	-0.35305	-0.28614	20.053	0	0
-0.3333	-0.25534	18.277	-0.70195	0.43951	20.061	-0.10255	0.48991	20.051	0	0
-0.30967	-0.65984	18.403	-0.35305	-0.28614	20.053	-0.2813	-0.69894	20.021	0	0
-0.70147	0.45576	18.277	-0.46765	1.1308	19.26	-0.501	1.2706	20.018	0	0
-0.70147	0.45576	18.277	-0.70195	0.43951	20.061	-0.501	1.2706	20.018	0	0
-0.46765	1.1308	18.234	-0.2114	1.6082	19.361	-0.501	1.2706	20.018	0	0
0.012912	0.41294	18.317	0.26243	1.0638	19.343	0.28835	1.1383	19.911	0	0
0.012912	0.41294	18.317	-0.35305	-0.28614	20.053	-0.10255	0.48991	20.051	0	0
0.012912	0.41294	18.317	-0.10255	0.48991	20.051	0.28835	1.1383	19.911	0	0
0.26243	1.0638	18.316	-0.015798	1.6102	19.449	0.28835	1.1383	19.911	0	0
-0.2114	1.6082	18.335	-0.015798	1.6102	19.449	-0.26135	1.6477	20.091	0	0
-0.2114	1.6082	18.335	-0.501	1.2706	20.018	-0.26135	1.6477	20.091	0	0
-0.015798	1.6102	18.423	0.045752	1.7212	20.087	-0.26135	1.6477	20.091	0	0
-0.015798	1.6102	18.423	0.045752	1.7212	20.087	0.28835	1.1383	19.911	0	0
-0.70195	0.43951	19.035	-0.501	1.2706	20.018	-0.44551	1.2559	20.727	0	0
-0.70195	0.43951	19.035	-0.48658	0.37955	20.803	-0.44551	1.2559	20.727	0	0
-0.70195	0.43951	19.035	-0.48658	0.37955	20.803	-1.3729	0.25606	21.372	0	0
-0.35305	-0.28614	19.026	-0.2813	-0.69894	20.021	-0.30075	-0.65276	20.777	0	0
-0.35305	-0.28614	19.026	-0.10255	0.48991	20.051	-0.38382	-0.26259	20.793	0	0
-0.35305	-0.28614	19.026	-0.30075	-0.65276	20.777	-0.38382	-0.26259	20.793	0	0
-0.10255	0.48991	19.024	0.28835	1.1383	19.911	0.051352	0.73821	20.576	0	0
-0.10255	0.48991	19.024	-0.38382	-0.26259	20.793	0.051352	0.73821	20.576	0	0
-0.501	1.2706	18.992	-0.26135	1.6477	20.091	-0.44551	1.2559	20.727	0	0
0.045752	1.7212	19.061	-0.26135	1.6477	20.091	-0.44551	1.2559	20.727	0	0
0.045752	1.7212	19.061	0.28835	1.1383	19.911	0.58715	1.316	20.14	0	0
0.045752	1.7212	19.061	-0.44551	1.2559	20.727	0.34502	1.172	20.878	0	0
0.045752	1.7212	19.061	0.58715	1.316	20.14	0.34502	1.172	20.878	0	0
0.28835	1.1383	18.885	0.58715	1.316	20.14	0.051352	0.73821	20.576	0	0
-0.30075	-0.65276	19.751	-0.38382	-0.26259	20.793	-0.423	-0.26574	21.556	0	0
-0.30075	-0.65276	19.751	-0.3939	-0.77024	21.538	-0.423	-0.26574	21.556	0	0
-0.38382	-0.26259	19.767	0.051352	0.73821	20.576	0.2381	0.44926	21.314	0	0
-0.38382	-0.26259	19.767	-0.423	-0.26574	21.556	0.2381	0.44926	21.314	0	0
-0.48658	0.37955	19.777	-0.44551	1.2559	20.727	-0.54335	1.2539	21.341	0	0
-0.48658	0.37955	19.777	-0.39635	0.5562	21.475	0.2381	0.44926	21.314	0	0
-0.48658	0.37955	19.777	-0.39635	0.5562	21.475	-1.3729	0.25606	21.372	0	0
-0.44551	1.2559	19.701	0.34502	1.172	20.878	-0.54335	1.2539	21.341	0	0
0.58715	1.316	19.114	0.051352	0.73821	20.576	0.656	1.2231	20.593	0	0
0.051352	0.73821	19.55	0.34502	1.172	20.878	0.656	1.2231	20.593	0	0
0.051352	0.73821	19.55	0.34502	1.172	20.878	0.2381	0.44926	21.314	0	0
-0.3939	-0.77024	20.511	-0.423	-0.26574	21.556	-0.59085	-0.65714	22.028	0	0
0.34502	1.172	19.851	-0.54335	1.2539	21.341	0.95315	1.598	21.969	0	0
0.34502	1.172	19.851	0.656	1.2231	20.593	0.85285	1.191	21.302	0	0
0.34502	1.172	19.851	0.3645	0.98856	21.495	0.85285	1.191	21.302	0	0
0.34502	1.172	19.851	0.3645	0.98856	21.495	0.2381	0.44926	21.314	0	0
-0.54335	1.2539	20.315	-0.25505	1.1246	22.068	0.95315	1.598	21.969	0	0
0.3645	0.98856	20.468	0.19025	1.0859	22.049	0.21475	0.67251	22.012	0	0
0.3645	0.98856	20.468	0.19025	1.0859	22.049	0.95315	1.598	21.969	0	0
0.3645	0.98856	20.468	0.85285	1.191	21.302	0.95315	1.598	21.969	0	0
0.3645	0.98856	20.468	0.21475	0.67251	22.012	0.2381	0.44926	21.314	0	0
-0.39635	0.5562	20.449	-0.423	-0.26574	21.556	-0.415	0.47006	22.041	0	0
-0.39635	0.5562	20.449	-0.423	-0.26574	21.556	-1.105	-0.074787	21.691	0	0
-0.39635	0.5562	20.449	-0.415	0.47006	22.041	0.2381	0.44926	21.314	0	0
-0.39635	0.5562	20.449	-1.105	-0.074787	21.691	-1.3729	0.25606	21.372	0	0
-0.423	-0.26574	20.53	-0.415	0.47006	22.041	-0.35988	-0.3019	22.122	0	0
-0.423	-0.26574	20.53	-0.59085	-0.65714	22.028	-1.105	-0.074787	21.691	0	0
-0.423	-0.26574	20.53	-0.35988	-0.3019	22.122	0.3372	-0.36624	22.18	0	0
-0.423	-0.26574	20.53	0.2381	0.44926	21.314	0.3372	-0.36624	22.18	0	0
-0.415	0.47006	21.015	-0.35988	-0.3019	22.122	-0.47126	0.4628	22.806	0	0
-0.415	0.47006	21.015	-0.25505	1.1246	22.068	0.21475	0.67251	22.012	0	0
-0.415	0.47006	21.015	-0.25505	1.1246	22.068	-0.26585	1.0335	22.716	0	0
-0.415	0.47006	21.015	0.21475	0.67251	22.012	0.2381	0.44926	21.314	0	0
-0.415	0.47006	21.015	-0.47126	0.4628	22.806	-0.26585	1.0335	22.716	0	0
-0.59085	-0.65714	21.002	-0.35988	-0.3019	22.122	-0.6199	-0.31859	22.825	0	0
-0.59085	-0.65714	21.002	-1.105	-0.074787	21.691	-1.1567	-0.12344	22.002	0	0
-0.59085	-0.65714	21.002	-1.1567	-0.12344	22.002	-1.1862	-0.4681	22.686	0	0
-0.59085	-0.65714	21.002	-0.6199	-0.31859	22.825	-1.1862	-0.4681	22.686	0	0
-0.35988	-0.3019	21.095	-0.56622	-0.76911	22.772	0.154	-0.21294	22.793	0	0
-0.35988	-0.3019	21.095	-0.47126	0.4628	22.806	-0.6199	-0.31859	22.825	0	0
-0.35988	-0.3019	21.095	0.154	-0.21294	22.793	0.3372	-0.36624	22.18	0	0
-0.25505	1.1246	21.041	0.19025	1.0859	22.049	0.21475	0.67251	22.012	0	0
-0.25505	1.1246	21.041	0.19025	1.0859	22.049	0.011352	1.0912	22.825	0	0
-0.25505	1.1246	21.041	-0.26585	1.0335	22.716	0.011352	1.0912	22.825	0	0
0.19025	1.0859	21.022	0.95315	1.598	21.969	0.011352	1.0912	22.825	0	0
0.85285	1.191	20.275	0.2381	0.44926	21.314	0.65595	-0.22354	22.245	0	0
-0.56622	-0.76911	21.746	-0.61585	-0.67474	23.591	-0.6199	-0.31859	22.825	0	0
-0.56622	-0.76911	21.746	-0.61585	-0.67474	23.591	-1.0935	-0.92016	22.872	0	0
-0.56622	-0.76911	21.746	-0.6199	-0.31859	22.825	-1.1862	-0.4681	22.686	0	0
-0.56622	-0.76911	21.746	-1.1862	-0.4681	22.686	-1.0935	-0.92016	22.872	0	0
-0.56622	-0.76911	21.746	0.154	-0.21294	22.793	0.3931	-0.63109	22.812	0	0
-0.47126	0.4628	21.78	-0.26585	1.0335	22.716	-0.45125	0.44716	23.551	0	0
-0.47126	0.4628	21.78	-0.6199	-0.31859	22.825	-0.45125	0.44716	23.551	0	0
-0.26585	1.0335	21.69	0.011352	1.0912	22.825	-0.19085	1.1827	23.58	0	0
-0.26585	1.0335	21.69	-0.45125	0.44716	23.551	-0.19085	1.1827	23.58	0	0
-0.61585	-0.67474	22.565	0.059185	-0.32804	23.606	-0.69795	-0.32734	23.565	0	0
-0.61585	-0.67474	22.565	0.059185	-0.32804	23.606	0.34065	-0.69554	23.591	0	0
-0.61585	-0.67474	22.565	-0.6199	-0.31859	22.825	-0.69795	-0.32734	23.565	0	0
-0.61585	-0.67474	22.565	-1.0935	-0.92016	22.872	-1.2522	-1.1001	23.588	0	0
-0.61585	-0.67474	22.565	-1.2522	-1.1001	23.588	-0.88495	-0.79124	24.23	0	0
-0.61585	-0.67474	22.565	-0.65755	-0.88027	24.238	-0.88495	-0.79124	24.23	0	0
-0.61585	-0.67474	22.565	-0.65755	-0.88027	24.238	0.20085	-0.77226	24.295	0	0
-0.61585	-0.67474	22.565	0.20085	-0.77226	24.295	0.34065	-0.69554	23.591	0	0
0.059185	-0.32804	22.58	0.2188	0.55101	23.55	-0.45125	0.44716	23.551	0	0
0.059185	-0.32804	22.58	0.2188	0.55101	23.55	0.25115	-0.20677	24.211	0	0
0.059185	-0.32804	22.58	-0.45125	0.44716	23.551	-0.56201	-0.20524	24.273	0	0
0.059185	-0.32804	22.58	-0.56201	-0.20524	24.273	0.20085	-0.77226	24.295	0	0
0.059185	-0.32804	22.58	0.20085	-0.77226	24.295	0.25115	-0.20677	24.211	0	0
0.059185	-0.32804	22.58	0.34065	-0.69554	23.591	0.3931	-0.63109	22.812	0	0
0.011352	1.0912	21.799	0.036752	1.1831	23.557	-0.19085	1.1827	23.58	0	0
0.2381	0.44926	20.288	0.3372	-0.36624	22.18	0.65595	-0.22354	22.245	0	0
-1.105	-0.074787	20.664	-1.1567	-0.12344	22.002	-1.5789	-0.13094	22.108	0	0
-1.105	-0.074787	20.664	-1.3729	0.25606	21.372	-1.5789	-0.13094	22.108	0	0
-1.1567	-0.12344	20.976	-1.1862	-0.4681	22.686	-1.5789	-0.13094	22.108	0	0
0.2188	0.55101	22.524	0.036752	1.1831	23.557	0.35425	0.57406	24.307	0	0
0.2188	0.55101	22.524	0.35425	0.57406	24.307	0.25115	-0.20677	24.211	0	0
0.2188	0.55101	22.524	0.84775	-0.62624	23.106	0.88052	-0.3274	22.704	0	0
-0.6199	-0.31859	21.799	-0.69795	-0.32734	23.565	-0.45125	0.44716	23.551	0	0
-1.1862	-0.4681	21.66	-1.0935	-0.92016	22.872	-1.7044	-0.7402	22.887	0	0
-1.1862	-0.4681	21.66	-1.5789	-0.13094	22.108	-1.7044	-0.7402	22.887	0	0
-1.0935	-0.92016	21.846	-1.2522	-1.1001	23.588	-1.7044	-0.7402	22.887	0	0
-0.69795	-0.32734	22.539	-0.45125	0.44716	23.551	-0.9193	-0.076787	24.143	0	0
-0.69795	-0.32734	22.539	-0.88495	-0.79124	24.23	-0.9193	-0.076787	24.143	0	0
-0.45125	0.44716	22.525	-0.19085	1.1827	23.58	-0.48988	0.57153	24.206	0	0
-0.45125	0.44716	22.525	-0.48988	0.57153	24.206	-0.9193	-0.076787	24.143	0	0
0.036752	1.1831	22.53	-0.19085	1.1827	23.58	-0.070648	1.5571	24.502	0	0
0.036752	1.1831	22.53	0.35425	0.57406	24.307	0.092302	1.2865	24.319	0	0
0.036752	1.1831	22.53	0.092302	1.2865	24.319	-0.070648	1.5571	24.502	0	0
-1.2522	-1.1001	22.562	-0.88495	-0.79124	24.23	-1.895	-1.1264	23.905	0	0
-1.2522	-1.1001	22.562	-1.7044	-0.7402	22.887	-1.8615	-0.94627	23.51	0	0
-1.2522	-1.1001	22.562	-1.8615	-0.94627	23.51	-1.895	-1.1264	23.905	0	0
-0.65755	-0.88027	23.212	-0.88495	-0.79124	24.23	-0.56235	-0.98259	24.845	0	0
-0.65755	-0.88027	23.212	-0.56235	-0.98259	24.845	0.20085	-0.77226	24.295	0	0
-0.88495	-0.79124	23.204	-0.56235	-0.98259	24.845	-0.90285	-0.61954	24.875	0	0
-0.88495	-0.79124	23.204	-0.90285	-0.61954	24.875	-1.895	-1.1264	23.905	0	0
-0.88495	-0.79124	23.204	-0.9193	-0.076787	24.143	-0.9921	-0.30204	24.834	0	0
-0.19085	1.1827	22.553	-0.48988	0.57153	24.206	-0.22925	1.1973	24.317	0	0
-0.19085	1.1827	22.553	-0.22925	1.1973	24.317	-0.070648	1.5571	24.502	0	0
0.35425	0.57406	23.28	0.092302	1.2865	24.319	0.19245	1.2739	25.036	0	0
0.35425	0.57406	23.28	0.19245	1.2739	25.036	0.66172	0.44816	24.975	0	0
0.35425	0.57406	23.28	0.25115	-0.20677	24.211	0.6572	-0.24529	24.815	0	0
0.35425	0.57406	23.28	0.66172	0.44816	24.975	0.6572	-0.24529	24.815	0	0
-0.56201	-0.20524	23.247	-0.48988	0.57153	24.206	0.17749	-0.20924	24.888	0	0
-0.56201	-0.20524	23.247	-0.60445	-0.36564	25.114	-0.89945	0.26706	24.422	0	0
-0.56201	-0.20524	23.247	0.20085	-0.77226	24.295	0.17749	-0.20924	24.888	0	0
-0.48988	0.57153	23.179	-0.22925	1.1973	24.317	-0.44528	1.1017	24.921	0	0
-0.48988	0.57153	23.179	-0.4588	0.81476	25.072	-0.44528	1.1017	24.921	0	0
-0.48988	0.57153	23.179	-0.4588	0.81476	25.072	-0.89945	0.26706	24.422	0	0
-0.48988	0.57153	23.179	-0.9193	-0.076787	24.143	-0.89945	0.26706	24.422	0	0
-0.48988	0.57153	23.179	0.23865	0.44446	25.084	0.17749	-0.20924	24.888	0	0
-0.56235	-0.98259	23.818	-0.90285	-0.61954	24.875	-0.60445	-0.36564	25.114	0	0
-0.56235	-0.98259	23.818	-0.60445	-0.36564	25.114	0.10852	-0.74714	24.903	0	0
-0.56235	-0.98259	23.818	0.20085	-0.77226	24.295	0.10852	-0.74714	24.903	0	0
-0.90285	-0.61954	23.848	-0.60445	-0.36564	25.114	-0.9921	-0.30204	24.834	0	0
0.092302	1.2865	23.292	-0.070648	1.5571	24.502	0.19245	1.2739	25.036	0	0
-0.22925	1.1973	23.291	-0.070648	1.5571	24.502	-0.44528	1.1017	24.921	0	0
-0.070648	1.5571	23.476	0.19245	1.2739	25.036	-0.018081	1.6022	25.037	0	0
-0.070648	1.5571	23.476	-0.018081	1.6022	25.037	-0.44528	1.1017	24.921	0	0
-0.60445	-0.36564	24.087	-0.42345	-0.73714	25.519	-0.62845	-0.29764	25.565	0	0
-0.60445	-0.36564	24.087	-0.62845	-0.29764	25.565	-0.89475	-0.064838	25.368	0	0
-0.60445	-0.36564	24.087	0.10852	-0.74714	24.903	0.17749	-0.20924	24.888	0	0
-0.60445	-0.36564	24.087	-0.4588	0.81476	25.072	-0.89945	0.26706	24.422	0	0
-0.60445	-0.36564	24.087	-0.9921	-0.30204	24.834	-0.89475	-0.064838	25.368	0	0
-0.60445	-0.36564	24.087	0.10345	0.32781	25.549	0.17749	-0.20924	24.888	0	0
-0.42345	-0.73714	24.492	-0.62845	-0.29764	25.565	-0.1227	-0.41594	26.058	0	0
-0.42345	-0.73714	24.492	0.10852	-0.74714	24.903	0.15392	-0.8914	25.526	0	0
-0.42345	-0.73714	24.492	-0.1227	-0.41594	26.058	0.15392	-0.8914	25.526	0	0
-0.62845	-0.29764	24.539	-0.89475	-0.064838	25.368	-0.53875	-0.15177	26.196	0	0
-0.62845	-0.29764	24.539	-0.4519	0.44011	25.569	-0.1227	-0.41594	26.058	0	0
-0.62845	-0.29764	24.539	-0.53875	-0.15177	26.196	-0.39071	-0.69007	26.436	0	0
0.20085	-0.77226	23.269	0.10852	-0.74714	24.903	0.6572	-0.24529	24.815	0	0
0.20085	-0.77226	23.269	0.25115	-0.20677	24.211	0.6572	-0.24529	24.815	0	0
0.20085	-0.77226	23.269	0.34065	-0.69554	23.591	0.77965	-0.91354	23.662	0	0
0.10852	-0.74714	23.876	0.17749	-0.20924	24.888	0.6572	-0.24529	24.815	0	0
-0.4588	0.81476	24.045	0.23865	0.44446	25.084	0.19245	1.2739	25.036	0	0
-0.4588	0.81476	24.045	0.23865	0.44446	25.084	-0.4519	0.44011	25.569	0	0
-0.4588	0.81476	24.045	0.19245	1.2739	25.036	-0.44528	1.1017	24.921	0	0
-0.4588	0.81476	24.045	-0.4519	0.44011	25.569	-0.5612	1.2395	25.561	0	0
-0.9193	-0.076787	23.116	-0.9921	-0.30204	24.834	-0.89945	0.26706	24.422	0	0
0.23865	0.44446	24.058	0.19245	1.2739	25.036	0.3303	1.0826	25.548	0	0
0.23865	0.44446	24.058	0.10345	0.32781	25.549	-0.4519	0.44011	25.569	0	0
0.23865	0.44446	24.058	0.10345	0.32781	25.549	0.81262	0.58566	25.648	0	0
0.23865	0.44446	24.058	0.17749	-0.20924	24.888	0.66172	0.44816	24.975	0	0
0.23865	0.44446	24.058	0.66172	0.44816	24.975	0.81262	0.58566	25.648	0	0
0.19245	1.2739	24.009	-0.018081	1.6022	25.037	0.075752	1.721	25.588	0	0
0.19245	1.2739	24.009	0.075752	1.721	25.588	0.3303	1.0826	25.548	0	0
0.19245	1.2739	24.009	0.66172	0.44816	24.975	0.81262	0.58566	25.648	0	0
-0.9921	-0.30204	23.807	-0.89475	-0.064838	25.368	-1.0342	0.36408	24.889	0	0
-0.9921	-0.30204	23.807	-0.89945	0.26706	24.422	-1.0342	0.36408	24.889	0	0
-0.89475	-0.064838	24.341	-0.53875	-0.15177	26.196	-1.1659	0.45924	25.541	0	0
-0.89475	-0.064838	24.341	-1.0342	0.36408	24.889	-1.1659	0.45924	25.541	0	0
-0.018081	1.6022	24.011	0.075752	1.721	25.588	-0.20965	1.5844	25.621	0	0
-0.018081	1.6022	24.011	-0.20965	1.5844	25.621	-0.5612	1.2395	25.561	0	0
-0.018081	1.6022	24.011	-0.44528	1.1017	24.921	-0.5612	1.2395	25.561	0	0
0.075752	1.721	24.562	-0.20965	1.5844	25.621	-0.44435	1.6571	26.418	0	0
0.075752	1.721	24.562	0.3303	1.0826	25.548	0.1939	1.1617	26.29	0	0
0.075752	1.721	24.562	-0.44435	1.6571	26.418	0.37085	2.2796	26.511	0	0
-0.20965	1.5844	24.595	-0.5612	1.2395	25.561	-0.44435	1.6571	26.418	0	0
0.10345	0.32781	24.523	-0.4519	0.44011	25.569	0.11317	0.45303	26.287	0	0
0.10345	0.32781	24.523	0.17749	-0.20924	24.888	0.26805	-0.25924	25.715	0	0
0.10345	0.32781	24.523	0.26805	-0.25924	25.715	0.11317	0.45303	26.287	0	0
-0.4519	0.44011	24.542	-0.53875	-0.15177	26.196	-1.1918	0.54756	26.238	0	0
-0.4519	0.44011	24.542	-0.5612	1.2395	25.561	-0.5522	1.2715	26.074	0	0
-0.4519	0.44011	24.542	-0.5522	1.2715	26.074	0.11317	0.45303	26.287	0	0
-0.53875	-0.15177	25.169	-0.39071	-0.69007	26.436	-0.1227	-0.41594	26.058	0	0
-0.53875	-0.15177	25.169	-0.1227	-0.41594	26.058	0.11317	0.45303	26.287	0	0
-0.53875	-0.15177	25.169	0.11317	0.45303	26.287	-1.171	0.66716	27.045	0	0
-0.53875	-0.15177	25.169	-1.1918	0.54756	26.238	-1.171	0.66716	27.045	0	0
-0.44528	1.1017	23.895	-0.5612	1.2395	25.561	-1.0336	0.96496	25.703	0	0
-0.44528	1.1017	23.895	-0.89945	0.26706	24.422	-1.0342	0.36408	24.889	0	0
-0.44528	1.1017	23.895	-1.0342	0.36408	24.889	-1.0336	0.96496	25.703	0	0
-0.5612	1.2395	24.535	-0.5522	1.2715	26.074	-1.0336	0.96496	25.703	0	0
0.3303	1.0826	24.521	0.1939	1.1617	26.29	0.81262	0.58566	25.648	0	0
-0.5522	1.2715	25.047	-0.44435	1.6571	26.418	0.1939	1.1617	26.29	0	0
-0.5522	1.2715	25.047	-0.44435	1.6571	26.418	-1.0762	1.135	26.383	0	0
-0.5522	1.2715	25.047	0.11317	0.45303	26.287	0.1939	1.1617	26.29	0	0
-0.5522	1.2715	25.047	-1.0336	0.96496	25.703	-1.0762	1.135	26.383	0	0
-0.44435	1.6571	25.392	0.1939	1.1617	26.29	0.2694	1.8699	26.383	0	0
-0.44435	1.6571	25.392	0.2694	1.8699	26.383	-0.44275	1.8337	27.102	0	0
-0.44435	1.6571	25.392	-0.44275	1.8337	27.102	-1.1561	1.2942	27.092	0	0
-0.44435	1.6571	25.392	-1.1561	1.2942	27.092	-1.0762	1.135	26.383	0	0
-0.1227	-0.41594	25.032	0.15392	-0.8914	25.526	0.26805	-0.25924	25.715	0	0
-0.1227	-0.41594	25.032	0.26805	-0.25924	25.715	0.11317	0.45303	26.287	0	0
0.34065	-0.69554	22.564	0.77965	-0.91354	23.662	0.84775	-0.62624	23.106	0	0
0.34065	-0.69554	22.564	0.3931	-0.63109	22.812	0.84775	-0.62624	23.106	0	0
0.17749	-0.20924	23.862	0.15392	-0.8914	25.526	0.26805	-0.25924	25.715	0	0
0.17749	-0.20924	23.862	0.66172	0.44816	24.975	0.6572	-0.24529	24.815	0	0
0.154	-0.21294	21.767	0.3931	-0.63109	22.812	0.3372	-0.36624	22.18	0	0
0.11317	0.45303	25.26	0.1939	1.1617	26.29	0.72342	1.0219	26.401	0	0
0.11317	0.45303	25.26	-1.171	0.66716	27.045	-0.29025	1.3411	27.202	0	0
0.11317	0.45303	25.26	-0.29025	1.3411	27.202	0.8639	0.62481	26.575	0	0
0.11317	0.45303	25.26	0.72342	1.0219	26.401	0.8639	0.62481	26.575	0	0
0.1939	1.1617	25.264	0.2694	1.8699	26.383	0.72342	1.0219	26.401	0	0
0.2694	1.8699	25.357	0.37085	2.2796	26.511	0.30568	1.9962	27.098	0	0
0.2694	1.8699	25.357	0.37085	2.2796	26.511	0.72342	1.0219	26.401	0	0
0.2694	1.8699	25.357	-0.44275	1.8337	27.102	0.30568	1.9962	27.098	0	0
0.37085	2.2796	25.485	0.30568	1.9962	27.098	0.44235	2.2929	27.586	0	0
0.37085	2.2796	25.485	0.72342	1.0219	26.401	1.1543	1.0309	27.023	0	0
-1.1918	0.54756	25.212	-1.5835	0.40701	26.386	-1.1659	0.45924	25.541	0	0
-1.1918	0.54756	25.212	-1.5835	0.40701	26.386	-1.6032	0.93386	26.667	0	0
-1.1918	0.54756	25.212	-1.1659	0.45924	25.541	-1.0336	0.96496	25.703	0	0
-1.1918	0.54756	25.212	-1.6032	0.93386	26.667	-1.0762	1.135	26.383	0	0
-1.1918	0.54756	25.212	-1.0336	0.96496	25.703	-1.0762	1.135	26.383	0	0
-1.171	0.66716	26.019	-0.29025	1.3411	27.202	-1.1561	1.2942	27.092	0	0
-0.44275	1.8337	26.075	-0.40083	1.9232	27.751	0.10825	2.1963	27.576	0	0
-0.44275	1.8337	26.075	-0.40083	1.9232	27.751	-1.4209	1.5539	27.532	0	0
-0.44275	1.8337	26.075	0.30568	1.9962	27.098	0.10825	2.1963	27.576	0	0
-0.44275	1.8337	26.075	-1.1561	1.2942	27.092	-1.4209	1.5539	27.532	0	0
-0.29025	1.3411	26.176	-0.40083	1.9232	27.751	-1.3147	1.1609	27.813	0	0
-0.29025	1.3411	26.176	0.30568	1.9962	27.098	1.1543	1.0309	27.023	0	0
-0.29025	1.3411	26.176	-1.3147	1.1609	27.813	-1.1561	1.2942	27.092	0	0
-0.29025	1.3411	26.176	0.8639	0.62481	26.575	1.1543	1.0309	27.023	0	0
-0.40083	1.9232	26.724	-1.3147	1.1609	27.813	-0.71142	1.9394	28.343	0	0
-0.40083	1.9232	26.724	-0.71142	1.9394	28.343	0.11445	2.2429	28.089	0	0
-0.40083	1.9232	26.724	-1.2985	1.9022	28.368	-1.7246	2.1012	28.149	0	0
-0.40083	1.9232	26.724	0.10825	2.1963	27.576	0.11445	2.2429	28.089	0	0
-0.40083	1.9232	26.724	-1.4209	1.5539	27.532	-1.6492	1.7615	27.739	0	0
-0.40083	1.9232	26.724	-1.7246	2.1012	28.149	-1.6492	1.7615	27.739	0	0
0.30568	1.9962	26.072	0.10825	2.1963	27.576	0.44235	2.2929	27.586	0	0
-1.3147	1.1609	26.787	-0.71142	1.9394	28.343	-1.2985	1.9022	28.368	0	0
-1.3147	1.1609	26.787	-1.2985	1.9022	28.368	-1.7044	1.4623	28.538	0	0
-0.71142	1.9394	27.317	-1.2985	1.9022	28.368	-1.1185	2.4661	28.989	0	0
-0.71142	1.9394	27.317	0.11445	2.2429	28.089	-0.72875	2.4381	29.56	0	0
-0.71142	1.9394	27.317	-1.1185	2.4661	28.989	-0.72875	2.4381	29.56	0	0
-1.2985	1.9022	27.342	-1.7246	2.1012	28.149	-1.7316	2.4308	28.501	0	0
-1.2985	1.9022	27.342	-1.7316	2.4308	28.501	-1.1185	2.4661	28.989	0	0
0.3931	-0.63109	21.785	0.3372	-0.36624	22.18	0.65595	-0.22354	22.245	0	0
0.3931	-0.63109	21.785	0.84775	-0.62624	23.106	0.88052	-0.3274	22.704	0	0
0.3931	-0.63109	21.785	0.65595	-0.22354	22.245	0.88052	-0.3274	22.704	0	0
0.72342	1.0219	25.375	0.8639	0.62481	26.575	1.1543	1.0309	27.023	0	0
-1.0342	0.36408	23.863	-1.1659	0.45924	25.541	-1.0336	0.96496	25.703	0	0
-1.1561	1.2942	26.066	-1.4209	1.5539	27.532	-1.7671	1.1124	26.986	0	0
-1.1561	1.2942	26.066	-1.6032	0.93386	26.667	-1.7671	1.1124	26.986	0	0
-1.1561	1.2942	26.066	-1.6032	0.93386	26.667	-1.0762	1.135	26.383	0	0
0.10825	2.1963	26.55	0.44235	2.2929	27.586	0.11445	2.2429	28.089	0	0
-1.4209	1.5539	26.505	-1.7671	1.1124	26.986	-1.6492	1.7615	27.739	0	0
-1.7316	2.4308	27.475	-1.1185	2.4661	28.989	-1.7713	2.7764	28.897	0	0
-1.1185	2.4661	27.962	-1.7713	2.7764	28.897	-1.6864	2.9906	29.15	0	0
-1.1185	2.4661	27.962	-0.72875	2.4381	29.56	-1.1639	2.6667	29.562	0	0
-1.1185	2.4661	27.962	-1.1639	2.6667	29.562	-1.6864	2.9906	29.15	0	0
-1.1639	2.6667	28.535	-1.6947	2.9989	29.58	-1.6864	2.9906	29.15	0	0
-0.41205	2.6872	12.111	-2.36670745703501	10.2104855220982	15.8784578990541	0.198813008304064	2.31538617872324	11.816693170495	1	1
-2.36670745703501	10.2104855220982	15.8784578990541	-3.23927632078085	13.5689178018955	17.5602699456387	-0.183644702795857	9.57971450745616	17.5860659730471	1	1
-3.23927632078085	13.5689178018955	17.5602699456387	-4.43915571652777	18.1871363310795	19.8729488711196	-1.34233105018055	12.5027494179343	18.4210696869942	1	1
-4.43915571652777	18.1871363310795	19.8729488711196	-5.23513815284205	21.2507949365373	21.4071462346563	-3.68316113538248	17.3423074277675	21.7972552207967	1	1
-5.23513815284205	21.2507949365373	21.4071462346563	-6.67022326055342	26.7742972642551	24.1731668002562	-5.19175656372121	21.5206281103054	22.1596121183079	1	1
-0.183644702795857	9.57971450745616	17.5860659730471	0.198813008304064	2.31538617872324	11.816693170495	-2.36670745703501	10.2104855220982	15.8784578990541	1	1
-1.34233105018055	12.5027494179343	18.4210696869942	-0.183644702795857	9.57971450745616	17.5860659730471	-3.23927632078085	13.5689178018955	17.5602699456387	1	1
-3.68316113538248	17.3423074277675	21.7972552207967	-1.34233105018055	12.5027494179343	18.4210696869942	-4.43915571652777	18.1871363310795	19.8729488711196	1	1
-5.19175656372121	21.5206281103054	22.1596121183079	-3.68316113538248	17.3423074277675	21.7972552207967	-5.23513815284205	21.2507949365373	21.4071462346563	1	1
-2.36670745703501	10.2104855220982	15.8784578990541	-0.41205	2.6872	12.111	-1.79073779882833	1.9556595173399	12.5808847923601	1	1
-3.23927632078085	13.5689178018955	17.5602699456387	-2.36670745703501	10.2104855220982	15.8784578990541	-3.51874905872361	10.0363870900197	16.0627075501435	1	1
-4.43915571652777	18.1871363310795	19.8729488711196	-3.23927632078085	13.5689178018955	17.5602699456387	-5.15002255066034	12.6469860306193	17.8518295692372	1	1
-5.23513815284205	21.2507949365373	21.4071462346563	-4.43915571652777	18.1871363310795	19.8729488711196	-6.41354642221754	17.5840406712239	20.5760607586234	1	1
-6.67022326055342	26.7742972642551	24.1731668002562	-5.23513815284205	21.2507949365373	21.4071462346563	-7.30295379003597	20.5532226141135	21.4195734453059	1	1
-1.79073779882833	1.9556595173399	12.5808847923601	-3.51874905872361	10.0363870900197	16.0627075501435	-2.36670745703501	10.2104855220982	15.8784578990541	1	1
-3.51874905872361	10.0363870900197	16.0627075501435	-5.15002255066034	12.6469860306193	17.8518295692372	-3.23927632078085	13.5689178018955	17.5602699456387	1	1
-5.15002255066034	12.6469860306193	17.8518295692372	-6.41354642221754	17.5840406712239	20.5760607586234	-4.43915571652777	18.1871363310795	19.8729488711196	1	1
-6.41354642221754	17.5840406712239	20.5760607586234	-7.30295379003597	20.5532226141135	21.4195734453059	-5.23513815284205	21.2507949365373	21.4071462346563	1	1
0.12035	-1.5779	16.987	-0.823754438384596	-6.69240285686154	21.2235409052879	0.739452196538692	-1.58026171830323	16.294831548662	2	1
-0.823754438384596	-6.69240285686154	21.2235409052879	-1.37339058300333	-10.6528117489929	24.0167870587365	0.497482519027394	-6.07078241804243	21.6006459071256	2	1
-1.37339058300333	-10.6528117489929	24.0167870587365	-1.8280204487678	-13.9286519218604	26.3272121212483	0.797855783499481	-11.2297610632606	24.3955084797234	2	1
-1.8280204487678	-13.9286519218604	26.3272121212483	-2.44667489599176	-18.3863729031506	29.4712086941463	-0.54368544392763	-13.8894826844527	27.2789616713837	2	1
-2.44667489599176	-18.3863729031506	29.4712086941463	-3.0338942379905	-22.6175879104834	32.4554523330111	-0.225658725512807	-18.5370129920513	29.0177978908046	2	1
-3.0338942379905	-22.6175879104834	32.4554523330111	-3.4598088231859	-25.6865198339222	34.6199465869687	-0.291472333449059	-22.432217405273	34.5562689559673	2	1
-3.4598088231859	-25.6865198339222	34.6199465869687	-3.85880649028972	-28.5615016272571	36.6476492949954	-0.930743916197563	-25.5570615332627	36.1730700220602	2	1
-3.85880649028972	-28.5615016272571	36.6476492949954	-4.49815298651566	-33.1683193804139	39.8968026827201	-1.8717751908002	-28.5239665709342	36.6896437814882	2	1
0.497482519027394	-6.07078241804243	21.6006459071256	0.739452196538692	-1.58026171830323	16.294831548662	-0.823754438384596	-6.69240285686154	21.2235409052879	2	1
0.797855783499481	-11.2297610632606	24.3955084797234	0.497482519027394	-6.07078241804243	21.6006459071256	-1.37339058300333	-10.6528117489929	24.0167870587365	2	1
-0.54368544392763	-13.8894826844527	27.2789616713837	0.797855783499481	-11.2297610632606	24.3955084797234	-1.8280204487678	-13.9286519218604	26.3272121212483	2	1
-0.225658725512807	-18.5370129920513	29.0177978908046	-0.54368544392763	-13.8894826844527	27.2789616713837	-2.44667489599176	-18.3863729031506	29.4712086941463	2	1
-0.291472333449059	-22.432217405273	34.5562689559673	-0.225658725512807	-18.5370129920513	29.0177978908046	-3.0338942379905	-22.6175879104834	32.4554523330111	2	1
-0.930743916197563	-25.5570615332627	36.1730700220602	-0.291472333449059	-22.432217405273	34.5562689559673	-3.4598088231859	-25.6865198339222	34.6199465869687	2	1
-1.8717751908002	-28.5239665709342	36.6896437814882	-0.930743916197563	-25.5570615332627	36.1730700220602	-3.85880649028972	-28.5615016272571	36.6476492949954	2	1
-0.823754438384596	-6.69240285686154	21.2235409052879	0.12035	-1.5779	16.987	-1.29576128693765	-1.51037768215732	16.2551449241134	2	1
-1.37339058300333	-10.6528117489929	24.0167870587365	-0.823754438384596	-6.69240285686154	21.2235409052879	-2.07140994944291	-6.22253917849731	22.0367291390812	2	1
-1.8280204487678	-13.9286519218604	26.3272121212483	-1.37339058300333	-10.6528117489929	24.0167870587365	-2.01288608133562	-10.5729461419363	24.5391384849069	2	1
-2.44667489599176	-18.3863729031506	29.4712086941463	-1.8280204487678	-13.9286519218604	26.3272121212483	-3.7929435336805	-12.128901978418	28.6079376930688	2	1
-3.0338942379905	-22.6175879104834	32.4554523330111	-2.44667489599176	-18.3863729031506	29.4712086941463	-3.2794364440996	-19.0183555952157	29.1901494105011	2	1
-3.4598088231859	-25.6865198339222	34.6199465869687	-3.0338942379905	-22.6175879104834	32.4554523330111	-3.84281434284538	-22.1942379918252	32.1092520003514	2	1
-3.85880649028972	-28.5615016272571	36.6476492949954	-3.4598088231859	-25.6865198339222	34.6199465869687	-3.72847175913391	-25.0812158549263	36.2015589193244	2	1
-1.29576128693765	-1.51037768215732	16.2551449241134	-2.07140994944291	-6.22253917849731	22.0367291390812	-0.823754438384596	-6.69240285686154	21.2235409052879	2	1
-2.07140994944291	-6.22253917849731	22.0367291390812	-2.01288608133562	-10.5729461419363	24.5391384849069	-1.37339058300333	-10.6528117489929	24.0167870587365	2	1
-2.01288608133562	-10.5729461419363	24.5391384849069	-3.7929435336805	-12.128901978418	28.6079376930688	-1.8280204487678	-13.9286519218604	26.3272121212483	2	1
-3.7929435336805	-12.128901978418	28.6079376930688	-3.2794364440996	-19.0183555952157	29.1901494105011	-2.44667489599176	-18.3863729031506	29.4712086941463	2	1
-3.2794364440996	-19.0183555952157	29.1901494105011	-3.84281434284538	-22.1942379918252	32.1092520003514	-3.0338942379905	-22.6175879104834	32.4554523330111	2	1
-3.84281434284538	-22.1942379918252	32.1092520003514	-3.72847175913391	-25.0812158549263	36.2015589193244	-3.4598088231859	-25.6865198339222	34.6199465869687	2	1
0.0037021	2.3981	21.682	0.506555110253681	6.32106839252906	26.1562540949795	1.07539237774413	1.85054617471054	21.5656834351263	3	2
0.506555110253681	6.32106839252906	26.1562540949795	0.857472498109624	9.99359385122562	30.3179507303226	1.2932594777588	6.48384830355875	26.3486594709791	3	2
0.857472498109624	9.99359385122562	30.3179507303226	1.26706562006659	13.5101330259753	32.7887207417556	2.66539534271086	9.0630650448634	30.7262391835013	3	2
1.26706562006659	13.5101330259753	32.7887207417556	1.7200281129809	17.3990175448731	35.5211058424853	2.74374442130275	13.4001796806505	32.8115141581654	3	2
1.7200281129809	17.3990175448731	35.5211058424853	2.07684141822623	20.4624185120869	37.6734945595328	3.76431542033997	16.3530983385577	36.4214055197213	3	2
2.07684141822623	20.4624185120869	37.6734945595328	2.45424702638255	23.7026135610443	39.9501012914135	3.99264314604549	19.9391116045427	37.9133440544275	3	2
2.45424702638255	23.7026135610443	39.9501012914135	2.98147105372878	28.2290663910483	43.1304508779742	4.46513152499354	23.541518193017	40.0732163012465	3	2
2.98147105372878	28.2290663910483	43.1304508779742	3.31326352988711	31.077652409103	45.1319075826042	5.05837109356232	28.689101091974	43.2478348141993	3	2
3.31326352988711	31.077652409103	45.1319075826042	3.66966255197892	34.1374965711346	47.2817972381756	5.89279235133379	31.3936938930633	46.3915587762852	3	2
3.66966255197892	34.1374965711346	47.2817972381756	4.00005705595415	36.9740803760574	49.274821018614	4.79759184315053	33.6854025336241	47.6883676937728	3	2
4.00005705595415	36.9740803760574	49.274821018614	4.62242510518047	42.3173869622624	53.0291035728606	6.12576007487312	36.6003653329446	49.5039219394109	3	2
1.2932594777588	6.48384830355875	26.3486594709791	1.07539237774413	1.85054617471054	21.5656834351263	0.506555110253681	6.32106839252906	26.1562540949795	3	2
2.66539534271086	9.0630650448634	30.7262391835013	1.2932594777588	6.48384830355875	26.3486594709791	0.857472498109624	9.99359385122562	30.3179507303226	3	2
2.74374442130275	13.4001796806505	32.8115141581654	2.66539534271086	9.0630650448634	30.7262391835013	1.26706562006659	13.5101330259753	32.7887207417556	3	2
3.76431542033997	16.3530983385577	36.4214055197213	2.74374442130275	13.4001796806505	32.8115141581654	1.7200281129809	17.3990175448731	35.5211058424853	3	2
3.99264314604549	19.9391116045427	37.9133440544275	3.76431542033997	16.3530983385577	36.4214055197213	2.07684141822623	20.4624185120869	37.6734945595328	3	2
4.46513152499354	23.541518193017	40.0732163012465	3.99264314604549	19.9391116045427	37.9133440544275	2.45424702638255	23.7026135610443	39.9501012914135	3	2
5.05837109356232	28.689101091974	43.2478348141993	4.46513152499354	23.541518193017	40.0732163012465	2.98147105372878	28.2290663910483	43.1304508779742	3	2
5.89279235133379	31.3936938930633	46.3915587762852	5.05837109356232	28.689101091974	43.2478348141993	3.31326352988711	31.077652409103	45.1319075826042	3	2
4.79759184315053	33.6854025336241	47.6883676937728	5.89279235133379	31.3936938930633	46.3915587762852	3.66966255197892	34.1374965711346	47.2817972381756	3	2
6.12576007487312	36.6003653329446	49.5039219394109	4.79759184315053	33.6854025336241	47.6883676937728	4.00005705595415	36.9740803760574	49.274821018614	3	2
0.506555110253681	6.32106839252906	26.1562540949795	0.0037021	2.3981	21.682	-1.46295230854117	1.94218361434798	21.9220799043343	3	2
0.857472498109624	9.99359385122562	30.3179507303226	0.506555110253681	6.32106839252906	26.1562540949795	-1.13794154988459	6.32626569878665	26.0804648292374	3	2
1.26706562006659	13.5101330259753	32.7887207417556	0.857472498109624	9.99359385122562	30.3179507303226	-1.8208118133418	9.52134677482522	30.4448971692819	3	2
1.7200281129809	17.3990175448731	35.5211058424853	1.26706562006659	13.5101330259753	32.7887207417556	-0.759972788858862	13.5852126243663	32.0483210168458	3	2
2.07684141822623	20.4624185120869	37.6734945595328	1.7200281129809	17.3990175448731	35.5211058424853	-1.2924174693996	15.7696159908334	36.9078722932221	3	2
2.45424702638255	23.7026135610443	39.9501012914135	2.07684141822623	20.4624185120869	37.6734945595328	-0.865002708471632	21.1631995868346	36.5597202648533	3	2
2.98147105372878	28.2290663910483	43.1304508779742	2.45424702638255	23.7026135610443	39.9501012914135	-0.0257494944983048	23.8728829249219	39.3900254013382	3	2
3.31326352988711	31.077652409103	45.1319075826042	2.98147105372878	28.2290663910483	43.1304508779742	1.8204566179412	28.4149281499451	42.3350952804754	3	2
3.66966255197892	34.1374965711346	47.2817972381756	3.31326352988711	31.077652409103	45.1319075826042	2.13029818591872	30.9189174079203	45.9196446481084	3	2
4.00005705595415	36.9740803760574	49.274821018614	3.66966255197892	34.1374965711346	47.2817972381756	2.14668207723336	34.2029486454355	47.8865505263134	3	2
4.62242510518047	42.3173869622624	53.0291035728606	4.00005705595415	36.9740803760574	49.274821018614	3.16394146219399	36.1864308726584	50.7093264433742	3	2
-1.46295230854117	1.94218361434798	21.9220799043343	-1.13794154988459	6.32626569878665	26.0804648292374	0.506555110253681	6.32106839252906	26.1562540949795	3	2
-1.13794154988459	6.32626569878665	26.0804648292374	-1.8208118133418	9.52134677482522	30.4448971692819	0.857472498109624	9.99359385122562	30.3179507303226	3	2
-1.8208118133418	9.52134677482522	30.4448971692819	-0.759972788858862	13.5852126243663	32.0483210168458	1.26706562006659	13.5101330259753	32.7887207417556	3	2
-0.759972788858862	13.5852126243663	32.0483210168458	-1.2924174693996	15.7696159908334	36.9078722932221	1.7200281129809	17.3990175448731	35.5211058424853	3	2
-1.2924174693996	15.7696159908334	36.9078722932221	-0.865002708471632	21.1631995868346	36.5597202648533	2.07684141822623	20.4624185120869	37.6734945595328	3	2
-0.865002708471632	21.1631995868346	36.5597202648533	-0.0257494944983048	23.8728829249219	39.3900254013382	2.45424702638255	23.7026135610443	39.9501012914135	3	2
-0.0257494944983048	23.8728829249219	39.3900254013382	1.8204566179412	28.4149281499451	42.3350952804754	2.98147105372878	28.2290663910483	43.1304508779742	3	2
1.8204566179412	28.4149281499451	42.3350952804754	2.13029818591872	30.9189174079203	45.9196446481084	3.31326352988711	31.077652409103	45.1319075826042	3	2
2.13029818591872	30.9189174079203	45.9196446481084	2.14668207723336	34.2029486454355	47.8865505263134	3.66966255197892	34.1374965711346	47.2817972381756	3	2
2.14668207723336	34.2029486454355	47.8865505263134	3.16394146219399	36.1864308726584	50.7093264433742	4.00005705595415	36.9740803760574	49.274821018614	3	2
0.23953	-1.8413	25.174	1.01301541555718	-4.46994181568676	28.7387205833197	1.00307963031886	-2.60414667284999	25.1303979511763	4	2
1.01301541555718	-4.46994181568676	28.7387205833197	1.90040310442688	-7.22739137825712	32.693850658554	1.6177502157471	-3.90686932247004	29.2251266393285	4	2
1.90040310442688	-7.22739137825712	32.693850658554	3.04382198535289	-10.140733660132	36.2957362274446	2.5484212861244	-5.2547929216585	33.4853684317052	4	2
3.04382198535289	-10.140733660132	36.2957362274446	4.05682017124091	-12.7217741656203	39.4867833650495	4.33786268822388	-10.0220704194118	36.8360856556991	4	2
4.05682017124091	-12.7217741656203	39.4867833650495	5.29320799147773	-15.8719940662869	43.3815305321213	4.30243201259749	-12.5465292248586	39.8564922290531	4	2
5.29320799147773	-15.8719940662869	43.3815305321213	6.32080592171684	-18.490233583644	46.6185683467781	7.17782090598272	-14.6510529681903	44.8233093769723	4	2
6.32080592171684	-18.490233583644	46.6185683467781	7.27538023549186	-20.9224146118777	49.6255743553157	6.90533545127333	-18.0368561792955	47.0729041788482	4	2
7.27538023549186	-20.9224146118777	49.6255743553157	8.28442435447513	-23.4933804627567	52.8041657807051	9.43836859730284	-20.1127110023696	50.917200838251	4	2
8.28442435447513	-23.4933804627567	52.8041657807051	9.32092504269197	-26.1343035142713	56.0692481869094	11.0229564993241	-23.3555246272437	54.2090778136253	4	2
9.32092504269197	-26.1343035142713	56.0692481869094	10.4169336880979	-28.9268482074073	59.5217867002403	11.3997023990068	-26.9684039591684	56.5974859654666	4	2
10.4169336880979	-28.9268482074073	59.5217867002403	11.7608388333997	-32.3510138810284	63.7552243577506	11.3359570715607	-27.5785035836665	60.5010740923156	4	2
1.6177502157471	-3.90686932247004	29.2251266393285	1.00307963031886	-2.60414667284999	25.1303979511763	1.01301541555718	-4.46994181568676	28.7387205833197	4	2
2.5484212861244	-5.2547929216585	33.4853684317052	1.6177502157471	-3.90686932247004	29.2251266393285	1.90040310442688	-7.22739137825712	32.693850658554	4	2
4.33786268822388	-10.0220704194118	36.8360856556991	2.5484212861244	-5.2547929216585	33.4853684317052	3.04382198535289	-10.140733660132	36.2957362274446	4	2
4.30243201259749	-12.5465292248586	39.8564922290531	4.33786268822388	-10.0220704194118	36.8360856556991	4.05682017124091	-12.7217741656203	39.4867833650495	4	2
7.17782090598272	-14.6510529681903	44.8233093769723	4.30243201259749	-12.5465292248586	39.8564922290531	5.29320799147773	-15.8719940662869	43.3815305321213	4	2
6.90533545127333	-18.0368561792955	47.0729041788482	7.17782090598272	-14.6510529681903	44.8233093769723	6.32080592171684	-18.490233583644	46.6185683467781	4	2
9.43836859730284	-20.1127110023696	50.917200838251	6.90533545127333	-18.0368561792955	47.0729041788482	7.27538023549186	-20.9224146118777	49.6255743553157	4	2
11.0229564993241	-23.3555246272437	54.2090778136253	9.43836859730284	-20.1127110023696	50.917200838251	8.28442435447513	-23.4933804627567	52.8041657807051	4	2
11.3997023990068	-26.9684039591684	56.5974859654666	11.0229564993241	-23.3555246272437	54.2090778136253	9.32092504269197	-26.1343035142713	56.0692481869094	4	2
11.3359570715607	-27.5785035836665	60.5010740923156	11.3997023990068	-26.9684039591684	56.5974859654666	10.4169336880979	-28.9268482074073	59.5217867002403	4	2
1.01301541555718	-4.46994181568676	28.7387205833197	0.23953	-1.8413	25.174	-1.71274782746644	-2.02821961767656	25.0072364853735	4	2
1.90040310442688	-7.22739137825712	32.693850658554	1.01301541555718	-4.46994181568676	28.7387205833197	-1.09820270303498	-3.97387613764456	28.9996481044759	4	2
3.04382198535289	-10.140733660132	36.2957362274446	1.90040310442688	-7.22739137825712	32.693850658554	-1.41535802531786	-6.7736607854512	32.8897825079964	4	2
4.05682017124091	-12.7217741656203	39.4867833650495	3.04382198535289	-10.140733660132	36.2957362274446	-0.0307204195926918	-11.0525096171449	35.4430587814519	4	2
5.29320799147773	-15.8719940662869	43.3815305321213	4.05682017124091	-12.7217741656203	39.4867833650495	-0.222908096843642	-11.7389694382591	40.4838293114504	4	2
6.32080592171684	-18.490233583644	46.6185683467781	5.29320799147773	-15.8719940662869	43.3815305321213	2.72935416942681	-15.8420273413856	42.5325850600481	4	2
7.27538023549186	-20.9224146118777	49.6255743553157	6.32080592171684	-18.490233583644	46.6185683467781	5.22155740205098	-17.976175760072	46.3322040926595	4	2
8.28442435447513	-23.4933804627567	52.8041657807051	7.27538023549186	-20.9224146118777	49.6255743553157	6.7309155598721	-21.207312969818	48.8731739614793	4	2
9.32092504269197	-26.1343035142713	56.0692481869094	8.28442435447513	-23.4933804627567	52.8041657807051	6.74723592394603	-23.3851098853449	51.8405163781139	4	2
10.4169336880979	-28.9268482074073	59.5217867002403	9.32092504269197	-26.1343035142713	56.0692481869094	8.15781664204869	-26.0037526322155	55.4790570690946	4	2
11.7608388333997	-32.3510138810284	63.7552243577506	10.4169336880979	-28.9268482074073	59.5217867002403	9.78475719978207	-29.0002456025865	58.8947398838051	4	2
-1.71274782746644	-2.02821961767656	25.0072364853735	-1.09820270303498	-3.97387613764456	28.9996481044759	1.01301541555718	-4.46994181568676	28.7387205833197	4	2
-1.09820270303498	-3.97387613764456	28.9996481044759	-1.41535802531786	-6.7736607854512	32.8897825079964	1.90040310442688	-7.22739137825712	32.693850658554	4	2
-1.41535802531786	-6.7736607854512	32.8897825079964	-0.0307204195926918	-11.0525096171449	35.4430587814519	3.04382198535289	-10.140733660132	36.2957362274446	4	2
-0.0307204195926918	-11.0525096171449	35.4430587814519	-0.222908096843642	-11.7389694382591	40.4838293114504	4.05682017124091	-12.7217741656203	39.4867833650495	4	2
-0.222908096843642	-11.7389694382591	40.4838293114504	2.72935416942681	-15.8420273413856	42.5325850600481	5.29320799147773	-15.8719940662869	43.3815305321213	4	2
2.72935416942681	-15.8420273413856	42.5325850600481	5.22155740205098	-17.976175760072	46.3322040926595	6.32080592171684	-18.490233583644	46.6185683467781	4	2
5.22155740205098	-17.976175760072	46.3322040926595	6.7309155598721	-21.207312969818	48.8731739614793	7.27538023549186	-20.9224146118777	49.6255743553157	4	2
6.7309155598721	-21.207312969818	48.8731739614793	6.74723592394603	-23.3851098853449	51.8405163781139	8.28442435447513	-23.4933804627567	52.8041657807051	4	2
6.74723592394603	-23.3851098853449	51.8405163781139	8.15781664204869	-26.0037526322155	55.4790570690946	9.32092504269197	-26.1343035142713	56.0692481869094	4	2
8.15781664204869	-26.0037526322155	55.4790570690946	9.78475719978207	-29.0002456025865	58.8947398838051	10.4169336880979	-28.9268482074073	59.5217867002403	4	2
-0.096448	-0.21984	26.534	-0.877907285836612	1.70383227295553	29.6375977219907	0.816480318643318	1.06291362615035	25.8559942242715	5	2
-0.877907285836612	1.70383227295553	29.6375977219907	-1.85873634875183	4.11828137738841	33.5330007205833	2.05584814104826	3.36930648502152	29.0443804311379	5	2
-1.85873634875183	4.11828137738841	33.5330007205833	-2.87618788939656	6.62288187710447	37.5738513970203	-0.153033360815332	3.94981186364544	33.3609334012466	5	2
-2.87618788939656	6.62288187710447	37.5738513970203	-3.66747622769731	8.57074974929004	40.7164856054793	-1.8278966846502	6.66138078604641	38.0340465300473	5	2
-3.66747622769731	8.57074974929004	40.7164856054793	-4.55050496437959	10.7444495539575	44.2234705825475	-0.521263172302342	9.38963425539844	40.7184785474826	5	2
-4.55050496437959	10.7444495539575	44.2234705825475	-5.88260406450121	14.0235994088212	49.5139569937202	-1.36359402463528	10.8035698033002	43.5514225777474	5	2
-5.88260406450121	14.0235994088212	49.5139569937202	-6.61863973034406	15.8354550332283	52.4371529390703	-3.93147964005077	13.0037269025944	49.0642570478054	5	2
2.05584814104826	3.36930648502152	29.0443804311379	0.816480318643318	1.06291362615035	25.8559942242715	-0.877907285836612	1.70383227295553	29.6375977219907	5	2
-0.153033360815332	3.94981186364544	33.3609334012466	2.05584814104826	3.36930648502152	29.0443804311379	-1.85873634875183	4.11828137738841	33.5330007205833	5	2
-1.8278966846502	6.66138078604641	38.0340465300473	-0.153033360815332	3.94981186364544	33.3609334012466	-2.87618788939656	6.62288187710447	37.5738513970203	5	2
-0.521263172302342	9.38963425539844	40.7184785474826	-1.8278966846502	6.66138078604641	38.0340465300473	-3.66747622769731	8.57074974929004	40.7164856054793	5	2
-1.36359402463528	10.8035698033002	43.5514225777474	-0.521263172302342	9.38963425539844	40.7184785474826	-4.55050496437959	10.7444495539575	44.2234705825475	5	2
-3.93147964005077	13.0037269025944	49.0642570478054	-1.36359402463528	10.8035698033002	43.5514225777474	-5.88260406450121	14.0235994088212	49.5139569937202	5	2
-0.877907285836612	1.70383227295553	29.6375977219907	-0.096448	-0.21984	26.534	-1.21685404422021	0.392534832119479	26.3717927638314	5	2
-1.85873634875183	4.11828137738841	33.5330007205833	-0.877907285836612	1.70383227295553	29.6375977219907	-2.84616473318066	-0.42938031302049	30.2103709752142	5	2
-2.87618788939656	6.62288187710447	37.5738513970203	-1.85873634875183	4.11828137738841	33.5330007205833	-4.35548134263293	2.67706541506979	34.2426817725268	5	2
-3.66747622769731	8.57074974929004	40.7164856054793	-2.87618788939656	6.62288187710447	37.5738513970203	-5.38778203611748	5.23691246867137	38.0152165644778	5	2
-4.55050496437959	10.7444495539575	44.2234705825475	-3.66747622769731	8.57074974929004	40.7164856054793	-5.30859197426519	6.23030582809289	41.7753296393664	5	2
-5.88260406450121	14.0235994088212	49.5139569937202	-4.55050496437959	10.7444495539575	44.2234705825475	-5.41150131285107	9.06845382002668	45.1850012361225	5	2
-6.61863973034406	15.8354550332283	52.4371529390703	-5.88260406450121	14.0235994088212	49.5139569937202	-6.55413999890829	13.8869906372586	49.5270391316251	5	2
-1.21685404422021	0.392534832119479	26.3717927638314	-2.84616473318066	-0.42938031302049	30.2103709752142	-0.877907285836612	1.70383227295553	29.6375977219907	5	2
-2.84616473318066	-0.42938031302049	30.2103709752142	-4.35548134263293	2.67706541506979	34.2426817725268	-1.85873634875183	4.11828137738841	33.5330007205833	5	2
-4.35548134263293	2.67706541506979	34.2426817725268	-5.38778203611748	5.23691246867137	38.0152165644778	-2.87618788939656	6.62288187710447	37.5738513970203	5	2
-5.38778203611748	5.23691246867137	38.0152165644778	-5.30859197426519	6.23030582809289	41.7753296393664	-3.66747622769731	8.57074974929004	40.7164856054793	5	2
-5.30859197426519	6.23030582809289	41.7753296393664	-5.41150131285107	9.06845382002668	45.1850012361225	-4.55050496437959	10.7444495539575	44.2234705825475	5	2
-5.41150131285107	9.06845382002668	45.1850012361225	-6.55413999890829	13.8869906372586	49.5270391316251	-5.88260406450121	14.0235994088212	49.5139569937202	5	2
0.66812	-1.503	30.237	0.528271782585215	-3.19050339432201	34.3741483933547	2.00331311520202	-0.969119232411876	30.6970193403724	6	2
0.528271782585215	-3.19050339432201	34.3741483933547	0.229621318567633	-5.15115144960542	38.2903294027765	1.95116176154583	-4.20830730758279	33.8368277517221	6	2
0.229621318567633	-5.15115144960542	38.2903294027765	-0.0506329204440095	-6.99102780978667	41.9652821012016	2.06388099946591	-5.44239490304593	38.7440679120073	6	2
-0.0506329204440095	-6.99102780978667	41.9652821012016	-0.374277702594	-9.11576421296749	46.2092117191365	1.48661153781236	-4.45997151290102	43.1520481891716	6	2
-0.374277702594	-9.11576421296749	46.2092117191365	-0.686093533319112	-11.1628432427251	50.2980291892171	0.705591407058162	-6.38682396269069	48.0530512665045	6	2
-0.686093533319112	-11.1628432427251	50.2980291892171	-1.02321637293017	-13.3760634433009	54.7186955580778	1.10471984076353	-9.83333863745806	51.9909408714322	6	2
-1.02321637293017	-13.3760634433009	54.7186955580778	-1.28609198816838	-15.1018486869089	58.1657636737172	-0.0126838339712317	-12.1548254048042	56.0279203825574	6	2
-1.28609198816838	-15.1018486869089	58.1657636737172	-1.84354040461161	-18.7615120234972	65.4755427138685	-0.605656006162403	-13.225119540001	60.7811940290388	6	2
-1.84354040461161	-18.7615120234972	65.4755427138685	-1.98212610570452	-19.6713307516606	67.2928065596916	-2.45928200618921	-17.8451128922658	66.686028530541	6	2
1.95116176154583	-4.20830730758279	33.8368277517221	2.00331311520202	-0.969119232411876	30.6970193403724	0.528271782585215	-3.19050339432201	34.3741483933547	6	2
2.06388099946591	-5.44239490304593	38.7440679120073	1.95116176154583	-4.20830730758279	33.8368277517221	0.229621318567633	-5.15115144960542	38.2903294027765	6	2
1.48661153781236	-4.45997151290102	43.1520481891716	2.06388099946591	-5.44239490304593	38.7440679120073	-0.0506329204440095	-6.99102780978667	41.9652821012016	6	2
0.705591407058162	-6.38682396269069	48.0530512665045	1.48661153781236	-4.45997151290102	43.1520481891716	-0.374277702594	-9.11576421296749	46.2092117191365	6	2
1.10471984076353	-9.83333863745806	51.9909408714322	0.705591407058162	-6.38682396269069	48.0530512665045	-0.686093533319112	-11.1628432427251	50.2980291892171	6	2
-0.0126838339712317	-12.1548254048042	56.0279203825574	1.10471984076353	-9.83333863745806	51.9909408714322	-1.02321637293017	-13.3760634433009	54.7186955580778	6	2
-0.605656006162403	-13.225119540001	60.7811940290388	-0.0126838339712317	-12.1548254048042	56.0279203825574	-1.28609198816838	-15.1018486869089	58.1657636737172	6	2
-2.45928200618921	-17.8451128922658	66.686028530541	-0.605656006162403	-13.225119540001	60.7811940290388	-1.84354040461161	-18.7615120234972	65.4755427138685	6	2
0.528271782585215	-3.19050339432201	34.3741483933547	0.66812	-1.503	30.237	-2.94687323426387	-1.19766080957956	30.602610108476	6	2
0.229621318567633	-5.15115144960542	38.2903294027765	0.528271782585215	-3.19050339432201	34.3741483933547	-1.51398366279224	-2.5373396622896	34.6761444777393	6	2
-0.0506329204440095	-6.99102780978667	41.9652821012016	0.229621318567633	-5.15115144960542	38.2903294027765	-3.05933635874879	-4.91155634072413	38.1773447245165	6	2
-0.374277702594	-9.11576421296749	46.2092117191365	-0.0506329204440095	-6.99102780978667	41.9652821012016	-3.84755179955623	-7.07592851917934	40.7127457045305	6	2
-0.686093533319112	-11.1628432427251	50.2980291892171	-0.374277702594	-9.11576421296749	46.2092117191365	-3.47100759986102	-9.19451743990542	44.7386744014804	6	2
-1.02321637293017	-13.3760634433009	54.7186955580778	-0.686093533319112	-11.1628432427251	50.2980291892171	-3.1641937244644	-9.79685951833635	49.0685605113522	6	2
-1.28609198816838	-15.1018486869089	58.1657636737172	-1.02321637293017	-13.3760634433009	54.7186955580778	-2.54076380852944	-13.0412735417835	53.4510099256956	6	2
-1.84354040461161	-18.7615120234972	65.4755427138685	-1.28609198816838	-15.1018486869089	58.1657636737172	-1.54624690435343	-14.8062506558135	57.2083872672828	6	2
-1.98212610570452	-19.6713307516606	67.2928065596916	-1.84354040461161	-18.7615120234972	65.4755427138685	-2.79980082668609	-17.4437324689142	64.9600402980673	6	2
-2.94687323426387	-1.19766080957956	30.602610108476	-1.51398366279224	-2.5373396622896	34.6761444777393	0.528271782585215	-3.19050339432201	34.3741483933547	6	2
-1.51398366279224	-2.5373396622896	34.6761444777393	-3.05933635874879	-4.91155634072413	38.1773447245165	0.229621318567633	-5.15115144960542	38.2903294027765	6	2
-3.05933635874879	-4.91155634072413	38.1773447245165	-3.84755179955623	-7.07592851917934	40.7127457045305	-0.0506329204440095	-6.99102780978667	41.9652821012016	6	2
-3.84755179955623	-7.07592851917934	40.7127457045305	-3.47100759986102	-9.19451743990542	44.7386744014804	-0.374277702594	-9.11576421296749	46.2092117191365	6	2
-3.47100759986102	-9.19451743990542	44.7386744014804	-3.1641937244644	-9.79685951833635	49.0685605113522	-0.686093533319112	-11.1628432427251	50.2980291892171	6	2
-3.1641937244644	-9.79685951833635	49.0685605113522	-2.54076380852944	-13.0412735417835	53.4510099256956	-1.02321637293017	-13.3760634433009	54.7186955580778	6	2
-2.54076380852944	-13.0412735417835	53.4510099256956	-1.54624690435343	-14.8062506558135	57.2083872672828	-1.28609198816838	-15.1018486869089	58.1657636737172	6	2
-1.54624690435343	-14.8062506558135	57.2083872672828	-2.79980082668609	-17.4437324689142	64.9600402980673	-1.84354040461161	-18.7615120234972	65.4755427138685	6	2
0.48025	-0.065238	32.487	0.48025	-0.0652379999999998	36.5079518069164	0.89608979090416	-0.034704529059744	32.5882347008546	7	2
0.48025	-0.0652379999999998	36.5079518069164	0.48025	-0.065238	41.1136476283965	2.29652576765665	0.904610640369078	35.568272464695	7	2
2.29652576765665	0.904610640369078	35.568272464695	0.89608979090416	-0.034704529059744	32.5882347008546	0.48025	-0.0652379999999998	36.5079518069164	7	2
0.48025	-0.0652379999999998	36.5079518069164	0.48025	-0.065238	32.487	-3.54086856736165	-1.454845237716	33.2821715025393	7	2
0.48025	-0.065238	41.1136476283965	0.48025	-0.0652379999999998	36.5079518069164	-1.38131788472932	0.253580969065893	37.5368504975114	7	2
-3.54086856736165	-1.454845237716	33.2821715025393	-1.38131788472932	0.253580969065893	37.5368504975114	0.48025	-0.0652379999999998	36.5079518069164	7	2
1.6541	2.9057	32.832	2.1333328196686	5.94894607672817	36.9938803612107	3.00665385423363	2.73857741664747	32.8099690324469	8	2
2.1333328196686	5.94894607672817	36.9938803612107	3.63439555650354	8.62349939425238	40.8178309076751	3.70485562186315	3.62324138137714	37.6781671448071	8	2
3.63439555650354	8.62349939425238	40.8178309076751	4.75872871673013	10.6268060581878	43.6820645582433	6.33213495792861	7.31076991540081	41.6914030325468	8	2
4.75872871673013	10.6268060581878	43.6820645582433	6.6535394765014	14.0029290404373	48.5090864158053	7.37614087946339	9.49125457216171	45.269643785545	8	2
6.6535394765014	14.0029290404373	48.5090864158053	7.91480894265504	16.2502251408695	51.7221646876081	8.59345324891555	12.9562092866613	50.3207402880041	8	2
7.91480894265504	16.2502251408695	51.7221646876081	9.36668306338377	18.8371355017317	55.4208074565737	10.3795868835844	15.9306586308919	53.9800999740166	8	2
9.36668306338377	18.8371355017317	55.4208074565737	11.0125495809422	21.7696963112951	59.6136449808039	11.2721589594532	18.3664416555752	56.8658759368503	8	2
11.0125495809422	21.7696963112951	59.6136449808039	12.3077827016679	24.0775079403468	62.9132455093208	11.9508121117355	20.6203441638419	61.317170755324	8	2
12.3077827016679	24.0775079403468	62.9132455093208	13.3801347587756	25.9881960691713	65.6450575343302	13.0581862201567	23.1486502721909	63.2739392738185	8	2
3.70485562186315	3.62324138137714	37.6781671448071	3.00665385423363	2.73857741664747	32.8099690324469	2.1333328196686	5.94894607672817	36.9938803612107	8	2
6.33213495792861	7.31076991540081	41.6914030325468	3.70485562186315	3.62324138137714	37.6781671448071	3.63439555650354	8.62349939425238	40.8178309076751	8	2
7.37614087946339	9.49125457216171	45.269643785545	6.33213495792861	7.31076991540081	41.6914030325468	4.75872871673013	10.6268060581878	43.6820645582433	8	2
8.59345324891555	12.9562092866613	50.3207402880041	7.37614087946339	9.49125457216171	45.269643785545	6.6535394765014	14.0029290404373	48.5090864158053	8	2
10.3795868835844	15.9306586308919	53.9800999740166	8.59345324891555	12.9562092866613	50.3207402880041	7.91480894265504	16.2502251408695	51.7221646876081	8	2
11.2721589594532	18.3664416555752	56.8658759368503	10.3795868835844	15.9306586308919	53.9800999740166	9.36668306338377	18.8371355017317	55.4208074565737	8	2
11.9508121117355	20.6203441638419	61.317170755324	11.2721589594532	18.3664416555752	56.8658759368503	11.0125495809422	21.7696963112951	59.6136449808039	8	2
13.0581862201567	23.1486502721909	63.2739392738185	11.9508121117355	20.6203441638419	61.317170755324	12.3077827016679	24.0775079403468	62.9132455093208	8	2
2.1333328196686	5.94894607672817	36.9938803612107	1.6541	2.9057	32.832	0.490085057774694	0.873741071609565	34.4046721399296	8	2
3.63439555650354	8.62349939425238	40.8178309076751	2.1333328196686	5.94894607672817	36.9938803612107	-0.2948715159306	5.83620072885603	37.152763569922	8	2
4.75872871673013	10.6268060581878	43.6820645582433	3.63439555650354	8.62349939425238	40.8178309076751	1.07431386094589	9.19942815614095	40.280950079837	8	2
6.6535394765014	14.0029290404373	48.5090864158053	4.75872871673013	10.6268060581878	43.6820645582433	1.06300810834499	10.7782180166662	42.8416008968711	8	2
7.91480894265504	16.2502251408695	51.7221646876081	6.6535394765014	14.0029290404373	48.5090864158053	3.46179326169901	13.8580218581114	47.1245154176961	8	2
9.36668306338377	18.8371355017317	55.4208074565737	7.91480894265504	16.2502251408695	51.7221646876081	6.08483535987466	16.7856623615869	49.6639294340483	8	2
11.0125495809422	21.7696963112951	59.6136449808039	9.36668306338377	18.8371355017317	55.4208074565737	6.97230234561318	18.8125084423937	53.8780470324258	8	2
12.3077827016679	24.0775079403468	62.9132455093208	11.0125495809422	21.7696963112951	59.6136449808039	9.77396591089733	21.563883428652	59.895851553435	8	2
13.3801347587756	25.9881960691713	65.6450575343302	12.3077827016679	24.0775079403468	62.9132455093208	11.8842495060109	24.2531042298548	63.4430044878079	8	2
0.490085057774694	0.873741071609565	34.4046721399296	-0.2948715159306	5.83620072885603	37.152763569922	2.1333328196686	5.94894607672817	36.9938803612107	8	2
-0.2948715159306	5.83620072885603	37.152763569922	1.07431386094589	9.19942815614095	40.280950079837	3.63439555650354	8.62349939425238	40.8178309076751	8	2
1.07431386094589	9.19942815614095	40.280950079837	1.06300810834499	10.7782180166662	42.8416008968711	4.75872871673013	10.6268060581878	43.6820645582433	8	2
1.06300810834499	10.7782180166662	42.8416008968711	3.46179326169901	13.8580218581114	47.1245154176961	6.6535394765014	14.0029290404373	48.5090864158053	8	2
3.46179326169901	13.8580218581114	47.1245154176961	6.08483535987466	16.7856623615869	49.6639294340483	7.91480894265504	16.2502251408695	51.7221646876081	8	2
6.08483535987466	16.7856623615869	49.6639294340483	6.97230234561318	18.8125084423937	53.8780470324258	9.36668306338377	18.8371355017317	55.4208074565737	8	2
6.97230234561318	18.8125084423937	53.8780470324258	9.77396591089733	21.563883428652	59.895851553435	11.0125495809422	21.7696963112951	59.6136449808039	8	2
9.77396591089733	21.563883428652	59.895851553435	11.8842495060109	24.2531042298548	63.4430044878079	12.3077827016679	24.0775079403468	62.9132455093208	8	2
