-0.3475	-0.70784	0.031499	-0.41155	-0.34074	1.0263	-0.22515	-0.60134	1.8261	0	0
-0.41155	-0.34074	0	-0.087748	-0.21784	1.0423	-0.37868	0.45443	1.0936	0	0
-0.41155	-0.34074	0	-0.087748	-0.21784	1.0423	-0.1292	-0.21974	1.7978	0	0
-0.41155	-0.34074	0	-0.37868	0.45443	1.0936	-0.36431	0.45368	1.7658	0	0
-0.41155	-0.34074	0	-0.22515	-0.60134	1.8261	-0.1292	-0.21974	1.7978	0	0
-0.087748	-0.21784	0.015999	-0.37868	0.45443	1.0936	0.077885	0.65153	1.042	0	0
-0.087748	-0.21784	0.015999	0.077885	0.65153	1.042	0.58995	0.54246	1.7331	0	0
-0.087748	-0.21784	0.015999	-0.1292	-0.21974	1.7978	0.58995	0.54246	1.7331	0	0
-0.37868	0.45443	0.0673	0.077885	0.65153	1.042	0.090202	1.1281	1.0615	0	0
-0.37868	0.45443	0.0673	-0.36431	0.45368	1.7658	-0.23335	1.161	2.1406	0	0
-0.37868	0.45443	0.0673	0.090202	1.1281	1.0615	-0.23335	1.161	2.1406	0	0
-0.22515	-0.60134	0.79975	-0.1292	-0.21974	1.7978	0.21832	-0.029304	2.3827	0	0
-0.22515	-0.60134	0.79975	-0.15305	-0.60444	2.5182	0.21832	-0.029304	2.3827	0	0
0.077885	0.65153	0.015633	0.090202	1.1281	1.0615	0.65045	1.0875	1.0299	0	0
0.077885	0.65153	0.015633	0.65045	1.0875	1.0299	0.58995	0.54246	1.7331	0	0
-0.1292	-0.21974	0.77145	-0.36431	0.45368	1.7658	-0.53225	-0.15794	2.129	0	0
-0.1292	-0.21974	0.77145	-0.36431	0.45368	1.7658	0.17911	0.61674	1.8577	0	0
-0.1292	-0.21974	0.77145	-0.53225	-0.15794	2.129	-0.15305	-0.60444	2.5182	0	0
-0.1292	-0.21974	0.77145	0.58995	0.54246	1.7331	0.21832	-0.029304	2.3827	0	0
-0.36431	0.45368	0.7395	-0.53225	-0.15794	2.129	-0.33152	0.41281	2.5918	0	0
-0.36431	0.45368	0.7395	-0.33152	0.41281	2.5918	-0.23335	1.161	2.1406	0	0
0.090202	1.1281	0.03515	0.65045	1.0875	1.0299	0.2262	1.2084	1.817	0	0
0.090202	1.1281	0.03515	0.2262	1.2084	1.817	-0.23335	1.161	2.1406	0	0
-0.53225	-0.15794	1.1027	-0.33152	0.41281	2.5918	-0.13415	-0.24834	3.0499	0	0
0.65045	1.0875	0.003549	0.58995	0.54246	1.7331	0.65255	1.1118	1.7913	0	0
0.65045	1.0875	0.003549	0.2262	1.2084	1.817	0.65255	1.1118	1.7913	0	0
0.58995	0.54246	0.7068	0.17911	0.61674	1.8577	0.21832	-0.029304	2.3827	0	0
0.58995	0.54246	0.7068	0.17911	0.61674	1.8577	0.65255	1.1118	1.7913	0	0
0.17911	0.61674	0.83138	0.21832	-0.029304	2.3827	0.1928	0.65786	2.5434	0	0
0.17911	0.61674	0.83138	0.2262	1.2084	1.817	0.65255	1.1118	1.7913	0	0
0.17911	0.61674	0.83138	0.2262	1.2084	1.817	-0.23335	1.161	2.1406	0	0
0.17911	0.61674	0.83138	0.1928	0.65786	2.5434	-0.23335	1.161	2.1406	0	0
-0.15305	-0.60444	1.4919	0.21832	-0.029304	2.3827	-0.13415	-0.24834	3.0499	0	0
-0.15305	-0.60444	1.4919	-0.13415	-0.24834	3.0499	-0.20925	-0.38654	3.2845	0	0
0.21832	-0.029304	1.3563	0.1928	0.65786	2.5434	0.019302	0.37346	3.2258	0	0
0.21832	-0.029304	1.3563	-0.13415	-0.24834	3.0499	0.019302	0.37346	3.2258	0	0
-0.33152	0.41281	1.5654	0.019302	0.37346	3.2258	-0.19325	0.5944	3.2322	0	0
-0.33152	0.41281	1.5654	-0.19325	0.5944	3.2322	-0.24735	1.2865	3.1824	0	0
-0.33152	0.41281	1.5654	-0.23335	1.161	2.1406	-0.24735	1.2865	3.1824	0	0
0.1928	0.65786	1.5171	0.19635	1.1336	2.5602	0.59565	1.1524	2.462	0	0
0.1928	0.65786	1.5171	0.19635	1.1336	2.5602	-0.23335	1.161	2.1406	0	0
0.1928	0.65786	1.5171	0.59565	1.1524	2.462	0.58445	0.89706	3.0215	0	0
0.1928	0.65786	1.5171	0.019302	0.37346	3.2258	0.58445	0.89706	3.0215	0	0
-0.13415	-0.24834	2.0236	-0.20925	-0.38654	3.2845	0.019302	0.37346	3.2258	0	0
0.19635	1.1336	1.5339	0.58445	0.89706	3.0215	0.088202	1.1438	3.2618	0	0
0.19635	1.1336	1.5339	0.088202	1.1438	3.2618	-0.24735	1.2865	3.1824	0	0
0.19635	1.1336	1.5339	-0.23335	1.161	2.1406	-0.24735	1.2865	3.1824	0	0
-0.20925	-0.38654	2.2582	0.019302	0.37346	3.2258	-0.16545	-0.28084	4.0561	0	0
-0.20925	-0.38654	2.2582	-0.35048	-0.63784	3.8856	-0.16545	-0.28084	4.0561	0	0
0.019302	0.37346	2.1995	-0.19325	0.5944	3.2322	0.19198	0.45409	3.8968	0	0
0.019302	0.37346	2.1995	0.58445	0.89706	3.0215	0.5727	0.89226	3.8548	0	0
0.019302	0.37346	2.1995	-0.16545	-0.28084	4.0561	0.19198	0.45409	3.8968	0	0
-0.19325	0.5944	2.2059	0.19198	0.45409	3.8968	-0.17965	0.74516	4.0608	0	0
-0.19325	0.5944	2.2059	-0.24735	1.2865	3.1824	-0.17965	0.74516	4.0608	0	0
0.58445	0.89706	1.9952	0.088202	1.1438	3.2618	0.5727	0.89226	3.8548	0	0
0.088202	1.1438	2.2354	-0.24735	1.2865	3.1824	0.11245	1.1443	4.0705	0	0
0.088202	1.1438	2.2354	0.5727	0.89226	3.8548	0.11245	1.1443	4.0705	0	0
-0.35048	-0.63784	2.8592	-0.16545	-0.28084	4.0561	-0.2666	-0.57164	4.7374	0	0
-0.16545	-0.28084	3.0298	0.19198	0.45409	3.8968	0.12835	-0.030738	4.352	0	0
-0.16545	-0.28084	3.0298	0.12835	-0.030738	4.352	-0.15805	-0.24374	4.5619	0	0
-0.16545	-0.28084	3.0298	-0.15805	-0.24374	4.5619	-0.2666	-0.57164	4.7374	0	0
0.19198	0.45409	2.8704	0.5727	0.89226	3.8548	0.2311	0.63296	4.6118	0	0
0.19198	0.45409	2.8704	-0.17965	0.74516	4.0608	-0.1763	0.49556	4.57	0	0
0.19198	0.45409	2.8704	0.12835	-0.030738	4.352	0.2311	0.63296	4.6118	0	0
-0.24735	1.2865	2.1561	-0.17965	0.74516	4.0608	-0.41335	1.134	4.6148	0	0
-0.24735	1.2865	2.1561	0.11245	1.1443	4.0705	-0.41335	1.134	4.6148	0	0
0.5727	0.89226	2.8285	0.11245	1.1443	4.0705	0.23795	1.2918	4.5479	0	0
0.5727	0.89226	2.8285	0.2311	0.63296	4.6118	0.60185	0.89616	4.6843	0	0
0.5727	0.89226	2.8285	0.23795	1.2918	4.5479	0.60185	0.89616	4.6843	0	0
-0.17965	0.74516	3.0345	-0.1763	0.49556	4.57	-0.41335	1.134	4.6148	0	0
0.12835	-0.030738	3.3257	-0.1763	0.49556	4.57	-0.15805	-0.24374	4.5619	0	0
0.12835	-0.030738	3.3257	0.2311	0.63296	4.6118	-0.13315	-0.26594	5.0635	0	0
0.11245	1.1443	3.0442	-0.41335	1.134	4.6148	0.23795	1.2918	4.5479	0	0
-0.1763	0.49556	3.5437	-0.15805	-0.24374	4.5619	-0.13315	-0.26594	5.0635	0	0
-0.1763	0.49556	3.5437	-0.13315	-0.26594	5.0635	-0.39075	0.5507	5.3515	0	0
-0.1763	0.49556	3.5437	-0.41335	1.134	4.6148	-0.39075	0.5507	5.3515	0	0
-0.15805	-0.24374	3.5356	-0.2666	-0.57164	4.7374	-0.13315	-0.26594	5.0635	0	0
-0.2666	-0.57164	3.7111	-0.13315	-0.26594	5.0635	-0.40125	-0.59064	5.3859	0	0
0.2311	0.63296	3.5854	-0.13315	-0.26594	5.0635	0.035852	0.38686	5.6041	0	0
0.2311	0.63296	3.5854	0.035852	0.38686	5.6041	0.60185	0.89616	4.6843	0	0
-0.13315	-0.26594	4.0372	-0.36955	-0.2854	5.3799	-0.40125	-0.59064	5.3859	0	0
-0.13315	-0.26594	4.0372	-0.36955	-0.2854	5.3799	0.035852	0.38686	5.6041	0	0
-0.41335	1.134	3.5884	0.23795	1.2918	4.5479	-0.40672	1.1238	5.295	0	0
-0.41335	1.134	3.5884	-0.39075	0.5507	5.3515	-0.40672	1.1238	5.295	0	0
0.23795	1.2918	3.5216	0.2735	1.0969	5.3112	0.60185	0.89616	4.6843	0	0
0.23795	1.2918	3.5216	0.2735	1.0969	5.3112	-0.40672	1.1238	5.295	0	0
-0.36955	-0.2854	4.3535	-0.40125	-0.59064	5.3859	-0.32761	-0.32944	6.058	0	0
-0.36955	-0.2854	4.3535	0.035852	0.38686	5.6041	-0.32761	-0.32944	6.058	0	0
-0.40125	-0.59064	4.3596	-0.32761	-0.32944	6.058	-0.45215	-0.71554	6.0998	0	0
-0.39075	0.5507	4.3252	0.035852	0.38686	5.6041	0.2735	1.0969	5.3112	0	0
-0.39075	0.5507	4.3252	0.2735	1.0969	5.3112	-0.40672	1.1238	5.295	0	0
0.035852	0.38686	4.5778	0.2735	1.0969	5.3112	0.32645	1.112	6.0266	0	0
0.035852	0.38686	4.5778	-0.32761	-0.32944	6.058	-0.1037	0.50781	6.0765	0	0
0.035852	0.38686	4.5778	0.32645	1.112	6.0266	-0.1037	0.50781	6.0765	0	0
0.2735	1.0969	4.2849	0.60185	0.89616	4.6843	0.32645	1.112	6.0266	0	0
-0.32761	-0.32944	5.0317	-0.45215	-0.71554	6.0998	-0.3167	-0.29826	6.6523	0	0
-0.32761	-0.32944	5.0317	-0.1037	0.50781	6.0765	-0.3167	-0.29826	6.6523	0	0
0.32645	1.112	5.0003	-0.1037	0.50781	6.0765	0.30095	1.1021	6.8031	0	0
-0.45215	-0.71554	5.0735	-0.3167	-0.29826	6.6523	-0.59195	-0.91369	6.7385	0	0
-0.1037	0.50781	5.0502	-0.3167	-0.29826	6.6523	-0.13598	0.39563	6.7364	0	0
-0.1037	0.50781	5.0502	-0.13598	0.39563	6.7364	0.30095	1.1021	6.8031	0	0
-0.3167	-0.29826	5.6259	-0.13598	0.39563	6.7364	-0.42788	-0.25034	7.4039	0	0
-0.3167	-0.29826	5.6259	-0.59195	-0.91369	6.7385	-0.42788	-0.25034	7.4039	0	0
-0.13598	0.39563	5.7101	0.30095	1.1021	6.8031	-0.11615	0.77816	7.5529	0	0
-0.13598	0.39563	5.7101	-0.42788	-0.25034	7.4039	-0.11615	0.77816	7.5529	0	0
-0.59195	-0.91369	5.7121	-0.42788	-0.25034	7.4039	-0.56585	-0.73734	7.548	0	0
-0.59195	-0.91369	5.7121	-0.94701	-1.0701	7.415	-0.56585	-0.73734	7.548	0	0
0.30095	1.1021	5.7767	-0.11615	0.77816	7.5529	0.2734	1.0952	7.5373	0	0
-0.42788	-0.25034	6.3776	-0.56585	-0.73734	7.548	-0.4124	-0.22374	8.0443	0	0
-0.42788	-0.25034	6.3776	-0.54988	0.3956	7.5862	-0.11615	0.77816	7.5529	0	0
-0.42788	-0.25034	6.3776	-0.54988	0.3956	7.5862	-0.4124	-0.22374	8.0443	0	0
-0.94701	-1.0701	6.3887	-0.56585	-0.73734	7.548	-0.62795	-0.78214	8.0021	0	0
-0.94701	-1.0701	6.3887	-0.62795	-0.78214	8.0021	-1.0538	-0.90764	8.1021	0	0
-0.56585	-0.73734	6.5217	-0.4124	-0.22374	8.0443	-0.62795	-0.78214	8.0021	0	0
-0.54988	0.3956	6.5599	-0.11615	0.77816	7.5529	-0.51378	1.1669	7.4114	0	0
-0.54988	0.3956	6.5599	-0.51378	1.1669	7.4114	-0.4791	1.2056	8.0208	0	0
-0.54988	0.3956	6.5599	-0.4124	-0.22374	8.0443	-0.4438	0.46864	8.0486	0	0
-0.54988	0.3956	6.5599	-0.4438	0.46864	8.0486	-0.4791	1.2056	8.0208	0	0
-0.11615	0.77816	6.5266	-0.51378	1.1669	7.4114	0.2734	1.0952	7.5373	0	0
-0.51378	1.1669	6.385	0.2734	1.0952	7.5373	0.026352	1.5502	7.4657	0	0
-0.51378	1.1669	6.385	0.026352	1.5502	7.4657	-0.28695	1.5502	7.7489	0	0
-0.51378	1.1669	6.385	-0.28695	1.5502	7.7489	-0.4791	1.2056	8.0208	0	0
0.2734	1.0952	6.511	-0.4124	-0.22374	8.0443	0.2581	1.0921	8.0847	0	0
0.2734	1.0952	6.511	0.026352	1.5502	7.4657	0.2581	1.0921	8.0847	0	0
-0.4124	-0.22374	7.0179	-0.62795	-0.78214	8.0021	-0.89135	-0.40644	8.3197	0	0
-0.4124	-0.22374	7.0179	-0.4438	0.46864	8.0486	-0.89135	-0.40644	8.3197	0	0
-0.4124	-0.22374	7.0179	0.2581	1.0921	8.0847	0.18565	0.81736	8.7878	0	0
-0.4124	-0.22374	7.0179	0.18565	0.81736	8.7878	-0.4245	-0.22426	8.8192	0	0
-0.62795	-0.78214	6.9758	-1.0538	-0.90764	8.1021	-0.89135	-0.40644	8.3197	0	0
-0.4438	0.46864	7.0223	-0.4791	1.2056	8.0208	-0.46324	0.48506	8.815	0	0
-0.4438	0.46864	7.0223	-0.89135	-0.40644	8.3197	-0.46324	0.48506	8.815	0	0
-1.0538	-0.90764	7.0758	-0.89135	-0.40644	8.3197	-0.54655	-0.74849	8.802	0	0
-1.0538	-0.90764	7.0758	-0.54655	-0.74849	8.802	-0.85995	-1.0273	9.7054	0	0
0.026352	1.5502	6.4394	-0.28695	1.5502	7.7489	-0.034448	1.5586	8.1141	0	0
0.026352	1.5502	6.4394	0.2581	1.0921	8.0847	-0.034448	1.5586	8.1141	0	0
-0.28695	1.5502	6.7226	-0.31265	1.5695	7.8874	-0.4791	1.2056	8.0208	0	0
-0.28695	1.5502	6.7226	-0.31265	1.5695	7.8874	-0.034448	1.5586	8.1141	0	0
0.2581	1.0921	7.0584	-0.034448	1.5586	8.1141	0.038052	1.586	8.4944	0	0
0.2581	1.0921	7.0584	0.038052	1.586	8.4944	0.15865	1.3202	8.8175	0	0
0.2581	1.0921	7.0584	0.18565	0.81736	8.7878	0.15865	1.3202	8.8175	0	0
-0.31265	1.5695	6.8611	-0.4791	1.2056	8.0208	-0.16725	1.5609	8.5345	0	0
-0.31265	1.5695	6.8611	-0.034448	1.5586	8.1141	-0.16725	1.5609	8.5345	0	0
-0.4791	1.2056	6.9945	-0.16725	1.5609	8.5345	-0.43757	1.192	8.8144	0	0
-0.4791	1.2056	6.9945	-0.46324	0.48506	8.815	-0.43757	1.192	8.8144	0	0
-0.89135	-0.40644	7.2934	-0.54655	-0.74849	8.802	-0.4245	-0.22426	8.8192	0	0
-0.89135	-0.40644	7.2934	-0.4245	-0.22426	8.8192	-0.46324	0.48506	8.815	0	0
-0.034448	1.5586	7.0878	0.038052	1.586	8.4944	-0.16725	1.5609	8.5345	0	0
0.038052	1.586	7.4681	-0.16725	1.5609	8.5345	-0.2822	1.5457	9.3801	0	0
0.038052	1.586	7.4681	0.15865	1.3202	8.8175	-0.2822	1.5457	9.3801	0	0
-0.16725	1.5609	7.5082	-0.43757	1.192	8.8144	-0.2822	1.5457	9.3801	0	0
0.18565	0.81736	7.7615	-0.4245	-0.22426	8.8192	0.099852	0.53146	9.6678	0	0
0.18565	0.81736	7.7615	0.15865	1.3202	8.8175	0.1686	1.0787	9.5365	0	0
0.18565	0.81736	7.7615	0.1686	1.0787	9.5365	0.099852	0.53146	9.6678	0	0
-0.54655	-0.74849	7.7756	-0.4245	-0.22426	8.8192	-0.54215	-0.73694	9.5497	0	0
-0.54655	-0.74849	7.7756	-0.54215	-0.73694	9.5497	-0.85995	-1.0273	9.7054	0	0
-0.4245	-0.22426	7.7929	-0.54215	-0.73694	9.5497	-0.40325	-0.23239	9.5557	0	0
-0.4245	-0.22426	7.7929	-0.40325	-0.23239	9.5557	0.099852	0.53146	9.6678	0	0
-0.46324	0.48506	7.7886	-0.43757	1.192	8.8144	-0.50717	0.49754	9.5691	0	0
-0.46324	0.48506	7.7886	-0.40325	-0.23239	9.5557	-0.50717	0.49754	9.5691	0	0
-0.43757	1.192	7.7881	-0.2822	1.5457	9.3801	-0.4315	1.1788	9.5592	0	0
-0.43757	1.192	7.7881	-0.50717	0.49754	9.5691	-0.4315	1.1788	9.5592	0	0
0.15865	1.3202	7.7912	-0.2822	1.5457	9.3801	0.1686	1.0787	9.5365	0	0
-0.54215	-0.73694	8.5234	-0.40325	-0.23239	9.5557	-0.39457	-0.35364	10.274	0	0
-0.54215	-0.73694	8.5234	-0.85995	-1.0273	9.7054	-0.65628	-0.8273	10.225	0	0
-0.54215	-0.73694	8.5234	-0.65628	-0.8273	10.225	-0.39457	-0.35364	10.274	0	0
-0.40325	-0.23239	8.5294	-0.50717	0.49754	9.5691	-0.50472	0.53016	10.263	0	0
-0.40325	-0.23239	8.5294	-0.39457	-0.35364	10.274	-0.50472	0.53016	10.263	0	0
-0.2822	1.5457	8.3537	0.1686	1.0787	9.5365	-0.016698	1.5936	10.331	0	0
-0.2822	1.5457	8.3537	-0.4315	1.1788	9.5592	-0.25145	1.5798	10.313	0	0
-0.2822	1.5457	8.3537	-0.25145	1.5798	10.313	-0.016698	1.5936	10.331	0	0
0.1686	1.0787	8.5102	0.099852	0.53146	9.6678	0.23665	0.83626	10.139	0	0
0.1686	1.0787	8.5102	0.23665	0.83626	10.139	0.10795	1.333	10.31	0	0
0.1686	1.0787	8.5102	-0.016698	1.5936	10.331	0.10795	1.333	10.31	0	0
-0.50717	0.49754	8.5427	-0.4315	1.1788	9.5592	-0.50472	0.53016	10.263	0	0
0.099852	0.53146	8.6415	-0.39457	-0.35364	10.274	0.23665	0.83626	10.139	0	0
-0.65628	-0.8273	9.1986	-0.39457	-0.35364	10.274	-0.42485	-0.68119	11.11	0	0
-0.39457	-0.35364	9.2478	0.23665	0.83626	10.139	0.17135	0.54336	11.136	0	0
-0.39457	-0.35364	9.2478	-0.50472	0.53016	10.263	-0.35848	-0.20897	10.899	0	0
-0.39457	-0.35364	9.2478	-0.35848	-0.20897	10.899	-0.42485	-0.68119	11.11	0	0
-0.4315	1.1788	8.5329	-0.50472	0.53016	10.263	-0.4806	1.1799	10.32	0	0
-0.4315	1.1788	8.5329	-0.4806	1.1799	10.32	-0.25145	1.5798	10.313	0	0
0.23665	0.83626	9.1124	0.10795	1.333	10.31	0.21739	1.0475	10.913	0	0
0.23665	0.83626	9.1124	0.21739	1.0475	10.913	0.17135	0.54336	11.136	0	0
-0.50472	0.53016	9.2364	-0.4806	1.1799	10.32	-0.40839	0.43862	10.972	0	0
-0.50472	0.53016	9.2364	-0.35848	-0.20897	10.899	-0.40839	0.43862	10.972	0	0
-0.4806	1.1799	9.2938	-0.25145	1.5798	10.313	-0.36515	1.6128	11.053	0	0
-0.4806	1.1799	9.2938	-0.36515	1.6128	11.053	-0.52258	1.2767	11.081	0	0
-0.4806	1.1799	9.2938	-0.52258	1.2767	11.081	-0.40839	0.43862	10.972	0	0
-0.35848	-0.20897	9.8729	-0.40839	0.43862	10.972	-0.3805	-0.25454	11.548	0	0
-0.35848	-0.20897	9.8729	-0.42485	-0.68119	11.11	-0.3805	-0.25454	11.548	0	0
-0.25145	1.5798	9.2866	-0.016698	1.5936	10.331	-0.36515	1.6128	11.053	0	0
-0.016698	1.5936	9.3044	0.10795	1.333	10.31	-0.012848	1.6031	11.064	0	0
-0.016698	1.5936	9.3044	-0.012848	1.6031	11.064	-0.36515	1.6128	11.053	0	0
0.10795	1.333	9.284	0.21739	1.0475	10.913	-0.012848	1.6031	11.064	0	0
0.21739	1.0475	9.8871	-0.012848	1.6031	11.064	0.2639	1.1164	11.541	0	0
0.21739	1.0475	9.8871	0.17135	0.54336	11.136	0.2639	1.1164	11.541	0	0
-0.36515	1.6128	10.026	-0.52258	1.2767	11.081	-0.51385	1.2237	11.577	0	0
-0.52258	1.2767	10.054	-0.40839	0.43862	10.972	-0.47425	0.49099	11.542	0	0
-0.52258	1.2767	10.054	-0.47425	0.49099	11.542	-0.51385	1.2237	11.577	0	0
-0.40839	0.43862	9.946	-0.3805	-0.25454	11.548	-0.47425	0.49099	11.542	0	0
0.17135	0.54336	10.11	0.14235	0.54886	11.383	0.2639	1.1164	11.541	0	0
-0.42485	-0.68119	10.083	-0.3805	-0.25454	11.548	-0.73568	-0.83094	11.678	0	0
-0.3805	-0.25454	10.522	-0.73568	-0.83094	11.678	-0.96105	-0.55514	11.959	0	0
-0.3805	-0.25454	10.522	-0.47425	0.49099	11.542	-0.45897	0.4671	12.308	0	0
-0.3805	-0.25454	10.522	-0.96105	-0.55514	11.959	-0.37735	-0.30974	12.377	0	0
-0.3805	-0.25454	10.522	-0.37735	-0.30974	12.377	-0.45897	0.4671	12.308	0	0
-0.73568	-0.83094	10.652	-0.96105	-0.55514	11.959	-0.86515	-0.80664	12.027	0	0
-0.47425	0.49099	10.516	-0.51385	1.2237	11.577	-0.46937	1.2148	12.265	0	0
-0.47425	0.49099	10.516	-0.45897	0.4671	12.308	-0.46937	1.2148	12.265	0	0
-0.96105	-0.55514	10.932	-0.86515	-0.80664	12.027	-0.37735	-0.30974	12.377	0	0
-0.86515	-0.80664	11.001	-0.68505	-0.91876	12.451	-0.37735	-0.30974	12.377	0	0
-0.68505	-0.91876	11.424	-0.37735	-0.30974	12.377	-0.6718	-0.79579	12.916	0	0
-0.37735	-0.30974	11.351	-0.45897	0.4671	12.308	-0.45517	0.47934	13.071	0	0
-0.37735	-0.30974	11.351	-0.6718	-0.79579	12.916	-0.38811	-0.35657	12.961	0	0
-0.37735	-0.30974	11.351	-0.38811	-0.35657	12.961	-0.45517	0.47934	13.071	0	0
-0.45897	0.4671	11.282	-0.46937	1.2148	12.265	-0.3675	1.1734	13.003	0	0
-0.45897	0.4671	11.282	-0.45517	0.47934	13.071	-0.3675	1.1734	13.003	0	0
-0.6718	-0.79579	11.89	-0.38811	-0.35657	12.961	-0.42152	-0.31249	13.655	0	0
-0.6718	-0.79579	11.89	-0.42152	-0.31249	13.655	-0.48425	-0.71459	13.816	0	0
-0.38811	-0.35657	11.934	-0.45517	0.47934	13.071	-0.42152	-0.31249	13.655	0	0
-0.46937	1.2148	11.239	0.3201	1.1734	12.319	0.44915	1.7967	12.608	0	0
-0.46937	1.2148	11.239	-0.3675	1.1734	13.003	0.27305	1.7982	12.942	0	0
-0.46937	1.2148	11.239	0.44915	1.7967	12.608	0.27305	1.7982	12.942	0	0
-0.45517	0.47934	12.045	-0.3675	1.1734	13.003	-0.41085	1.0843	13.778	0	0
-0.45517	0.47934	12.045	-0.42152	-0.31249	13.655	-0.4279	0.48226	13.809	0	0
-0.45517	0.47934	12.045	-0.4279	0.48226	13.809	-0.41085	1.0843	13.778	0	0
-0.3675	1.1734	11.976	0.27305	1.7982	12.942	0.2212	1.1343	13.055	0	0
-0.42152	-0.31249	12.628	-0.48425	-0.71459	13.816	-0.34132	-0.30249	14.365	0	0
-0.42152	-0.31249	12.628	-0.4279	0.48226	13.809	-0.34132	-0.30249	14.365	0	0
-0.48425	-0.71459	12.79	-0.34132	-0.30249	14.365	-0.3805	-0.66844	14.533	0	0
-0.4279	0.48226	12.782	-0.34132	-0.30249	14.365	-0.45917	0.47431	14.571	0	0
-0.4279	0.48226	12.782	-0.41085	1.0843	13.778	-0.43095	1.0746	14.544	0	0
-0.4279	0.48226	12.782	-0.45917	0.47431	14.571	-0.43095	1.0746	14.544	0	0
-0.34132	-0.30249	13.339	-0.3805	-0.66844	14.533	-0.88565	-0.52164	15.158	0	0
-0.34132	-0.30249	13.339	-0.45917	0.47431	14.571	-0.88565	-0.52164	15.158	0	0
-0.3805	-0.66844	13.506	-0.45015	-0.71134	15.077	-0.88565	-0.52164	15.158	0	0
-0.45917	0.47431	13.544	-0.88565	-0.52164	15.158	-0.42075	0.48256	15.058	0	0
-0.45917	0.47431	13.544	-0.43095	1.0746	14.544	-0.42075	0.48256	15.058	0	0
-0.45015	-0.71134	14.05	-0.88565	-0.52164	15.158	-0.96415	-0.59844	15.237	0	0
-0.45015	-0.71134	14.05	-0.96415	-0.59844	15.237	-0.41911	-0.86022	15.823	0	0
-0.88565	-0.52164	14.132	-0.96415	-0.59844	15.237	-0.9813	-0.23194	15.939	0	0
-0.88565	-0.52164	14.132	-0.42075	0.48256	15.058	-0.9813	-0.23194	15.939	0	0
-0.36742	-0.36009	14.155	-0.42075	0.48256	15.058	0.16885	0.67156	15.048	0	0
-0.96415	-0.59844	14.211	-0.41911	-0.86022	15.823	-0.88385	-0.74594	16.35	0	0
-0.96415	-0.59844	14.211	-0.88385	-0.74594	16.35	-0.9813	-0.23194	15.939	0	0
-0.43095	1.0746	13.518	-0.42075	0.48256	15.058	-0.24235	1.0866	15.056	0	0
-0.42075	0.48256	14.032	0.16885	0.67156	15.048	-0.24235	1.0866	15.056	0	0
-0.42075	0.48256	14.032	-0.2845	1.1115	15.833	-0.41087	0.47619	15.805	0	0
-0.42075	0.48256	14.032	-0.41087	0.47619	15.805	-0.9813	-0.23194	15.939	0	0
0.16885	0.67156	14.021	-0.24235	1.0866	15.056	0.038752	1.0985	14.99	0	0
-0.2845	1.1115	14.806	0.086652	1.0978	15.893	-0.40285	1.0613	16.442	0	0
-0.2845	1.1115	14.806	-0.41087	0.47619	15.805	-0.40285	1.0613	16.442	0	0
0.15923	0.66041	14.794	0.086652	1.0978	15.893	0.19095	0.60506	16.561	0	0
0.086652	1.0978	14.867	-0.40285	1.0613	16.442	0.098052	1.2044	16.563	0	0
0.086652	1.0978	14.867	0.098052	1.2044	16.563	0.19095	0.60506	16.561	0	0
-0.41087	0.47619	14.779	-0.33885	0.3976	16.548	-0.40285	1.0613	16.442	0	0
-0.41087	0.47619	14.779	-0.33885	0.3976	16.548	-0.9813	-0.23194	15.939	0	0
-0.41911	-0.86022	14.797	-0.88385	-0.74594	16.35	-0.40575	-0.89959	16.375	0	0
0.0025521	-0.12704	15.073	-0.3584	-0.28179	16.533	-0.13335	-0.68374	16.621	0	0
0.0025521	-0.12704	15.073	-0.3584	-0.28179	16.533	-0.33885	0.3976	16.548	0	0
0.0025521	-0.12704	15.073	-0.13335	-0.68374	16.621	0.14772	-0.31664	17.336	0	0
0.0025521	-0.12704	15.073	-0.33885	0.3976	16.548	0.19095	0.60506	16.561	0	0
0.0025521	-0.12704	15.073	0.19095	0.60506	16.561	0.14772	-0.31664	17.336	0	0
-0.88385	-0.74594	15.324	-0.40575	-0.89959	16.375	-0.62545	-0.83467	17.168	0	0
-0.88385	-0.74594	15.324	-0.3584	-0.28179	16.533	-0.97425	-0.35344	16.392	0	0
-0.88385	-0.74594	15.324	-0.62545	-0.83467	17.168	-0.8889	-0.31899	17.315	0	0
-0.88385	-0.74594	15.324	-0.9813	-0.23194	15.939	-0.97425	-0.35344	16.392	0	0
-0.40575	-0.89959	15.348	-0.13335	-0.68374	16.621	-0.62545	-0.83467	17.168	0	0
-0.3584	-0.28179	15.506	-0.13335	-0.68374	16.621	-0.62545	-0.83467	17.168	0	0
-0.3584	-0.28179	15.506	-0.33885	0.3976	16.548	-0.97425	-0.35344	16.392	0	0
-0.3584	-0.28179	15.506	-0.62545	-0.83467	17.168	-0.42971	-0.24287	17.25	0	0
-0.13335	-0.68374	15.594	0.14772	-0.31664	17.336	0.13693	-0.69866	17.265	0	0
-0.33885	0.3976	15.521	-0.40285	1.0613	16.442	-0.38725	0.43935	17.265	0	0
-0.33885	0.3976	15.521	-0.42971	-0.24287	17.25	-0.38725	0.43935	17.265	0	0
-0.33885	0.3976	15.521	-0.9813	-0.23194	15.939	-0.97425	-0.35344	16.392	0	0
-0.40285	1.0613	15.416	0.098052	1.2044	16.563	-0.15665	1.2386	17.304	0	0
-0.40285	1.0613	15.416	-0.38725	0.43935	17.265	-0.15665	1.2386	17.304	0	0
0.098052	1.2044	15.537	0.19095	0.60506	16.561	0.2491	0.60551	17.313	0	0
0.098052	1.2044	15.537	0.2491	0.60551	17.313	0.062652	1.2484	17.309	0	0
0.098052	1.2044	15.537	-0.15665	1.2386	17.304	0.062652	1.2484	17.309	0	0
-0.62545	-0.83467	16.142	-0.8889	-0.31899	17.315	-0.29075	-0.65094	18.07	0	0
-0.62545	-0.83467	16.142	-0.29075	-0.65094	18.07	0.13693	-0.69866	17.265	0	0
-0.42971	-0.24287	16.224	-0.38725	0.43935	17.265	-0.62165	0.4732	17.91	0	0
-0.42971	-0.24287	16.224	-0.55715	-0.25834	18.062	-0.62165	0.4732	17.91	0	0
-0.42971	-0.24287	16.224	-0.55715	-0.25834	18.062	-0.29075	-0.65094	18.07	0	0
-0.38725	0.43935	16.239	0.2491	0.60551	17.313	-0.15665	1.2386	17.304	0	0
-0.38725	0.43935	16.239	-0.62165	0.4732	17.91	-0.38205	1.0578	18.07	0	0
0.19095	0.60506	15.535	0.2491	0.60551	17.313	0.14772	-0.31664	17.336	0	0
-0.8889	-0.31899	16.288	-0.9936	0.070962	17.954	-0.34635	-0.56554	18.285	0	0
-0.8889	-0.31899	16.288	-0.29075	-0.65094	18.07	-0.34635	-0.56554	18.285	0	0
0.2491	0.60551	16.286	0.062652	1.2484	17.309	0.10355	1.2579	18.077	0	0
0.2491	0.60551	16.286	0.10355	1.2579	18.077	0.21259	0.4143	18.048	0	0
0.2491	0.60551	16.286	0.21259	0.4143	18.048	0.14772	-0.31664	17.336	0	0
-0.15665	1.2386	16.278	0.062652	1.2484	17.309	-0.073448	1.5697	17.597	0	0
0.062652	1.2484	16.282	-0.073448	1.5697	17.597	0.10355	1.2579	18.077	0	0
-0.9936	0.070962	16.928	-0.55715	-0.25834	18.062	-0.62165	0.4732	17.91	0	0
-0.9936	0.070962	16.928	-0.62165	0.4732	17.91	-0.57545	0.52846	18.614	0	0
-0.073448	1.5697	16.57	0.10355	1.2579	18.077	-0.23995	1.5602	18.699	0	0
-0.62165	0.4732	16.884	-0.38205	1.0578	18.07	-0.57545	0.52846	18.614	0	0
-0.38205	1.0578	17.044	-0.57545	0.52846	18.614	-0.45155	1.1916	18.521	0	0
0.10355	1.2579	17.05	0.21259	0.4143	18.048	0.16085	1.0296	18.564	0	0
0.10355	1.2579	17.05	-0.23995	1.5602	18.699	0.16085	1.0296	18.564	0	0
0.022952	-0.076438	17.013	0.21259	0.4143	18.048	0.14772	-0.31664	17.336	0	0
0.022952	-0.076438	17.013	0.21259	0.4143	18.048	0.083602	0.26871	18.527	0	0
0.022952	-0.076438	17.013	-0.29075	-0.65094	18.07	-0.34635	-0.56554	18.285	0	0
0.022952	-0.076438	17.013	-0.29075	-0.65094	18.07	0.14772	-0.31664	17.336	0	0
0.022952	-0.076438	17.013	-0.34635	-0.56554	18.285	-0.33482	-0.38494	18.527	0	0
0.022952	-0.076438	17.013	-0.33482	-0.38494	18.527	0.083602	0.26871	18.527	0	0
0.21259	0.4143	17.022	0.083602	0.26871	18.527	0.16085	1.0296	18.564	0	0
-0.29075	-0.65094	17.044	0.14772	-0.31664	17.336	0.13693	-0.69866	17.265	0	0
-0.34635	-0.56554	17.259	-0.33482	-0.38494	18.527	-0.30967	-0.65984	19.43	0	0
-0.33482	-0.38494	17.501	0.083602	0.26871	18.527	-0.3333	-0.25534	19.303	0	0
-0.33482	-0.38494	17.501	-0.3333	-0.25534	19.303	-0.30967	-0.65984	19.43	0	0
0.083602	0.26871	17.501	0.16085	1.0296	18.564	0.012912	0.41294	19.344	0	0
0.083602	0.26871	17.501	-0.3333	-0.25534	19.303	0.012912	0.41294	19.344	0	0
-0.57545	0.52846	17.588	-0.45155	1.1916	18.521	-0.46765	1.1308	19.26	0	0
-0.57545	0.52846	17.588	-0.3333	-0.25534	19.303	-0.70147	0.45576	19.303	0	0
-0.57545	0.52846	17.588	-0.70147	0.45576	19.303	-0.46765	1.1308	19.26	0	0
-0.45155	1.1916	17.494	-0.23995	1.5602	18.699	-0.46765	1.1308	19.26	0	0
-0.23995	1.5602	17.673	0.16085	1.0296	18.564	0.26243	1.0638	19.343	0	0
-0.23995	1.5602	17.673	-0.46765	1.1308	19.26	-0.2114	1.6082	19.361	0	0
-0.23995	1.5602	17.673	0.26243	1.0638	19.343	-0.015798	1.6102	19.449	0	0
-0.23995	1.5602	17.673	-0.2114	1.6082	19.361	-0.015798	1.6102	19.449	0	0
0.16085	1.0296	17.538	0.012912	0.41294	19.344	0.26243	1.0638	19.343	0	0
-0.3333	-0.25534	18.277	-0.30967	-0.65984	19.43	-0.35305	-0.28614	20.053	0	0
-0.3333	-0.25534	18.277	-0.70147	0.45576	19.303	-0.70195	0.43951	20.061	0	0
-0.3333	-0.25534	18.277	0.012912	0.41294	19.344	-0.35305	-0.28614	20.053	0	0
-0.3333	-0.25534	18.277	-0.70195	0.43951	20.061	-0.10255	0.48991	20.051	0	0
-0.30967	-0.65984	18.403	-0.35305	-0.28614	20.053	-0.2813	-0.69894	20.021	0	0
-0.70147	0.45576	18.277	-0.46765	1.1308	19.26	-0.501	1.2706	20.018	0	0
-0.70147	0.45576	18.277	-0.70195	0.43951	20.061	-0.501	1.2706	20.018	0	0
-0.46765	1.1308	18.234	-0.2114	1.6082	19.361	-0.501	1.2706	20.018	0	0
0.012912	0.41294	18.317	0.26243	1.0638	19.343	0.28835	1.1383	19.911	0	0
0.012912	0.41294	18.317	-0.35305	-0.28614	20.053	-0.10255	0.48991	20.051	0	0
0.012912	0.41294	18.317	-0.10255	0.48991	20.051	0.28835	1.1383	19.911	0	0
0.26243	1.0638	18.316	-0.015798	1.6102	19.449	0.28835	1.1383	19.911	0	0
-0.2114	1.6082	18.335	-0.015798	1.6102	19.449	-0.26135	1.6477	20.091	0	0
-0.2114	1.6082	18.335	-0.501	1.2706	20.018	-0.26135	1.6477	20.091	0	0
-0.015798	1.6102	18.423	0.045752	1.7212	20.087	-0.26135	1.6477	20.091	0	0
-0.015798	1.6102	18.423	0.045752	1.7212	20.087	0.28835	1.1383	19.911	0	0
-0.70195	0.43951	19.035	-0.501	1.2706	20.018	-0.44551	1.2559	20.727	0	0
-0.70195	0.43951	19.035	-0.48658	0.37955	20.803	-0.44551	1.2559	20.727	0	0
-0.70195	0.43951	19.035	-0.48658	0.37955	20.803	-1.3729	0.25606	21.372	0	0
-0.35305	-0.28614	19.026	-0.2813	-0.69894	20.021	-0.30075	-0.65276	20.777	0	0
-0.35305	-0.28614	19.026	-0.10255	0.48991	20.051	-0.38382	-0.26259	20.793	0	0
-0.35305	-0.28614	19.026	-0.30075	-0.65276	20.777	-0.38382	-0.26259	20.793	0	0
-0.10255	0.48991	19.024	0.28835	1.1383	19.911	0.051352	0.73821	20.576	0	0
-0.10255	0.48991	19.024	-0.38382	-0.26259	20.793	0.051352	0.73821	20.576	0	0
-0.501	1.2706	18.992	-0.26135	1.6477	20.091	-0.44551	1.2559	20.727	0	0
0.045752	1.7212	19.061	-0.26135	1.6477	20.091	-0.44551	1.2559	20.727	0	0
0.045752	1.7212	19.061	0.28835	1.1383	19.911	0.58715	1.316	20.14	0	0
0.045752	1.7212	19.061	-0.44551	1.2559	20.727	0.34502	1.172	20.878	0	0
0.045752	1.7212	19.061	0.58715	1.316	20.14	0.34502	1.172	20.878	0	0
0.28835	1.1383	18.885	0.58715	1.316	20.14	0.051352	0.73821	20.576	0	0
-0.30075	-0.65276	19.751	-0.38382	-0.26259	20.793	-0.423	-0.26574	21.556	0	0
-0.30075	-0.65276	19.751	-0.3939	-0.77024	21.538	-0.423	-0.26574	21.556	0	0
-0.38382	-0.26259	19.767	0.051352	0.73821	20.576	0.2381	0.44926	21.314	0	0
-0.38382	-0.26259	19.767	-0.423	-0.26574	21.556	0.2381	0.44926	21.314	0	0
-0.48658	0.37955	19.777	-0.44551	1.2559	20.727	-0.54335	1.2539	21.341	0	0
-0.48658	0.37955	19.777	-0.39635	0.5562	21.475	0.2381	0.44926	21.314	0	0
-0.48658	0.37955	19.777	-0.39635	0.5562	21.475	-1.3729	0.25606	21.372	0	0
-0.44551	1.2559	19.701	0.34502	1.172	20.878	-0.54335	1.2539	21.341	0	0
0.58715	1.316	19.114	0.051352	0.73821	20.576	0.656	1.2231	20.593	0	0
0.051352	0.73821	19.55	0.34502	1.172	20.878	0.656	1.2231	20.593	0	0
0.051352	0.73821	19.55	0.34502	1.172	20.878	0.2381	0.44926	21.314	0	0
-0.3939	-0.77024	20.511	-0.423	-0.26574	21.556	-0.59085	-0.65714	22.028	0	0
0.34502	1.172	19.851	-0.54335	1.2539	21.341	0.95315	1.598	21.969	0	0
0.34502	1.172	19.851	0.656	1.2231	20.593	0.85285	1.191	21.302	0	0
0.34502	1.172	19.851	0.3645	0.98856	21.495	0.85285	1.191	21.302	0	0
0.34502	1.172	19.851	0.3645	0.98856	21.495	0.2381	0.44926	21.314	0	0
-0.54335	1.2539	20.315	-0.25505	1.1246	22.068	0.95315	1.598	21.969	0	0
0.3645	0.98856	20.468	0.19025	1.0859	22.049	0.21475	0.67251	22.012	0	0
0.3645	0.98856	20.468	0.19025	1.0859	22.049	0.95315	1.598	21.969	0	0
0.3645	0.98856	20.468	0.85285	1.191	21.302	0.95315	1.598	21.969	0	0
0.3645	0.98856	20.468	0.21475	0.67251	22.012	0.2381	0.44926	21.314	0	0
-0.39635	0.5562	20.449	-0.423	-0.26574	21.556	-0.415	0.47006	22.041	0	0
-0.39635	0.5562	20.449	-0.423	-0.26574	21.556	-1.105	-0.074787	21.691	0	0
-0.39635	0.5562	20.449	-0.415	0.47006	22.041	0.2381	0.44926	21.314	0	0
-0.39635	0.5562	20.449	-1.105	-0.074787	21.691	-1.3729	0.25606	21.372	0	0
-0.423	-0.26574	20.53	-0.415	0.47006	22.041	-0.35988	-0.3019	22.122	0	0
-0.423	-0.26574	20.53	-0.59085	-0.65714	22.028	-1.105	-0.074787	21.691	0	0
-0.423	-0.26574	20.53	-0.35988	-0.3019	22.122	0.3372	-0.36624	22.18	0	0
-0.423	-0.26574	20.53	0.2381	0.44926	21.314	0.3372	-0.36624	22.18	0	0
-0.415	0.47006	21.015	-0.35988	-0.3019	22.122	-0.47126	0.4628	22.806	0	0
-0.415	0.47006	21.015	-0.25505	1.1246	22.068	0.21475	0.67251	22.012	0	0
-0.415	0.47006	21.015	-0.25505	1.1246	22.068	-0.26585	1.0335	22.716	0	0
-0.415	0.47006	21.015	0.21475	0.67251	22.012	0.2381	0.44926	21.314	0	0
-0.415	0.47006	21.015	-0.47126	0.4628	22.806	-0.26585	1.0335	22.716	0	0
-0.59085	-0.65714	21.002	-0.35988	-0.3019	22.122	-0.6199	-0.31859	22.825	0	0
-0.59085	-0.65714	21.002	-1.105	-0.074787	21.691	-1.1567	-0.12344	22.002	0	0
-0.59085	-0.65714	21.002	-1.1567	-0.12344	22.002	-1.1862	-0.4681	22.686	0	0
-0.59085	-0.65714	21.002	-0.6199	-0.31859	22.825	-1.1862	-0.4681	22.686	0	0
-0.35988	-0.3019	21.095	-0.56622	-0.76911	22.772	0.154	-0.21294	22.793	0	0
-0.35988	-0.3019	21.095	-0.47126	0.4628	22.806	-0.6199	-0.31859	22.825	0	0
-0.35988	-0.3019	21.095	0.154	-0.21294	22.793	0.3372	-0.36624	22.18	0	0
-0.25505	1.1246	21.041	0.19025	1.0859	22.049	0.21475	0.67251	22.012	0	0
-0.25505	1.1246	21.041	0.19025	1.0859	22.049	0.011352	1.0912	22.825	0	0
-0.25505	1.1246	21.041	-0.26585	1.0335	22.716	0.011352	1.0912	22.825	0	0
0.19025	1.0859	21.022	0.95315	1.598	21.969	0.011352	1.0912	22.825	0	0
0.85285	1.191	20.275	0.2381	0.44926	21.314	0.65595	-0.22354	22.245	0	0
-0.56622	-0.76911	21.746	-0.61585	-0.67474	23.591	-0.6199	-0.31859	22.825	0	0
-0.56622	-0.76911	21.746	-0.61585	-0.67474	23.591	-1.0935	-0.92016	22.872	0	0
-0.56622	-0.76911	21.746	-0.6199	-0.31859	22.825	-1.1862	-0.4681	22.686	0	0
-0.56622	-0.76911	21.746	-1.1862	-0.4681	22.686	-1.0935	-0.92016	22.872	0	0
-0.56622	-0.76911	21.746	0.154	-0.21294	22.793	0.3931	-0.63109	22.812	0	0
-0.47126	0.4628	21.78	-0.26585	1.0335	22.716	-0.45125	0.44716	23.551	0	0
-0.47126	0.4628	21.78	-0.6199	-0.31859	22.825	-0.45125	0.44716	23.551	0	0
-0.26585	1.0335	21.69	0.011352	1.0912	22.825	-0.19085	1.1827	23.58	0	0
-0.26585	1.0335	21.69	-0.45125	0.44716	23.551	-0.19085	1.1827	23.58	0	0
-0.61585	-0.67474	22.565	0.059185	-0.32804	23.606	-0.69795	-0.32734	23.565	0	0
-0.61585	-0.67474	22.565	0.059185	-0.32804	23.606	0.34065	-0.69554	23.591	0	0
-0.61585	-0.67474	22.565	-0.6199	-0.31859	22.825	-0.69795	-0.32734	23.565	0	0
-0.61585	-0.67474	22.565	-1.0935	-0.92016	22.872	-1.2522	-1.1001	23.588	0	0
-0.61585	-0.67474	22.565	-1.2522	-1.1001	23.588	-0.88495	-0.79124	24.23	0	0
-0.61585	-0.67474	22.565	-0.65755	-0.88027	24.238	-0.88495	-0.79124	24.23	0	0
-0.61585	-0.67474	22.565	-0.65755	-0.88027	24.238	0.20085	-0.77226	24.295	0	0
-0.61585	-0.67474	22.565	0.20085	-0.77226	24.295	0.34065	-0.69554	23.591	0	0
0.059185	-0.32804	22.58	0.2188	0.55101	23.55	-0.45125	0.44716	23.551	0	0
0.059185	-0.32804	22.58	0.2188	0.55101	23.55	0.25115	-0.20677	24.211	0	0
0.059185	-0.32804	22.58	-0.45125	0.44716	23.551	-0.56201	-0.20524	24.273	0	0
0.059185	-0.32804	22.58	-0.56201	-0.20524	24.273	0.20085	-0.77226	24.295	0	0
0.059185	-0.32804	22.58	0.20085	-0.77226	24.295	0.25115	-0.20677	24.211	0	0
0.059185	-0.32804	22.58	0.34065	-0.69554	23.591	0.3931	-0.63109	22.812	0	0
0.011352	1.0912	21.799	0.036752	1.1831	23.557	-0.19085	1.1827	23.58	0	0
0.2381	0.44926	20.288	0.3372	-0.36624	22.18	0.65595	-0.22354	22.245	0	0
-1.105	-0.074787	20.664	-1.1567	-0.12344	22.002	-1.5789	-0.13094	22.108	0	0
-1.105	-0.074787	20.664	-1.3729	0.25606	21.372	-1.5789	-0.13094	22.108	0	0
-1.1567	-0.12344	20.976	-1.1862	-0.4681	22.686	-1.5789	-0.13094	22.108	0	0
0.2188	0.55101	22.524	0.036752	1.1831	23.557	0.35425	0.57406	24.307	0	0
0.2188	0.55101	22.524	0.35425	0.57406	24.307	0.25115	-0.20677	24.211	0	0
0.2188	0.55101	22.524	0.84775	-0.62624	23.106	0.88052	-0.3274	22.704	0	0
-0.6199	-0.31859	21.799	-0.69795	-0.32734	23.565	-0.45125	0.44716	23.551	0	0
-1.1862	-0.4681	21.66	-1.0935	-0.92016	22.872	-1.7044	-0.7402	22.887	0	0
-1.1862	-0.4681	21.66	-1.5789	-0.13094	22.108	-1.7044	-0.7402	22.887	0	0
-1.0935	-0.92016	21.846	-1.2522	-1.1001	23.588	-1.7044	-0.7402	22.887	0	0
-0.69795	-0.32734	22.539	-0.45125	0.44716	23.551	-0.9193	-0.076787	24.143	0	0
-0.69795	-0.32734	22.539	-0.88495	-0.79124	24.23	-0.9193	-0.076787	24.143	0	0
-0.45125	0.44716	22.525	-0.19085	1.1827	23.58	-0.48988	0.57153	24.206	0	0
-0.45125	0.44716	22.525	-0.48988	0.57153	24.206	-0.9193	-0.076787	24.143	0	0
0.036752	1.1831	22.53	-0.19085	1.1827	23.58	-0.070648	1.5571	24.502	0	0
0.036752	1.1831	22.53	0.35425	0.57406	24.307	0.092302	1.2865	24.319	0	0
0.036752	1.1831	22.53	0.092302	1.2865	24.319	-0.070648	1.5571	24.502	0	0
-1.2522	-1.1001	22.562	-0.88495	-0.79124	24.23	-1.895	-1.1264	23.905	0	0
-1.2522	-1.1001	22.562	-1.7044	-0.7402	22.887	-1.8615	-0.94627	23.51	0	0
-1.2522	-1.1001	22.562	-1.8615	-0.94627	23.51	-1.895	-1.1264	23.905	0	0
-0.65755	-0.88027	23.212	-0.88495	-0.79124	24.23	-0.56235	-0.98259	24.845	0	0
-0.65755	-0.88027	23.212	-0.56235	-0.98259	24.845	0.20085	-0.77226	24.295	0	0
-0.88495	-0.79124	23.204	-0.56235	-0.98259	24.845	-0.90285	-0.61954	24.875	0	0
-0.88495	-0.79124	23.204	-0.90285	-0.61954	24.875	-1.895	-1.1264	23.905	0	0
-0.88495	-0.79124	23.204	-0.9193	-0.076787	24.143	-0.9921	-0.30204	24.834	0	0
-0.19085	1.1827	22.553	-0.48988	0.57153	24.206	-0.22925	1.1973	24.317	0	0
-0.19085	1.1827	22.553	-0.22925	1.1973	24.317	-0.070648	1.5571	24.502	0	0
0.35425	0.57406	23.28	0.092302	1.2865	24.319	0.19245	1.2739	25.036	0	0
0.35425	0.57406	23.28	0.19245	1.2739	25.036	0.66172	0.44816	24.975	0	0
0.35425	0.57406	23.28	0.25115	-0.20677	24.211	0.6572	-0.24529	24.815	0	0
0.35425	0.57406	23.28	0.66172	0.44816	24.975	0.6572	-0.24529	24.815	0	0
-0.56201	-0.20524	23.247	-0.48988	0.57153	24.206	0.17749	-0.20924	24.888	0	0
-0.56201	-0.20524	23.247	-0.60445	-0.36564	25.114	-0.89945	0.26706	24.422	0	0
-0.56201	-0.20524	23.247	0.20085	-0.77226	24.295	0.17749	-0.20924	24.888	0	0
-0.48988	0.57153	23.179	-0.22925	1.1973	24.317	-0.44528	1.1017	24.921	0	0
-0.48988	0.57153	23.179	-0.4588	0.81476	25.072	-0.44528	1.1017	24.921	0	0
-0.48988	0.57153	23.179	-0.4588	0.81476	25.072	-0.89945	0.26706	24.422	0	0
-0.48988	0.57153	23.179	-0.9193	-0.076787	24.143	-0.89945	0.26706	24.422	0	0
-0.48988	0.57153	23.179	0.23865	0.44446	25.084	0.17749	-0.20924	24.888	0	0
-0.56235	-0.98259	23.818	-0.90285	-0.61954	24.875	-0.60445	-0.36564	25.114	0	0
-0.56235	-0.98259	23.818	-0.60445	-0.36564	25.114	0.10852	-0.74714	24.903	0	0
-0.56235	-0.98259	23.818	0.20085	-0.77226	24.295	0.10852	-0.74714	24.903	0	0
-0.90285	-0.61954	23.848	-0.60445	-0.36564	25.114	-0.9921	-0.30204	24.834	0	0
0.092302	1.2865	23.292	-0.070648	1.5571	24.502	0.19245	1.2739	25.036	0	0
-0.22925	1.1973	23.291	-0.070648	1.5571	24.502	-0.44528	1.1017	24.921	0	0
-0.070648	1.5571	23.476	0.19245	1.2739	25.036	-0.018081	1.6022	25.037	0	0
-0.070648	1.5571	23.476	-0.018081	1.6022	25.037	-0.44528	1.1017	24.921	0	0
-0.60445	-0.36564	24.087	-0.42345	-0.73714	25.519	-0.62845	-0.29764	25.565	0	0
-0.60445	-0.36564	24.087	-0.62845	-0.29764	25.565	-0.89475	-0.064838	25.368	0	0
-0.60445	-0.36564	24.087	0.10852	-0.74714	24.903	0.17749	-0.20924	24.888	0	0
-0.60445	-0.36564	24.087	-0.4588	0.81476	25.072	-0.89945	0.26706	24.422	0	0
-0.60445	-0.36564	24.087	-0.9921	-0.30204	24.834	-0.89475	-0.064838	25.368	0	0
-0.60445	-0.36564	24.087	0.10345	0.32781	25.549	0.17749	-0.20924	24.888	0	0
-0.42345	-0.73714	24.492	-0.62845	-0.29764	25.565	-0.1227	-0.41594	26.058	0	0
-0.42345	-0.73714	24.492	0.10852	-0.74714	24.903	0.15392	-0.8914	25.526	0	0
-0.42345	-0.73714	24.492	-0.1227	-0.41594	26.058	0.15392	-0.8914	25.526	0	0
-0.62845	-0.29764	24.539	-0.89475	-0.064838	25.368	-0.53875	-0.15177	26.196	0	0
-0.62845	-0.29764	24.539	-0.4519	0.44011	25.569	-0.1227	-0.41594	26.058	0	0
-0.62845	-0.29764	24.539	-0.53875	-0.15177	26.196	-0.39071	-0.69007	26.436	0	0
0.20085	-0.77226	23.269	0.10852	-0.74714	24.903	0.6572	-0.24529	24.815	0	0
0.20085	-0.77226	23.269	0.25115	-0.20677	24.211	0.6572	-0.24529	24.815	0	0
0.20085	-0.77226	23.269	0.34065	-0.69554	23.591	0.77965	-0.91354	23.662	0	0
0.10852	-0.74714	23.876	0.17749	-0.20924	24.888	0.6572	-0.24529	24.815	0	0
-0.4588	0.81476	24.045	0.23865	0.44446	25.084	0.19245	1.2739	25.036	0	0
-0.4588	0.81476	24.045	0.23865	0.44446	25.084	-0.4519	0.44011	25.569	0	0
-0.4588	0.81476	24.045	0.19245	1.2739	25.036	-0.44528	1.1017	24.921	0	0
-0.4588	0.81476	24.045	-0.4519	0.44011	25.569	-0.5612	1.2395	25.561	0	0
-0.9193	-0.076787	23.116	-0.9921	-0.30204	24.834	-0.89945	0.26706	24.422	0	0
0.23865	0.44446	24.058	0.19245	1.2739	25.036	0.3303	1.0826	25.548	0	0
0.23865	0.44446	24.058	0.10345	0.32781	25.549	-0.4519	0.44011	25.569	0	0
0.23865	0.44446	24.058	0.10345	0.32781	25.549	0.81262	0.58566	25.648	0	0
0.23865	0.44446	24.058	0.17749	-0.20924	24.888	0.66172	0.44816	24.975	0	0
0.23865	0.44446	24.058	0.66172	0.44816	24.975	0.81262	0.58566	25.648	0	0
0.19245	1.2739	24.009	-0.018081	1.6022	25.037	0.075752	1.721	25.588	0	0
0.19245	1.2739	24.009	0.075752	1.721	25.588	0.3303	1.0826	25.548	0	0
0.19245	1.2739	24.009	0.66172	0.44816	24.975	0.81262	0.58566	25.648	0	0
-0.9921	-0.30204	23.807	-0.89475	-0.064838	25.368	-1.0342	0.36408	24.889	0	0
-0.9921	-0.30204	23.807	-0.89945	0.26706	24.422	-1.0342	0.36408	24.889	0	0
-0.89475	-0.064838	24.341	-0.53875	-0.15177	26.196	-1.1659	0.45924	25.541	0	0
-0.89475	-0.064838	24.341	-1.0342	0.36408	24.889	-1.1659	0.45924	25.541	0	0
-0.018081	1.6022	24.011	0.075752	1.721	25.588	-0.20965	1.5844	25.621	0	0
-0.018081	1.6022	24.011	-0.20965	1.5844	25.621	-0.5612	1.2395	25.561	0	0
-0.018081	1.6022	24.011	-0.44528	1.1017	24.921	-0.5612	1.2395	25.561	0	0
0.075752	1.721	24.562	-0.20965	1.5844	25.621	-0.44435	1.6571	26.418	0	0
0.075752	1.721	24.562	0.3303	1.0826	25.548	0.1939	1.1617	26.29	0	0
0.075752	1.721	24.562	-0.44435	1.6571	26.418	0.37085	2.2796	26.511	0	0
-0.20965	1.5844	24.595	-0.5612	1.2395	25.561	-0.44435	1.6571	26.418	0	0
0.10345	0.32781	24.523	-0.4519	0.44011	25.569	0.11317	0.45303	26.287	0	0
0.10345	0.32781	24.523	0.17749	-0.20924	24.888	0.26805	-0.25924	25.715	0	0
0.10345	0.32781	24.523	0.26805	-0.25924	25.715	0.11317	0.45303	26.287	0	0
-0.4519	0.44011	24.542	-0.53875	-0.15177	26.196	-1.1918	0.54756	26.238	0	0
-0.4519	0.44011	24.542	-0.5612	1.2395	25.561	-0.5522	1.2715	26.074	0	0
-0.4519	0.44011	24.542	-0.5522	1.2715	26.074	0.11317	0.45303	26.287	0	0
-0.53875	-0.15177	25.169	-0.39071	-0.69007	26.436	-0.1227	-0.41594	26.058	0	0
-0.53875	-0.15177	25.169	-0.1227	-0.41594	26.058	0.11317	0.45303	26.287	0	0
-0.53875	-0.15177	25.169	0.11317	0.45303	26.287	-1.171	0.66716	27.045	0	0
-0.53875	-0.15177	25.169	-1.1918	0.54756	26.238	-1.171	0.66716	27.045	0	0
-0.44528	1.1017	23.895	-0.5612	1.2395	25.561	-1.0336	0.96496	25.703	0	0
-0.44528	1.1017	23.895	-0.89945	0.26706	24.422	-1.0342	0.36408	24.889	0	0
-0.44528	1.1017	23.895	-1.0342	0.36408	24.889	-1.0336	0.96496	25.703	0	0
-0.5612	1.2395	24.535	-0.5522	1.2715	26.074	-1.0336	0.96496	25.703	0	0
0.3303	1.0826	24.521	0.1939	1.1617	26.29	0.81262	0.58566	25.648	0	0
-0.5522	1.2715	25.047	-0.44435	1.6571	26.418	0.1939	1.1617	26.29	0	0
-0.5522	1.2715	25.047	-0.44435	1.6571	26.418	-1.0762	1.135	26.383	0	0
-0.5522	1.2715	25.047	0.11317	0.45303	26.287	0.1939	1.1617	26.29	0	0
-0.5522	1.2715	25.047	-1.0336	0.96496	25.703	-1.0762	1.135	26.383	0	0
-0.44435	1.6571	25.392	0.1939	1.1617	26.29	0.2694	1.8699	26.383	0	0
-0.44435	1.6571	25.392	0.2694	1.8699	26.383	-0.44275	1.8337	27.102	0	0
-0.44435	1.6571	25.392	-0.44275	1.8337	27.102	-1.1561	1.2942	27.092	0	0
-0.44435	1.6571	25.392	-1.1561	1.2942	27.092	-1.0762	1.135	26.383	0	0
-0.1227	-0.41594	25.032	0.15392	-0.8914	25.526	0.26805	-0.25924	25.715	0	0
-0.1227	-0.41594	25.032	0.26805	-0.25924	25.715	0.11317	0.45303	26.287	0	0
0.34065	-0.69554	22.564	0.77965	-0.91354	23.662	0.84775	-0.62624	23.106	0	0
0.34065	-0.69554	22.564	0.3931	-0.63109	22.812	0.84775	-0.62624	23.106	0	0
0.17749	-0.20924	23.862	0.15392	-0.8914	25.526	0.26805	-0.25924	25.715	0	0
0.17749	-0.20924	23.862	0.66172	0.44816	24.975	0.6572	-0.24529	24.815	0	0
0.154	-0.21294	21.767	0.3931	-0.63109	22.812	0.3372	-0.36624	22.18	0	0
0.11317	0.45303	25.26	0.1939	1.1617	26.29	0.72342	1.0219	26.401	0	0
0.11317	0.45303	25.26	-1.171	0.66716	27.045	-0.29025	1.3411	27.202	0	0
0.11317	0.45303	25.26	-0.29025	1.3411	27.202	0.8639	0.62481	26.575	0	0
0.11317	0.45303	25.26	0.72342	1.0219	26.401	0.8639	0.62481	26.575	0	0
0.1939	1.1617	25.264	0.2694	1.8699	26.383	0.72342	1.0219	26.401	0	0
0.2694	1.8699	25.357	0.37085	2.2796	26.511	0.30568	1.9962	27.098	0	0
0.2694	1.8699	25.357	0.37085	2.2796	26.511	0.72342	1.0219	26.401	0	0
0.2694	1.8699	25.357	-0.44275	1.8337	27.102	0.30568	1.9962	27.098	0	0
0.37085	2.2796	25.485	0.30568	1.9962	27.098	0.44235	2.2929	27.586	0	0
0.37085	2.2796	25.485	0.72342	1.0219	26.401	1.1543	1.0309	27.023	0	0
-1.1918	0.54756	25.212	-1.5835	0.40701	26.386	-1.1659	0.45924	25.541	0	0
-1.1918	0.54756	25.212	-1.5835	0.40701	26.386	-1.6032	0.93386	26.667	0	0
-1.1918	0.54756	25.212	-1.1659	0.45924	25.541	-1.0336	0.96496	25.703	0	0
-1.1918	0.54756	25.212	-1.6032	0.93386	26.667	-1.0762	1.135	26.383	0	0
-1.1918	0.54756	25.212	-1.0336	0.96496	25.703	-1.0762	1.135	26.383	0	0
-1.171	0.66716	26.019	-0.29025	1.3411	27.202	-1.1561	1.2942	27.092	0	0
-0.44275	1.8337	26.075	-0.40083	1.9232	27.751	0.10825	2.1963	27.576	0	0
-0.44275	1.8337	26.075	-0.40083	1.9232	27.751	-1.4209	1.5539	27.532	0	0
-0.44275	1.8337	26.075	0.30568	1.9962	27.098	0.10825	2.1963	27.576	0	0
-0.44275	1.8337	26.075	-1.1561	1.2942	27.092	-1.4209	1.5539	27.532	0	0
-0.29025	1.3411	26.176	-0.40083	1.9232	27.751	-1.3147	1.1609	27.813	0	0
-0.29025	1.3411	26.176	0.30568	1.9962	27.098	1.1543	1.0309	27.023	0	0
-0.29025	1.3411	26.176	-1.3147	1.1609	27.813	-1.1561	1.2942	27.092	0	0
-0.29025	1.3411	26.176	0.8639	0.62481	26.575	1.1543	1.0309	27.023	0	0
-0.40083	1.9232	26.724	-1.3147	1.1609	27.813	-0.71142	1.9394	28.343	0	0
-0.40083	1.9232	26.724	-0.71142	1.9394	28.343	0.11445	2.2429	28.089	0	0
-0.40083	1.9232	26.724	-1.2985	1.9022	28.368	-1.7246	2.1012	28.149	0	0
-0.40083	1.9232	26.724	0.10825	2.1963	27.576	0.11445	2.2429	28.089	0	0
-0.40083	1.9232	26.724	-1.4209	1.5539	27.532	-1.6492	1.7615	27.739	0	0
-0.40083	1.9232	26.724	-1.7246	2.1012	28.149	-1.6492	1.7615	27.739	0	0
0.30568	1.9962	26.072	0.10825	2.1963	27.576	0.44235	2.2929	27.586	0	0
-1.3147	1.1609	26.787	-0.71142	1.9394	28.343	-1.2985	1.9022	28.368	0	0
-1.3147	1.1609	26.787	-1.2985	1.9022	28.368	-1.7044	1.4623	28.538	0	0
-0.71142	1.9394	27.317	-1.2985	1.9022	28.368	-1.1185	2.4661	28.989	0	0
-0.71142	1.9394	27.317	0.11445	2.2429	28.089	-0.72875	2.4381	29.56	0	0
-0.71142	1.9394	27.317	-1.1185	2.4661	28.989	-0.72875	2.4381	29.56	0	0
-1.2985	1.9022	27.342	-1.7246	2.1012	28.149	-1.7316	2.4308	28.501	0	0
-1.2985	1.9022	27.342	-1.7316	2.4308	28.501	-1.1185	2.4661	28.989	0	0
0.3931	-0.63109	21.785	0.3372	-0.36624	22.18	0.65595	-0.22354	22.245	0	0
0.3931	-0.63109	21.785	0.84775	-0.62624	23.106	0.88052	-0.3274	22.704	0	0
0.3931	-0.63109	21.785	0.65595	-0.22354	22.245	0.88052	-0.3274	22.704	0	0
0.72342	1.0219	25.375	0.8639	0.62481	26.575	1.1543	1.0309	27.023	0	0
-1.0342	0.36408	23.863	-1.1659	0.45924	25.541	-1.0336	0.96496	25.703	0	0
-1.1561	1.2942	26.066	-1.4209	1.5539	27.532	-1.7671	1.1124	26.986	0	0
-1.1561	1.2942	26.066	-1.6032	0.93386	26.667	-1.7671	1.1124	26.986	0	0
-1.1561	1.2942	26.066	-1.6032	0.93386	26.667	-1.0762	1.135	26.383	0	0
0.10825	2.1963	26.55	0.44235	2.2929	27.586	0.11445	2.2429	28.089	0	0
-1.4209	1.5539	26.505	-1.7671	1.1124	26.986	-1.6492	1.7615	27.739	0	0
-1.7316	2.4308	27.475	-1.1185	2.4661	28.989	-1.7713	2.7764	28.897	0	0
-1.1185	2.4661	27.962	-1.7713	2.7764	28.897	-1.6864	2.9906	29.15	0	0
-1.1185	2.4661	27.962	-0.72875	2.4381	29.56	-1.1639	2.6667	29.562	0	0
-1.1185	2.4661	27.962	-1.1639	2.6667	29.562	-1.6864	2.9906	29.15	0	0
-1.1639	2.6667	28.535	-1.6947	2.9989	29.58	-1.6864	2.9906	29.15	0	0
-0.41205	2.6872	12.111	-2.34478716973296	10.9417840234586	13.7664816443847	0.198397540675881	2.24882229446576	11.9288066140792	1	1
-2.34478716973296	10.9417840234586	13.7664816443847	-2.12095522939723	14.751454289954	14.3189735294528	-0.217969546987884	10.2596310909376	15.5245699733542	1	1
-2.12095522939723	14.751454289954	14.3189735294528	-2.41543423687476	19.8827497726909	13.015430072947	-0.365754165337832	14.2048467429104	15.7669313988568	1	1
-2.41543423687476	19.8827497726909	13.015430072947	-2.03867831077804	23.0174815770797	11.4646673165255	-1.6816770094094	20.6840500791261	14.966772369944	1	1
-2.03867831077804	23.0174815770797	11.4646673165255	-0.123441539318598	26.5298828513542	6.54386226067084	-1.65669199886662	23.7180737443152	11.4002166941804	1	1
-0.217969546987884	10.2596310909376	15.5245699733542	0.198397540675881	2.24882229446576	11.9288066140792	-2.34478716973296	10.9417840234586	13.7664816443847	1	1
-0.365754165337832	14.2048467429104	15.7669313988568	-0.217969546987884	10.2596310909376	15.5245699733542	-2.12095522939723	14.751454289954	14.3189735294528	1	1
-1.6816770094094	20.6840500791261	14.966772369944	-0.365754165337832	14.2048467429104	15.7669313988568	-2.41543423687476	19.8827497726909	13.015430072947	1	1
-1.65669199886662	23.7180737443152	11.4002166941804	-1.6816770094094	20.6840500791261	14.966772369944	-2.03867831077804	23.0174815770797	11.4646673165255	1	1
-2.34478716973296	10.9417840234586	13.7664816443847	-0.41205	2.6872	12.111	-1.79812847185338	2.10970053280434	12.7450379150755	1	1
-2.12095522939723	14.751454289954	14.3189735294528	-2.34478716973296	10.9417840234586	13.7664816443847	-3.4736849353812	11.161846812207	14.0284363231417	1	1
-2.41543423687476	19.8827497726909	13.015430072947	-2.12095522939723	14.751454289954	14.3189735294528	-4.13087360314644	14.5663174072771	15.0344236154393	1	1
-2.03867831077804	23.0174815770797	11.4646673165255	-2.41543423687476	19.8827497726909	13.015430072947	-4.35998822790423	20.6684015567124	13.6135691957565	1	1
-0.123441539318598	26.5298828513542	6.54386226067084	-2.03867831077804	23.0174815770797	11.4646673165255	-4.09351422052618	23.7445643796079	11.3568569632316	1	1
-1.79812847185338	2.10970053280434	12.7450379150755	-3.4736849353812	11.161846812207	14.0284363231417	-2.34478716973296	10.9417840234586	13.7664816443847	1	1
-3.4736849353812	11.161846812207	14.0284363231417	-4.13087360314644	14.5663174072771	15.0344236154393	-2.12095522939723	14.751454289954	14.3189735294528	1	1
-4.13087360314644	14.5663174072771	15.0344236154393	-4.35998822790423	20.6684015567124	13.6135691957565	-2.41543423687476	19.8827497726909	13.015430072947	1	1
-4.35998822790423	20.6684015567124	13.6135691957565	-4.09351422052618	23.7445643796079	11.3568569632316	-2.03867831077804	23.0174815770797	11.4646673165255	1	1
0.12035	-1.5779	16.987	-0.865432802095438	-7.61495322830717	19.7401749111306	0.749740900663361	-1.40087680715913	16.3275152345516	2	1
-0.865432802095438	-7.61495322830717	19.7401749111306	-1.44007516410589	-12.1635521179188	21.4042653099091	0.447381184077196	-7.11187300245838	20.2858093804133	2	1
-1.44007516410589	-12.1635521179188	21.4042653099091	-1.30177253038323	-16.1451216398262	22.0397632613013	0.808806070376794	-12.5183878285826	21.4893301183162	2	1
-1.30177253038323	-16.1451216398262	22.0397632613013	-2.02890619420165	-21.4556756369439	23.2263621830686	-0.0439618044990771	-16.4917436005333	22.964232424771	2	1
-2.02890619420165	-21.4556756369439	23.2263621830686	-2.19302407281735	-26.5597832966571	22.1896040579617	0.195282110187962	-21.0773175533909	22.9598698384757	2	1
-2.19302407281735	-26.5597832966571	22.1896040579617	-1.55595892109386	-30.203261905723	21.4124339493372	0.63444832939107	-27.2366756246552	24.0646739769373	2	1
-1.55595892109386	-30.203261905723	21.4124339493372	-1.19377437025268	-33.1816215569872	19.5324089863772	1.07550380662398	-31.1243462212369	22.4381672267276	2	1
-1.19377437025268	-33.1816215569872	19.5324089863772	-0.560792340433049	-33.5121638979202	13.9040338211296	0.737040702928313	-33.0065557699212	19.9714658458795	2	1
0.447381184077196	-7.11187300245838	20.2858093804133	0.749740900663361	-1.40087680715913	16.3275152345516	-0.865432802095438	-7.61495322830717	19.7401749111306	2	1
0.808806070376794	-12.5183878285826	21.4893301183162	0.447381184077196	-7.11187300245838	20.2858093804133	-1.44007516410589	-12.1635521179188	21.4042653099091	2	1
-0.0439618044990771	-16.4917436005333	22.964232424771	0.808806070376794	-12.5183878285826	21.4893301183162	-1.30177253038323	-16.1451216398262	22.0397632613013	2	1
0.195282110187962	-21.0773175533909	22.9598698384757	-0.0439618044990771	-16.4917436005333	22.964232424771	-2.02890619420165	-21.4556756369439	23.2263621830686	2	1
0.63444832939107	-27.2366756246552	24.0646739769373	0.195282110187962	-21.0773175533909	22.9598698384757	-2.19302407281735	-26.5597832966571	22.1896040579617	2	1
1.07550380662398	-31.1243462212369	22.4381672267276	0.63444832939107	-27.2366756246552	24.0646739769373	-1.55595892109386	-30.203261905723	21.4124339493372	2	1
0.737040702928313	-33.0065557699212	19.9714658458795	1.07550380662398	-31.1243462212369	22.4381672267276	-1.19377437025268	-33.1816215569872	19.5324089863772	2	1
-0.865432802095438	-7.61495322830717	19.7401749111306	0.12035	-1.5779	16.987	-1.28492797643935	-1.32351471039056	16.2756462020451	2	1
-1.44007516410589	-12.1635521179188	21.4042653099091	-0.865432802095438	-7.61495322830717	19.7401749111306	-2.12708372154763	-7.37186558346147	20.6277765157195	2	1
-1.30177253038323	-16.1451216398262	22.0397632613013	-1.44007516410589	-12.1635521179188	21.4042653099091	-2.04871287770931	-12.414555879114	21.9089843064264	2	1
-2.02890619420165	-21.4556756369439	23.2263621830686	-1.30177253038323	-16.1451216398262	22.0397632613013	-3.31981617170132	-15.3231378079829	24.7881399029616	2	1
-2.19302407281735	-26.5597832966571	22.1896040579617	-2.02890619420165	-21.4556756369439	23.2263621830686	-2.79633263242239	-21.7426694216812	22.5188457737592	2	1
-1.55595892109386	-30.203261905723	21.4124339493372	-2.19302407281735	-26.5597832966571	22.1896040579617	-3.11854980845167	-26.2493413567597	22.1681686985929	2	1
-1.19377437025268	-33.1816215569872	19.5324089863772	-1.55595892109386	-30.203261905723	21.4124339493372	-1.7388611343587	-31.4724930473504	22.5507086699147	2	1
-1.28492797643935	-1.32351471039056	16.2756462020451	-2.12708372154763	-7.37186558346147	20.6277765157195	-0.865432802095438	-7.61495322830717	19.7401749111306	2	1
-2.12708372154763	-7.37186558346147	20.6277765157195	-2.04871287770931	-12.414555879114	21.9089843064264	-1.44007516410589	-12.1635521179188	21.4042653099091	2	1
-2.04871287770931	-12.414555879114	21.9089843064264	-3.31981617170132	-15.3231378079829	24.7881399029616	-1.30177253038323	-16.1451216398262	22.0397632613013	2	1
-3.31981617170132	-15.3231378079829	24.7881399029616	-2.79633263242239	-21.7426694216812	22.5188457737592	-2.02890619420165	-21.4556756369439	23.2263621830686	2	1
-2.79633263242239	-21.7426694216812	22.5188457737592	-3.11854980845167	-26.2493413567597	22.1681686985929	-2.19302407281735	-26.5597832966571	22.1896040579617	2	1
-3.11854980845167	-26.2493413567597	22.1681686985929	-1.7388611343587	-31.4724930473504	22.5507086699147	-1.55595892109386	-30.203261905723	21.4124339493372	2	1
0.0037021	2.3981	21.682	0.622149377163281	7.33778867225122	24.9802556983573	1.07361971332033	1.83495453753853	21.6791233560525	3	2
0.622149377163281	7.33778867225122	24.9802556983573	1.080546494773	11.9556622335935	28.0454507976166	1.41351457798424	7.5415633824116	25.1012427903493	3	2
1.080546494773	11.9556622335935	28.0454507976166	1.54875172812245	15.9877297635399	29.5157344559344	2.90317946109402	11.1545176905649	28.6262647297457	3	2
1.54875172812245	15.9877297635399	29.5157344559344	2.24997342644545	20.6055750263938	30.5048347633547	3.02152734110147	15.8332379085924	29.4998027087243	3	2
2.24997342644545	20.6055750263938	30.5048347633547	2.58350555295457	24.3510172320976	30.4345680264251	4.38593455436165	20.294425084634	31.6983392098373	3	2
2.58350555295457	24.3510172320976	30.4345680264251	3.35818560270655	28.2355747002617	30.0680693810706	4.49382080878411	23.8962422473175	30.8160775237685	3	2
3.35818560270655	28.2355747002617	30.0680693810706	4.43534875882549	33.1368398222795	27.6808778033391	5.35888052193439	27.9495300118509	30.0808665060542	3	2
4.43534875882549	33.1368398222795	27.6808778033391	4.96537422559899	35.5996172431606	25.2551494859528	6.45609626682189	32.9661124965514	27.0279180961778	3	2
4.96537422559899	35.5996172431606	25.2551494859528	6.16035501479181	37.7875715736378	22.4450660617096	7.82465547415773	35.9890435017693	25.1392606566963	3	2
6.16035501479181	37.7875715736378	22.4450660617096	5.7774740673988	39.6323517969804	19.5162949699909	7.40328244530112	38.0925389176853	22.5086220335151	3	2
5.7774740673988	39.6323517969804	19.5162949699909	5.46010502300629	42.2387695416462	13.504742076607	7.94082798933629	39.5810525064309	19.3488683256753	3	2
1.41351457798424	7.5415633824116	25.1012427903493	1.07361971332033	1.83495453753853	21.6791233560525	0.622149377163281	7.33778867225122	24.9802556983573	3	2
2.90317946109402	11.1545176905649	28.6262647297457	1.41351457798424	7.5415633824116	25.1012427903493	1.080546494773	11.9556622335935	28.0454507976166	3	2
3.02152734110147	15.8332379085924	29.4998027087243	2.90317946109402	11.1545176905649	28.6262647297457	1.54875172812245	15.9877297635399	29.5157344559344	3	2
4.38593455436165	20.294425084634	31.6983392098373	3.02152734110147	15.8332379085924	29.4998027087243	2.24997342644545	20.6055750263938	30.5048347633547	3	2
4.49382080878411	23.8962422473175	30.8160775237685	4.38593455436165	20.294425084634	31.6983392098373	2.58350555295457	24.3510172320976	30.4345680264251	3	2
5.35888052193439	27.9495300118509	30.0808665060542	4.49382080878411	23.8962422473175	30.8160775237685	3.35818560270655	28.2355747002617	30.0680693810706	3	2
6.45609626682189	32.9661124965514	27.0279180961778	5.35888052193439	27.9495300118509	30.0808665060542	4.43534875882549	33.1368398222795	27.6808778033391	3	2
7.82465547415773	35.9890435017693	25.1392606566963	6.45609626682189	32.9661124965514	27.0279180961778	4.96537422559899	35.5996172431606	25.2551494859528	3	2
7.40328244530112	38.0925389176853	22.5086220335151	7.82465547415773	35.9890435017693	25.1392606566963	6.16035501479181	37.7875715736378	22.4450660617096	3	2
7.94082798933629	39.5810525064309	19.3488683256753	7.40328244530112	38.0925389176853	22.5086220335151	5.7774740673988	39.6323517969804	19.5162949699909	3	2
0.622149377163281	7.33778867225122	24.9802556983573	0.0037021	2.3981	21.682	-1.45355151647325	2.02486916784842	22.0740253926361	3	2
1.080546494773	11.9556622335935	28.0454507976166	0.622149377163281	7.33778867225122	24.9802556983573	-1.02386798619442	7.32961048987978	24.953793520479	3	2
1.54875172812245	15.9877297635399	29.5157344559344	1.080546494773	11.9556622335935	28.0454507976166	-1.59105547082648	11.5421903605439	28.367822477672	3	2
2.24997342644545	20.6055750263938	30.5048347633547	1.54875172812245	15.9877297635399	29.5157344559344	-0.520924359410499	15.8572037124283	28.9139726652933	3	2
2.58350555295457	24.3510172320976	30.4345680264251	2.24997342644545	20.6055750263938	30.5048347633547	-0.604820831360827	20.07994408523	32.791045790204	3	2
3.35818560270655	28.2355747002617	30.0680693810706	2.58350555295457	24.3510172320976	30.4345680264251	-0.445971782744165	24.4983749243243	29.3452623103705	3	2
4.43534875882549	33.1368398222795	27.6808778033391	3.35818560270655	28.2355747002617	30.0680693810706	0.817384671227368	28.2269409172545	29.8748972120464	3	2
4.96537422559899	35.5996172431606	25.2551494859528	4.43534875882549	33.1368398222795	27.6808778033391	3.12766202576506	32.6253109685585	27.4725912699562	3	2
6.16035501479181	37.7875715736378	22.4450660617096	4.96537422559899	35.5996172431606	25.2551494859528	4.08522024187397	36.7073316676105	25.4635510425657	3	2
5.7774740673988	39.6323517969804	19.5162949699909	6.16035501479181	37.7875715736378	22.4450660617096	4.74884232720107	38.5423973268496	22.8019274564537	3	2
5.46010502300629	42.2387695416462	13.504742076607	5.7774740673988	39.6323517969804	19.5162949699909	5.33264309216424	41.2979905230805	20.1527381155959	3	2
-1.45355151647325	2.02486916784842	22.0740253926361	-1.02386798619442	7.32961048987978	24.953793520479	0.622149377163281	7.33778867225122	24.9802556983573	3	2
-1.02386798619442	7.32961048987978	24.953793520479	-1.59105547082648	11.5421903605439	28.367822477672	1.080546494773	11.9556622335935	28.0454507976166	3	2
-1.59105547082648	11.5421903605439	28.367822477672	-0.520924359410499	15.8572037124283	28.9139726652933	1.54875172812245	15.9877297635399	29.5157344559344	3	2
-0.520924359410499	15.8572037124283	28.9139726652933	-0.604820831360827	20.07994408523	32.791045790204	2.24997342644545	20.6055750263938	30.5048347633547	3	2
-0.604820831360827	20.07994408523	32.791045790204	-0.445971782744165	24.4983749243243	29.3452623103705	2.58350555295457	24.3510172320976	30.4345680264251	3	2
-0.445971782744165	24.4983749243243	29.3452623103705	0.817384671227368	28.2269409172545	29.8748972120464	3.35818560270655	28.2355747002617	30.0680693810706	3	2
0.817384671227368	28.2269409172545	29.8748972120464	3.12766202576506	32.6253109685585	27.4725912699562	4.43534875882549	33.1368398222795	27.6808778033391	3	2
3.12766202576506	32.6253109685585	27.4725912699562	4.08522024187397	36.7073316676105	25.4635510425657	4.96537422559899	35.5996172431606	25.2551494859528	3	2
4.08522024187397	36.7073316676105	25.4635510425657	4.74884232720107	38.5423973268496	22.8019274564537	6.16035501479181	37.7875715736378	22.4450660617096	3	2
4.74884232720107	38.5423973268496	22.8019274564537	5.33264309216424	41.2979905230805	20.1527381155959	5.7774740673988	39.6323517969804	19.5162949699909	3	2
0.23953	-1.8413	25.174	1.27849062096426	-5.25562813765109	27.9086287713197	0.988918269205419	-2.56223546042558	24.8815730744643	4	2
1.27849062096426	-5.25562813765109	27.9086287713197	2.46197041687361	-8.88937617858945	30.9793436164577	1.92723147172954	-4.8227936151244	28.4664237579926	4	2
2.46197041687361	-8.88937617858945	30.9793436164577	3.86971002334822	-12.584988045139	33.6494132358087	3.19368758022309	-7.16448878391637	32.1738837323842	4	2
3.86971002334822	-12.584988045139	33.6494132358087	5.11688636213877	-16.3410851635431	35.1350117236504	5.22729129754975	-12.7248638535955	33.9929356545036	4	2
5.11688636213877	-16.3410851635431	35.1350117236504	5.86756120070485	-21.0645959630465	37.0706069224763	5.39141285001022	-16.3910820009656	35.5221242831272	4	2
5.86756120070485	-21.0645959630465	37.0706069224763	7.45108885875955	-25.0090172959327	37.6394038940295	8.09093294031994	-20.8257524497696	38.5268902478105	4	2
7.45108885875955	-25.0090172959327	37.6394038940295	9.16500927241648	-28.5550679978859	38.2367338236563	8.13674681253724	-24.8251015944671	38.1390988761694	4	2
9.16500927241648	-28.5550679978859	38.2367338236563	11.118259482876	-32.2343025195222	37.6206771378397	11.7084933406027	-28.4694624299763	38.9618531528882	4	2
11.118259482876	-32.2343025195222	37.6206771378397	13.1863063958693	-35.6183986449431	35.894222174752	14.1833414461316	-32.2911738964505	37.3134661923781	4	2
13.1863063958693	-35.6183986449431	35.894222174752	15.351755618291	-39.2828543556723	34.2202577159844	15.1412160516497	-35.6639565129674	34.6808274663419	4	2
15.351755618291	-39.2828543556723	34.2202577159844	17.8776948052018	-43.8210546383942	32.1042814831474	16.809800725533	-39.2088276544873	35.4410220309769	4	2
1.92723147172954	-4.8227936151244	28.4664237579926	0.988918269205419	-2.56223546042558	24.8815730744643	1.27849062096426	-5.25562813765109	27.9086287713197	4	2
3.19368758022309	-7.16448878391637	32.1738837323842	1.92723147172954	-4.8227936151244	28.4664237579926	2.46197041687361	-8.88937617858945	30.9793436164577	4	2
5.22729129754975	-12.7248638535955	33.9929356545036	3.19368758022309	-7.16448878391637	32.1738837323842	3.86971002334822	-12.584988045139	33.6494132358087	4	2
5.39141285001022	-16.3910820009656	35.5221242831272	5.22729129754975	-12.7248638535955	33.9929356545036	5.11688636213877	-16.3410851635431	35.1350117236504	4	2
8.09093294031994	-20.8257524497696	38.5268902478105	5.39141285001022	-16.3910820009656	35.5221242831272	5.86756120070485	-21.0645959630465	37.0706069224763	4	2
8.13674681253724	-24.8251015944671	38.1390988761694	8.09093294031994	-20.8257524497696	38.5268902478105	7.45108885875955	-25.0090172959327	37.6394038940295	4	2
11.7084933406027	-28.4694624299763	38.9618531528882	8.13674681253724	-24.8251015944671	38.1390988761694	9.16500927241648	-28.5550679978859	38.2367338236563	4	2
14.1833414461316	-32.2911738964505	37.3134661923781	11.7084933406027	-28.4694624299763	38.9618531528882	11.118259482876	-32.2343025195222	37.6206771378397	4	2
15.1412160516497	-35.6639565129674	34.6808274663419	14.1833414461316	-32.2911738964505	37.3134661923781	13.1863063958693	-35.6183986449431	35.894222174752	4	2
16.809800725533	-39.2088276544873	35.4410220309769	15.1412160516497	-35.6639565129674	34.6808274663419	15.351755618291	-39.2828543556723	34.2202577159844	4	2
1.27849062096426	-5.25562813765109	27.9086287713197	0.23953	-1.8413	25.174	-1.72167925633469	-2.00178663503087	25.1288334001324	4	2
2.46197041687361	-8.88937617858945	30.9793436164577	1.27849062096426	-5.25562813765109	27.9086287713197	-0.798611881638335	-4.860529225252	28.4572163355272	4	2
3.86971002334822	-12.584988045139	33.6494132358087	2.46197041687361	-8.88937617858945	30.9793436164577	-0.821291720650511	-8.53182787755805	31.5545666677431	4	2
5.11688636213877	-16.3410851635431	35.1350117236504	3.86971002334822	-12.584988045139	33.6494132358087	0.659310674093652	-13.0101588248251	32.9256929521998	4	2
5.86756120070485	-21.0645959630465	37.0706069224763	5.11688636213877	-16.3410851635431	35.1350117236504	1.06301185602719	-15.3409598012007	36.8208143658058	4	2
7.45108885875955	-25.0090172959327	37.6394038940295	5.86756120070485	-21.0645959630465	37.0706069224763	3.18414340495174	-20.7695879569074	36.9858009689747	4	2
9.16500927241648	-28.5550679978859	38.2367338236563	7.45108885875955	-25.0090172959327	37.6394038940295	6.31671328924444	-24.610383449724	37.9693892936218	4	2
11.118259482876	-32.2343025195222	37.6206771378397	9.16500927241648	-28.5550679978859	38.2367338236563	8.35670929750679	-28.30408004805	37.7598990413698	4	2
13.1863063958693	-35.6183986449431	35.894222174752	11.118259482876	-32.2343025195222	37.6206771378397	9.34151054669875	-31.9816630300834	37.9081270746447	4	2
15.351755618291	-39.2828543556723	34.2202577159844	13.1863063958693	-35.6183986449431	35.894222174752	11.9118979862183	-35.4966676068118	36.1757448199624	4	2
17.8776948052018	-43.8210546383942	32.1042814831474	15.351755618291	-39.2828543556723	34.2202577159844	14.5041110733019	-39.0079176688757	34.155988410687	4	2
-1.72167925633469	-2.00178663503087	25.1288334001324	-0.798611881638335	-4.860529225252	28.4572163355272	1.27849062096426	-5.25562813765109	27.9086287713197	4	2
-0.798611881638335	-4.860529225252	28.4572163355272	-0.821291720650511	-8.53182787755805	31.5545666677431	2.46197041687361	-8.88937617858945	30.9793436164577	4	2
-0.821291720650511	-8.53182787755805	31.5545666677431	0.659310674093652	-13.0101588248251	32.9256929521998	3.86971002334822	-12.584988045139	33.6494132358087	4	2
0.659310674093652	-13.0101588248251	32.9256929521998	1.06301185602719	-15.3409598012007	36.8208143658058	5.11688636213877	-16.3410851635431	35.1350117236504	4	2
1.06301185602719	-15.3409598012007	36.8208143658058	3.18414340495174	-20.7695879569074	36.9858009689747	5.86756120070485	-21.0645959630465	37.0706069224763	4	2
3.18414340495174	-20.7695879569074	36.9858009689747	6.31671328924444	-24.610383449724	37.9693892936218	7.45108885875955	-25.0090172959327	37.6394038940295	4	2
6.31671328924444	-24.610383449724	37.9693892936218	8.35670929750679	-28.30408004805	37.7598990413698	9.16500927241648	-28.5550679978859	38.2367338236563	4	2
8.35670929750679	-28.30408004805	37.7598990413698	9.34151054669875	-31.9816630300834	37.9081270746447	11.118259482876	-32.2343025195222	37.6206771378397	4	2
9.34151054669875	-31.9816630300834	37.9081270746447	11.9118979862183	-35.4966676068118	36.1757448199624	13.1863063958693	-35.6183986449431	35.894222174752	4	2
11.9118979862183	-35.4966676068118	36.1757448199624	14.5041110733019	-39.0079176688757	34.155988410687	15.351755618291	-39.2828543556723	34.2202577159844	4	2
-0.096448	-0.21984	26.534	-0.995745953793228	2.43634327567122	28.9996573252283	0.859701556628108	0.846488480497755	25.5920295071802	5	2
-0.995745953793228	2.43634327567122	28.9996573252283	-1.78355370809214	6.15293519899092	31.7441168472073	2.04302896945807	3.57557114380498	27.9039206596528	5	2
-1.78355370809214	6.15293519899092	31.7441168472073	-2.82255307397978	10.1177883280624	34.3589066040668	-0.0837691772389094	5.87351006750386	31.7522388583801	5	2
-2.82255307397978	10.1177883280624	34.3589066040668	-3.77216493347492	13.3547195900367	36.0668262659828	-1.81540323490719	10.3722052959077	34.8417082036172	5	2
-3.77216493347492	13.3547195900367	36.0668262659828	-4.7735860041873	17.0980432711267	37.7366579574189	-0.585671570387279	13.9902958145315	35.9594237243209	5	2
-4.7735860041873	17.0980432711267	37.7366579574189	-6.80971712548894	23.0717453939824	38.5646744151392	-1.52386144620105	16.9142188768351	37.8672104441221	5	2
-6.80971712548894	23.0717453939824	38.5646744151392	-8.41410136984255	26.1985139112558	38.4271474146706	-4.87827799797548	22.6388819257501	39.6283607432359	5	2
2.04302896945807	3.57557114380498	27.9039206596528	0.859701556628108	0.846488480497755	25.5920295071802	-0.995745953793228	2.43634327567122	28.9996573252283	5	2
-0.0837691772389094	5.87351006750386	31.7522388583801	2.04302896945807	3.57557114380498	27.9039206596528	-1.78355370809214	6.15293519899092	31.7441168472073	5	2
-1.81540323490719	10.3722052959077	34.8417082036172	-0.0837691772389094	5.87351006750386	31.7522388583801	-2.82255307397978	10.1177883280624	34.3589066040668	5	2
-0.585671570387279	13.9902958145315	35.9594237243209	-1.81540323490719	10.3722052959077	34.8417082036172	-3.77216493347492	13.3547195900367	36.0668262659828	5	2
-1.52386144620105	16.9142188768351	37.8672104441221	-0.585671570387279	13.9902958145315	35.9594237243209	-4.7735860041873	17.0980432711267	37.7366579574189	5	2
-4.87827799797548	22.6388819257501	39.6283607432359	-1.52386144620105	16.9142188768351	37.8672104441221	-6.80971712548894	23.0717453939824	38.5646744151392	5	2
-0.995745953793228	2.43634327567122	28.9996573252283	-0.096448	-0.21984	26.534	-1.20181006070204	0.328906405804275	26.1683828186731	5	2
-1.78355370809214	6.15293519899092	31.7441168472073	-0.995745953793228	2.43634327567122	28.9996573252283	-3.1039709334013	0.790019686694374	30.263662305968	5	2
-2.82255307397978	10.1177883280624	34.3589066040668	-1.78355370809214	6.15293519899092	31.7441168472073	-4.37855389564524	5.20787443128329	32.8337591655573	5	2
-3.77216493347492	13.3547195900367	36.0668262659828	-2.82255307397978	10.1177883280624	34.3589066040668	-5.42886744564635	9.13276426878318	35.1717242765404	5	2
-4.7735860041873	17.0980432711267	37.7366579574189	-3.77216493347492	13.3547195900367	36.0668262659828	-5.65494743518511	11.9914300330816	38.0387950702876	5	2
-8.41410136984255	26.1985139112558	38.4271474146706	-6.80971712548894	23.0717453939824	38.5646744151392	-7.45068456862929	22.8322486206791	38.5247289221337	5	2
-1.20181006070204	0.328906405804275	26.1683828186731	-3.1039709334013	0.790019686694374	30.263662305968	-0.995745953793228	2.43634327567122	28.9996573252283	5	2
-3.1039709334013	0.790019686694374	30.263662305968	-4.37855389564524	5.20787443128329	32.8337591655573	-1.78355370809214	6.15293519899092	31.7441168472073	5	2
-4.37855389564524	5.20787443128329	32.8337591655573	-5.42886744564635	9.13276426878318	35.1717242765404	-2.82255307397978	10.1177883280624	34.3589066040668	5	2
-5.42886744564635	9.13276426878318	35.1717242765404	-5.65494743518511	11.9914300330816	38.0387950702876	-3.77216493347492	13.3547195900367	36.0668262659828	5	2
-5.94385185446903	16.5888716353812	39.4236789101686	-7.45068456862929	22.8322486206791	38.5247289221337	-6.80971712548894	23.0717453939824	38.5646744151392	5	2
0.66812	-1.503	30.237	0.556310162547529	-4.20828744604424	33.7939847417334	2.00444483671627	-1.10155640368527	30.8135987271519	6	2
0.556310162547529	-4.20828744604424	33.7939847417334	0.285190273910028	-7.12055396476057	37.0673628630095	1.97888978525338	-5.04563546791421	33.0038140783116	6	2
0.285190273910028	-7.12055396476057	37.0673628630095	0.320858445557336	-10.3913141893404	39.57132375123	2.15541614287847	-7.46252011598334	37.26866937398	6	2
0.320858445557336	-10.3913141893404	39.57132375123	0.864791492664863	-14.6343215195654	41.6524808731026	1.83954049535395	-8.84930424503778	41.915164704302	6	2
0.864791492664863	-14.6343215195654	41.6524808731026	1.72263102526011	-18.8881083958904	43.1274718958286	2.09980192578032	-13.6909381403528	44.750504999852	6	2
1.72263102526011	-18.8881083958904	43.1274718958286	3.56208985741986	-23.2994317666247	44.435487160878	3.80303468013489	-18.3784491434115	44.9309998493537	6	2
3.56208985741986	-23.2994317666247	44.435487160878	5.14682647358918	-26.7656854504492	43.80033981833	5.06467928903472	-23.48463569374	45.8263834565738	6	2
5.14682647358918	-26.7656854504492	43.80033981833	10.616430209031	-32.4852177022726	41.6773372541317	7.33537641977461	-27.6052607763389	46.1092234804509	6	2
10.616430209031	-32.4852177022726	41.6773372541317	11.9321083459476	-33.8446923673183	40.9221924500453	11.1051143135488	-33.6558075432689	42.7142115329852	6	2
1.97888978525338	-5.04563546791421	33.0038140783116	2.00444483671627	-1.10155640368527	30.8135987271519	0.556310162547529	-4.20828744604424	33.7939847417334	6	2
2.15541614287847	-7.46252011598334	37.26866937398	1.97888978525338	-5.04563546791421	33.0038140783116	0.285190273910028	-7.12055396476057	37.0673628630095	6	2
1.83954049535395	-8.84930424503778	41.915164704302	2.15541614287847	-7.46252011598334	37.26866937398	0.320858445557336	-10.3913141893404	39.57132375123	6	2
2.09980192578032	-13.6909381403528	44.750504999852	1.83954049535395	-8.84930424503778	41.915164704302	0.864791492664863	-14.6343215195654	41.6524808731026	6	2
3.80303468013489	-18.3784491434115	44.9309998493537	2.09980192578032	-13.6909381403528	44.750504999852	1.72263102526011	-18.8881083958904	43.1274718958286	6	2
5.06467928903472	-23.48463569374	45.8263834565738	3.80303468013489	-18.3784491434115	44.9309998493537	3.56208985741986	-23.2994317666247	44.435487160878	6	2
7.33537641977461	-27.6052607763389	46.1092234804509	5.06467928903472	-23.48463569374	45.8263834565738	5.14682647358918	-26.7656854504492	43.80033981833	6	2
11.1051143135488	-33.6558075432689	42.7142115329852	7.33537641977461	-27.6052607763389	46.1092234804509	10.616430209031	-32.4852177022726	41.6773372541317	6	2
0.556310162547529	-4.20828744604424	33.7939847417334	0.66812	-1.503	30.237	-2.94555832680387	-1.31798010809522	30.6866392402666	6	2
0.285190273910028	-7.12055396476057	37.0673628630095	0.556310162547529	-4.20828744604424	33.7939847417334	-1.48596657093541	-3.66442414669608	34.265100709937	6	2
0.320858445557336	-10.3913141893404	39.57132375123	0.285190273910028	-7.12055396476057	37.0673628630095	-3.01082816509547	-7.06634194097336	37.2113679431722	6	2
0.864791492664863	-14.6343215195654	41.6524808731026	0.320858445557336	-10.3913141893404	39.57132375123	-3.61392547514848	-10.3238145539965	38.8602908219058	6	2
1.72263102526011	-18.8881083958904	43.1274718958286	0.864791492664863	-14.6343215195654	41.6524808731026	-2.47259651124017	-14.421692771831	40.8941613777527	6	2
3.56208985741986	-23.2994317666247	44.435487160878	1.72263102526011	-18.8881083958904	43.1274718958286	-1.22640982183318	-18.2110781425782	43.7301935901248	6	2
5.14682647358918	-26.7656854504492	43.80033981833	3.56208985741986	-23.2994317666247	44.435487160878	1.60104602370886	-22.9145064227779	44.6034184620951	6	2
10.616430209031	-32.4852177022726	41.6773372541317	5.14682647358918	-26.7656854504492	43.80033981833	4.23086773316978	-26.297867571301	43.9177892874586	6	2
11.9321083459476	-33.8446923673183	40.9221924500453	10.616430209031	-32.4852177022726	41.6773372541317	9.56227424803714	-32.7622262061325	42.9921532825899	6	2
-2.94555832680387	-1.31798010809522	30.6866392402666	-1.48596657093541	-3.66442414669608	34.265100709937	0.556310162547529	-4.20828744604424	33.7939847417334	6	2
-1.48596657093541	-3.66442414669608	34.265100709937	-3.01082816509547	-7.06634194097336	37.2113679431722	0.285190273910028	-7.12055396476057	37.0673628630095	6	2
-3.01082816509547	-7.06634194097336	37.2113679431722	-3.61392547514848	-10.3238145539965	38.8602908219058	0.320858445557336	-10.3913141893404	39.57132375123	6	2
-3.61392547514848	-10.3238145539965	38.8602908219058	-2.47259651124017	-14.421692771831	40.8941613777527	0.864791492664863	-14.6343215195654	41.6524808731026	6	2
-2.47259651124017	-14.421692771831	40.8941613777527	-1.22640982183318	-18.2110781425782	43.7301935901248	1.72263102526011	-18.8881083958904	43.1274718958286	6	2
-1.22640982183318	-18.2110781425782	43.7301935901248	1.60104602370886	-22.9145064227779	44.6034184620951	3.56208985741986	-23.2994317666247	44.435487160878	6	2
1.60104602370886	-22.9145064227779	44.6034184620951	4.23086773316978	-26.297867571301	43.9177892874586	5.14682647358918	-26.7656854504492	43.80033981833	6	2
4.23086773316978	-26.297867571301	43.9177892874586	9.56227424803714	-32.7622262061325	42.9921532825899	10.616430209031	-32.4852177022726	41.6773372541317	6	2
0.48025	-0.065238	32.487	-1.2776	-1.5731	35.774	0.80535	-0.11254	32.763	7	2
-1.2776	-1.5731	35.774	-3.7106	-3.0051	39.413	0.6961	-0.59294	36.29	7	2
0.6961	-0.59294	36.29	0.80535	-0.11254	32.763	-1.2776	-1.5731	35.774	7	2
-1.2776	-1.5731	35.774	0.48025	-0.065238	32.487	-3.3403	-1.2828	30.858	7	2
-3.7106	-3.0051	39.413	-1.2776	-1.5731	35.774	-3.4174	-1.3611	35.729	7	2
-3.3403	-1.2828	30.858	-3.4174	-1.3611	35.729	-1.2776	-1.5731	35.774	7	2
1.6541	2.9057	32.832	2.53059105254528	6.84102254741888	36.0811935618834	2.99878835413296	2.72004138201972	32.7088685343673	8	2
2.53059105254528	6.84102254741888	36.0811935618834	4.39218523247978	10.3245021298757	38.9844434095266	4.19256818800039	4.72262493957553	37.1285990355697	8	2
4.39218523247978	10.3245021298757	38.9844434095266	6.02269561299033	13.1577095470604	40.6564388282576	7.23154343282148	9.26590189600996	39.747067415844	8	2
6.02269561299033	13.1577095470604	40.6564388282576	9.24623702849651	18.0528914028863	42.6400288970242	9.00853638740479	12.5184286892405	41.8126422120397	8	2
9.24623702849651	18.0528914028863	42.6400288970242	11.7470648452568	21.3181775831572	42.8608881323976	11.8532782390836	17.791417148828	43.7696061545703	8	2
11.7470648452568	21.3181775831572	42.8608881323976	14.7733387292235	24.8199342299698	41.831631713557	15.0873673021375	21.6385154404723	42.9845326378459	8	2
14.7733387292235	24.8199342299698	41.831631713557	17.2253434645769	28.510662729075	38.7894496145206	17.151631558803	24.9266305909063	41.3091825740862	8	2
17.2253434645769	28.510662729075	38.7894496145206	18.0637727626435	30.7904955699829	35.326736006718	19.3268085666317	29.3231567616628	38.6249963632457	8	2
18.0637727626435	30.7904955699829	35.326736006718	18.1980938810423	32.3813965828711	32.2099336702932	19.3076004900331	30.6962925656826	35.3273512772013	8	2
4.19256818800039	4.72262493957553	37.1285990355697	2.99878835413296	2.72004138201972	32.7088685343673	2.53059105254528	6.84102254741888	36.0811935618834	8	2
7.23154343282148	9.26590189600996	39.747067415844	4.19256818800039	4.72262493957553	37.1285990355697	4.39218523247978	10.3245021298757	38.9844434095266	8	2
9.00853638740479	12.5184286892405	41.8126422120397	7.23154343282148	9.26590189600996	39.747067415844	6.02269561299033	13.1577095470604	40.6564388282576	8	2
11.8532782390836	17.791417148828	43.7696061545703	9.00853638740479	12.5184286892405	41.8126422120397	9.24623702849651	18.0528914028863	42.6400288970242	8	2
15.0873673021375	21.6385154404723	42.9845326378459	11.8532782390836	17.791417148828	43.7696061545703	11.7470648452568	21.3181775831572	42.8608881323976	8	2
17.151631558803	24.9266305909063	41.3091825740862	15.0873673021375	21.6385154404723	42.9845326378459	14.7733387292235	24.8199342299698	41.831631713557	8	2
19.3268085666317	29.3231567616628	38.6249963632457	17.151631558803	24.9266305909063	41.3091825740862	17.2253434645769	28.510662729075	38.7894496145206	8	2
19.3076004900331	30.6962925656826	35.3273512772013	19.3268085666317	29.3231567616628	38.6249963632457	18.0637727626435	30.7904955699829	35.326736006718	8	2
2.53059105254528	6.84102254741888	36.0811935618834	1.6541	2.9057	32.832	0.685361787512005	1.31956516893636	34.9539821171377	8	2
4.39218523247978	10.3245021298757	38.9844434095266	2.53059105254528	6.84102254741888	36.0811935618834	0.133893842439191	6.80157643144554	36.5152651802879	8	2
6.02269561299033	13.1577095470604	40.6564388282576	4.39218523247978	10.3245021298757	38.9844434095266	1.76685577010573	10.8101374876826	38.7705351038472	8	2
9.24623702849651	18.0528914028863	42.6400288970242	6.02269561299033	13.1577095470604	40.6564388282576	2.24398018529391	13.4006005632654	40.8799768188452	8	2
11.7470648452568	21.3181775831572	42.8608881323976	9.24623702849651	18.0528914028863	42.6400288970242	5.7876510755193	17.9798401920204	43.0376789522985	8	2
14.7733387292235	24.8199342299698	41.831631713557	11.7470648452568	21.3181775831572	42.8608881323976	9.00204538043089	21.0090033948422	42.3698604865294	8	2
17.2253434645769	28.510662729075	38.7894496145206	14.7733387292235	24.8199342299698	41.831631713557	12.1910642194671	24.6798526523237	43.0257886328379	8	2
18.0637727626435	30.7904955699829	35.326736006718	17.2253434645769	28.510662729075	38.7894496145206	16.733862678628	29.3952809702657	39.5844252143951	8	2
18.1980938810423	32.3813965828711	32.2099336702932	18.0637727626435	30.7904955699829	35.326736006718	17.8815521724981	31.4607116585841	35.2347302943561	8	2
0.685361787512005	1.31956516893636	34.9539821171377	0.133893842439191	6.80157643144554	36.5152651802879	2.53059105254528	6.84102254741888	36.0811935618834	8	2
0.133893842439191	6.80157643144554	36.5152651802879	1.76685577010573	10.8101374876826	38.7705351038472	4.39218523247978	10.3245021298757	38.9844434095266	8	2
1.76685577010573	10.8101374876826	38.7705351038472	2.24398018529391	13.4006005632654	40.8799768188452	6.02269561299033	13.1577095470604	40.6564388282576	8	2
2.24398018529391	13.4006005632654	40.8799768188452	5.7876510755193	17.9798401920204	43.0376789522985	9.24623702849651	18.0528914028863	42.6400288970242	8	2
5.7876510755193	17.9798401920204	43.0376789522985	9.00204538043089	21.0090033948422	42.3698604865294	11.7470648452568	21.3181775831572	42.8608881323976	8	2
9.00204538043089	21.0090033948422	42.3698604865294	12.1910642194671	24.6798526523237	43.0257886328379	14.7733387292235	24.8199342299698	41.831631713557	8	2
12.1910642194671	24.6798526523237	43.0257886328379	16.733862678628	29.3952809702657	39.5844252143951	17.2253434645769	28.510662729075	38.7894496145206	8	2
16.733862678628	29.3952809702657	39.5844252143951	17.8815521724981	31.4607116585841	35.2347302943561	18.0637727626435	30.7904955699829	35.326736006718	8	2
