-0.3475	-0.70784	0.031499	-0.41155	-0.34074	1.0263	-0.22515	-0.60134	1.8261	0	0
-0.41155	-0.34074	0	-0.087748	-0.21784	1.0423	-0.37868	0.45443	1.0936	0	0
-0.41155	-0.34074	0	-0.087748	-0.21784	1.0423	-0.1292	-0.21974	1.7978	0	0
-0.41155	-0.34074	0	-0.37868	0.45443	1.0936	-0.36431	0.45368	1.7658	0	0
-0.41155	-0.34074	0	-0.22515	-0.60134	1.8261	-0.1292	-0.21974	1.7978	0	0
-0.087748	-0.21784	0.015999	-0.37868	0.45443	1.0936	0.077885	0.65153	1.042	0	0
-0.087748	-0.21784	0.015999	0.077885	0.65153	1.042	0.58995	0.54246	1.7331	0	0
-0.087748	-0.21784	0.015999	-0.1292	-0.21974	1.7978	0.58995	0.54246	1.7331	0	0
-0.37868	0.45443	0.0673	0.077885	0.65153	1.042	0.090202	1.1281	1.0615	0	0
-0.37868	0.45443	0.0673	-0.36431	0.45368	1.7658	-0.23335	1.161	2.1406	0	0
-0.37868	0.45443	0.0673	0.090202	1.1281	1.0615	-0.23335	1.161	2.1406	0	0
-0.22515	-0.60134	0.79975	-0.1292	-0.21974	1.7978	0.21832	-0.029304	2.3827	0	0
-0.22515	-0.60134	0.79975	-0.15305	-0.60444	2.5182	0.21832	-0.029304	2.3827	0	0
0.077885	0.65153	0.015633	0.090202	1.1281	1.0615	0.65045	1.0875	1.0299	0	0
0.077885	0.65153	0.015633	0.65045	1.0875	1.0299	0.58995	0.54246	1.7331	0	0
-0.1292	-0.21974	0.77145	-0.36431	0.45368	1.7658	-0.53225	-0.15794	2.129	0	0
-0.1292	-0.21974	0.77145	-0.36431	0.45368	1.7658	0.17911	0.61674	1.8577	0	0
-0.1292	-0.21974	0.77145	-0.53225	-0.15794	2.129	-0.15305	-0.60444	2.5182	0	0
-0.1292	-0.21974	0.77145	0.58995	0.54246	1.7331	0.21832	-0.029304	2.3827	0	0
-0.36431	0.45368	0.7395	-0.53225	-0.15794	2.129	-0.33152	0.41281	2.5918	0	0
-0.36431	0.45368	0.7395	-0.33152	0.41281	2.5918	-0.23335	1.161	2.1406	0	0
0.090202	1.1281	0.03515	0.65045	1.0875	1.0299	0.2262	1.2084	1.817	0	0
0.090202	1.1281	0.03515	0.2262	1.2084	1.817	-0.23335	1.161	2.1406	0	0
-0.53225	-0.15794	1.1027	-0.33152	0.41281	2.5918	-0.13415	-0.24834	3.0499	0	0
0.65045	1.0875	0.003549	0.58995	0.54246	1.7331	0.65255	1.1118	1.7913	0	0
0.65045	1.0875	0.003549	0.2262	1.2084	1.817	0.65255	1.1118	1.7913	0	0
0.58995	0.54246	0.7068	0.17911	0.61674	1.8577	0.21832	-0.029304	2.3827	0	0
0.58995	0.54246	0.7068	0.17911	0.61674	1.8577	0.65255	1.1118	1.7913	0	0
0.17911	0.61674	0.83138	0.21832	-0.029304	2.3827	0.1928	0.65786	2.5434	0	0
0.17911	0.61674	0.83138	0.2262	1.2084	1.817	0.65255	1.1118	1.7913	0	0
0.17911	0.61674	0.83138	0.2262	1.2084	1.817	-0.23335	1.161	2.1406	0	0
0.17911	0.61674	0.83138	0.1928	0.65786	2.5434	-0.23335	1.161	2.1406	0	0
-0.15305	-0.60444	1.4919	0.21832	-0.029304	2.3827	-0.13415	-0.24834	3.0499	0	0
-0.15305	-0.60444	1.4919	-0.13415	-0.24834	3.0499	-0.20925	-0.38654	3.2845	0	0
0.21832	-0.029304	1.3563	0.1928	0.65786	2.5434	0.019302	0.37346	3.2258	0	0
0.21832	-0.029304	1.3563	-0.13415	-0.24834	3.0499	0.019302	0.37346	3.2258	0	0
-0.33152	0.41281	1.5654	0.019302	0.37346	3.2258	-0.19325	0.5944	3.2322	0	0
-0.33152	0.41281	1.5654	-0.19325	0.5944	3.2322	-0.24735	1.2865	3.1824	0	0
-0.33152	0.41281	1.5654	-0.23335	1.161	2.1406	-0.24735	1.2865	3.1824	0	0
0.1928	0.65786	1.5171	0.19635	1.1336	2.5602	0.59565	1.1524	2.462	0	0
0.1928	0.65786	1.5171	0.19635	1.1336	2.5602	-0.23335	1.161	2.1406	0	0
0.1928	0.65786	1.5171	0.59565	1.1524	2.462	0.58445	0.89706	3.0215	0	0
0.1928	0.65786	1.5171	0.019302	0.37346	3.2258	0.58445	0.89706	3.0215	0	0
-0.13415	-0.24834	2.0236	-0.20925	-0.38654	3.2845	0.019302	0.37346	3.2258	0	0
0.19635	1.1336	1.5339	0.58445	0.89706	3.0215	0.088202	1.1438	3.2618	0	0
0.19635	1.1336	1.5339	0.088202	1.1438	3.2618	-0.24735	1.2865	3.1824	0	0
0.19635	1.1336	1.5339	-0.23335	1.161	2.1406	-0.24735	1.2865	3.1824	0	0
-0.20925	-0.38654	2.2582	0.019302	0.37346	3.2258	-0.16545	-0.28084	4.0561	0	0
-0.20925	-0.38654	2.2582	-0.35048	-0.63784	3.8856	-0.16545	-0.28084	4.0561	0	0
0.019302	0.37346	2.1995	-0.19325	0.5944	3.2322	0.19198	0.45409	3.8968	0	0
0.019302	0.37346	2.1995	0.58445	0.89706	3.0215	0.5727	0.89226	3.8548	0	0
0.019302	0.37346	2.1995	-0.16545	-0.28084	4.0561	0.19198	0.45409	3.8968	0	0
-0.19325	0.5944	2.2059	0.19198	0.45409	3.8968	-0.17965	0.74516	4.0608	0	0
-0.19325	0.5944	2.2059	-0.24735	1.2865	3.1824	-0.17965	0.74516	4.0608	0	0
0.58445	0.89706	1.9952	0.088202	1.1438	3.2618	0.5727	0.89226	3.8548	0	0
0.088202	1.1438	2.2354	-0.24735	1.2865	3.1824	0.11245	1.1443	4.0705	0	0
0.088202	1.1438	2.2354	0.5727	0.89226	3.8548	0.11245	1.1443	4.0705	0	0
-0.35048	-0.63784	2.8592	-0.16545	-0.28084	4.0561	-0.2666	-0.57164	4.7374	0	0
-0.16545	-0.28084	3.0298	0.19198	0.45409	3.8968	0.12835	-0.030738	4.352	0	0
-0.16545	-0.28084	3.0298	0.12835	-0.030738	4.352	-0.15805	-0.24374	4.5619	0	0
-0.16545	-0.28084	3.0298	-0.15805	-0.24374	4.5619	-0.2666	-0.57164	4.7374	0	0
0.19198	0.45409	2.8704	0.5727	0.89226	3.8548	0.2311	0.63296	4.6118	0	0
0.19198	0.45409	2.8704	-0.17965	0.74516	4.0608	-0.1763	0.49556	4.57	0	0
0.19198	0.45409	2.8704	0.12835	-0.030738	4.352	0.2311	0.63296	4.6118	0	0
-0.24735	1.2865	2.1561	-0.17965	0.74516	4.0608	-0.41335	1.134	4.6148	0	0
-0.24735	1.2865	2.1561	0.11245	1.1443	4.0705	-0.41335	1.134	4.6148	0	0
0.5727	0.89226	2.8285	0.11245	1.1443	4.0705	0.23795	1.2918	4.5479	0	0
0.5727	0.89226	2.8285	0.2311	0.63296	4.6118	0.60185	0.89616	4.6843	0	0
0.5727	0.89226	2.8285	0.23795	1.2918	4.5479	0.60185	0.89616	4.6843	0	0
-0.17965	0.74516	3.0345	-0.1763	0.49556	4.57	-0.41335	1.134	4.6148	0	0
0.12835	-0.030738	3.3257	-0.1763	0.49556	4.57	-0.15805	-0.24374	4.5619	0	0
0.12835	-0.030738	3.3257	0.2311	0.63296	4.6118	-0.13315	-0.26594	5.0635	0	0
0.11245	1.1443	3.0442	-0.41335	1.134	4.6148	0.23795	1.2918	4.5479	0	0
-0.1763	0.49556	3.5437	-0.15805	-0.24374	4.5619	-0.13315	-0.26594	5.0635	0	0
-0.1763	0.49556	3.5437	-0.13315	-0.26594	5.0635	-0.39075	0.5507	5.3515	0	0
-0.1763	0.49556	3.5437	-0.41335	1.134	4.6148	-0.39075	0.5507	5.3515	0	0
-0.15805	-0.24374	3.5356	-0.2666	-0.57164	4.7374	-0.13315	-0.26594	5.0635	0	0
-0.2666	-0.57164	3.7111	-0.13315	-0.26594	5.0635	-0.40125	-0.59064	5.3859	0	0
0.2311	0.63296	3.5854	-0.13315	-0.26594	5.0635	0.035852	0.38686	5.6041	0	0
0.2311	0.63296	3.5854	0.035852	0.38686	5.6041	0.60185	0.89616	4.6843	0	0
-0.13315	-0.26594	4.0372	-0.36955	-0.2854	5.3799	-0.40125	-0.59064	5.3859	0	0
-0.13315	-0.26594	4.0372	-0.36955	-0.2854	5.3799	0.035852	0.38686	5.6041	0	0
-0.41335	1.134	3.5884	0.23795	1.2918	4.5479	-0.40672	1.1238	5.295	0	0
-0.41335	1.134	3.5884	-0.39075	0.5507	5.3515	-0.40672	1.1238	5.295	0	0
0.23795	1.2918	3.5216	0.2735	1.0969	5.3112	0.60185	0.89616	4.6843	0	0
0.23795	1.2918	3.5216	0.2735	1.0969	5.3112	-0.40672	1.1238	5.295	0	0
-0.36955	-0.2854	4.3535	-0.40125	-0.59064	5.3859	-0.32761	-0.32944	6.058	0	0
-0.36955	-0.2854	4.3535	0.035852	0.38686	5.6041	-0.32761	-0.32944	6.058	0	0
-0.40125	-0.59064	4.3596	-0.32761	-0.32944	6.058	-0.45215	-0.71554	6.0998	0	0
-0.39075	0.5507	4.3252	0.035852	0.38686	5.6041	0.2735	1.0969	5.3112	0	0
-0.39075	0.5507	4.3252	0.2735	1.0969	5.3112	-0.40672	1.1238	5.295	0	0
0.035852	0.38686	4.5778	0.2735	1.0969	5.3112	0.32645	1.112	6.0266	0	0
0.035852	0.38686	4.5778	-0.32761	-0.32944	6.058	-0.1037	0.50781	6.0765	0	0
0.035852	0.38686	4.5778	0.32645	1.112	6.0266	-0.1037	0.50781	6.0765	0	0
0.2735	1.0969	4.2849	0.60185	0.89616	4.6843	0.32645	1.112	6.0266	0	0
-0.32761	-0.32944	5.0317	-0.45215	-0.71554	6.0998	-0.3167	-0.29826	6.6523	0	0
-0.32761	-0.32944	5.0317	-0.1037	0.50781	6.0765	-0.3167	-0.29826	6.6523	0	0
0.32645	1.112	5.0003	-0.1037	0.50781	6.0765	0.30095	1.1021	6.8031	0	0
-0.45215	-0.71554	5.0735	-0.3167	-0.29826	6.6523	-0.59195	-0.91369	6.7385	0	0
-0.1037	0.50781	5.0502	-0.3167	-0.29826	6.6523	-0.13598	0.39563	6.7364	0	0
-0.1037	0.50781	5.0502	-0.13598	0.39563	6.7364	0.30095	1.1021	6.8031	0	0
-0.3167	-0.29826	5.6259	-0.13598	0.39563	6.7364	-0.42788	-0.25034	7.4039	0	0
-0.3167	-0.29826	5.6259	-0.59195	-0.91369	6.7385	-0.42788	-0.25034	7.4039	0	0
-0.13598	0.39563	5.7101	0.30095	1.1021	6.8031	-0.11615	0.77816	7.5529	0	0
-0.13598	0.39563	5.7101	-0.42788	-0.25034	7.4039	-0.11615	0.77816	7.5529	0	0
-0.59195	-0.91369	5.7121	-0.42788	-0.25034	7.4039	-0.56585	-0.73734	7.548	0	0
-0.59195	-0.91369	5.7121	-0.94701	-1.0701	7.415	-0.56585	-0.73734	7.548	0	0
0.30095	1.1021	5.7767	-0.11615	0.77816	7.5529	0.2734	1.0952	7.5373	0	0
-0.42788	-0.25034	6.3776	-0.56585	-0.73734	7.548	-0.4124	-0.22374	8.0443	0	0
-0.42788	-0.25034	6.3776	-0.54988	0.3956	7.5862	-0.11615	0.77816	7.5529	0	0
-0.42788	-0.25034	6.3776	-0.54988	0.3956	7.5862	-0.4124	-0.22374	8.0443	0	0
-0.94701	-1.0701	6.3887	-0.56585	-0.73734	7.548	-0.62795	-0.78214	8.0021	0	0
-0.94701	-1.0701	6.3887	-0.62795	-0.78214	8.0021	-1.0538	-0.90764	8.1021	0	0
-0.56585	-0.73734	6.5217	-0.4124	-0.22374	8.0443	-0.62795	-0.78214	8.0021	0	0
-0.54988	0.3956	6.5599	-0.11615	0.77816	7.5529	-0.51378	1.1669	7.4114	0	0
-0.54988	0.3956	6.5599	-0.51378	1.1669	7.4114	-0.4791	1.2056	8.0208	0	0
-0.54988	0.3956	6.5599	-0.4124	-0.22374	8.0443	-0.4438	0.46864	8.0486	0	0
-0.54988	0.3956	6.5599	-0.4438	0.46864	8.0486	-0.4791	1.2056	8.0208	0	0
-0.11615	0.77816	6.5266	-0.51378	1.1669	7.4114	0.2734	1.0952	7.5373	0	0
-0.51378	1.1669	6.385	0.2734	1.0952	7.5373	0.026352	1.5502	7.4657	0	0
-0.51378	1.1669	6.385	0.026352	1.5502	7.4657	-0.28695	1.5502	7.7489	0	0
-0.51378	1.1669	6.385	-0.28695	1.5502	7.7489	-0.4791	1.2056	8.0208	0	0
0.2734	1.0952	6.511	-0.4124	-0.22374	8.0443	0.2581	1.0921	8.0847	0	0
0.2734	1.0952	6.511	0.026352	1.5502	7.4657	0.2581	1.0921	8.0847	0	0
-0.4124	-0.22374	7.0179	-0.62795	-0.78214	8.0021	-0.89135	-0.40644	8.3197	0	0
-0.4124	-0.22374	7.0179	-0.4438	0.46864	8.0486	-0.89135	-0.40644	8.3197	0	0
-0.4124	-0.22374	7.0179	0.2581	1.0921	8.0847	0.18565	0.81736	8.7878	0	0
-0.4124	-0.22374	7.0179	0.18565	0.81736	8.7878	-0.4245	-0.22426	8.8192	0	0
-0.62795	-0.78214	6.9758	-1.0538	-0.90764	8.1021	-0.89135	-0.40644	8.3197	0	0
-0.4438	0.46864	7.0223	-0.4791	1.2056	8.0208	-0.46324	0.48506	8.815	0	0
-0.4438	0.46864	7.0223	-0.89135	-0.40644	8.3197	-0.46324	0.48506	8.815	0	0
-1.0538	-0.90764	7.0758	-0.89135	-0.40644	8.3197	-0.54655	-0.74849	8.802	0	0
-1.0538	-0.90764	7.0758	-0.54655	-0.74849	8.802	-0.85995	-1.0273	9.7054	0	0
0.026352	1.5502	6.4394	-0.28695	1.5502	7.7489	-0.034448	1.5586	8.1141	0	0
0.026352	1.5502	6.4394	0.2581	1.0921	8.0847	-0.034448	1.5586	8.1141	0	0
-0.28695	1.5502	6.7226	-0.31265	1.5695	7.8874	-0.4791	1.2056	8.0208	0	0
-0.28695	1.5502	6.7226	-0.31265	1.5695	7.8874	-0.034448	1.5586	8.1141	0	0
0.2581	1.0921	7.0584	-0.034448	1.5586	8.1141	0.038052	1.586	8.4944	0	0
0.2581	1.0921	7.0584	0.038052	1.586	8.4944	0.15865	1.3202	8.8175	0	0
0.2581	1.0921	7.0584	0.18565	0.81736	8.7878	0.15865	1.3202	8.8175	0	0
-0.31265	1.5695	6.8611	-0.4791	1.2056	8.0208	-0.16725	1.5609	8.5345	0	0
-0.31265	1.5695	6.8611	-0.034448	1.5586	8.1141	-0.16725	1.5609	8.5345	0	0
-0.4791	1.2056	6.9945	-0.16725	1.5609	8.5345	-0.43757	1.192	8.8144	0	0
-0.4791	1.2056	6.9945	-0.46324	0.48506	8.815	-0.43757	1.192	8.8144	0	0
-0.89135	-0.40644	7.2934	-0.54655	-0.74849	8.802	-0.4245	-0.22426	8.8192	0	0
-0.89135	-0.40644	7.2934	-0.4245	-0.22426	8.8192	-0.46324	0.48506	8.815	0	0
-0.034448	1.5586	7.0878	0.038052	1.586	8.4944	-0.16725	1.5609	8.5345	0	0
0.038052	1.586	7.4681	-0.16725	1.5609	8.5345	-0.2822	1.5457	9.3801	0	0
0.038052	1.586	7.4681	0.15865	1.3202	8.8175	-0.2822	1.5457	9.3801	0	0
-0.16725	1.5609	7.5082	-0.43757	1.192	8.8144	-0.2822	1.5457	9.3801	0	0
0.18565	0.81736	7.7615	-0.4245	-0.22426	8.8192	0.099852	0.53146	9.6678	0	0
0.18565	0.81736	7.7615	0.15865	1.3202	8.8175	0.1686	1.0787	9.5365	0	0
0.18565	0.81736	7.7615	0.1686	1.0787	9.5365	0.099852	0.53146	9.6678	0	0
-0.54655	-0.74849	7.7756	-0.4245	-0.22426	8.8192	-0.54215	-0.73694	9.5497	0	0
-0.54655	-0.74849	7.7756	-0.54215	-0.73694	9.5497	-0.85995	-1.0273	9.7054	0	0
-0.4245	-0.22426	7.7929	-0.54215	-0.73694	9.5497	-0.40325	-0.23239	9.5557	0	0
-0.4245	-0.22426	7.7929	-0.40325	-0.23239	9.5557	0.099852	0.53146	9.6678	0	0
-0.46324	0.48506	7.7886	-0.43757	1.192	8.8144	-0.50717	0.49754	9.5691	0	0
-0.46324	0.48506	7.7886	-0.40325	-0.23239	9.5557	-0.50717	0.49754	9.5691	0	0
-0.43757	1.192	7.7881	-0.2822	1.5457	9.3801	-0.4315	1.1788	9.5592	0	0
-0.43757	1.192	7.7881	-0.50717	0.49754	9.5691	-0.4315	1.1788	9.5592	0	0
0.15865	1.3202	7.7912	-0.2822	1.5457	9.3801	0.1686	1.0787	9.5365	0	0
-0.54215	-0.73694	8.5234	-0.40325	-0.23239	9.5557	-0.39457	-0.35364	10.274	0	0
-0.54215	-0.73694	8.5234	-0.85995	-1.0273	9.7054	-0.65628	-0.8273	10.225	0	0
-0.54215	-0.73694	8.5234	-0.65628	-0.8273	10.225	-0.39457	-0.35364	10.274	0	0
-0.40325	-0.23239	8.5294	-0.50717	0.49754	9.5691	-0.50472	0.53016	10.263	0	0
-0.40325	-0.23239	8.5294	-0.39457	-0.35364	10.274	-0.50472	0.53016	10.263	0	0
-0.2822	1.5457	8.3537	0.1686	1.0787	9.5365	-0.016698	1.5936	10.331	0	0
-0.2822	1.5457	8.3537	-0.4315	1.1788	9.5592	-0.25145	1.5798	10.313	0	0
-0.2822	1.5457	8.3537	-0.25145	1.5798	10.313	-0.016698	1.5936	10.331	0	0
0.1686	1.0787	8.5102	0.099852	0.53146	9.6678	0.23665	0.83626	10.139	0	0
0.1686	1.0787	8.5102	0.23665	0.83626	10.139	0.10795	1.333	10.31	0	0
0.1686	1.0787	8.5102	-0.016698	1.5936	10.331	0.10795	1.333	10.31	0	0
-0.50717	0.49754	8.5427	-0.4315	1.1788	9.5592	-0.50472	0.53016	10.263	0	0
0.099852	0.53146	8.6415	-0.39457	-0.35364	10.274	0.23665	0.83626	10.139	0	0
-0.65628	-0.8273	9.1986	-0.39457	-0.35364	10.274	-0.42485	-0.68119	11.11	0	0
-0.39457	-0.35364	9.2478	0.23665	0.83626	10.139	0.17135	0.54336	11.136	0	0
-0.39457	-0.35364	9.2478	-0.50472	0.53016	10.263	-0.35848	-0.20897	10.899	0	0
-0.39457	-0.35364	9.2478	-0.35848	-0.20897	10.899	-0.42485	-0.68119	11.11	0	0
-0.4315	1.1788	8.5329	-0.50472	0.53016	10.263	-0.4806	1.1799	10.32	0	0
-0.4315	1.1788	8.5329	-0.4806	1.1799	10.32	-0.25145	1.5798	10.313	0	0
0.23665	0.83626	9.1124	0.10795	1.333	10.31	0.21739	1.0475	10.913	0	0
0.23665	0.83626	9.1124	0.21739	1.0475	10.913	0.17135	0.54336	11.136	0	0
-0.50472	0.53016	9.2364	-0.4806	1.1799	10.32	-0.40839	0.43862	10.972	0	0
-0.50472	0.53016	9.2364	-0.35848	-0.20897	10.899	-0.40839	0.43862	10.972	0	0
-0.4806	1.1799	9.2938	-0.25145	1.5798	10.313	-0.36515	1.6128	11.053	0	0
-0.4806	1.1799	9.2938	-0.36515	1.6128	11.053	-0.52258	1.2767	11.081	0	0
-0.4806	1.1799	9.2938	-0.52258	1.2767	11.081	-0.40839	0.43862	10.972	0	0
-0.35848	-0.20897	9.8729	-0.40839	0.43862	10.972	-0.3805	-0.25454	11.548	0	0
-0.35848	-0.20897	9.8729	-0.42485	-0.68119	11.11	-0.3805	-0.25454	11.548	0	0
-0.25145	1.5798	9.2866	-0.016698	1.5936	10.331	-0.36515	1.6128	11.053	0	0
-0.016698	1.5936	9.3044	0.10795	1.333	10.31	-0.012848	1.6031	11.064	0	0
-0.016698	1.5936	9.3044	-0.012848	1.6031	11.064	-0.36515	1.6128	11.053	0	0
0.10795	1.333	9.284	0.21739	1.0475	10.913	-0.012848	1.6031	11.064	0	0
0.21739	1.0475	9.8871	-0.012848	1.6031	11.064	0.2639	1.1164	11.541	0	0
0.21739	1.0475	9.8871	0.17135	0.54336	11.136	0.2639	1.1164	11.541	0	0
-0.36515	1.6128	10.026	-0.52258	1.2767	11.081	-0.51385	1.2237	11.577	0	0
-0.52258	1.2767	10.054	-0.40839	0.43862	10.972	-0.47425	0.49099	11.542	0	0
-0.52258	1.2767	10.054	-0.47425	0.49099	11.542	-0.51385	1.2237	11.577	0	0
-0.40839	0.43862	9.946	-0.3805	-0.25454	11.548	-0.47425	0.49099	11.542	0	0
0.17135	0.54336	10.11	0.14235	0.54886	11.383	0.2639	1.1164	11.541	0	0
-0.42485	-0.68119	10.083	-0.3805	-0.25454	11.548	-0.73568	-0.83094	11.678	0	0
-0.3805	-0.25454	10.522	-0.73568	-0.83094	11.678	-0.96105	-0.55514	11.959	0	0
-0.3805	-0.25454	10.522	-0.47425	0.49099	11.542	-0.45897	0.4671	12.308	0	0
-0.3805	-0.25454	10.522	-0.96105	-0.55514	11.959	-0.37735	-0.30974	12.377	0	0
-0.3805	-0.25454	10.522	-0.37735	-0.30974	12.377	-0.45897	0.4671	12.308	0	0
-0.73568	-0.83094	10.652	-0.96105	-0.55514	11.959	-0.86515	-0.80664	12.027	0	0
-0.47425	0.49099	10.516	-0.51385	1.2237	11.577	-0.46937	1.2148	12.265	0	0
-0.47425	0.49099	10.516	-0.45897	0.4671	12.308	-0.46937	1.2148	12.265	0	0
-0.96105	-0.55514	10.932	-0.86515	-0.80664	12.027	-0.37735	-0.30974	12.377	0	0
-0.86515	-0.80664	11.001	-0.68505	-0.91876	12.451	-0.37735	-0.30974	12.377	0	0
-0.68505	-0.91876	11.424	-0.37735	-0.30974	12.377	-0.6718	-0.79579	12.916	0	0
-0.37735	-0.30974	11.351	-0.45897	0.4671	12.308	-0.45517	0.47934	13.071	0	0
-0.37735	-0.30974	11.351	-0.6718	-0.79579	12.916	-0.38811	-0.35657	12.961	0	0
-0.37735	-0.30974	11.351	-0.38811	-0.35657	12.961	-0.45517	0.47934	13.071	0	0
-0.45897	0.4671	11.282	-0.46937	1.2148	12.265	-0.3675	1.1734	13.003	0	0
-0.45897	0.4671	11.282	-0.45517	0.47934	13.071	-0.3675	1.1734	13.003	0	0
-0.6718	-0.79579	11.89	-0.38811	-0.35657	12.961	-0.42152	-0.31249	13.655	0	0
-0.6718	-0.79579	11.89	-0.42152	-0.31249	13.655	-0.48425	-0.71459	13.816	0	0
-0.38811	-0.35657	11.934	-0.45517	0.47934	13.071	-0.42152	-0.31249	13.655	0	0
-0.46937	1.2148	11.239	0.3201	1.1734	12.319	0.44915	1.7967	12.608	0	0
-0.46937	1.2148	11.239	-0.3675	1.1734	13.003	0.27305	1.7982	12.942	0	0
-0.46937	1.2148	11.239	0.44915	1.7967	12.608	0.27305	1.7982	12.942	0	0
-0.45517	0.47934	12.045	-0.3675	1.1734	13.003	-0.41085	1.0843	13.778	0	0
-0.45517	0.47934	12.045	-0.42152	-0.31249	13.655	-0.4279	0.48226	13.809	0	0
-0.45517	0.47934	12.045	-0.4279	0.48226	13.809	-0.41085	1.0843	13.778	0	0
-0.3675	1.1734	11.976	0.27305	1.7982	12.942	0.2212	1.1343	13.055	0	0
-0.42152	-0.31249	12.628	-0.48425	-0.71459	13.816	-0.34132	-0.30249	14.365	0	0
-0.42152	-0.31249	12.628	-0.4279	0.48226	13.809	-0.34132	-0.30249	14.365	0	0
-0.48425	-0.71459	12.79	-0.34132	-0.30249	14.365	-0.3805	-0.66844	14.533	0	0
-0.4279	0.48226	12.782	-0.34132	-0.30249	14.365	-0.45917	0.47431	14.571	0	0
-0.4279	0.48226	12.782	-0.41085	1.0843	13.778	-0.43095	1.0746	14.544	0	0
-0.4279	0.48226	12.782	-0.45917	0.47431	14.571	-0.43095	1.0746	14.544	0	0
-0.34132	-0.30249	13.339	-0.3805	-0.66844	14.533	-0.88565	-0.52164	15.158	0	0
-0.34132	-0.30249	13.339	-0.45917	0.47431	14.571	-0.88565	-0.52164	15.158	0	0
-0.3805	-0.66844	13.506	-0.45015	-0.71134	15.077	-0.88565	-0.52164	15.158	0	0
-0.45917	0.47431	13.544	-0.88565	-0.52164	15.158	-0.42075	0.48256	15.058	0	0
-0.45917	0.47431	13.544	-0.43095	1.0746	14.544	-0.42075	0.48256	15.058	0	0
-0.45015	-0.71134	14.05	-0.88565	-0.52164	15.158	-0.96415	-0.59844	15.237	0	0
-0.45015	-0.71134	14.05	-0.96415	-0.59844	15.237	-0.41911	-0.86022	15.823	0	0
-0.88565	-0.52164	14.132	-0.96415	-0.59844	15.237	-0.9813	-0.23194	15.939	0	0
-0.88565	-0.52164	14.132	-0.42075	0.48256	15.058	-0.9813	-0.23194	15.939	0	0
-0.36742	-0.36009	14.155	-0.42075	0.48256	15.058	0.16885	0.67156	15.048	0	0
-0.96415	-0.59844	14.211	-0.41911	-0.86022	15.823	-0.88385	-0.74594	16.35	0	0
-0.96415	-0.59844	14.211	-0.88385	-0.74594	16.35	-0.9813	-0.23194	15.939	0	0
-0.43095	1.0746	13.518	-0.42075	0.48256	15.058	-0.24235	1.0866	15.056	0	0
-0.42075	0.48256	14.032	0.16885	0.67156	15.048	-0.24235	1.0866	15.056	0	0
-0.42075	0.48256	14.032	-0.2845	1.1115	15.833	-0.41087	0.47619	15.805	0	0
-0.42075	0.48256	14.032	-0.41087	0.47619	15.805	-0.9813	-0.23194	15.939	0	0
0.16885	0.67156	14.021	-0.24235	1.0866	15.056	0.038752	1.0985	14.99	0	0
-0.2845	1.1115	14.806	0.086652	1.0978	15.893	-0.40285	1.0613	16.442	0	0
-0.2845	1.1115	14.806	-0.41087	0.47619	15.805	-0.40285	1.0613	16.442	0	0
0.15923	0.66041	14.794	0.086652	1.0978	15.893	0.19095	0.60506	16.561	0	0
0.086652	1.0978	14.867	-0.40285	1.0613	16.442	0.098052	1.2044	16.563	0	0
0.086652	1.0978	14.867	0.098052	1.2044	16.563	0.19095	0.60506	16.561	0	0
-0.41087	0.47619	14.779	-0.33885	0.3976	16.548	-0.40285	1.0613	16.442	0	0
-0.41087	0.47619	14.779	-0.33885	0.3976	16.548	-0.9813	-0.23194	15.939	0	0
-0.41911	-0.86022	14.797	-0.88385	-0.74594	16.35	-0.40575	-0.89959	16.375	0	0
0.0025521	-0.12704	15.073	-0.3584	-0.28179	16.533	-0.13335	-0.68374	16.621	0	0
0.0025521	-0.12704	15.073	-0.3584	-0.28179	16.533	-0.33885	0.3976	16.548	0	0
0.0025521	-0.12704	15.073	-0.13335	-0.68374	16.621	0.14772	-0.31664	17.336	0	0
0.0025521	-0.12704	15.073	-0.33885	0.3976	16.548	0.19095	0.60506	16.561	0	0
0.0025521	-0.12704	15.073	0.19095	0.60506	16.561	0.14772	-0.31664	17.336	0	0
-0.88385	-0.74594	15.324	-0.40575	-0.89959	16.375	-0.62545	-0.83467	17.168	0	0
-0.88385	-0.74594	15.324	-0.3584	-0.28179	16.533	-0.97425	-0.35344	16.392	0	0
-0.88385	-0.74594	15.324	-0.62545	-0.83467	17.168	-0.8889	-0.31899	17.315	0	0
-0.88385	-0.74594	15.324	-0.9813	-0.23194	15.939	-0.97425	-0.35344	16.392	0	0
-0.40575	-0.89959	15.348	-0.13335	-0.68374	16.621	-0.62545	-0.83467	17.168	0	0
-0.3584	-0.28179	15.506	-0.13335	-0.68374	16.621	-0.62545	-0.83467	17.168	0	0
-0.3584	-0.28179	15.506	-0.33885	0.3976	16.548	-0.97425	-0.35344	16.392	0	0
-0.3584	-0.28179	15.506	-0.62545	-0.83467	17.168	-0.42971	-0.24287	17.25	0	0
-0.13335	-0.68374	15.594	0.14772	-0.31664	17.336	0.13693	-0.69866	17.265	0	0
-0.33885	0.3976	15.521	-0.40285	1.0613	16.442	-0.38725	0.43935	17.265	0	0
-0.33885	0.3976	15.521	-0.42971	-0.24287	17.25	-0.38725	0.43935	17.265	0	0
-0.33885	0.3976	15.521	-0.9813	-0.23194	15.939	-0.97425	-0.35344	16.392	0	0
-0.40285	1.0613	15.416	0.098052	1.2044	16.563	-0.15665	1.2386	17.304	0	0
-0.40285	1.0613	15.416	-0.38725	0.43935	17.265	-0.15665	1.2386	17.304	0	0
0.098052	1.2044	15.537	0.19095	0.60506	16.561	0.2491	0.60551	17.313	0	0
0.098052	1.2044	15.537	0.2491	0.60551	17.313	0.062652	1.2484	17.309	0	0
0.098052	1.2044	15.537	-0.15665	1.2386	17.304	0.062652	1.2484	17.309	0	0
-0.62545	-0.83467	16.142	-0.8889	-0.31899	17.315	-0.29075	-0.65094	18.07	0	0
-0.62545	-0.83467	16.142	-0.29075	-0.65094	18.07	0.13693	-0.69866	17.265	0	0
-0.42971	-0.24287	16.224	-0.38725	0.43935	17.265	-0.62165	0.4732	17.91	0	0
-0.42971	-0.24287	16.224	-0.55715	-0.25834	18.062	-0.62165	0.4732	17.91	0	0
-0.42971	-0.24287	16.224	-0.55715	-0.25834	18.062	-0.29075	-0.65094	18.07	0	0
-0.38725	0.43935	16.239	0.2491	0.60551	17.313	-0.15665	1.2386	17.304	0	0
-0.38725	0.43935	16.239	-0.62165	0.4732	17.91	-0.38205	1.0578	18.07	0	0
0.19095	0.60506	15.535	0.2491	0.60551	17.313	0.14772	-0.31664	17.336	0	0
-0.8889	-0.31899	16.288	-0.9936	0.070962	17.954	-0.34635	-0.56554	18.285	0	0
-0.8889	-0.31899	16.288	-0.29075	-0.65094	18.07	-0.34635	-0.56554	18.285	0	0
0.2491	0.60551	16.286	0.062652	1.2484	17.309	0.10355	1.2579	18.077	0	0
0.2491	0.60551	16.286	0.10355	1.2579	18.077	0.21259	0.4143	18.048	0	0
0.2491	0.60551	16.286	0.21259	0.4143	18.048	0.14772	-0.31664	17.336	0	0
-0.15665	1.2386	16.278	0.062652	1.2484	17.309	-0.073448	1.5697	17.597	0	0
0.062652	1.2484	16.282	-0.073448	1.5697	17.597	0.10355	1.2579	18.077	0	0
-0.9936	0.070962	16.928	-0.55715	-0.25834	18.062	-0.62165	0.4732	17.91	0	0
-0.9936	0.070962	16.928	-0.62165	0.4732	17.91	-0.57545	0.52846	18.614	0	0
-0.073448	1.5697	16.57	0.10355	1.2579	18.077	-0.23995	1.5602	18.699	0	0
-0.62165	0.4732	16.884	-0.38205	1.0578	18.07	-0.57545	0.52846	18.614	0	0
-0.38205	1.0578	17.044	-0.57545	0.52846	18.614	-0.45155	1.1916	18.521	0	0
0.10355	1.2579	17.05	0.21259	0.4143	18.048	0.16085	1.0296	18.564	0	0
0.10355	1.2579	17.05	-0.23995	1.5602	18.699	0.16085	1.0296	18.564	0	0
0.022952	-0.076438	17.013	0.21259	0.4143	18.048	0.14772	-0.31664	17.336	0	0
0.022952	-0.076438	17.013	0.21259	0.4143	18.048	0.083602	0.26871	18.527	0	0
0.022952	-0.076438	17.013	-0.29075	-0.65094	18.07	-0.34635	-0.56554	18.285	0	0
0.022952	-0.076438	17.013	-0.29075	-0.65094	18.07	0.14772	-0.31664	17.336	0	0
0.022952	-0.076438	17.013	-0.34635	-0.56554	18.285	-0.33482	-0.38494	18.527	0	0
0.022952	-0.076438	17.013	-0.33482	-0.38494	18.527	0.083602	0.26871	18.527	0	0
0.21259	0.4143	17.022	0.083602	0.26871	18.527	0.16085	1.0296	18.564	0	0
-0.29075	-0.65094	17.044	0.14772	-0.31664	17.336	0.13693	-0.69866	17.265	0	0
-0.34635	-0.56554	17.259	-0.33482	-0.38494	18.527	-0.30967	-0.65984	19.43	0	0
-0.33482	-0.38494	17.501	0.083602	0.26871	18.527	-0.3333	-0.25534	19.303	0	0
-0.33482	-0.38494	17.501	-0.3333	-0.25534	19.303	-0.30967	-0.65984	19.43	0	0
0.083602	0.26871	17.501	0.16085	1.0296	18.564	0.012912	0.41294	19.344	0	0
0.083602	0.26871	17.501	-0.3333	-0.25534	19.303	0.012912	0.41294	19.344	0	0
-0.57545	0.52846	17.588	-0.45155	1.1916	18.521	-0.46765	1.1308	19.26	0	0
-0.57545	0.52846	17.588	-0.3333	-0.25534	19.303	-0.70147	0.45576	19.303	0	0
-0.57545	0.52846	17.588	-0.70147	0.45576	19.303	-0.46765	1.1308	19.26	0	0
-0.45155	1.1916	17.494	-0.23995	1.5602	18.699	-0.46765	1.1308	19.26	0	0
-0.23995	1.5602	17.673	0.16085	1.0296	18.564	0.26243	1.0638	19.343	0	0
-0.23995	1.5602	17.673	-0.46765	1.1308	19.26	-0.2114	1.6082	19.361	0	0
-0.23995	1.5602	17.673	0.26243	1.0638	19.343	-0.015798	1.6102	19.449	0	0
-0.23995	1.5602	17.673	-0.2114	1.6082	19.361	-0.015798	1.6102	19.449	0	0
0.16085	1.0296	17.538	0.012912	0.41294	19.344	0.26243	1.0638	19.343	0	0
-0.3333	-0.25534	18.277	-0.30967	-0.65984	19.43	-0.35305	-0.28614	20.053	0	0
-0.3333	-0.25534	18.277	-0.70147	0.45576	19.303	-0.70195	0.43951	20.061	0	0
-0.3333	-0.25534	18.277	0.012912	0.41294	19.344	-0.35305	-0.28614	20.053	0	0
-0.3333	-0.25534	18.277	-0.70195	0.43951	20.061	-0.10255	0.48991	20.051	0	0
-0.30967	-0.65984	18.403	-0.35305	-0.28614	20.053	-0.2813	-0.69894	20.021	0	0
-0.70147	0.45576	18.277	-0.46765	1.1308	19.26	-0.501	1.2706	20.018	0	0
-0.70147	0.45576	18.277	-0.70195	0.43951	20.061	-0.501	1.2706	20.018	0	0
-0.46765	1.1308	18.234	-0.2114	1.6082	19.361	-0.501	1.2706	20.018	0	0
0.012912	0.41294	18.317	0.26243	1.0638	19.343	0.28835	1.1383	19.911	0	0
0.012912	0.41294	18.317	-0.35305	-0.28614	20.053	-0.10255	0.48991	20.051	0	0
0.012912	0.41294	18.317	-0.10255	0.48991	20.051	0.28835	1.1383	19.911	0	0
0.26243	1.0638	18.316	-0.015798	1.6102	19.449	0.28835	1.1383	19.911	0	0
-0.2114	1.6082	18.335	-0.015798	1.6102	19.449	-0.26135	1.6477	20.091	0	0
-0.2114	1.6082	18.335	-0.501	1.2706	20.018	-0.26135	1.6477	20.091	0	0
-0.015798	1.6102	18.423	0.045752	1.7212	20.087	-0.26135	1.6477	20.091	0	0
-0.015798	1.6102	18.423	0.045752	1.7212	20.087	0.28835	1.1383	19.911	0	0
-0.70195	0.43951	19.035	-0.501	1.2706	20.018	-0.44551	1.2559	20.727	0	0
-0.70195	0.43951	19.035	-0.48658	0.37955	20.803	-0.44551	1.2559	20.727	0	0
-0.70195	0.43951	19.035	-0.48658	0.37955	20.803	-1.3729	0.25606	21.372	0	0
-0.35305	-0.28614	19.026	-0.2813	-0.69894	20.021	-0.30075	-0.65276	20.777	0	0
-0.35305	-0.28614	19.026	-0.10255	0.48991	20.051	-0.38382	-0.26259	20.793	0	0
-0.35305	-0.28614	19.026	-0.30075	-0.65276	20.777	-0.38382	-0.26259	20.793	0	0
-0.10255	0.48991	19.024	0.28835	1.1383	19.911	0.051352	0.73821	20.576	0	0
-0.10255	0.48991	19.024	-0.38382	-0.26259	20.793	0.051352	0.73821	20.576	0	0
-0.501	1.2706	18.992	-0.26135	1.6477	20.091	-0.44551	1.2559	20.727	0	0
0.045752	1.7212	19.061	-0.26135	1.6477	20.091	-0.44551	1.2559	20.727	0	0
0.045752	1.7212	19.061	0.28835	1.1383	19.911	0.58715	1.316	20.14	0	0
0.045752	1.7212	19.061	-0.44551	1.2559	20.727	0.34502	1.172	20.878	0	0
0.045752	1.7212	19.061	0.58715	1.316	20.14	0.34502	1.172	20.878	0	0
0.28835	1.1383	18.885	0.58715	1.316	20.14	0.051352	0.73821	20.576	0	0
-0.30075	-0.65276	19.751	-0.38382	-0.26259	20.793	-0.423	-0.26574	21.556	0	0
-0.30075	-0.65276	19.751	-0.3939	-0.77024	21.538	-0.423	-0.26574	21.556	0	0
-0.38382	-0.26259	19.767	0.051352	0.73821	20.576	0.2381	0.44926	21.314	0	0
-0.38382	-0.26259	19.767	-0.423	-0.26574	21.556	0.2381	0.44926	21.314	0	0
-0.48658	0.37955	19.777	-0.44551	1.2559	20.727	-0.54335	1.2539	21.341	0	0
-0.48658	0.37955	19.777	-0.39635	0.5562	21.475	0.2381	0.44926	21.314	0	0
-0.48658	0.37955	19.777	-0.39635	0.5562	21.475	-1.3729	0.25606	21.372	0	0
-0.44551	1.2559	19.701	0.34502	1.172	20.878	-0.54335	1.2539	21.341	0	0
0.58715	1.316	19.114	0.051352	0.73821	20.576	0.656	1.2231	20.593	0	0
0.051352	0.73821	19.55	0.34502	1.172	20.878	0.656	1.2231	20.593	0	0
0.051352	0.73821	19.55	0.34502	1.172	20.878	0.2381	0.44926	21.314	0	0
-0.3939	-0.77024	20.511	-0.423	-0.26574	21.556	-0.59085	-0.65714	22.028	0	0
0.34502	1.172	19.851	-0.54335	1.2539	21.341	0.95315	1.598	21.969	0	0
0.34502	1.172	19.851	0.656	1.2231	20.593	0.85285	1.191	21.302	0	0
0.34502	1.172	19.851	0.3645	0.98856	21.495	0.85285	1.191	21.302	0	0
0.34502	1.172	19.851	0.3645	0.98856	21.495	0.2381	0.44926	21.314	0	0
-0.54335	1.2539	20.315	-0.25505	1.1246	22.068	0.95315	1.598	21.969	0	0
0.3645	0.98856	20.468	0.19025	1.0859	22.049	0.21475	0.67251	22.012	0	0
0.3645	0.98856	20.468	0.19025	1.0859	22.049	0.95315	1.598	21.969	0	0
0.3645	0.98856	20.468	0.85285	1.191	21.302	0.95315	1.598	21.969	0	0
0.3645	0.98856	20.468	0.21475	0.67251	22.012	0.2381	0.44926	21.314	0	0
-0.39635	0.5562	20.449	-0.423	-0.26574	21.556	-0.415	0.47006	22.041	0	0
-0.39635	0.5562	20.449	-0.423	-0.26574	21.556	-1.105	-0.074787	21.691	0	0
-0.39635	0.5562	20.449	-0.415	0.47006	22.041	0.2381	0.44926	21.314	0	0
-0.39635	0.5562	20.449	-1.105	-0.074787	21.691	-1.3729	0.25606	21.372	0	0
-0.423	-0.26574	20.53	-0.415	0.47006	22.041	-0.35988	-0.3019	22.122	0	0
-0.423	-0.26574	20.53	-0.59085	-0.65714	22.028	-1.105	-0.074787	21.691	0	0
-0.423	-0.26574	20.53	-0.35988	-0.3019	22.122	0.3372	-0.36624	22.18	0	0
-0.423	-0.26574	20.53	0.2381	0.44926	21.314	0.3372	-0.36624	22.18	0	0
-0.415	0.47006	21.015	-0.35988	-0.3019	22.122	-0.47126	0.4628	22.806	0	0
-0.415	0.47006	21.015	-0.25505	1.1246	22.068	0.21475	0.67251	22.012	0	0
-0.415	0.47006	21.015	-0.25505	1.1246	22.068	-0.26585	1.0335	22.716	0	0
-0.415	0.47006	21.015	0.21475	0.67251	22.012	0.2381	0.44926	21.314	0	0
-0.415	0.47006	21.015	-0.47126	0.4628	22.806	-0.26585	1.0335	22.716	0	0
-0.59085	-0.65714	21.002	-0.35988	-0.3019	22.122	-0.6199	-0.31859	22.825	0	0
-0.59085	-0.65714	21.002	-1.105	-0.074787	21.691	-1.1567	-0.12344	22.002	0	0
-0.59085	-0.65714	21.002	-1.1567	-0.12344	22.002	-1.1862	-0.4681	22.686	0	0
-0.59085	-0.65714	21.002	-0.6199	-0.31859	22.825	-1.1862	-0.4681	22.686	0	0
-0.35988	-0.3019	21.095	-0.56622	-0.76911	22.772	0.154	-0.21294	22.793	0	0
-0.35988	-0.3019	21.095	-0.47126	0.4628	22.806	-0.6199	-0.31859	22.825	0	0
-0.35988	-0.3019	21.095	0.154	-0.21294	22.793	0.3372	-0.36624	22.18	0	0
-0.25505	1.1246	21.041	0.19025	1.0859	22.049	0.21475	0.67251	22.012	0	0
-0.25505	1.1246	21.041	0.19025	1.0859	22.049	0.011352	1.0912	22.825	0	0
-0.25505	1.1246	21.041	-0.26585	1.0335	22.716	0.011352	1.0912	22.825	0	0
0.19025	1.0859	21.022	0.95315	1.598	21.969	0.011352	1.0912	22.825	0	0
0.85285	1.191	20.275	0.2381	0.44926	21.314	0.65595	-0.22354	22.245	0	0
-0.56622	-0.76911	21.746	-0.61585	-0.67474	23.591	-0.6199	-0.31859	22.825	0	0
-0.56622	-0.76911	21.746	-0.61585	-0.67474	23.591	-1.0935	-0.92016	22.872	0	0
-0.56622	-0.76911	21.746	-0.6199	-0.31859	22.825	-1.1862	-0.4681	22.686	0	0
-0.56622	-0.76911	21.746	-1.1862	-0.4681	22.686	-1.0935	-0.92016	22.872	0	0
-0.56622	-0.76911	21.746	0.154	-0.21294	22.793	0.3931	-0.63109	22.812	0	0
-0.47126	0.4628	21.78	-0.26585	1.0335	22.716	-0.45125	0.44716	23.551	0	0
-0.47126	0.4628	21.78	-0.6199	-0.31859	22.825	-0.45125	0.44716	23.551	0	0
-0.26585	1.0335	21.69	0.011352	1.0912	22.825	-0.19085	1.1827	23.58	0	0
-0.26585	1.0335	21.69	-0.45125	0.44716	23.551	-0.19085	1.1827	23.58	0	0
-0.61585	-0.67474	22.565	0.059185	-0.32804	23.606	-0.69795	-0.32734	23.565	0	0
-0.61585	-0.67474	22.565	0.059185	-0.32804	23.606	0.34065	-0.69554	23.591	0	0
-0.61585	-0.67474	22.565	-0.6199	-0.31859	22.825	-0.69795	-0.32734	23.565	0	0
-0.61585	-0.67474	22.565	-1.0935	-0.92016	22.872	-1.2522	-1.1001	23.588	0	0
-0.61585	-0.67474	22.565	-1.2522	-1.1001	23.588	-0.88495	-0.79124	24.23	0	0
-0.61585	-0.67474	22.565	-0.65755	-0.88027	24.238	-0.88495	-0.79124	24.23	0	0
-0.61585	-0.67474	22.565	-0.65755	-0.88027	24.238	0.20085	-0.77226	24.295	0	0
-0.61585	-0.67474	22.565	0.20085	-0.77226	24.295	0.34065	-0.69554	23.591	0	0
0.059185	-0.32804	22.58	0.2188	0.55101	23.55	-0.45125	0.44716	23.551	0	0
0.059185	-0.32804	22.58	0.2188	0.55101	23.55	0.25115	-0.20677	24.211	0	0
0.059185	-0.32804	22.58	-0.45125	0.44716	23.551	-0.56201	-0.20524	24.273	0	0
0.059185	-0.32804	22.58	-0.56201	-0.20524	24.273	0.20085	-0.77226	24.295	0	0
0.059185	-0.32804	22.58	0.20085	-0.77226	24.295	0.25115	-0.20677	24.211	0	0
0.059185	-0.32804	22.58	0.34065	-0.69554	23.591	0.3931	-0.63109	22.812	0	0
0.011352	1.0912	21.799	0.036752	1.1831	23.557	-0.19085	1.1827	23.58	0	0
0.2381	0.44926	20.288	0.3372	-0.36624	22.18	0.65595	-0.22354	22.245	0	0
-1.105	-0.074787	20.664	-1.1567	-0.12344	22.002	-1.5789	-0.13094	22.108	0	0
-1.105	-0.074787	20.664	-1.3729	0.25606	21.372	-1.5789	-0.13094	22.108	0	0
-1.1567	-0.12344	20.976	-1.1862	-0.4681	22.686	-1.5789	-0.13094	22.108	0	0
0.2188	0.55101	22.524	0.036752	1.1831	23.557	0.35425	0.57406	24.307	0	0
0.2188	0.55101	22.524	0.35425	0.57406	24.307	0.25115	-0.20677	24.211	0	0
0.2188	0.55101	22.524	0.84775	-0.62624	23.106	0.88052	-0.3274	22.704	0	0
-0.6199	-0.31859	21.799	-0.69795	-0.32734	23.565	-0.45125	0.44716	23.551	0	0
-1.1862	-0.4681	21.66	-1.0935	-0.92016	22.872	-1.7044	-0.7402	22.887	0	0
-1.1862	-0.4681	21.66	-1.5789	-0.13094	22.108	-1.7044	-0.7402	22.887	0	0
-1.0935	-0.92016	21.846	-1.2522	-1.1001	23.588	-1.7044	-0.7402	22.887	0	0
-0.69795	-0.32734	22.539	-0.45125	0.44716	23.551	-0.9193	-0.076787	24.143	0	0
-0.69795	-0.32734	22.539	-0.88495	-0.79124	24.23	-0.9193	-0.076787	24.143	0	0
-0.45125	0.44716	22.525	-0.19085	1.1827	23.58	-0.48988	0.57153	24.206	0	0
-0.45125	0.44716	22.525	-0.48988	0.57153	24.206	-0.9193	-0.076787	24.143	0	0
0.036752	1.1831	22.53	-0.19085	1.1827	23.58	-0.070648	1.5571	24.502	0	0
0.036752	1.1831	22.53	0.35425	0.57406	24.307	0.092302	1.2865	24.319	0	0
0.036752	1.1831	22.53	0.092302	1.2865	24.319	-0.070648	1.5571	24.502	0	0
-1.2522	-1.1001	22.562	-0.88495	-0.79124	24.23	-1.895	-1.1264	23.905	0	0
-1.2522	-1.1001	22.562	-1.7044	-0.7402	22.887	-1.8615	-0.94627	23.51	0	0
-1.2522	-1.1001	22.562	-1.8615	-0.94627	23.51	-1.895	-1.1264	23.905	0	0
-0.65755	-0.88027	23.212	-0.88495	-0.79124	24.23	-0.56235	-0.98259	24.845	0	0
-0.65755	-0.88027	23.212	-0.56235	-0.98259	24.845	0.20085	-0.77226	24.295	0	0
-0.88495	-0.79124	23.204	-0.56235	-0.98259	24.845	-0.90285	-0.61954	24.875	0	0
-0.88495	-0.79124	23.204	-0.90285	-0.61954	24.875	-1.895	-1.1264	23.905	0	0
-0.88495	-0.79124	23.204	-0.9193	-0.076787	24.143	-0.9921	-0.30204	24.834	0	0
-0.19085	1.1827	22.553	-0.48988	0.57153	24.206	-0.22925	1.1973	24.317	0	0
-0.19085	1.1827	22.553	-0.22925	1.1973	24.317	-0.070648	1.5571	24.502	0	0
0.35425	0.57406	23.28	0.092302	1.2865	24.319	0.19245	1.2739	25.036	0	0
0.35425	0.57406	23.28	0.19245	1.2739	25.036	0.66172	0.44816	24.975	0	0
0.35425	0.57406	23.28	0.25115	-0.20677	24.211	0.6572	-0.24529	24.815	0	0
0.35425	0.57406	23.28	0.66172	0.44816	24.975	0.6572	-0.24529	24.815	0	0
-0.56201	-0.20524	23.247	-0.48988	0.57153	24.206	0.17749	-0.20924	24.888	0	0
-0.56201	-0.20524	23.247	-0.60445	-0.36564	25.114	-0.89945	0.26706	24.422	0	0
-0.56201	-0.20524	23.247	0.20085	-0.77226	24.295	0.17749	-0.20924	24.888	0	0
-0.48988	0.57153	23.179	-0.22925	1.1973	24.317	-0.44528	1.1017	24.921	0	0
-0.48988	0.57153	23.179	-0.4588	0.81476	25.072	-0.44528	1.1017	24.921	0	0
-0.48988	0.57153	23.179	-0.4588	0.81476	25.072	-0.89945	0.26706	24.422	0	0
-0.48988	0.57153	23.179	-0.9193	-0.076787	24.143	-0.89945	0.26706	24.422	0	0
-0.48988	0.57153	23.179	0.23865	0.44446	25.084	0.17749	-0.20924	24.888	0	0
-0.56235	-0.98259	23.818	-0.90285	-0.61954	24.875	-0.60445	-0.36564	25.114	0	0
-0.56235	-0.98259	23.818	-0.60445	-0.36564	25.114	0.10852	-0.74714	24.903	0	0
-0.56235	-0.98259	23.818	0.20085	-0.77226	24.295	0.10852	-0.74714	24.903	0	0
-0.90285	-0.61954	23.848	-0.60445	-0.36564	25.114	-0.9921	-0.30204	24.834	0	0
0.092302	1.2865	23.292	-0.070648	1.5571	24.502	0.19245	1.2739	25.036	0	0
-0.22925	1.1973	23.291	-0.070648	1.5571	24.502	-0.44528	1.1017	24.921	0	0
-0.070648	1.5571	23.476	0.19245	1.2739	25.036	-0.018081	1.6022	25.037	0	0
-0.070648	1.5571	23.476	-0.018081	1.6022	25.037	-0.44528	1.1017	24.921	0	0
-0.60445	-0.36564	24.087	-0.42345	-0.73714	25.519	-0.62845	-0.29764	25.565	0	0
-0.60445	-0.36564	24.087	-0.62845	-0.29764	25.565	-0.89475	-0.064838	25.368	0	0
-0.60445	-0.36564	24.087	0.10852	-0.74714	24.903	0.17749	-0.20924	24.888	0	0
-0.60445	-0.36564	24.087	-0.4588	0.81476	25.072	-0.89945	0.26706	24.422	0	0
-0.60445	-0.36564	24.087	-0.9921	-0.30204	24.834	-0.89475	-0.064838	25.368	0	0
-0.60445	-0.36564	24.087	0.10345	0.32781	25.549	0.17749	-0.20924	24.888	0	0
-0.42345	-0.73714	24.492	-0.62845	-0.29764	25.565	-0.1227	-0.41594	26.058	0	0
-0.42345	-0.73714	24.492	0.10852	-0.74714	24.903	0.15392	-0.8914	25.526	0	0
-0.42345	-0.73714	24.492	-0.1227	-0.41594	26.058	0.15392	-0.8914	25.526	0	0
-0.62845	-0.29764	24.539	-0.89475	-0.064838	25.368	-0.53875	-0.15177	26.196	0	0
-0.62845	-0.29764	24.539	-0.4519	0.44011	25.569	-0.1227	-0.41594	26.058	0	0
-0.62845	-0.29764	24.539	-0.53875	-0.15177	26.196	-0.39071	-0.69007	26.436	0	0
0.20085	-0.77226	23.269	0.10852	-0.74714	24.903	0.6572	-0.24529	24.815	0	0
0.20085	-0.77226	23.269	0.25115	-0.20677	24.211	0.6572	-0.24529	24.815	0	0
0.20085	-0.77226	23.269	0.34065	-0.69554	23.591	0.77965	-0.91354	23.662	0	0
0.10852	-0.74714	23.876	0.17749	-0.20924	24.888	0.6572	-0.24529	24.815	0	0
-0.4588	0.81476	24.045	0.23865	0.44446	25.084	0.19245	1.2739	25.036	0	0
-0.4588	0.81476	24.045	0.23865	0.44446	25.084	-0.4519	0.44011	25.569	0	0
-0.4588	0.81476	24.045	0.19245	1.2739	25.036	-0.44528	1.1017	24.921	0	0
-0.4588	0.81476	24.045	-0.4519	0.44011	25.569	-0.5612	1.2395	25.561	0	0
-0.9193	-0.076787	23.116	-0.9921	-0.30204	24.834	-0.89945	0.26706	24.422	0	0
0.23865	0.44446	24.058	0.19245	1.2739	25.036	0.3303	1.0826	25.548	0	0
0.23865	0.44446	24.058	0.10345	0.32781	25.549	-0.4519	0.44011	25.569	0	0
0.23865	0.44446	24.058	0.10345	0.32781	25.549	0.81262	0.58566	25.648	0	0
0.23865	0.44446	24.058	0.17749	-0.20924	24.888	0.66172	0.44816	24.975	0	0
0.23865	0.44446	24.058	0.66172	0.44816	24.975	0.81262	0.58566	25.648	0	0
0.19245	1.2739	24.009	-0.018081	1.6022	25.037	0.075752	1.721	25.588	0	0
0.19245	1.2739	24.009	0.075752	1.721	25.588	0.3303	1.0826	25.548	0	0
0.19245	1.2739	24.009	0.66172	0.44816	24.975	0.81262	0.58566	25.648	0	0
-0.9921	-0.30204	23.807	-0.89475	-0.064838	25.368	-1.0342	0.36408	24.889	0	0
-0.9921	-0.30204	23.807	-0.89945	0.26706	24.422	-1.0342	0.36408	24.889	0	0
-0.89475	-0.064838	24.341	-0.53875	-0.15177	26.196	-1.1659	0.45924	25.541	0	0
-0.89475	-0.064838	24.341	-1.0342	0.36408	24.889	-1.1659	0.45924	25.541	0	0
-0.018081	1.6022	24.011	0.075752	1.721	25.588	-0.20965	1.5844	25.621	0	0
-0.018081	1.6022	24.011	-0.20965	1.5844	25.621	-0.5612	1.2395	25.561	0	0
-0.018081	1.6022	24.011	-0.44528	1.1017	24.921	-0.5612	1.2395	25.561	0	0
0.075752	1.721	24.562	-0.20965	1.5844	25.621	-0.44435	1.6571	26.418	0	0
0.075752	1.721	24.562	0.3303	1.0826	25.548	0.1939	1.1617	26.29	0	0
0.075752	1.721	24.562	-0.44435	1.6571	26.418	0.37085	2.2796	26.511	0	0
-0.20965	1.5844	24.595	-0.5612	1.2395	25.561	-0.44435	1.6571	26.418	0	0
0.10345	0.32781	24.523	-0.4519	0.44011	25.569	0.11317	0.45303	26.287	0	0
0.10345	0.32781	24.523	0.17749	-0.20924	24.888	0.26805	-0.25924	25.715	0	0
0.10345	0.32781	24.523	0.26805	-0.25924	25.715	0.11317	0.45303	26.287	0	0
-0.4519	0.44011	24.542	-0.53875	-0.15177	26.196	-1.1918	0.54756	26.238	0	0
-0.4519	0.44011	24.542	-0.5612	1.2395	25.561	-0.5522	1.2715	26.074	0	0
-0.4519	0.44011	24.542	-0.5522	1.2715	26.074	0.11317	0.45303	26.287	0	0
-0.53875	-0.15177	25.169	-0.39071	-0.69007	26.436	-0.1227	-0.41594	26.058	0	0
-0.53875	-0.15177	25.169	-0.1227	-0.41594	26.058	0.11317	0.45303	26.287	0	0
-0.53875	-0.15177	25.169	0.11317	0.45303	26.287	-1.171	0.66716	27.045	0	0
-0.53875	-0.15177	25.169	-1.1918	0.54756	26.238	-1.171	0.66716	27.045	0	0
-0.44528	1.1017	23.895	-0.5612	1.2395	25.561	-1.0336	0.96496	25.703	0	0
-0.44528	1.1017	23.895	-0.89945	0.26706	24.422	-1.0342	0.36408	24.889	0	0
-0.44528	1.1017	23.895	-1.0342	0.36408	24.889	-1.0336	0.96496	25.703	0	0
-0.5612	1.2395	24.535	-0.5522	1.2715	26.074	-1.0336	0.96496	25.703	0	0
0.3303	1.0826	24.521	0.1939	1.1617	26.29	0.81262	0.58566	25.648	0	0
-0.5522	1.2715	25.047	-0.44435	1.6571	26.418	0.1939	1.1617	26.29	0	0
-0.5522	1.2715	25.047	-0.44435	1.6571	26.418	-1.0762	1.135	26.383	0	0
-0.5522	1.2715	25.047	0.11317	0.45303	26.287	0.1939	1.1617	26.29	0	0
-0.5522	1.2715	25.047	-1.0336	0.96496	25.703	-1.0762	1.135	26.383	0	0
-0.44435	1.6571	25.392	0.1939	1.1617	26.29	0.2694	1.8699	26.383	0	0
-0.44435	1.6571	25.392	0.2694	1.8699	26.383	-0.44275	1.8337	27.102	0	0
-0.44435	1.6571	25.392	-0.44275	1.8337	27.102	-1.1561	1.2942	27.092	0	0
-0.44435	1.6571	25.392	-1.1561	1.2942	27.092	-1.0762	1.135	26.383	0	0
-0.1227	-0.41594	25.032	0.15392	-0.8914	25.526	0.26805	-0.25924	25.715	0	0
-0.1227	-0.41594	25.032	0.26805	-0.25924	25.715	0.11317	0.45303	26.287	0	0
0.34065	-0.69554	22.564	0.77965	-0.91354	23.662	0.84775	-0.62624	23.106	0	0
0.34065	-0.69554	22.564	0.3931	-0.63109	22.812	0.84775	-0.62624	23.106	0	0
0.17749	-0.20924	23.862	0.15392	-0.8914	25.526	0.26805	-0.25924	25.715	0	0
0.17749	-0.20924	23.862	0.66172	0.44816	24.975	0.6572	-0.24529	24.815	0	0
0.154	-0.21294	21.767	0.3931	-0.63109	22.812	0.3372	-0.36624	22.18	0	0
0.11317	0.45303	25.26	0.1939	1.1617	26.29	0.72342	1.0219	26.401	0	0
0.11317	0.45303	25.26	-1.171	0.66716	27.045	-0.29025	1.3411	27.202	0	0
0.11317	0.45303	25.26	-0.29025	1.3411	27.202	0.8639	0.62481	26.575	0	0
0.11317	0.45303	25.26	0.72342	1.0219	26.401	0.8639	0.62481	26.575	0	0
0.1939	1.1617	25.264	0.2694	1.8699	26.383	0.72342	1.0219	26.401	0	0
0.2694	1.8699	25.357	0.37085	2.2796	26.511	0.30568	1.9962	27.098	0	0
0.2694	1.8699	25.357	0.37085	2.2796	26.511	0.72342	1.0219	26.401	0	0
0.2694	1.8699	25.357	-0.44275	1.8337	27.102	0.30568	1.9962	27.098	0	0
0.37085	2.2796	25.485	0.30568	1.9962	27.098	0.44235	2.2929	27.586	0	0
0.37085	2.2796	25.485	0.72342	1.0219	26.401	1.1543	1.0309	27.023	0	0
-1.1918	0.54756	25.212	-1.5835	0.40701	26.386	-1.1659	0.45924	25.541	0	0
-1.1918	0.54756	25.212	-1.5835	0.40701	26.386	-1.6032	0.93386	26.667	0	0
-1.1918	0.54756	25.212	-1.1659	0.45924	25.541	-1.0336	0.96496	25.703	0	0
-1.1918	0.54756	25.212	-1.6032	0.93386	26.667	-1.0762	1.135	26.383	0	0
-1.1918	0.54756	25.212	-1.0336	0.96496	25.703	-1.0762	1.135	26.383	0	0
-1.171	0.66716	26.019	-0.29025	1.3411	27.202	-1.1561	1.2942	27.092	0	0
-0.44275	1.8337	26.075	-0.40083	1.9232	27.751	0.10825	2.1963	27.576	0	0
-0.44275	1.8337	26.075	-0.40083	1.9232	27.751	-1.4209	1.5539	27.532	0	0
-0.44275	1.8337	26.075	0.30568	1.9962	27.098	0.10825	2.1963	27.576	0	0
-0.44275	1.8337	26.075	-1.1561	1.2942	27.092	-1.4209	1.5539	27.532	0	0
-0.29025	1.3411	26.176	-0.40083	1.9232	27.751	-1.3147	1.1609	27.813	0	0
-0.29025	1.3411	26.176	0.30568	1.9962	27.098	1.1543	1.0309	27.023	0	0
-0.29025	1.3411	26.176	-1.3147	1.1609	27.813	-1.1561	1.2942	27.092	0	0
-0.29025	1.3411	26.176	0.8639	0.62481	26.575	1.1543	1.0309	27.023	0	0
-0.40083	1.9232	26.724	-1.3147	1.1609	27.813	-0.71142	1.9394	28.343	0	0
-0.40083	1.9232	26.724	-0.71142	1.9394	28.343	0.11445	2.2429	28.089	0	0
-0.40083	1.9232	26.724	-1.2985	1.9022	28.368	-1.7246	2.1012	28.149	0	0
-0.40083	1.9232	26.724	0.10825	2.1963	27.576	0.11445	2.2429	28.089	0	0
-0.40083	1.9232	26.724	-1.4209	1.5539	27.532	-1.6492	1.7615	27.739	0	0
-0.40083	1.9232	26.724	-1.7246	2.1012	28.149	-1.6492	1.7615	27.739	0	0
0.30568	1.9962	26.072	0.10825	2.1963	27.576	0.44235	2.2929	27.586	0	0
-1.3147	1.1609	26.787	-0.71142	1.9394	28.343	-1.2985	1.9022	28.368	0	0
-1.3147	1.1609	26.787	-1.2985	1.9022	28.368	-1.7044	1.4623	28.538	0	0
-0.71142	1.9394	27.317	-1.2985	1.9022	28.368	-1.1185	2.4661	28.989	0	0
-0.71142	1.9394	27.317	0.11445	2.2429	28.089	-0.72875	2.4381	29.56	0	0
-0.71142	1.9394	27.317	-1.1185	2.4661	28.989	-0.72875	2.4381	29.56	0	0
-1.2985	1.9022	27.342	-1.7246	2.1012	28.149	-1.7316	2.4308	28.501	0	0
-1.2985	1.9022	27.342	-1.7316	2.4308	28.501	-1.1185	2.4661	28.989	0	0
0.3931	-0.63109	21.785	0.3372	-0.36624	22.18	0.65595	-0.22354	22.245	0	0
0.3931	-0.63109	21.785	0.84775	-0.62624	23.106	0.88052	-0.3274	22.704	0	0
0.3931	-0.63109	21.785	0.65595	-0.22354	22.245	0.88052	-0.3274	22.704	0	0
0.72342	1.0219	25.375	0.8639	0.62481	26.575	1.1543	1.0309	27.023	0	0
-1.0342	0.36408	23.863	-1.1659	0.45924	25.541	-1.0336	0.96496	25.703	0	0
-1.1561	1.2942	26.066	-1.4209	1.5539	27.532	-1.7671	1.1124	26.986	0	0
-1.1561	1.2942	26.066	-1.6032	0.93386	26.667	-1.7671	1.1124	26.986	0	0
-1.1561	1.2942	26.066	-1.6032	0.93386	26.667	-1.0762	1.135	26.383	0	0
0.10825	2.1963	26.55	0.44235	2.2929	27.586	0.11445	2.2429	28.089	0	0
-1.4209	1.5539	26.505	-1.7671	1.1124	26.986	-1.6492	1.7615	27.739	0	0
-1.7316	2.4308	27.475	-1.1185	2.4661	28.989	-1.7713	2.7764	28.897	0	0
-1.1185	2.4661	27.962	-1.7713	2.7764	28.897	-1.6864	2.9906	29.15	0	0
-1.1185	2.4661	27.962	-0.72875	2.4381	29.56	-1.1639	2.6667	29.562	0	0
-1.1185	2.4661	27.962	-1.1639	2.6667	29.562	-1.6864	2.9906	29.15	0	0
-1.1639	2.6667	28.535	-1.6947	2.9989	29.58	-1.6864	2.9906	29.15	0	0
-0.41205	2.6872	12.111	-1.78318873320213	7.96457898175521	18.8105148704769	0.155438161112569	2.48233172650939	11.6272626538977	1	1
-1.78318873320213	7.96457898175521	18.8105148704769	-2.39527192054632	10.3204273505284	21.8012118118468	0.554030771994217	6.74047369852516	19.8681214307454	1	1
-2.39527192054632	10.3204273505284	21.8012118118468	-3.23695449196492	13.5599813096969	25.9137532833223	-0.442396895676796	9.03899080843872	21.9436621651878	1	1
-3.23695449196492	13.5599813096969	25.9137532833223	-3.79531439561507	15.7090540099455	28.6419531269998	-2.30020017006487	12.0194258299948	27.2318575145427	1	1
-3.79531439561507	15.7090540099455	28.6419531269998	-4.80198733953302	19.5836397882404	33.5606533242692	-3.66606924115494	15.6484067122285	29.4296804943854	1	1
0.554030771994217	6.74047369852516	19.8681214307454	0.155438161112569	2.48233172650939	11.6272626538977	-1.78318873320213	7.96457898175521	18.8105148704769	1	1
-0.442396895676796	9.03899080843872	21.9436621651878	0.554030771994217	6.74047369852516	19.8681214307454	-2.39527192054632	10.3204273505284	21.8012118118468	1	1
-2.30020017006487	12.0194258299948	27.2318575145427	-0.442396895676796	9.03899080843872	21.9436621651878	-3.23695449196492	13.5599813096969	25.9137532833223	1	1
-3.66606924115494	15.6484067122285	29.4296804943854	-2.30020017006487	12.0194258299948	27.2318575145427	-3.79531439561507	15.7090540099455	28.6419531269998	1	1
-1.78318873320213	7.96457898175521	18.8105148704769	-0.41205	2.6872	12.111	-1.74931461943164	1.79622574815808	12.3841509887793	1	1
-2.39527192054632	10.3204273505284	21.8012118118468	-1.78318873320213	7.96457898175521	18.8105148704769	-2.91279400880484	7.70412532328985	19.0287208812157	1	1
-3.23695449196492	13.5599813096969	25.9137532833223	-2.39527192054632	10.3204273505284	21.8012118118468	-4.28473558905438	9.3165810804931	21.8914119865928	1	1
-3.79531439561507	15.7090540099455	28.6419531269998	-3.23695449196492	13.5599813096969	25.9137532833223	-5.13867778332579	12.6771958739262	26.5141262986109	1	1
-4.80198733953302	19.5836397882404	33.5606533242692	-3.79531439561507	15.7090540099455	28.6419531269998	-5.86546526117176	15.0204697532665	28.5876373347411	1	1
-1.74931461943164	1.79622574815808	12.3841509887793	-2.91279400880484	7.70412532328985	19.0287208812157	-1.78318873320213	7.96457898175521	18.8105148704769	1	1
-2.91279400880484	7.70412532328985	19.0287208812157	-4.28473558905438	9.3165810804931	21.8914119865928	-2.39527192054632	10.3204273505284	21.8012118118468	1	1
-4.28473558905438	9.3165810804931	21.8914119865928	-5.13867778332579	12.6771958739262	26.5141262986109	-3.23695449196492	13.5599813096969	25.9137532833223	1	1
-5.13867778332579	12.6771958739262	26.5141262986109	-5.86546526117176	15.0204697532665	28.5876373347411	-3.79531439561507	15.7090540099455	28.6419531269998	1	1
0.12035	-1.5779	16.987	-0.468851227413536	-4.44266563787047	23.023862700053	0.69249505199756	-1.8779238202681	16.319897294829	2	1
-0.468851227413536	-4.44266563787047	23.023862700053	-0.776173322201109	-6.86704183224729	27.2448952462784	0.865249529277713	-3.73950136647516	23.0191268338236	2	1
-0.776173322201109	-6.86704183224729	27.2448952462784	-1.03037385844249	-8.87235722972111	30.7363094821618	1.42339450797617	-7.26446092826082	27.6859968588044	2	1
-1.03037385844249	-8.87235722972111	30.7363094821618	-1.37628666372643	-11.6011645126474	35.4873808630494	0.313151836545993	-8.45797724603674	31.4979562349465	2	1
-1.37628666372643	-11.6011645126474	35.4873808630494	-1.70462292772525	-14.1913154835354	39.9970405326643	0.811989738851211	-11.9593425220621	34.9930717269882	2	1
-1.70462292772525	-14.1913154835354	39.9970405326643	-1.94276767821946	-16.069971374883	43.2679304543395	1.16723586305705	-13.1854424540181	41.6430408802633	2	1
-1.94276767821946	-16.069971374883	43.2679304543395	-2.16586217458808	-17.8299001117557	46.3321069194472	0.680957512881058	-15.340459995682	44.4549436931877	2	1
-2.16586217458808	-17.8299001117557	46.3321069194472	-2.52334467721997	-20.6499774312405	51.2420867220981	-0.181127160629082	-17.8069212467091	46.2236417239864	2	1
0.865249529277713	-3.73950136647516	23.0191268338236	0.69249505199756	-1.8779238202681	16.319897294829	-0.468851227413536	-4.44266563787047	23.023862700053	2	1
1.42339450797617	-7.26446092826082	27.6859968588044	0.865249529277713	-3.73950136647516	23.0191268338236	-0.776173322201109	-6.86704183224729	27.2448952462784	2	1
0.313151836545993	-8.45797724603674	31.4979562349465	1.42339450797617	-7.26446092826082	27.6859968588044	-1.03037385844249	-8.87235722972111	30.7363094821618	2	1
0.811989738851211	-11.9593425220621	34.9930717269882	0.313151836545993	-8.45797724603674	31.4979562349465	-1.37628666372643	-11.6011645126474	35.4873808630494	2	1
1.16723586305705	-13.1854424540181	41.6430408802633	0.811989738851211	-11.9593425220621	34.9930717269882	-1.70462292772525	-14.1913154835354	39.9970405326643	2	1
0.680957512881058	-15.340459995682	44.4549436931877	1.16723586305705	-13.1854424540181	41.6430408802633	-1.94276767821946	-16.069971374883	43.2679304543395	2	1
-0.181127160629082	-17.8069212467091	46.2236417239864	0.680957512881058	-15.340459995682	44.4549436931877	-2.16586217458808	-17.8299001117557	46.3321069194472	2	1
-0.468851227413536	-4.44266563787047	23.023862700053	0.12035	-1.5779	16.987	-1.34170967536272	-1.80164526271738	16.3887844405318	2	1
-0.776173322201109	-6.86704183224729	27.2448952462784	-0.468851227413536	-4.44266563787047	23.023862700053	-1.66689188239262	-3.65829258093254	23.6468785511091	2	1
-1.03037385844249	-8.87235722972111	30.7363094821618	-0.776173322201109	-6.86704183224729	27.2448952462784	-1.38096628819432	-6.56719630902467	27.7270800142756	2	1
-1.37628666372643	-11.6011645126474	35.4873808630494	-1.03037385844249	-8.87235722972111	30.7363094821618	-2.86658441680846	-6.25669648983854	32.1814327992812	2	1
-1.70462292772525	-14.1913154835354	39.9970405326643	-1.37628666372643	-11.6011645126474	35.4873808630494	-2.21654877352217	-12.2806933870827	35.5513209572803	2	1
-1.94276767821946	-16.069971374883	43.2679304543395	-1.70462292772525	-14.1913154835354	39.9970405326643	-2.5406070215219	-13.9395246303758	39.5598180250275	2	1
-2.16586217458808	-17.8299001117557	46.3321069194472	-1.94276767821946	-16.069971374883	43.2679304543395	-2.1153916619058	-14.8558749175525	44.4663631819274	2	1
-1.34170967536272	-1.80164526271738	16.3887844405318	-1.66689188239262	-3.65829258093254	23.6468785511091	-0.468851227413536	-4.44266563787047	23.023862700053	2	1
-1.66689188239262	-3.65829258093254	23.6468785511091	-1.38096628819432	-6.56719630902467	27.7270800142756	-0.776173322201109	-6.86704183224729	27.2448952462784	2	1
-1.38096628819432	-6.56719630902467	27.7270800142756	-2.86658441680846	-6.25669648983854	32.1814327992812	-1.03037385844249	-8.87235722972111	30.7363094821618	2	1
-2.86658441680846	-6.25669648983854	32.1814327992812	-2.21654877352217	-12.2806933870827	35.5513209572803	-1.37628666372643	-11.6011645126474	35.4873808630494	2	1
-2.21654877352217	-12.2806933870827	35.5513209572803	-2.5406070215219	-13.9395246303758	39.5598180250275	-1.70462292772525	-14.1913154835354	39.9970405326643	2	1
-2.5406070215219	-13.9395246303758	39.5598180250275	-2.1153916619058	-14.8558749175525	44.4663631819274	-1.94276767821946	-16.069971374883	43.2679304543395	2	1
0.0037021	2.3981	21.682	0.251092332135606	4.07412142733109	27.4083637775918	1.08542234803599	1.93876572463619	21.3978202774135	3	2
0.251092332135606	4.07412142733109	27.4083637775918	0.364284215368693	5.65570978318445	32.7390364380259	1.0259585814089	4.1327780526492	27.6886539594452	3	2
0.364284215368693	5.65570978318445	32.7390364380259	0.618449090607005	7.80516515087908	36.4745097120547	2.16033890688864	4.62079351675872	32.8046428329627	3	2
0.618449090607005	7.80516515087908	36.4745097120547	0.89952596745773	10.1822135180665	40.6055099552587	2.09343044505426	7.68028175218604	36.5194952737808	3	2
0.89952596745773	10.1822135180665	40.6055099552587	1.12093937590988	12.0546919194617	43.8596333623941	2.90938673963032	8.83349247373242	41.0798603648212	3	2
1.12093937590988	12.0546919194617	43.8596333623941	1.35513092886611	14.0352342351476	47.301557767767	3.02850301796162	11.4589261513714	43.9487302820609	3	2
1.35513092886611	14.0352342351476	47.301557767767	1.68228932569869	16.8019909378541	52.109820304423	3.35942760977064	13.816195094991	47.4414940389568	3	2
1.68228932569869	16.8019909378541	52.109820304423	1.88817655570118	18.5431654854925	55.1357547275688	3.74626427349422	17.1483417724111	52.5085347439334	3	2
1.88817655570118	18.5431654854925	55.1357547275688	2.10933288897218	20.4134698192573	58.3860998885255	4.40116028099003	18.2739032983577	56.5332463951693	3	2
2.10933288897218	20.4134698192573	58.3860998885255	2.31435263510725	22.1473081137903	61.3992848599644	3.22125772923354	19.8206071239119	58.6185864775528	3	2
2.31435263510725	22.1473081137903	61.3992848599644	2.70055076467579	25.4133598914658	67.075257159955	4.43050661160289	21.6896035671901	61.5514767972777	3	2
1.0259585814089	4.1327780526492	27.6886539594452	1.08542234803599	1.93876572463619	21.3978202774135	0.251092332135606	4.07412142733109	27.4083637775918	3	2
2.16033890688864	4.62079351675872	32.8046428329627	1.0259585814089	4.1327780526492	27.6886539594452	0.364284215368693	5.65570978318445	32.7390364380259	3	2
2.09343044505426	7.68028175218604	36.5194952737808	2.16033890688864	4.62079351675872	32.8046428329627	0.618449090607005	7.80516515087908	36.4745097120547	3	2
2.90938673963032	8.83349247373242	41.0798603648212	2.09343044505426	7.68028175218604	36.5194952737808	0.89952596745773	10.1822135180665	40.6055099552587	3	2
3.02850301796162	11.4589261513714	43.9487302820609	2.90938673963032	8.83349247373242	41.0798603648212	1.12093937590988	12.0546919194617	43.8596333623941	3	2
3.35942760977064	13.816195094991	47.4414940389568	3.02850301796162	11.4589261513714	43.9487302820609	1.35513092886611	14.0352342351476	47.301557767767	3	2
3.74626427349422	17.1483417724111	52.5085347439334	3.35942760977064	13.816195094991	47.4414940389568	1.68228932569869	16.8019909378541	52.109820304423	3	2
4.40116028099003	18.2739032983577	56.5332463951693	3.74626427349422	17.1483417724111	52.5085347439334	1.88817655570118	18.5431654854925	55.1357547275688	3	2
3.22125772923354	19.8206071239119	58.6185864775528	4.40116028099003	18.2739032983577	56.5332463951693	2.10933288897218	20.4134698192573	58.3860998885255	3	2
4.43050661160289	21.6896035671901	61.5514767972777	3.22125772923354	19.8206071239119	58.6185864775528	2.31435263510725	22.1473081137903	61.3992848599644	3	2
0.251092332135606	4.07412142733109	27.4083637775918	0.0037021	2.3981	21.682	-1.46786593702923	1.89896533143142	21.6381210723548	3	2
0.364284215368693	5.65570978318445	32.7390364380259	0.251092332135606	4.07412142733109	27.4083637775918	-1.38787450375681	4.12795682442463	27.2633473962255	3	2
0.618449090607005	7.80516515087908	36.4745097120547	0.364284215368693	5.65570978318445	32.7390364380259	-2.31189219308318	5.20200296647541	32.5279215218844	3	2
0.89952596745773	10.1822135180665	40.6055099552587	0.618449090607005	7.80516515087908	36.4745097120547	-1.37160765380135	8.20552046836622	35.7382331445921	3	2
1.12093937590988	12.0546919194617	43.8596333623941	0.89952596745773	10.1822135180665	40.6055099552587	-2.15838870093536	8.15288432846699	41.0343221764765	3	2
1.35513092886611	14.0352342351476	47.301557767767	1.12093937590988	12.0546919194617	43.8596333623941	-1.77158396354377	13.18927863132	43.004030718645	3	2
1.68228932569869	16.8019909378541	52.109820304423	1.35513092886611	14.0352342351476	47.301557767767	-1.09695229049059	14.4510176759111	46.7470567143539	3	2
1.88817655570118	18.5431654854925	55.1357547275688	1.68228932569869	16.8019909378541	52.109820304423	0.558679766241457	17.3168508152761	51.411600779834	3	2
2.10933288897218	20.4134698192573	58.3860998885255	1.88817655570118	18.5431654854925	55.1357547275688	0.670687305464774	18.0807722097574	55.7265557720107	3	2
2.31435263510725	22.1473081137903	61.3992848599644	2.10933288897218	20.4134698192573	58.3860998885255	0.558613315690745	20.23494003549	58.8889676259574	3	2
2.70055076467579	25.4133598914658	67.075257159955	2.31435263510725	22.1473081137903	61.3992848599644	1.4190346912717	20.8389387551763	62.3287267574953	3	2
-1.46786593702923	1.89896533143142	21.6381210723548	-1.38787450375681	4.12795682442463	27.2633473962255	0.251092332135606	4.07412142733109	27.4083637775918	3	2
-1.38787450375681	4.12795682442463	27.2633473962255	-2.31189219308318	5.20200296647541	32.5279215218844	0.364284215368693	5.65570978318445	32.7390364380259	3	2
-2.31189219308318	5.20200296647541	32.5279215218844	-1.37160765380135	8.20552046836622	35.7382331445921	0.618449090607005	7.80516515087908	36.4745097120547	3	2
-1.37160765380135	8.20552046836622	35.7382331445921	-2.15838870093536	8.15288432846699	41.0343221764765	0.89952596745773	10.1822135180665	40.6055099552587	3	2
-2.15838870093536	8.15288432846699	41.0343221764765	-1.77158396354377	13.18927863132	43.004030718645	1.12093937590988	12.0546919194617	43.8596333623941	3	2
-1.77158396354377	13.18927863132	43.004030718645	-1.09695229049059	14.4510176759111	46.7470567143539	1.35513092886611	14.0352342351476	47.301557767767	3	2
-1.09695229049059	14.4510176759111	46.7470567143539	0.558679766241457	17.3168508152761	51.411600779834	1.68228932569869	16.8019909378541	52.109820304423	3	2
0.558679766241457	17.3168508152761	51.411600779834	0.670687305464774	18.0807722097574	55.7265557720107	1.88817655570118	18.5431654854925	55.1357547275688	3	2
0.670687305464774	18.0807722097574	55.7265557720107	0.558613315690745	20.23494003549	58.8889676259574	2.10933288897218	20.4134698192573	58.3860998885255	3	2
0.558613315690745	20.23494003549	58.8889676259574	1.4190346912717	20.8389387551763	62.3287267574953	2.31435263510725	22.1473081137903	61.3992848599644	3	2
0.23953	-1.8413	25.174	0.448649356841322	-2.79967399450158	29.5618307512548	0.979972450332134	-2.53575988988507	25.5432081553635	4	2
0.448649356841322	-2.79967399450158	29.5618307512548	0.714101271235798	-3.71647546190921	34.3704739344203	0.997774132686738	-2.07202102596484	29.8590323670519	4	2
0.714101271235798	-3.71647546190921	34.3704739344203	1.27648526250225	-4.91021773560421	38.9560222408238	1.30486683157099	-1.5744351870737	34.3857098690645	4	2
1.27648526250225	-4.91021773560421	38.9560222408238	1.77472258604899	-5.96779932520638	43.0185335332093	2.48837315628426	-4.54841940317856	39.5732981188222	4	2
1.77472258604899	-5.96779932520638	43.0185335332093	2.38283281467745	-7.25860222545498	47.9769229473787	1.97293992817424	-5.65228814102919	43.3166663692739	4	2
2.38283281467745	-7.25860222545498	47.9769229473787	2.88825093839865	-8.3314261136651	52.0979848147983	4.08899351131149	-5.50952341863934	49.0497361859294	4	2
2.88825093839865	-8.3314261136651	52.0979848147983	3.35775281692848	-9.32801251847747	55.9261939697166	3.41858618785457	-7.71765819548911	52.4073072287977	4	2
3.35775281692848	-9.32801251847747	55.9261939697166	3.85404535544086	-10.3814660174071	59.9728479371087	5.34824486780883	-8.00779798618969	57.0652341551878	4	2
3.85404535544086	-10.3814660174071	59.9728479371087	4.36384224939956	-11.4635844858692	64.1296132789488	6.3801401733467	-9.61489194887504	61.5614163266983	4	2
4.36384224939956	-11.4635844858692	64.1296132789488	4.90290778937624	-12.60782993623	68.5250283552457	6.32749981404033	-11.9569825078526	65.2235426005834	4	2
4.90290778937624	-12.60782993623	68.5250283552457	5.56389979511109	-14.0108821426828	73.9146034845414	5.71893710374023	-10.9546695342687	68.9970430197272	4	2
0.997774132686738	-2.07202102596484	29.8590323670519	0.979972450332134	-2.53575988988507	25.5432081553635	0.448649356841322	-2.79967399450158	29.5618307512548	4	2
1.30486683157099	-1.5744351870737	34.3857098690645	0.997774132686738	-2.07202102596484	29.8590323670519	0.714101271235798	-3.71647546190921	34.3704739344203	4	2
2.48837315628426	-4.54841940317856	39.5732981188222	1.30486683157099	-1.5744351870737	34.3857098690645	1.27648526250225	-4.91021773560421	38.9560222408238	4	2
1.97293992817424	-5.65228814102919	43.3166663692739	2.48837315628426	-4.54841940317856	39.5732981188222	1.77472258604899	-5.96779932520638	43.0185335332093	4	2
4.08899351131149	-5.50952341863934	49.0497361859294	1.97293992817424	-5.65228814102919	43.3166663692739	2.38283281467745	-7.25860222545498	47.9769229473787	4	2
3.41858618785457	-7.71765819548911	52.4073072287977	4.08899351131149	-5.50952341863934	49.0497361859294	2.88825093839865	-8.3314261136651	52.0979848147983	4	2
5.34824486780883	-8.00779798618969	57.0652341551878	3.41858618785457	-7.71765819548911	52.4073072287977	3.35775281692848	-9.32801251847747	55.9261939697166	4	2
6.3801401733467	-9.61489194887504	61.5614163266983	5.34824486780883	-8.00779798618969	57.0652341551878	3.85404535544086	-10.3814660174071	59.9728479371087	4	2
6.32749981404033	-11.9569825078526	65.2235426005834	6.3801401733467	-9.61489194887504	61.5614163266983	4.36384224939956	-11.4635844858692	64.1296132789488	4	2
5.71893710374023	-10.9546695342687	68.9970430197272	6.32749981404033	-11.9569825078526	65.2235426005834	4.90290778937624	-12.60782993623	68.5250283552457	4	2
0.448649356841322	-2.79967399450158	29.5618307512548	0.23953	-1.8413	25.174	-1.67675522187176	-2.13474142209226	24.8335872958652	4	2
0.714101271235798	-3.71647546190921	34.3704739344203	0.448649356841322	-2.79967399450158	29.5618307512548	-1.66350400142457	-2.30084043077952	29.3140818070179	4	2
1.27648526250225	-4.91021773560421	38.9560222408238	0.714101271235798	-3.71647546190921	34.3704739344203	-2.58344067031514	-3.31666541109595	33.917813270146	4	2
1.77472258604899	-5.96779932520638	43.0185335332093	1.27648526250225	-4.91021773560421	38.9560222408238	-1.67909246143568	-6.17407524585012	38.1323537795745	4	2
2.38283281467745	-7.25860222545498	47.9769229473787	1.77472258604899	-5.96779932520638	43.0185335332093	-2.57087699584213	-4.79004535507773	42.9496883466389	4	2
2.88825093839865	-8.3314261136651	52.0979848147983	2.38283281467745	-7.25860222545498	47.9769229473787	-0.0407058106570673	-7.64390490642823	46.8486697774091	4	2
3.35775281692848	-9.32801251847747	55.9261939697166	2.88825093839865	-8.3314261136651	52.0979848147983	1.85290279859618	-8.00648446141324	51.4839209809509	4	2
3.85404535544086	-10.3814660174071	59.9728479371087	3.35775281692848	-9.32801251847747	55.9261939697166	2.91220833503596	-9.90566982939943	55.2846977843861	4	2
4.36384224939956	-11.4635844858692	64.1296132789488	3.85404535544086	-10.3814660174071	59.9728479371087	2.4650579798035	-10.7118034130094	58.8481781031633	4	2
4.90290778937624	-12.60782993623	68.5250283552457	4.36384224939956	-11.4635844858692	64.1296132789488	3.29545350112904	-11.6133608576387	63.385098160883	4	2
5.56389979511109	-14.0108821426828	73.9146034845414	4.90290778937624	-12.60782993623	68.5250283552457	4.35954473022291	-12.9440748406246	67.9005942512634	4	2
-1.67675522187176	-2.13474142209226	24.8335872958652	-1.66350400142457	-2.30084043077952	29.3140818070179	0.448649356841322	-2.79967399450158	29.5618307512548	4	2
-1.66350400142457	-2.30084043077952	29.3140818070179	-2.58344067031514	-3.31666541109595	33.917813270146	0.714101271235798	-3.71647546190921	34.3704739344203	4	2
-2.58344067031514	-3.31666541109595	33.917813270146	-1.67909246143568	-6.17407524585012	38.1323537795745	1.27648526250225	-4.91021773560421	38.9560222408238	4	2
-1.67909246143568	-6.17407524585012	38.1323537795745	-2.57087699584213	-4.79004535507773	42.9496883466389	1.77472258604899	-5.96779932520638	43.0185335332093	4	2
-2.57087699584213	-4.79004535507773	42.9496883466389	-0.0407058106570673	-7.64390490642823	46.8486697774091	2.38283281467745	-7.25860222545498	47.9769229473787	4	2
-0.0407058106570673	-7.64390490642823	46.8486697774091	1.85290279859618	-8.00648446141324	51.4839209809509	2.88825093839865	-8.3314261136651	52.0979848147983	4	2
1.85290279859618	-8.00648446141324	51.4839209809509	2.91220833503596	-9.90566982939943	55.2846977843861	3.35775281692848	-9.32801251847747	55.9261939697166	4	2
2.91220833503596	-9.90566982939943	55.2846977843861	2.4650579798035	-10.7118034130094	58.8481781031633	3.85404535544086	-10.3814660174071	59.9728479371087	4	2
2.4650579798035	-10.7118034130094	58.8481781031633	3.29545350112904	-11.6133608576387	63.385098160883	4.36384224939956	-11.4635844858692	64.1296132789488	4	2
3.29545350112904	-11.6133608576387	63.385098160883	4.35954473022291	-12.9440748406246	67.9005942512634	4.90290778937624	-12.60782993623	68.5250283552457	4	2
-0.096448	-0.21984	26.534	-0.311038210113283	0.308404074546618	30.2243145785331	0.738429110564938	1.25504768555988	26.2765639156168	5	2
-0.311038210113283	0.308404074546618	30.2243145785331	-0.580375741205336	0.971416402915581	34.8561205542596	2.54383629783679	2.16805479634296	29.872145944525	5	2
-0.580375741205336	0.971416402915581	34.8561205542596	-0.859769874520022	1.65918447634567	39.6608702340494	1.06981754773199	0.939591844041253	34.3629054601083	5	2
-0.859769874520022	1.65918447634567	39.6608702340494	-1.07705916118371	2.19407270858124	43.397600916734	0.249064492647588	1.54864785013223	39.9262834531123	5	2
-1.07705916118371	2.19407270858124	43.397600916734	-1.31954053618951	2.79097482013197	47.5675607333272	2.05446865338642	3.04910700663458	43.21960571504	5	2
-1.31954053618951	2.79097482013197	47.5675607333272	-1.68533748936127	3.69143562353107	53.8581824180728	1.72011218402509	3.21259195064075	46.4747225027306	5	2
2.54383629783679	2.16805479634296	29.872145944525	0.738429110564938	1.25504768555988	26.2765639156168	-0.311038210113283	0.308404074546618	30.2243145785331	5	2
1.06981754773199	0.939591844041253	34.3629054601083	2.54383629783679	2.16805479634296	29.872145944525	-0.580375741205336	0.971416402915581	34.8561205542596	5	2
0.249064492647588	1.54864785013223	39.9262834531123	1.06981754773199	0.939591844041253	34.3629054601083	-0.859769874520022	1.65918447634567	39.6608702340494	5	2
2.05446865338642	3.04910700663458	43.21960571504	0.249064492647588	1.54864785013223	39.9262834531123	-1.07705916118371	2.19407270858124	43.397600916734	5	2
1.72011218402509	3.21259195064075	46.4747225027306	2.05446865338642	3.04910700663458	43.21960571504	-1.31954053618951	2.79097482013197	47.5675607333272	5	2
-0.311038210113283	0.308404074546618	30.2243145785331	-0.096448	-0.21984	26.534	-1.2077789773399	0.370195274769183	26.8049716954532	5	2
-0.580375741205336	0.971416402915581	34.8561205542596	-0.311038210113283	0.308404074546618	30.2243145785331	-2.23176090716081	-1.94182200503629	30.221244169533	5	2
-0.859769874520022	1.65918447634567	39.6608702340494	-0.580375741205336	0.971416402915581	34.8561205542596	-2.97818865474794	-0.713334831556368	35.3321381165339	5	2
-1.07705916118371	2.19407270858124	43.397600916734	-0.859769874520022	1.65918447634567	39.6608702340494	-3.31310781060903	0.129809187208121	39.917704356241	5	2
-1.31954053618951	2.79097482013197	47.5675607333272	-1.07705916118371	2.19407270858124	43.397600916734	-2.60443845805019	-0.426349528416134	43.7018855094319	5	2
-1.68533748936127	3.69143562353107	53.8581824180728	-1.31954053618951	2.79097482013197	47.5675607333272	-2.07092500523657	0.845153981992947	47.9197258303184	5	2
-1.8874542868026	4.18897463315486	57.3339913273909	-1.68533748936127	3.69143562353107	53.8581824180728	-2.35034329137466	3.53875200987223	53.9233637605613	5	2
-1.2077789773399	0.370195274769183	26.8049716954532	-2.23176090716081	-1.94182200503629	30.221244169533	-0.311038210113283	0.308404074546618	30.2243145785331	5	2
-2.23176090716081	-1.94182200503629	30.221244169533	-2.97818865474794	-0.713334831556368	35.3321381165339	-0.580375741205336	0.971416402915581	34.8561205542596	5	2
-2.97818865474794	-0.713334831556368	35.3321381165339	-3.31310781060903	0.129809187208121	39.917704356241	-0.859769874520022	1.65918447634567	39.6608702340494	5	2
-3.31310781060903	0.129809187208121	39.917704356241	-2.60443845805019	-0.426349528416134	43.7018855094319	-1.07705916118371	2.19407270858124	43.397600916734	5	2
-2.60443845805019	-0.426349528416134	43.7018855094319	-2.07092500523657	0.845153981992947	47.9197258303184	-1.31954053618951	2.79097482013197	47.5675607333272	5	2
-2.07092500523657	0.845153981992947	47.9197258303184	-2.35034329137466	3.53875200987223	53.9233637605613	-1.68533748936127	3.69143562353107	53.8581824180728	5	2
0.66812	-1.503	30.237	0.775899310232994	-1.29974689157248	34.7013357683535	2.02000911235239	-0.841637181115634	30.3569256940792	6	2
0.775899310232994	-1.29974689157248	34.7013357683535	0.716295596686635	-1.43515684748959	39.088580705221	2.17933121918259	-2.46612262458923	34.5627691909556	6	2
0.716295596686635	-1.43515684748959	39.088580705221	0.660363343451563	-1.56222584192421	43.2055808082817	2.57607213396819	-1.53156670308781	39.5211848337503	6	2
0.660363343451563	-1.56222584192421	43.2055808082817	0.595771343069115	-1.70896837529979	47.9599981051105	2.22977549801757	1.21444644747109	43.1361780964851	6	2
0.595771343069115	-1.70896837529979	47.9599981051105	0.533540127340398	-1.85034758939757	52.5406453479802	1.74220412720544	1.52821787481932	48.4282859583559	6	2
0.533540127340398	-1.85034758939757	52.5406453479802	0.466258218945539	-2.0032011568633	57.4930584508742	2.39839329228477	0.0444867971090717	53.4195482555354	6	2
0.466258218945539	-2.0032011568633	57.4930584508742	0.413794336391321	-2.12239057646853	61.3547625194535	1.53231250126886	-0.358027628207704	58.112413218153	6	2
0.413794336391321	-2.12239057646853	61.3547625194535	0.30254054731769	-2.37514111460998	69.5438097076119	1.21405123996323	0.669229530940583	62.9013805796721	6	2
0.30254054731769	-2.37514111460998	69.5438097076119	0.274882052104112	-2.43797672324519	71.579665963326	-0.256851239888105	-1.02848376869507	70.2906670039545	6	2
2.17933121918259	-2.46612262458923	34.5627691909556	2.02000911235239	-0.841637181115634	30.3569256940792	0.775899310232994	-1.29974689157248	34.7013357683535	6	2
2.57607213396819	-1.53156670308781	39.5211848337503	2.17933121918259	-2.46612262458923	34.5627691909556	0.716295596686635	-1.43515684748959	39.088580705221	6	2
2.22977549801757	1.21444644747109	43.1361780964851	2.57607213396819	-1.53156670308781	39.5211848337503	0.660363343451563	-1.56222584192421	43.2055808082817	6	2
1.74220412720544	1.52821787481932	48.4282859583559	2.22977549801757	1.21444644747109	43.1361780964851	0.595771343069115	-1.70896837529979	47.9599981051105	6	2
2.39839329228477	0.0444867971090717	53.4195482555354	1.74220412720544	1.52821787481932	48.4282859583559	0.533540127340398	-1.85034758939757	52.5406453479802	6	2
1.53231250126886	-0.358027628207704	58.112413218153	2.39839329228477	0.0444867971090717	53.4195482555354	0.466258218945539	-2.0032011568633	57.4930584508742	6	2
1.21405123996323	0.669229530940583	62.9013805796721	1.53231250126886	-0.358027628207704	58.112413218153	0.413794336391321	-2.12239057646853	61.3547625194535	6	2
-0.256851239888105	-1.02848376869507	70.2906670039545	1.21405123996323	0.669229530940583	62.9013805796721	0.30254054731769	-2.37514111460998	69.5438097076119	6	2
0.775899310232994	-1.29974689157248	34.7013357683535	0.66812	-1.503	30.237	-2.92478035018955	-1.0289709041203	30.6387988878373	6	2
0.716295596686635	-1.43515684748959	39.088580705221	0.775899310232994	-1.29974689157248	34.7013357683535	-1.25443532886898	-0.555562010972775	34.8134157253014	6	2
0.660363343451563	-1.56222584192421	43.2055808082817	0.716295596686635	-1.43515684748959	39.088580705221	-2.57655675084192	-1.22529943820738	39.0662817804706	6	2
0.595771343069115	-1.70896837529979	47.9599981051105	0.660363343451563	-1.56222584192421	43.2055808082817	-3.19827226759948	-2.11836378956025	42.3143511328736	6	2
0.533540127340398	-1.85034758939757	52.5406453479802	0.595771343069115	-1.70896837529979	47.9599981051105	-2.57581972605663	-2.35932302652145	46.8301896930883	6	2
0.466258218945539	-2.0032011568633	57.4930584508742	0.533540127340398	-1.85034758939757	52.5406453479802	-2.02459754127875	-1.09548889797615	50.9899663525472	6	2
0.413794336391321	-2.12239057646853	61.3547625194535	0.466258218945539	-2.0032011568633	57.4930584508742	-1.12250167045909	-2.21215294427784	56.287138667325	6	2
0.30254054731769	-2.37514111460998	69.5438097076119	0.413794336391321	-2.12239057646853	61.3547625194535	0.0979430896424002	-2.25206109363696	60.377494947647	6	2
0.274882052104112	-2.43797672324519	71.579665963326	0.30254054731769	-2.37514111460998	69.5438097076119	-0.696397396424106	-1.38322517616136	68.5768839371391	6	2
-2.92478035018955	-1.0289709041203	30.6387988878373	-1.25443532886898	-0.555562010972775	34.8134157253014	0.775899310232994	-1.29974689157248	34.7013357683535	6	2
-1.25443532886898	-0.555562010972775	34.8134157253014	-2.57655675084192	-1.22529943820738	39.0662817804706	0.716295596686635	-1.43515684748959	39.088580705221	6	2
-2.57655675084192	-1.22529943820738	39.0662817804706	-3.19827226759948	-2.11836378956025	42.3143511328736	0.660363343451563	-1.56222584192421	43.2055808082817	6	2
-3.19827226759948	-2.11836378956025	42.3143511328736	-2.57581972605663	-2.35932302652145	46.8301896930883	0.595771343069115	-1.70896837529979	47.9599981051105	6	2
-2.57581972605663	-2.35932302652145	46.8301896930883	-2.02459754127875	-1.09548889797615	50.9899663525472	0.533540127340398	-1.85034758939757	52.5406453479802	6	2
-2.02459754127875	-1.09548889797615	50.9899663525472	-1.12250167045909	-2.21215294427784	56.287138667325	0.466258218945539	-2.0032011568633	57.4930584508742	6	2
-1.12250167045909	-2.21215294427784	56.287138667325	0.0979430896424002	-2.25206109363696	60.377494947647	0.413794336391321	-2.12239057646853	61.3547625194535	6	2
0.0979430896424002	-2.25206109363696	60.377494947647	-0.696397396424106	-1.38322517616136	68.5768839371391	0.30254054731769	-2.37514111460998	69.5438097076119	6	2
0.48025	-0.065238	32.487	0.48025	-0.0652379999999998	36.5079518069164	0.89608979090416	-0.034704529059744	32.5882347008546	7	2
0.48025	-0.0652379999999998	36.5079518069164	0.48025	-0.065238	41.1136476283965	2.29652576765665	0.904610640369078	35.568272464695	7	2
2.29652576765665	0.904610640369078	35.568272464695	0.89608979090416	-0.034704529059744	32.5882347008546	0.48025	-0.0652379999999998	36.5079518069164	7	2
0.48025	-0.0652379999999998	36.5079518069164	0.48025	-0.065238	32.487	-3.54086856736165	-1.454845237716	33.2821715025393	7	2
0.48025	-0.065238	41.1136476283965	0.48025	-0.0652379999999998	36.5079518069164	-1.38131788472932	0.253580969065893	37.5368504975114	7	2
-3.54086856736165	-1.454845237716	33.2821715025393	-1.38131788472932	0.253580969065893	37.5368504975114	0.48025	-0.0652379999999998	36.5079518069164	7	2
1.6541	2.9057	32.832	1.37220901467148	4.05605705263137	37.8727811938083	2.99790987681335	2.71683144210677	32.9597534062881	8	2
1.37220901467148	4.05605705263137	37.8727811938083	2.16405965969975	4.96682401171596	42.6238335690414	2.89077376743306	1.59864748896445	37.828804176305	8	2
2.16405965969975	4.96682401171596	42.6238335690414	2.75717540117058	5.64901101710169	46.1824894468838	4.73146077338627	3.329947642884	43.3261668906208	8	2
2.75717540117058	5.64901101710169	46.1824894468838	3.75673863428039	6.79868383980891	52.1798038428234	5.12697704250139	3.89766058334026	47.5887409353842	8	2
3.75673863428039	6.79868383980891	52.1798038428234	4.42209193086151	7.56395668822904	56.1718803536382	5.41966694132988	5.06311065143943	53.7171498004486	8	2
4.42209193086151	7.56395668822904	56.1718803536382	5.18799426844336	8.44487854809607	60.7672445716404	6.50909574018094	6.30487875761631	58.4815692232763	8	2
5.18799426844336	8.44487854809607	60.7672445716404	6.05623277145699	9.44350492557619	65.9766191271975	6.85605089400503	7.38373104866712	62.1927855490857	8	2
6.05623277145699	9.44350492557619	65.9766191271975	6.73950280204288	10.2293851567758	70.0761948768956	6.75094770901417	7.68845819459415	67.2177996650743	8	2
6.73950280204288	10.2293851567758	70.0761948768956	7.30519712465898	10.880032726763	73.4703240248553	7.45337517899239	9.20967578170506	70.1571949992497	8	2
2.89077376743306	1.59864748896445	37.828804176305	2.99790987681335	2.71683144210677	32.9597534062881	1.37220901467148	4.05605705263137	37.8727811938083	8	2
4.73146077338627	3.329947642884	43.3261668906208	2.89077376743306	1.59864748896445	37.828804176305	2.16405965969975	4.96682401171596	42.6238335690414	8	2
5.12697704250139	3.89766058334026	47.5887409353842	4.73146077338627	3.329947642884	43.3261668906208	2.75717540117058	5.64901101710169	46.1824894468838	8	2
5.41966694132988	5.06311065143943	53.7171498004486	5.12697704250139	3.89766058334026	47.5887409353842	3.75673863428039	6.79868383980891	52.1798038428234	8	2
6.50909574018094	6.30487875761631	58.4815692232763	5.41966694132988	5.06311065143943	53.7171498004486	4.42209193086151	7.56395668822904	56.1718803536382	8	2
6.85605089400503	7.38373104866712	62.1927855490857	6.50909574018094	6.30487875761631	58.4815692232763	5.18799426844336	8.44487854809607	60.7672445716404	8	2
6.75094770901417	7.68845819459415	67.2177996650743	6.85605089400503	7.38373104866712	62.1927855490857	6.05623277145699	9.44350492557619	65.9766191271975	8	2
7.45337517899239	9.20967578170506	70.1571949992497	6.75094770901417	7.68845819459415	67.2177996650743	6.73950280204288	10.2293851567758	70.0761948768956	8	2
1.37220901467148	4.05605705263137	37.8727811938083	1.6541	2.9057	32.832	0.32320504051135	0.458716142754444	33.2770552115046	8	2
2.16405965969975	4.96682401171596	42.6238335690414	1.37220901467148	4.05605705263137	37.8727811938083	-1.04572556752186	3.96885223229827	37.5897275620631	8	2
2.75717540117058	5.64901101710169	46.1824894468838	2.16405965969975	4.96682401171596	42.6238335690414	-0.296668756324341	5.7898410016988	41.9594451685021	8	2
3.75673863428039	6.79868383980891	52.1798038428234	2.75717540117058	5.64901101710169	46.1824894468838	-0.762751816003296	6.2376151623806	44.8974551638941	8	2
4.42209193086151	7.56395668822904	56.1718803536382	3.75673863428039	6.79868383980891	52.1798038428234	0.829610219780115	7.31187212957831	50.3649110459153	8	2
5.18799426844336	8.44487854809607	60.7672445716404	4.42209193086151	7.56395668822904	56.1718803536382	2.9231282907022	8.92260438159312	54.2279119534844	8	2
6.05623277145699	9.44350492557619	65.9766191271975	5.18799426844336	8.44487854809607	60.7672445716404	3.0688739562356	9.10481475827802	58.981862668271	8	2
6.73950280204288	10.2293851567758	70.0761948768956	6.05623277145699	9.44350492557619	65.9766191271975	4.79598065019322	9.18380334149965	65.9564033393499	8	2
7.30519712465898	10.880032726763	73.4703240248553	6.73950280204288	10.2293851567758	70.0761948768956	6.23227351661385	10.196832116767	70.5583958221346	8	2
0.32320504051135	0.458716142754444	33.2770552115046	-1.04572556752186	3.96885223229827	37.5897275620631	1.37220901467148	4.05605705263137	37.8727811938083	8	2
-1.04572556752186	3.96885223229827	37.5897275620631	-0.296668756324341	5.7898410016988	41.9594451685021	2.16405965969975	4.96682401171596	42.6238335690414	8	2
-0.296668756324341	5.7898410016988	41.9594451685021	-0.762751816003296	6.2376151623806	44.8974551638941	2.75717540117058	5.64901101710169	46.1824894468838	8	2
-0.762751816003296	6.2376151623806	44.8974551638941	0.829610219780115	7.31187212957831	50.3649110459153	3.75673863428039	6.79868383980891	52.1798038428234	8	2
0.829610219780115	7.31187212957831	50.3649110459153	2.9231282907022	8.92260438159312	54.2279119534844	4.42209193086151	7.56395668822904	56.1718803536382	8	2
2.9231282907022	8.92260438159312	54.2279119534844	3.0688739562356	9.10481475827802	58.981862668271	5.18799426844336	8.44487854809607	60.7672445716404	8	2
3.0688739562356	9.10481475827802	58.981862668271	4.79598065019322	9.18380334149965	65.9564033393499	6.05623277145699	9.44350492557619	65.9766191271975	8	2
4.79598065019322	9.18380334149965	65.9564033393499	6.23227351661385	10.196832116767	70.5583958221346	6.73950280204288	10.2293851567758	70.0761948768956	8	2
