-0.3475	-0.70784	0.031499	-0.41155	-0.34074	1.0263	-0.22515	-0.60134	1.8261	0	0
-0.41155	-0.34074	0	-0.087748	-0.21784	1.0423	-0.37868	0.45443	1.0936	0	0
-0.41155	-0.34074	0	-0.087748	-0.21784	1.0423	-0.1292	-0.21974	1.7978	0	0
-0.41155	-0.34074	0	-0.37868	0.45443	1.0936	-0.36431	0.45368	1.7658	0	0
-0.41155	-0.34074	0	-0.22515	-0.60134	1.8261	-0.1292	-0.21974	1.7978	0	0
-0.087748	-0.21784	0.015999	-0.37868	0.45443	1.0936	0.077885	0.65153	1.042	0	0
-0.087748	-0.21784	0.015999	0.077885	0.65153	1.042	0.58995	0.54246	1.7331	0	0
-0.087748	-0.21784	0.015999	-0.1292	-0.21974	1.7978	0.58995	0.54246	1.7331	0	0
-0.37868	0.45443	0.0673	0.077885	0.65153	1.042	0.090202	1.1281	1.0615	0	0
-0.37868	0.45443	0.0673	-0.36431	0.45368	1.7658	-0.23335	1.161	2.1406	0	0
-0.37868	0.45443	0.0673	0.090202	1.1281	1.0615	-0.23335	1.161	2.1406	0	0
-0.22515	-0.60134	0.79975	-0.1292	-0.21974	1.7978	0.21832	-0.029304	2.3827	0	0
-0.22515	-0.60134	0.79975	-0.15305	-0.60444	2.5182	0.21832	-0.029304	2.3827	0	0
0.077885	0.65153	0.015633	0.090202	1.1281	1.0615	0.65045	1.0875	1.0299	0	0
0.077885	0.65153	0.015633	0.65045	1.0875	1.0299	0.58995	0.54246	1.7331	0	0
-0.1292	-0.21974	0.77145	-0.36431	0.45368	1.7658	-0.53225	-0.15794	2.129	0	0
-0.1292	-0.21974	0.77145	-0.36431	0.45368	1.7658	0.17911	0.61674	1.8577	0	0
-0.1292	-0.21974	0.77145	-0.53225	-0.15794	2.129	-0.15305	-0.60444	2.5182	0	0
-0.1292	-0.21974	0.77145	0.58995	0.54246	1.7331	0.21832	-0.029304	2.3827	0	0
-0.36431	0.45368	0.7395	-0.53225	-0.15794	2.129	-0.33152	0.41281	2.5918	0	0
-0.36431	0.45368	0.7395	-0.33152	0.41281	2.5918	-0.23335	1.161	2.1406	0	0
0.090202	1.1281	0.03515	0.65045	1.0875	1.0299	0.2262	1.2084	1.817	0	0
0.090202	1.1281	0.03515	0.2262	1.2084	1.817	-0.23335	1.161	2.1406	0	0
-0.53225	-0.15794	1.1027	-0.33152	0.41281	2.5918	-0.13415	-0.24834	3.0499	0	0
0.65045	1.0875	0.003549	0.58995	0.54246	1.7331	0.65255	1.1118	1.7913	0	0
0.65045	1.0875	0.003549	0.2262	1.2084	1.817	0.65255	1.1118	1.7913	0	0
0.58995	0.54246	0.7068	0.17911	0.61674	1.8577	0.21832	-0.029304	2.3827	0	0
0.58995	0.54246	0.7068	0.17911	0.61674	1.8577	0.65255	1.1118	1.7913	0	0
0.17911	0.61674	0.83138	0.21832	-0.029304	2.3827	0.1928	0.65786	2.5434	0	0
0.17911	0.61674	0.83138	0.2262	1.2084	1.817	0.65255	1.1118	1.7913	0	0
0.17911	0.61674	0.83138	0.2262	1.2084	1.817	-0.23335	1.161	2.1406	0	0
0.17911	0.61674	0.83138	0.1928	0.65786	2.5434	-0.23335	1.161	2.1406	0	0
-0.15305	-0.60444	1.4919	0.21832	-0.029304	2.3827	-0.13415	-0.24834	3.0499	0	0
-0.15305	-0.60444	1.4919	-0.13415	-0.24834	3.0499	-0.20925	-0.38654	3.2845	0	0
0.21832	-0.029304	1.3563	0.1928	0.65786	2.5434	0.019302	0.37346	3.2258	0	0
0.21832	-0.029304	1.3563	-0.13415	-0.24834	3.0499	0.019302	0.37346	3.2258	0	0
-0.33152	0.41281	1.5654	0.019302	0.37346	3.2258	-0.19325	0.5944	3.2322	0	0
-0.33152	0.41281	1.5654	-0.19325	0.5944	3.2322	-0.24735	1.2865	3.1824	0	0
-0.33152	0.41281	1.5654	-0.23335	1.161	2.1406	-0.24735	1.2865	3.1824	0	0
0.1928	0.65786	1.5171	0.19635	1.1336	2.5602	0.59565	1.1524	2.462	0	0
0.1928	0.65786	1.5171	0.19635	1.1336	2.5602	-0.23335	1.161	2.1406	0	0
0.1928	0.65786	1.5171	0.59565	1.1524	2.462	0.58445	0.89706	3.0215	0	0
0.1928	0.65786	1.5171	0.019302	0.37346	3.2258	0.58445	0.89706	3.0215	0	0
-0.13415	-0.24834	2.0236	-0.20925	-0.38654	3.2845	0.019302	0.37346	3.2258	0	0
0.19635	1.1336	1.5339	0.58445	0.89706	3.0215	0.088202	1.1438	3.2618	0	0
0.19635	1.1336	1.5339	0.088202	1.1438	3.2618	-0.24735	1.2865	3.1824	0	0
0.19635	1.1336	1.5339	-0.23335	1.161	2.1406	-0.24735	1.2865	3.1824	0	0
-0.20925	-0.38654	2.2582	0.019302	0.37346	3.2258	-0.16545	-0.28084	4.0561	0	0
-0.20925	-0.38654	2.2582	-0.35048	-0.63784	3.8856	-0.16545	-0.28084	4.0561	0	0
0.019302	0.37346	2.1995	-0.19325	0.5944	3.2322	0.19198	0.45409	3.8968	0	0
0.019302	0.37346	2.1995	0.58445	0.89706	3.0215	0.5727	0.89226	3.8548	0	0
0.019302	0.37346	2.1995	-0.16545	-0.28084	4.0561	0.19198	0.45409	3.8968	0	0
-0.19325	0.5944	2.2059	0.19198	0.45409	3.8968	-0.17965	0.74516	4.0608	0	0
-0.19325	0.5944	2.2059	-0.24735	1.2865	3.1824	-0.17965	0.74516	4.0608	0	0
0.58445	0.89706	1.9952	0.088202	1.1438	3.2618	0.5727	0.89226	3.8548	0	0
0.088202	1.1438	2.2354	-0.24735	1.2865	3.1824	0.11245	1.1443	4.0705	0	0
0.088202	1.1438	2.2354	0.5727	0.89226	3.8548	0.11245	1.1443	4.0705	0	0
-0.35048	-0.63784	2.8592	-0.16545	-0.28084	4.0561	-0.2666	-0.57164	4.7374	0	0
-0.16545	-0.28084	3.0298	0.19198	0.45409	3.8968	0.12835	-0.030738	4.352	0	0
-0.16545	-0.28084	3.0298	0.12835	-0.030738	4.352	-0.15805	-0.24374	4.5619	0	0
-0.16545	-0.28084	3.0298	-0.15805	-0.24374	4.5619	-0.2666	-0.57164	4.7374	0	0
0.19198	0.45409	2.8704	0.5727	0.89226	3.8548	0.2311	0.63296	4.6118	0	0
0.19198	0.45409	2.8704	-0.17965	0.74516	4.0608	-0.1763	0.49556	4.57	0	0
0.19198	0.45409	2.8704	0.12835	-0.030738	4.352	0.2311	0.63296	4.6118	0	0
-0.24735	1.2865	2.1561	-0.17965	0.74516	4.0608	-0.41335	1.134	4.6148	0	0
-0.24735	1.2865	2.1561	0.11245	1.1443	4.0705	-0.41335	1.134	4.6148	0	0
0.5727	0.89226	2.8285	0.11245	1.1443	4.0705	0.23795	1.2918	4.5479	0	0
0.5727	0.89226	2.8285	0.2311	0.63296	4.6118	0.60185	0.89616	4.6843	0	0
0.5727	0.89226	2.8285	0.23795	1.2918	4.5479	0.60185	0.89616	4.6843	0	0
-0.17965	0.74516	3.0345	-0.1763	0.49556	4.57	-0.41335	1.134	4.6148	0	0
0.12835	-0.030738	3.3257	-0.1763	0.49556	4.57	-0.15805	-0.24374	4.5619	0	0
0.12835	-0.030738	3.3257	0.2311	0.63296	4.6118	-0.13315	-0.26594	5.0635	0	0
0.11245	1.1443	3.0442	-0.41335	1.134	4.6148	0.23795	1.2918	4.5479	0	0
-0.1763	0.49556	3.5437	-0.15805	-0.24374	4.5619	-0.13315	-0.26594	5.0635	0	0
-0.1763	0.49556	3.5437	-0.13315	-0.26594	5.0635	-0.39075	0.5507	5.3515	0	0
-0.1763	0.49556	3.5437	-0.41335	1.134	4.6148	-0.39075	0.5507	5.3515	0	0
-0.15805	-0.24374	3.5356	-0.2666	-0.57164	4.7374	-0.13315	-0.26594	5.0635	0	0
-0.2666	-0.57164	3.7111	-0.13315	-0.26594	5.0635	-0.40125	-0.59064	5.3859	0	0
0.2311	0.63296	3.5854	-0.13315	-0.26594	5.0635	0.035852	0.38686	5.6041	0	0
0.2311	0.63296	3.5854	0.035852	0.38686	5.6041	0.60185	0.89616	4.6843	0	0
-0.13315	-0.26594	4.0372	-0.36955	-0.2854	5.3799	-0.40125	-0.59064	5.3859	0	0
-0.13315	-0.26594	4.0372	-0.36955	-0.2854	5.3799	0.035852	0.38686	5.6041	0	0
-0.41335	1.134	3.5884	0.23795	1.2918	4.5479	-0.40672	1.1238	5.295	0	0
-0.41335	1.134	3.5884	-0.39075	0.5507	5.3515	-0.40672	1.1238	5.295	0	0
0.23795	1.2918	3.5216	0.2735	1.0969	5.3112	0.60185	0.89616	4.6843	0	0
0.23795	1.2918	3.5216	0.2735	1.0969	5.3112	-0.40672	1.1238	5.295	0	0
-0.36955	-0.2854	4.3535	-0.40125	-0.59064	5.3859	-0.32761	-0.32944	6.058	0	0
-0.36955	-0.2854	4.3535	0.035852	0.38686	5.6041	-0.32761	-0.32944	6.058	0	0
-0.40125	-0.59064	4.3596	-0.32761	-0.32944	6.058	-0.45215	-0.71554	6.0998	0	0
-0.39075	0.5507	4.3252	0.035852	0.38686	5.6041	0.2735	1.0969	5.3112	0	0
-0.39075	0.5507	4.3252	0.2735	1.0969	5.3112	-0.40672	1.1238	5.295	0	0
0.035852	0.38686	4.5778	0.2735	1.0969	5.3112	0.32645	1.112	6.0266	0	0
0.035852	0.38686	4.5778	-0.32761	-0.32944	6.058	-0.1037	0.50781	6.0765	0	0
0.035852	0.38686	4.5778	0.32645	1.112	6.0266	-0.1037	0.50781	6.0765	0	0
0.2735	1.0969	4.2849	0.60185	0.89616	4.6843	0.32645	1.112	6.0266	0	0
-0.32761	-0.32944	5.0317	-0.45215	-0.71554	6.0998	-0.3167	-0.29826	6.6523	0	0
-0.32761	-0.32944	5.0317	-0.1037	0.50781	6.0765	-0.3167	-0.29826	6.6523	0	0
0.32645	1.112	5.0003	-0.1037	0.50781	6.0765	0.30095	1.1021	6.8031	0	0
-0.45215	-0.71554	5.0735	-0.3167	-0.29826	6.6523	-0.59195	-0.91369	6.7385	0	0
-0.1037	0.50781	5.0502	-0.3167	-0.29826	6.6523	-0.13598	0.39563	6.7364	0	0
-0.1037	0.50781	5.0502	-0.13598	0.39563	6.7364	0.30095	1.1021	6.8031	0	0
-0.3167	-0.29826	5.6259	-0.13598	0.39563	6.7364	-0.42788	-0.25034	7.4039	0	0
-0.3167	-0.29826	5.6259	-0.59195	-0.91369	6.7385	-0.42788	-0.25034	7.4039	0	0
-0.13598	0.39563	5.7101	0.30095	1.1021	6.8031	-0.11615	0.77816	7.5529	0	0
-0.13598	0.39563	5.7101	-0.42788	-0.25034	7.4039	-0.11615	0.77816	7.5529	0	0
-0.59195	-0.91369	5.7121	-0.42788	-0.25034	7.4039	-0.56585	-0.73734	7.548	0	0
-0.59195	-0.91369	5.7121	-0.94701	-1.0701	7.415	-0.56585	-0.73734	7.548	0	0
0.30095	1.1021	5.7767	-0.11615	0.77816	7.5529	0.2734	1.0952	7.5373	0	0
-0.42788	-0.25034	6.3776	-0.56585	-0.73734	7.548	-0.4124	-0.22374	8.0443	0	0
-0.42788	-0.25034	6.3776	-0.54988	0.3956	7.5862	-0.11615	0.77816	7.5529	0	0
-0.42788	-0.25034	6.3776	-0.54988	0.3956	7.5862	-0.4124	-0.22374	8.0443	0	0
-0.94701	-1.0701	6.3887	-0.56585	-0.73734	7.548	-0.62795	-0.78214	8.0021	0	0
-0.94701	-1.0701	6.3887	-0.62795	-0.78214	8.0021	-1.0538	-0.90764	8.1021	0	0
-0.56585	-0.73734	6.5217	-0.4124	-0.22374	8.0443	-0.62795	-0.78214	8.0021	0	0
-0.54988	0.3956	6.5599	-0.11615	0.77816	7.5529	-0.51378	1.1669	7.4114	0	0
-0.54988	0.3956	6.5599	-0.51378	1.1669	7.4114	-0.4791	1.2056	8.0208	0	0
-0.54988	0.3956	6.5599	-0.4124	-0.22374	8.0443	-0.4438	0.46864	8.0486	0	0
-0.54988	0.3956	6.5599	-0.4438	0.46864	8.0486	-0.4791	1.2056	8.0208	0	0
-0.11615	0.77816	6.5266	-0.51378	1.1669	7.4114	0.2734	1.0952	7.5373	0	0
-0.51378	1.1669	6.385	0.2734	1.0952	7.5373	0.026352	1.5502	7.4657	0	0
-0.51378	1.1669	6.385	0.026352	1.5502	7.4657	-0.28695	1.5502	7.7489	0	0
-0.51378	1.1669	6.385	-0.28695	1.5502	7.7489	-0.4791	1.2056	8.0208	0	0
0.2734	1.0952	6.511	-0.4124	-0.22374	8.0443	0.2581	1.0921	8.0847	0	0
0.2734	1.0952	6.511	0.026352	1.5502	7.4657	0.2581	1.0921	8.0847	0	0
-0.4124	-0.22374	7.0179	-0.62795	-0.78214	8.0021	-0.89135	-0.40644	8.3197	0	0
-0.4124	-0.22374	7.0179	-0.4438	0.46864	8.0486	-0.89135	-0.40644	8.3197	0	0
-0.4124	-0.22374	7.0179	0.2581	1.0921	8.0847	0.18565	0.81736	8.7878	0	0
-0.4124	-0.22374	7.0179	0.18565	0.81736	8.7878	-0.4245	-0.22426	8.8192	0	0
-0.62795	-0.78214	6.9758	-1.0538	-0.90764	8.1021	-0.89135	-0.40644	8.3197	0	0
-0.4438	0.46864	7.0223	-0.4791	1.2056	8.0208	-0.46324	0.48506	8.815	0	0
-0.4438	0.46864	7.0223	-0.89135	-0.40644	8.3197	-0.46324	0.48506	8.815	0	0
-1.0538	-0.90764	7.0758	-0.89135	-0.40644	8.3197	-0.54655	-0.74849	8.802	0	0
-1.0538	-0.90764	7.0758	-0.54655	-0.74849	8.802	-0.85995	-1.0273	9.7054	0	0
0.026352	1.5502	6.4394	-0.28695	1.5502	7.7489	-0.034448	1.5586	8.1141	0	0
0.026352	1.5502	6.4394	0.2581	1.0921	8.0847	-0.034448	1.5586	8.1141	0	0
-0.28695	1.5502	6.7226	-0.31265	1.5695	7.8874	-0.4791	1.2056	8.0208	0	0
-0.28695	1.5502	6.7226	-0.31265	1.5695	7.8874	-0.034448	1.5586	8.1141	0	0
0.2581	1.0921	7.0584	-0.034448	1.5586	8.1141	0.038052	1.586	8.4944	0	0
0.2581	1.0921	7.0584	0.038052	1.586	8.4944	0.15865	1.3202	8.8175	0	0
0.2581	1.0921	7.0584	0.18565	0.81736	8.7878	0.15865	1.3202	8.8175	0	0
-0.31265	1.5695	6.8611	-0.4791	1.2056	8.0208	-0.16725	1.5609	8.5345	0	0
-0.31265	1.5695	6.8611	-0.034448	1.5586	8.1141	-0.16725	1.5609	8.5345	0	0
-0.4791	1.2056	6.9945	-0.16725	1.5609	8.5345	-0.43757	1.192	8.8144	0	0
-0.4791	1.2056	6.9945	-0.46324	0.48506	8.815	-0.43757	1.192	8.8144	0	0
-0.89135	-0.40644	7.2934	-0.54655	-0.74849	8.802	-0.4245	-0.22426	8.8192	0	0
-0.89135	-0.40644	7.2934	-0.4245	-0.22426	8.8192	-0.46324	0.48506	8.815	0	0
-0.034448	1.5586	7.0878	0.038052	1.586	8.4944	-0.16725	1.5609	8.5345	0	0
0.038052	1.586	7.4681	-0.16725	1.5609	8.5345	-0.2822	1.5457	9.3801	0	0
0.038052	1.586	7.4681	0.15865	1.3202	8.8175	-0.2822	1.5457	9.3801	0	0
-0.16725	1.5609	7.5082	-0.43757	1.192	8.8144	-0.2822	1.5457	9.3801	0	0
0.18565	0.81736	7.7615	-0.4245	-0.22426	8.8192	0.099852	0.53146	9.6678	0	0
0.18565	0.81736	7.7615	0.15865	1.3202	8.8175	0.1686	1.0787	9.5365	0	0
0.18565	0.81736	7.7615	0.1686	1.0787	9.5365	0.099852	0.53146	9.6678	0	0
-0.54655	-0.74849	7.7756	-0.4245	-0.22426	8.8192	-0.54215	-0.73694	9.5497	0	0
-0.54655	-0.74849	7.7756	-0.54215	-0.73694	9.5497	-0.85995	-1.0273	9.7054	0	0
-0.4245	-0.22426	7.7929	-0.54215	-0.73694	9.5497	-0.40325	-0.23239	9.5557	0	0
-0.4245	-0.22426	7.7929	-0.40325	-0.23239	9.5557	0.099852	0.53146	9.6678	0	0
-0.46324	0.48506	7.7886	-0.43757	1.192	8.8144	-0.50717	0.49754	9.5691	0	0
-0.46324	0.48506	7.7886	-0.40325	-0.23239	9.5557	-0.50717	0.49754	9.5691	0	0
-0.43757	1.192	7.7881	-0.2822	1.5457	9.3801	-0.4315	1.1788	9.5592	0	0
-0.43757	1.192	7.7881	-0.50717	0.49754	9.5691	-0.4315	1.1788	9.5592	0	0
0.15865	1.3202	7.7912	-0.2822	1.5457	9.3801	0.1686	1.0787	9.5365	0	0
-0.54215	-0.73694	8.5234	-0.40325	-0.23239	9.5557	-0.39457	-0.35364	10.274	0	0
-0.54215	-0.73694	8.5234	-0.85995	-1.0273	9.7054	-0.65628	-0.8273	10.225	0	0
-0.54215	-0.73694	8.5234	-0.65628	-0.8273	10.225	-0.39457	-0.35364	10.274	0	0
-0.40325	-0.23239	8.5294	-0.50717	0.49754	9.5691	-0.50472	0.53016	10.263	0	0
-0.40325	-0.23239	8.5294	-0.39457	-0.35364	10.274	-0.50472	0.53016	10.263	0	0
-0.2822	1.5457	8.3537	0.1686	1.0787	9.5365	-0.016698	1.5936	10.331	0	0
-0.2822	1.5457	8.3537	-0.4315	1.1788	9.5592	-0.25145	1.5798	10.313	0	0
-0.2822	1.5457	8.3537	-0.25145	1.5798	10.313	-0.016698	1.5936	10.331	0	0
0.1686	1.0787	8.5102	0.099852	0.53146	9.6678	0.23665	0.83626	10.139	0	0
0.1686	1.0787	8.5102	0.23665	0.83626	10.139	0.10795	1.333	10.31	0	0
0.1686	1.0787	8.5102	-0.016698	1.5936	10.331	0.10795	1.333	10.31	0	0
-0.50717	0.49754	8.5427	-0.4315	1.1788	9.5592	-0.50472	0.53016	10.263	0	0
0.099852	0.53146	8.6415	-0.39457	-0.35364	10.274	0.23665	0.83626	10.139	0	0
-0.65628	-0.8273	9.1986	-0.39457	-0.35364	10.274	-0.42485	-0.68119	11.11	0	0
-0.39457	-0.35364	9.2478	0.23665	0.83626	10.139	0.17135	0.54336	11.136	0	0
-0.39457	-0.35364	9.2478	-0.50472	0.53016	10.263	-0.35848	-0.20897	10.899	0	0
-0.39457	-0.35364	9.2478	-0.35848	-0.20897	10.899	-0.42485	-0.68119	11.11	0	0
-0.4315	1.1788	8.5329	-0.50472	0.53016	10.263	-0.4806	1.1799	10.32	0	0
-0.4315	1.1788	8.5329	-0.4806	1.1799	10.32	-0.25145	1.5798	10.313	0	0
0.23665	0.83626	9.1124	0.10795	1.333	10.31	0.21739	1.0475	10.913	0	0
0.23665	0.83626	9.1124	0.21739	1.0475	10.913	0.17135	0.54336	11.136	0	0
-0.50472	0.53016	9.2364	-0.4806	1.1799	10.32	-0.40839	0.43862	10.972	0	0
-0.50472	0.53016	9.2364	-0.35848	-0.20897	10.899	-0.40839	0.43862	10.972	0	0
-0.4806	1.1799	9.2938	-0.25145	1.5798	10.313	-0.36515	1.6128	11.053	0	0
-0.4806	1.1799	9.2938	-0.36515	1.6128	11.053	-0.52258	1.2767	11.081	0	0
-0.4806	1.1799	9.2938	-0.52258	1.2767	11.081	-0.40839	0.43862	10.972	0	0
-0.35848	-0.20897	9.8729	-0.40839	0.43862	10.972	-0.3805	-0.25454	11.548	0	0
-0.35848	-0.20897	9.8729	-0.42485	-0.68119	11.11	-0.3805	-0.25454	11.548	0	0
-0.25145	1.5798	9.2866	-0.016698	1.5936	10.331	-0.36515	1.6128	11.053	0	0
-0.016698	1.5936	9.3044	0.10795	1.333	10.31	-0.012848	1.6031	11.064	0	0
-0.016698	1.5936	9.3044	-0.012848	1.6031	11.064	-0.36515	1.6128	11.053	0	0
0.10795	1.333	9.284	0.21739	1.0475	10.913	-0.012848	1.6031	11.064	0	0
0.21739	1.0475	9.8871	-0.012848	1.6031	11.064	0.2639	1.1164	11.541	0	0
0.21739	1.0475	9.8871	0.17135	0.54336	11.136	0.2639	1.1164	11.541	0	0
-0.36515	1.6128	10.026	-0.52258	1.2767	11.081	-0.51385	1.2237	11.577	0	0
-0.52258	1.2767	10.054	-0.40839	0.43862	10.972	-0.47425	0.49099	11.542	0	0
-0.52258	1.2767	10.054	-0.47425	0.49099	11.542	-0.51385	1.2237	11.577	0	0
-0.40839	0.43862	9.946	-0.3805	-0.25454	11.548	-0.47425	0.49099	11.542	0	0
0.17135	0.54336	10.11	0.14235	0.54886	11.383	0.2639	1.1164	11.541	0	0
-0.42485	-0.68119	10.083	-0.3805	-0.25454	11.548	-0.73568	-0.83094	11.678	0	0
-0.3805	-0.25454	10.522	-0.73568	-0.83094	11.678	-0.96105	-0.55514	11.959	0	0
-0.3805	-0.25454	10.522	-0.47425	0.49099	11.542	-0.45897	0.4671	12.308	0	0
-0.3805	-0.25454	10.522	-0.96105	-0.55514	11.959	-0.37735	-0.30974	12.377	0	0
-0.3805	-0.25454	10.522	-0.37735	-0.30974	12.377	-0.45897	0.4671	12.308	0	0
-0.73568	-0.83094	10.652	-0.96105	-0.55514	11.959	-0.86515	-0.80664	12.027	0	0
-0.47425	0.49099	10.516	-0.51385	1.2237	11.577	-0.46937	1.2148	12.265	0	0
-0.47425	0.49099	10.516	-0.45897	0.4671	12.308	-0.46937	1.2148	12.265	0	0
-0.96105	-0.55514	10.932	-0.86515	-0.80664	12.027	-0.37735	-0.30974	12.377	0	0
-0.86515	-0.80664	11.001	-0.68505	-0.91876	12.451	-0.37735	-0.30974	12.377	0	0
-0.68505	-0.91876	11.424	-0.37735	-0.30974	12.377	-0.6718	-0.79579	12.916	0	0
-0.37735	-0.30974	11.351	-0.45897	0.4671	12.308	-0.45517	0.47934	13.071	0	0
-0.37735	-0.30974	11.351	-0.6718	-0.79579	12.916	-0.38811	-0.35657	12.961	0	0
-0.37735	-0.30974	11.351	-0.38811	-0.35657	12.961	-0.45517	0.47934	13.071	0	0
-0.45897	0.4671	11.282	-0.46937	1.2148	12.265	-0.3675	1.1734	13.003	0	0
-0.45897	0.4671	11.282	-0.45517	0.47934	13.071	-0.3675	1.1734	13.003	0	0
-0.6718	-0.79579	11.89	-0.38811	-0.35657	12.961	-0.42152	-0.31249	13.655	0	0
-0.6718	-0.79579	11.89	-0.42152	-0.31249	13.655	-0.48425	-0.71459	13.816	0	0
-0.38811	-0.35657	11.934	-0.45517	0.47934	13.071	-0.42152	-0.31249	13.655	0	0
-0.46937	1.2148	11.239	0.3201	1.1734	12.319	0.44915	1.7967	12.608	0	0
-0.46937	1.2148	11.239	-0.3675	1.1734	13.003	0.27305	1.7982	12.942	0	0
-0.46937	1.2148	11.239	0.44915	1.7967	12.608	0.27305	1.7982	12.942	0	0
-0.45517	0.47934	12.045	-0.3675	1.1734	13.003	-0.41085	1.0843	13.778	0	0
-0.45517	0.47934	12.045	-0.42152	-0.31249	13.655	-0.4279	0.48226	13.809	0	0
-0.45517	0.47934	12.045	-0.4279	0.48226	13.809	-0.41085	1.0843	13.778	0	0
-0.3675	1.1734	11.976	0.27305	1.7982	12.942	0.2212	1.1343	13.055	0	0
-0.42152	-0.31249	12.628	-0.48425	-0.71459	13.816	-0.34132	-0.30249	14.365	0	0
-0.42152	-0.31249	12.628	-0.4279	0.48226	13.809	-0.34132	-0.30249	14.365	0	0
-0.48425	-0.71459	12.79	-0.34132	-0.30249	14.365	-0.3805	-0.66844	14.533	0	0
-0.4279	0.48226	12.782	-0.34132	-0.30249	14.365	-0.45917	0.47431	14.571	0	0
-0.4279	0.48226	12.782	-0.41085	1.0843	13.778	-0.43095	1.0746	14.544	0	0
-0.4279	0.48226	12.782	-0.45917	0.47431	14.571	-0.43095	1.0746	14.544	0	0
-0.34132	-0.30249	13.339	-0.3805	-0.66844	14.533	-0.88565	-0.52164	15.158	0	0
-0.34132	-0.30249	13.339	-0.45917	0.47431	14.571	-0.88565	-0.52164	15.158	0	0
-0.3805	-0.66844	13.506	-0.45015	-0.71134	15.077	-0.88565	-0.52164	15.158	0	0
-0.45917	0.47431	13.544	-0.88565	-0.52164	15.158	-0.42075	0.48256	15.058	0	0
-0.45917	0.47431	13.544	-0.43095	1.0746	14.544	-0.42075	0.48256	15.058	0	0
-0.45015	-0.71134	14.05	-0.88565	-0.52164	15.158	-0.96415	-0.59844	15.237	0	0
-0.45015	-0.71134	14.05	-0.96415	-0.59844	15.237	-0.41911	-0.86022	15.823	0	0
-0.88565	-0.52164	14.132	-0.96415	-0.59844	15.237	-0.9813	-0.23194	15.939	0	0
-0.88565	-0.52164	14.132	-0.42075	0.48256	15.058	-0.9813	-0.23194	15.939	0	0
-0.36742	-0.36009	14.155	-0.42075	0.48256	15.058	0.16885	0.67156	15.048	0	0
-0.96415	-0.59844	14.211	-0.41911	-0.86022	15.823	-0.88385	-0.74594	16.35	0	0
-0.96415	-0.59844	14.211	-0.88385	-0.74594	16.35	-0.9813	-0.23194	15.939	0	0
-0.43095	1.0746	13.518	-0.42075	0.48256	15.058	-0.24235	1.0866	15.056	0	0
-0.42075	0.48256	14.032	0.16885	0.67156	15.048	-0.24235	1.0866	15.056	0	0
-0.42075	0.48256	14.032	-0.2845	1.1115	15.833	-0.41087	0.47619	15.805	0	0
-0.42075	0.48256	14.032	-0.41087	0.47619	15.805	-0.9813	-0.23194	15.939	0	0
0.16885	0.67156	14.021	-0.24235	1.0866	15.056	0.038752	1.0985	14.99	0	0
-0.2845	1.1115	14.806	0.086652	1.0978	15.893	-0.40285	1.0613	16.442	0	0
-0.2845	1.1115	14.806	-0.41087	0.47619	15.805	-0.40285	1.0613	16.442	0	0
0.15923	0.66041	14.794	0.086652	1.0978	15.893	0.19095	0.60506	16.561	0	0
0.086652	1.0978	14.867	-0.40285	1.0613	16.442	0.098052	1.2044	16.563	0	0
0.086652	1.0978	14.867	0.098052	1.2044	16.563	0.19095	0.60506	16.561	0	0
-0.41087	0.47619	14.779	-0.33885	0.3976	16.548	-0.40285	1.0613	16.442	0	0
-0.41087	0.47619	14.779	-0.33885	0.3976	16.548	-0.9813	-0.23194	15.939	0	0
-0.41911	-0.86022	14.797	-0.88385	-0.74594	16.35	-0.40575	-0.89959	16.375	0	0
0.0025521	-0.12704	15.073	-0.3584	-0.28179	16.533	-0.13335	-0.68374	16.621	0	0
0.0025521	-0.12704	15.073	-0.3584	-0.28179	16.533	-0.33885	0.3976	16.548	0	0
0.0025521	-0.12704	15.073	-0.13335	-0.68374	16.621	0.14772	-0.31664	17.336	0	0
0.0025521	-0.12704	15.073	-0.33885	0.3976	16.548	0.19095	0.60506	16.561	0	0
0.0025521	-0.12704	15.073	0.19095	0.60506	16.561	0.14772	-0.31664	17.336	0	0
-0.88385	-0.74594	15.324	-0.40575	-0.89959	16.375	-0.62545	-0.83467	17.168	0	0
-0.88385	-0.74594	15.324	-0.3584	-0.28179	16.533	-0.97425	-0.35344	16.392	0	0
-0.88385	-0.74594	15.324	-0.62545	-0.83467	17.168	-0.8889	-0.31899	17.315	0	0
-0.88385	-0.74594	15.324	-0.9813	-0.23194	15.939	-0.97425	-0.35344	16.392	0	0
-0.40575	-0.89959	15.348	-0.13335	-0.68374	16.621	-0.62545	-0.83467	17.168	0	0
-0.3584	-0.28179	15.506	-0.13335	-0.68374	16.621	-0.62545	-0.83467	17.168	0	0
-0.3584	-0.28179	15.506	-0.33885	0.3976	16.548	-0.97425	-0.35344	16.392	0	0
-0.3584	-0.28179	15.506	-0.62545	-0.83467	17.168	-0.42971	-0.24287	17.25	0	0
-0.13335	-0.68374	15.594	0.14772	-0.31664	17.336	0.13693	-0.69866	17.265	0	0
-0.33885	0.3976	15.521	-0.40285	1.0613	16.442	-0.38725	0.43935	17.265	0	0
-0.33885	0.3976	15.521	-0.42971	-0.24287	17.25	-0.38725	0.43935	17.265	0	0
-0.33885	0.3976	15.521	-0.9813	-0.23194	15.939	-0.97425	-0.35344	16.392	0	0
-0.40285	1.0613	15.416	0.098052	1.2044	16.563	-0.15665	1.2386	17.304	0	0
-0.40285	1.0613	15.416	-0.38725	0.43935	17.265	-0.15665	1.2386	17.304	0	0
0.098052	1.2044	15.537	0.19095	0.60506	16.561	0.2491	0.60551	17.313	0	0
0.098052	1.2044	15.537	0.2491	0.60551	17.313	0.062652	1.2484	17.309	0	0
0.098052	1.2044	15.537	-0.15665	1.2386	17.304	0.062652	1.2484	17.309	0	0
-0.62545	-0.83467	16.142	-0.8889	-0.31899	17.315	-0.29075	-0.65094	18.07	0	0
-0.62545	-0.83467	16.142	-0.29075	-0.65094	18.07	0.13693	-0.69866	17.265	0	0
-0.42971	-0.24287	16.224	-0.38725	0.43935	17.265	-0.62165	0.4732	17.91	0	0
-0.42971	-0.24287	16.224	-0.55715	-0.25834	18.062	-0.62165	0.4732	17.91	0	0
-0.42971	-0.24287	16.224	-0.55715	-0.25834	18.062	-0.29075	-0.65094	18.07	0	0
-0.38725	0.43935	16.239	0.2491	0.60551	17.313	-0.15665	1.2386	17.304	0	0
-0.38725	0.43935	16.239	-0.62165	0.4732	17.91	-0.38205	1.0578	18.07	0	0
0.19095	0.60506	15.535	0.2491	0.60551	17.313	0.14772	-0.31664	17.336	0	0
-0.8889	-0.31899	16.288	-0.9936	0.070962	17.954	-0.34635	-0.56554	18.285	0	0
-0.8889	-0.31899	16.288	-0.29075	-0.65094	18.07	-0.34635	-0.56554	18.285	0	0
0.2491	0.60551	16.286	0.062652	1.2484	17.309	0.10355	1.2579	18.077	0	0
0.2491	0.60551	16.286	0.10355	1.2579	18.077	0.21259	0.4143	18.048	0	0
0.2491	0.60551	16.286	0.21259	0.4143	18.048	0.14772	-0.31664	17.336	0	0
-0.15665	1.2386	16.278	0.062652	1.2484	17.309	-0.073448	1.5697	17.597	0	0
0.062652	1.2484	16.282	-0.073448	1.5697	17.597	0.10355	1.2579	18.077	0	0
-0.9936	0.070962	16.928	-0.55715	-0.25834	18.062	-0.62165	0.4732	17.91	0	0
-0.9936	0.070962	16.928	-0.62165	0.4732	17.91	-0.57545	0.52846	18.614	0	0
-0.073448	1.5697	16.57	0.10355	1.2579	18.077	-0.23995	1.5602	18.699	0	0
-0.62165	0.4732	16.884	-0.38205	1.0578	18.07	-0.57545	0.52846	18.614	0	0
-0.38205	1.0578	17.044	-0.57545	0.52846	18.614	-0.45155	1.1916	18.521	0	0
0.10355	1.2579	17.05	0.21259	0.4143	18.048	0.16085	1.0296	18.564	0	0
0.10355	1.2579	17.05	-0.23995	1.5602	18.699	0.16085	1.0296	18.564	0	0
0.022952	-0.076438	17.013	0.21259	0.4143	18.048	0.14772	-0.31664	17.336	0	0
0.022952	-0.076438	17.013	0.21259	0.4143	18.048	0.083602	0.26871	18.527	0	0
0.022952	-0.076438	17.013	-0.29075	-0.65094	18.07	-0.34635	-0.56554	18.285	0	0
0.022952	-0.076438	17.013	-0.29075	-0.65094	18.07	0.14772	-0.31664	17.336	0	0
0.022952	-0.076438	17.013	-0.34635	-0.56554	18.285	-0.33482	-0.38494	18.527	0	0
0.022952	-0.076438	17.013	-0.33482	-0.38494	18.527	0.083602	0.26871	18.527	0	0
0.21259	0.4143	17.022	0.083602	0.26871	18.527	0.16085	1.0296	18.564	0	0
-0.29075	-0.65094	17.044	0.14772	-0.31664	17.336	0.13693	-0.69866	17.265	0	0
-0.34635	-0.56554	17.259	-0.33482	-0.38494	18.527	-0.30967	-0.65984	19.43	0	0
-0.33482	-0.38494	17.501	0.083602	0.26871	18.527	-0.3333	-0.25534	19.303	0	0
-0.33482	-0.38494	17.501	-0.3333	-0.25534	19.303	-0.30967	-0.65984	19.43	0	0
0.083602	0.26871	17.501	0.16085	1.0296	18.564	0.012912	0.41294	19.344	0	0
0.083602	0.26871	17.501	-0.3333	-0.25534	19.303	0.012912	0.41294	19.344	0	0
-0.57545	0.52846	17.588	-0.45155	1.1916	18.521	-0.46765	1.1308	19.26	0	0
-0.57545	0.52846	17.588	-0.3333	-0.25534	19.303	-0.70147	0.45576	19.303	0	0
-0.57545	0.52846	17.588	-0.70147	0.45576	19.303	-0.46765	1.1308	19.26	0	0
-0.45155	1.1916	17.494	-0.23995	1.5602	18.699	-0.46765	1.1308	19.26	0	0
-0.23995	1.5602	17.673	0.16085	1.0296	18.564	0.26243	1.0638	19.343	0	0
-0.23995	1.5602	17.673	-0.46765	1.1308	19.26	-0.2114	1.6082	19.361	0	0
-0.23995	1.5602	17.673	0.26243	1.0638	19.343	-0.015798	1.6102	19.449	0	0
-0.23995	1.5602	17.673	-0.2114	1.6082	19.361	-0.015798	1.6102	19.449	0	0
0.16085	1.0296	17.538	0.012912	0.41294	19.344	0.26243	1.0638	19.343	0	0
-0.3333	-0.25534	18.277	-0.30967	-0.65984	19.43	-0.35305	-0.28614	20.053	0	0
-0.3333	-0.25534	18.277	-0.70147	0.45576	19.303	-0.70195	0.43951	20.061	0	0
-0.3333	-0.25534	18.277	0.012912	0.41294	19.344	-0.35305	-0.28614	20.053	0	0
-0.3333	-0.25534	18.277	-0.70195	0.43951	20.061	-0.10255	0.48991	20.051	0	0
-0.30967	-0.65984	18.403	-0.35305	-0.28614	20.053	-0.2813	-0.69894	20.021	0	0
-0.70147	0.45576	18.277	-0.46765	1.1308	19.26	-0.501	1.2706	20.018	0	0
-0.70147	0.45576	18.277	-0.70195	0.43951	20.061	-0.501	1.2706	20.018	0	0
-0.46765	1.1308	18.234	-0.2114	1.6082	19.361	-0.501	1.2706	20.018	0	0
0.012912	0.41294	18.317	0.26243	1.0638	19.343	0.28835	1.1383	19.911	0	0
0.012912	0.41294	18.317	-0.35305	-0.28614	20.053	-0.10255	0.48991	20.051	0	0
0.012912	0.41294	18.317	-0.10255	0.48991	20.051	0.28835	1.1383	19.911	0	0
0.26243	1.0638	18.316	-0.015798	1.6102	19.449	0.28835	1.1383	19.911	0	0
-0.2114	1.6082	18.335	-0.015798	1.6102	19.449	-0.26135	1.6477	20.091	0	0
-0.2114	1.6082	18.335	-0.501	1.2706	20.018	-0.26135	1.6477	20.091	0	0
-0.015798	1.6102	18.423	0.045752	1.7212	20.087	-0.26135	1.6477	20.091	0	0
-0.015798	1.6102	18.423	0.045752	1.7212	20.087	0.28835	1.1383	19.911	0	0
-0.70195	0.43951	19.035	-0.501	1.2706	20.018	-0.44551	1.2559	20.727	0	0
-0.70195	0.43951	19.035	-0.48658	0.37955	20.803	-0.44551	1.2559	20.727	0	0
-0.70195	0.43951	19.035	-0.48658	0.37955	20.803	-1.3729	0.25606	21.372	0	0
-0.35305	-0.28614	19.026	-0.2813	-0.69894	20.021	-0.30075	-0.65276	20.777	0	0
-0.35305	-0.28614	19.026	-0.10255	0.48991	20.051	-0.38382	-0.26259	20.793	0	0
-0.35305	-0.28614	19.026	-0.30075	-0.65276	20.777	-0.38382	-0.26259	20.793	0	0
-0.10255	0.48991	19.024	0.28835	1.1383	19.911	0.051352	0.73821	20.576	0	0
-0.10255	0.48991	19.024	-0.38382	-0.26259	20.793	0.051352	0.73821	20.576	0	0
-0.501	1.2706	18.992	-0.26135	1.6477	20.091	-0.44551	1.2559	20.727	0	0
0.045752	1.7212	19.061	-0.26135	1.6477	20.091	-0.44551	1.2559	20.727	0	0
0.045752	1.7212	19.061	0.28835	1.1383	19.911	0.58715	1.316	20.14	0	0
0.045752	1.7212	19.061	-0.44551	1.2559	20.727	0.34502	1.172	20.878	0	0
0.045752	1.7212	19.061	0.58715	1.316	20.14	0.34502	1.172	20.878	0	0
0.28835	1.1383	18.885	0.58715	1.316	20.14	0.051352	0.73821	20.576	0	0
-0.30075	-0.65276	19.751	-0.38382	-0.26259	20.793	-0.423	-0.26574	21.556	0	0
-0.30075	-0.65276	19.751	-0.3939	-0.77024	21.538	-0.423	-0.26574	21.556	0	0
-0.38382	-0.26259	19.767	0.051352	0.73821	20.576	0.2381	0.44926	21.314	0	0
-0.38382	-0.26259	19.767	-0.423	-0.26574	21.556	0.2381	0.44926	21.314	0	0
-0.48658	0.37955	19.777	-0.44551	1.2559	20.727	-0.54335	1.2539	21.341	0	0
-0.48658	0.37955	19.777	-0.39635	0.5562	21.475	0.2381	0.44926	21.314	0	0
-0.48658	0.37955	19.777	-0.39635	0.5562	21.475	-1.3729	0.25606	21.372	0	0
-0.44551	1.2559	19.701	0.34502	1.172	20.878	-0.54335	1.2539	21.341	0	0
0.58715	1.316	19.114	0.051352	0.73821	20.576	0.656	1.2231	20.593	0	0
0.051352	0.73821	19.55	0.34502	1.172	20.878	0.656	1.2231	20.593	0	0
0.051352	0.73821	19.55	0.34502	1.172	20.878	0.2381	0.44926	21.314	0	0
-0.3939	-0.77024	20.511	-0.423	-0.26574	21.556	-0.59085	-0.65714	22.028	0	0
0.34502	1.172	19.851	-0.54335	1.2539	21.341	0.95315	1.598	21.969	0	0
0.34502	1.172	19.851	0.656	1.2231	20.593	0.85285	1.191	21.302	0	0
0.34502	1.172	19.851	0.3645	0.98856	21.495	0.85285	1.191	21.302	0	0
0.34502	1.172	19.851	0.3645	0.98856	21.495	0.2381	0.44926	21.314	0	0
-0.54335	1.2539	20.315	-0.25505	1.1246	22.068	0.95315	1.598	21.969	0	0
0.3645	0.98856	20.468	0.19025	1.0859	22.049	0.21475	0.67251	22.012	0	0
0.3645	0.98856	20.468	0.19025	1.0859	22.049	0.95315	1.598	21.969	0	0
0.3645	0.98856	20.468	0.85285	1.191	21.302	0.95315	1.598	21.969	0	0
0.3645	0.98856	20.468	0.21475	0.67251	22.012	0.2381	0.44926	21.314	0	0
-0.39635	0.5562	20.449	-0.423	-0.26574	21.556	-0.415	0.47006	22.041	0	0
-0.39635	0.5562	20.449	-0.423	-0.26574	21.556	-1.105	-0.074787	21.691	0	0
-0.39635	0.5562	20.449	-0.415	0.47006	22.041	0.2381	0.44926	21.314	0	0
-0.39635	0.5562	20.449	-1.105	-0.074787	21.691	-1.3729	0.25606	21.372	0	0
-0.423	-0.26574	20.53	-0.415	0.47006	22.041	-0.35988	-0.3019	22.122	0	0
-0.423	-0.26574	20.53	-0.59085	-0.65714	22.028	-1.105	-0.074787	21.691	0	0
-0.423	-0.26574	20.53	-0.35988	-0.3019	22.122	0.3372	-0.36624	22.18	0	0
-0.423	-0.26574	20.53	0.2381	0.44926	21.314	0.3372	-0.36624	22.18	0	0
-0.415	0.47006	21.015	-0.35988	-0.3019	22.122	-0.47126	0.4628	22.806	0	0
-0.415	0.47006	21.015	-0.25505	1.1246	22.068	0.21475	0.67251	22.012	0	0
-0.415	0.47006	21.015	-0.25505	1.1246	22.068	-0.26585	1.0335	22.716	0	0
-0.415	0.47006	21.015	0.21475	0.67251	22.012	0.2381	0.44926	21.314	0	0
-0.415	0.47006	21.015	-0.47126	0.4628	22.806	-0.26585	1.0335	22.716	0	0
-0.59085	-0.65714	21.002	-0.35988	-0.3019	22.122	-0.6199	-0.31859	22.825	0	0
-0.59085	-0.65714	21.002	-1.105	-0.074787	21.691	-1.1567	-0.12344	22.002	0	0
-0.59085	-0.65714	21.002	-1.1567	-0.12344	22.002	-1.1862	-0.4681	22.686	0	0
-0.59085	-0.65714	21.002	-0.6199	-0.31859	22.825	-1.1862	-0.4681	22.686	0	0
-0.35988	-0.3019	21.095	-0.56622	-0.76911	22.772	0.154	-0.21294	22.793	0	0
-0.35988	-0.3019	21.095	-0.47126	0.4628	22.806	-0.6199	-0.31859	22.825	0	0
-0.35988	-0.3019	21.095	0.154	-0.21294	22.793	0.3372	-0.36624	22.18	0	0
-0.25505	1.1246	21.041	0.19025	1.0859	22.049	0.21475	0.67251	22.012	0	0
-0.25505	1.1246	21.041	0.19025	1.0859	22.049	0.011352	1.0912	22.825	0	0
-0.25505	1.1246	21.041	-0.26585	1.0335	22.716	0.011352	1.0912	22.825	0	0
0.19025	1.0859	21.022	0.95315	1.598	21.969	0.011352	1.0912	22.825	0	0
0.85285	1.191	20.275	0.2381	0.44926	21.314	0.65595	-0.22354	22.245	0	0
-0.56622	-0.76911	21.746	-0.61585	-0.67474	23.591	-0.6199	-0.31859	22.825	0	0
-0.56622	-0.76911	21.746	-0.61585	-0.67474	23.591	-1.0935	-0.92016	22.872	0	0
-0.56622	-0.76911	21.746	-0.6199	-0.31859	22.825	-1.1862	-0.4681	22.686	0	0
-0.56622	-0.76911	21.746	-1.1862	-0.4681	22.686	-1.0935	-0.92016	22.872	0	0
-0.56622	-0.76911	21.746	0.154	-0.21294	22.793	0.3931	-0.63109	22.812	0	0
-0.47126	0.4628	21.78	-0.26585	1.0335	22.716	-0.45125	0.44716	23.551	0	0
-0.47126	0.4628	21.78	-0.6199	-0.31859	22.825	-0.45125	0.44716	23.551	0	0
-0.26585	1.0335	21.69	0.011352	1.0912	22.825	-0.19085	1.1827	23.58	0	0
-0.26585	1.0335	21.69	-0.45125	0.44716	23.551	-0.19085	1.1827	23.58	0	0
-0.61585	-0.67474	22.565	0.059185	-0.32804	23.606	-0.69795	-0.32734	23.565	0	0
-0.61585	-0.67474	22.565	0.059185	-0.32804	23.606	0.34065	-0.69554	23.591	0	0
-0.61585	-0.67474	22.565	-0.6199	-0.31859	22.825	-0.69795	-0.32734	23.565	0	0
-0.61585	-0.67474	22.565	-1.0935	-0.92016	22.872	-1.2522	-1.1001	23.588	0	0
-0.61585	-0.67474	22.565	-1.2522	-1.1001	23.588	-0.88495	-0.79124	24.23	0	0
-0.61585	-0.67474	22.565	-0.65755	-0.88027	24.238	-0.88495	-0.79124	24.23	0	0
-0.61585	-0.67474	22.565	-0.65755	-0.88027	24.238	0.20085	-0.77226	24.295	0	0
-0.61585	-0.67474	22.565	0.20085	-0.77226	24.295	0.34065	-0.69554	23.591	0	0
0.059185	-0.32804	22.58	0.2188	0.55101	23.55	-0.45125	0.44716	23.551	0	0
0.059185	-0.32804	22.58	0.2188	0.55101	23.55	0.25115	-0.20677	24.211	0	0
0.059185	-0.32804	22.58	-0.45125	0.44716	23.551	-0.56201	-0.20524	24.273	0	0
0.059185	-0.32804	22.58	-0.56201	-0.20524	24.273	0.20085	-0.77226	24.295	0	0
0.059185	-0.32804	22.58	0.20085	-0.77226	24.295	0.25115	-0.20677	24.211	0	0
0.059185	-0.32804	22.58	0.34065	-0.69554	23.591	0.3931	-0.63109	22.812	0	0
0.011352	1.0912	21.799	0.036752	1.1831	23.557	-0.19085	1.1827	23.58	0	0
0.2381	0.44926	20.288	0.3372	-0.36624	22.18	0.65595	-0.22354	22.245	0	0
-1.105	-0.074787	20.664	-1.1567	-0.12344	22.002	-1.5789	-0.13094	22.108	0	0
-1.105	-0.074787	20.664	-1.3729	0.25606	21.372	-1.5789	-0.13094	22.108	0	0
-1.1567	-0.12344	20.976	-1.1862	-0.4681	22.686	-1.5789	-0.13094	22.108	0	0
0.2188	0.55101	22.524	0.036752	1.1831	23.557	0.35425	0.57406	24.307	0	0
0.2188	0.55101	22.524	0.35425	0.57406	24.307	0.25115	-0.20677	24.211	0	0
0.2188	0.55101	22.524	0.84775	-0.62624	23.106	0.88052	-0.3274	22.704	0	0
-0.6199	-0.31859	21.799	-0.69795	-0.32734	23.565	-0.45125	0.44716	23.551	0	0
-1.1862	-0.4681	21.66	-1.0935	-0.92016	22.872	-1.7044	-0.7402	22.887	0	0
-1.1862	-0.4681	21.66	-1.5789	-0.13094	22.108	-1.7044	-0.7402	22.887	0	0
-1.0935	-0.92016	21.846	-1.2522	-1.1001	23.588	-1.7044	-0.7402	22.887	0	0
-0.69795	-0.32734	22.539	-0.45125	0.44716	23.551	-0.9193	-0.076787	24.143	0	0
-0.69795	-0.32734	22.539	-0.88495	-0.79124	24.23	-0.9193	-0.076787	24.143	0	0
-0.45125	0.44716	22.525	-0.19085	1.1827	23.58	-0.48988	0.57153	24.206	0	0
-0.45125	0.44716	22.525	-0.48988	0.57153	24.206	-0.9193	-0.076787	24.143	0	0
0.036752	1.1831	22.53	-0.19085	1.1827	23.58	-0.070648	1.5571	24.502	0	0
0.036752	1.1831	22.53	0.35425	0.57406	24.307	0.092302	1.2865	24.319	0	0
0.036752	1.1831	22.53	0.092302	1.2865	24.319	-0.070648	1.5571	24.502	0	0
-1.2522	-1.1001	22.562	-0.88495	-0.79124	24.23	-1.895	-1.1264	23.905	0	0
-1.2522	-1.1001	22.562	-1.7044	-0.7402	22.887	-1.8615	-0.94627	23.51	0	0
-1.2522	-1.1001	22.562	-1.8615	-0.94627	23.51	-1.895	-1.1264	23.905	0	0
-0.65755	-0.88027	23.212	-0.88495	-0.79124	24.23	-0.56235	-0.98259	24.845	0	0
-0.65755	-0.88027	23.212	-0.56235	-0.98259	24.845	0.20085	-0.77226	24.295	0	0
-0.88495	-0.79124	23.204	-0.56235	-0.98259	24.845	-0.90285	-0.61954	24.875	0	0
-0.88495	-0.79124	23.204	-0.90285	-0.61954	24.875	-1.895	-1.1264	23.905	0	0
-0.88495	-0.79124	23.204	-0.9193	-0.076787	24.143	-0.9921	-0.30204	24.834	0	0
-0.19085	1.1827	22.553	-0.48988	0.57153	24.206	-0.22925	1.1973	24.317	0	0
-0.19085	1.1827	22.553	-0.22925	1.1973	24.317	-0.070648	1.5571	24.502	0	0
0.35425	0.57406	23.28	0.092302	1.2865	24.319	0.19245	1.2739	25.036	0	0
0.35425	0.57406	23.28	0.19245	1.2739	25.036	0.66172	0.44816	24.975	0	0
0.35425	0.57406	23.28	0.25115	-0.20677	24.211	0.6572	-0.24529	24.815	0	0
0.35425	0.57406	23.28	0.66172	0.44816	24.975	0.6572	-0.24529	24.815	0	0
-0.56201	-0.20524	23.247	-0.48988	0.57153	24.206	0.17749	-0.20924	24.888	0	0
-0.56201	-0.20524	23.247	-0.60445	-0.36564	25.114	-0.89945	0.26706	24.422	0	0
-0.56201	-0.20524	23.247	0.20085	-0.77226	24.295	0.17749	-0.20924	24.888	0	0
-0.48988	0.57153	23.179	-0.22925	1.1973	24.317	-0.44528	1.1017	24.921	0	0
-0.48988	0.57153	23.179	-0.4588	0.81476	25.072	-0.44528	1.1017	24.921	0	0
-0.48988	0.57153	23.179	-0.4588	0.81476	25.072	-0.89945	0.26706	24.422	0	0
-0.48988	0.57153	23.179	-0.9193	-0.076787	24.143	-0.89945	0.26706	24.422	0	0
-0.48988	0.57153	23.179	0.23865	0.44446	25.084	0.17749	-0.20924	24.888	0	0
-0.56235	-0.98259	23.818	-0.90285	-0.61954	24.875	-0.60445	-0.36564	25.114	0	0
-0.56235	-0.98259	23.818	-0.60445	-0.36564	25.114	0.10852	-0.74714	24.903	0	0
-0.56235	-0.98259	23.818	0.20085	-0.77226	24.295	0.10852	-0.74714	24.903	0	0
-0.90285	-0.61954	23.848	-0.60445	-0.36564	25.114	-0.9921	-0.30204	24.834	0	0
0.092302	1.2865	23.292	-0.070648	1.5571	24.502	0.19245	1.2739	25.036	0	0
-0.22925	1.1973	23.291	-0.070648	1.5571	24.502	-0.44528	1.1017	24.921	0	0
-0.070648	1.5571	23.476	0.19245	1.2739	25.036	-0.018081	1.6022	25.037	0	0
-0.070648	1.5571	23.476	-0.018081	1.6022	25.037	-0.44528	1.1017	24.921	0	0
-0.60445	-0.36564	24.087	-0.42345	-0.73714	25.519	-0.62845	-0.29764	25.565	0	0
-0.60445	-0.36564	24.087	-0.62845	-0.29764	25.565	-0.89475	-0.064838	25.368	0	0
-0.60445	-0.36564	24.087	0.10852	-0.74714	24.903	0.17749	-0.20924	24.888	0	0
-0.60445	-0.36564	24.087	-0.4588	0.81476	25.072	-0.89945	0.26706	24.422	0	0
-0.60445	-0.36564	24.087	-0.9921	-0.30204	24.834	-0.89475	-0.064838	25.368	0	0
-0.60445	-0.36564	24.087	0.10345	0.32781	25.549	0.17749	-0.20924	24.888	0	0
-0.42345	-0.73714	24.492	-0.62845	-0.29764	25.565	-0.1227	-0.41594	26.058	0	0
-0.42345	-0.73714	24.492	0.10852	-0.74714	24.903	0.15392	-0.8914	25.526	0	0
-0.42345	-0.73714	24.492	-0.1227	-0.41594	26.058	0.15392	-0.8914	25.526	0	0
-0.62845	-0.29764	24.539	-0.89475	-0.064838	25.368	-0.53875	-0.15177	26.196	0	0
-0.62845	-0.29764	24.539	-0.4519	0.44011	25.569	-0.1227	-0.41594	26.058	0	0
-0.62845	-0.29764	24.539	-0.53875	-0.15177	26.196	-0.39071	-0.69007	26.436	0	0
0.20085	-0.77226	23.269	0.10852	-0.74714	24.903	0.6572	-0.24529	24.815	0	0
0.20085	-0.77226	23.269	0.25115	-0.20677	24.211	0.6572	-0.24529	24.815	0	0
0.20085	-0.77226	23.269	0.34065	-0.69554	23.591	0.77965	-0.91354	23.662	0	0
0.10852	-0.74714	23.876	0.17749	-0.20924	24.888	0.6572	-0.24529	24.815	0	0
-0.4588	0.81476	24.045	0.23865	0.44446	25.084	0.19245	1.2739	25.036	0	0
-0.4588	0.81476	24.045	0.23865	0.44446	25.084	-0.4519	0.44011	25.569	0	0
-0.4588	0.81476	24.045	0.19245	1.2739	25.036	-0.44528	1.1017	24.921	0	0
-0.4588	0.81476	24.045	-0.4519	0.44011	25.569	-0.5612	1.2395	25.561	0	0
-0.9193	-0.076787	23.116	-0.9921	-0.30204	24.834	-0.89945	0.26706	24.422	0	0
0.23865	0.44446	24.058	0.19245	1.2739	25.036	0.3303	1.0826	25.548	0	0
0.23865	0.44446	24.058	0.10345	0.32781	25.549	-0.4519	0.44011	25.569	0	0
0.23865	0.44446	24.058	0.10345	0.32781	25.549	0.81262	0.58566	25.648	0	0
0.23865	0.44446	24.058	0.17749	-0.20924	24.888	0.66172	0.44816	24.975	0	0
0.23865	0.44446	24.058	0.66172	0.44816	24.975	0.81262	0.58566	25.648	0	0
0.19245	1.2739	24.009	-0.018081	1.6022	25.037	0.075752	1.721	25.588	0	0
0.19245	1.2739	24.009	0.075752	1.721	25.588	0.3303	1.0826	25.548	0	0
0.19245	1.2739	24.009	0.66172	0.44816	24.975	0.81262	0.58566	25.648	0	0
-0.9921	-0.30204	23.807	-0.89475	-0.064838	25.368	-1.0342	0.36408	24.889	0	0
-0.9921	-0.30204	23.807	-0.89945	0.26706	24.422	-1.0342	0.36408	24.889	0	0
-0.89475	-0.064838	24.341	-0.53875	-0.15177	26.196	-1.1659	0.45924	25.541	0	0
-0.89475	-0.064838	24.341	-1.0342	0.36408	24.889	-1.1659	0.45924	25.541	0	0
-0.018081	1.6022	24.011	0.075752	1.721	25.588	-0.20965	1.5844	25.621	0	0
-0.018081	1.6022	24.011	-0.20965	1.5844	25.621	-0.5612	1.2395	25.561	0	0
-0.018081	1.6022	24.011	-0.44528	1.1017	24.921	-0.5612	1.2395	25.561	0	0
0.075752	1.721	24.562	-0.20965	1.5844	25.621	-0.44435	1.6571	26.418	0	0
0.075752	1.721	24.562	0.3303	1.0826	25.548	0.1939	1.1617	26.29	0	0
0.075752	1.721	24.562	-0.44435	1.6571	26.418	0.37085	2.2796	26.511	0	0
-0.20965	1.5844	24.595	-0.5612	1.2395	25.561	-0.44435	1.6571	26.418	0	0
0.10345	0.32781	24.523	-0.4519	0.44011	25.569	0.11317	0.45303	26.287	0	0
0.10345	0.32781	24.523	0.17749	-0.20924	24.888	0.26805	-0.25924	25.715	0	0
0.10345	0.32781	24.523	0.26805	-0.25924	25.715	0.11317	0.45303	26.287	0	0
-0.4519	0.44011	24.542	-0.53875	-0.15177	26.196	-1.1918	0.54756	26.238	0	0
-0.4519	0.44011	24.542	-0.5612	1.2395	25.561	-0.5522	1.2715	26.074	0	0
-0.4519	0.44011	24.542	-0.5522	1.2715	26.074	0.11317	0.45303	26.287	0	0
-0.53875	-0.15177	25.169	-0.39071	-0.69007	26.436	-0.1227	-0.41594	26.058	0	0
-0.53875	-0.15177	25.169	-0.1227	-0.41594	26.058	0.11317	0.45303	26.287	0	0
-0.53875	-0.15177	25.169	0.11317	0.45303	26.287	-1.171	0.66716	27.045	0	0
-0.53875	-0.15177	25.169	-1.1918	0.54756	26.238	-1.171	0.66716	27.045	0	0
-0.44528	1.1017	23.895	-0.5612	1.2395	25.561	-1.0336	0.96496	25.703	0	0
-0.44528	1.1017	23.895	-0.89945	0.26706	24.422	-1.0342	0.36408	24.889	0	0
-0.44528	1.1017	23.895	-1.0342	0.36408	24.889	-1.0336	0.96496	25.703	0	0
-0.5612	1.2395	24.535	-0.5522	1.2715	26.074	-1.0336	0.96496	25.703	0	0
0.3303	1.0826	24.521	0.1939	1.1617	26.29	0.81262	0.58566	25.648	0	0
-0.5522	1.2715	25.047	-0.44435	1.6571	26.418	0.1939	1.1617	26.29	0	0
-0.5522	1.2715	25.047	-0.44435	1.6571	26.418	-1.0762	1.135	26.383	0	0
-0.5522	1.2715	25.047	0.11317	0.45303	26.287	0.1939	1.1617	26.29	0	0
-0.5522	1.2715	25.047	-1.0336	0.96496	25.703	-1.0762	1.135	26.383	0	0
-0.44435	1.6571	25.392	0.1939	1.1617	26.29	0.2694	1.8699	26.383	0	0
-0.44435	1.6571	25.392	0.2694	1.8699	26.383	-0.44275	1.8337	27.102	0	0
-0.44435	1.6571	25.392	-0.44275	1.8337	27.102	-1.1561	1.2942	27.092	0	0
-0.44435	1.6571	25.392	-1.1561	1.2942	27.092	-1.0762	1.135	26.383	0	0
-0.1227	-0.41594	25.032	0.15392	-0.8914	25.526	0.26805	-0.25924	25.715	0	0
-0.1227	-0.41594	25.032	0.26805	-0.25924	25.715	0.11317	0.45303	26.287	0	0
0.34065	-0.69554	22.564	0.77965	-0.91354	23.662	0.84775	-0.62624	23.106	0	0
0.34065	-0.69554	22.564	0.3931	-0.63109	22.812	0.84775	-0.62624	23.106	0	0
0.17749	-0.20924	23.862	0.15392	-0.8914	25.526	0.26805	-0.25924	25.715	0	0
0.17749	-0.20924	23.862	0.66172	0.44816	24.975	0.6572	-0.24529	24.815	0	0
0.154	-0.21294	21.767	0.3931	-0.63109	22.812	0.3372	-0.36624	22.18	0	0
0.11317	0.45303	25.26	0.1939	1.1617	26.29	0.72342	1.0219	26.401	0	0
0.11317	0.45303	25.26	-1.171	0.66716	27.045	-0.29025	1.3411	27.202	0	0
0.11317	0.45303	25.26	-0.29025	1.3411	27.202	0.8639	0.62481	26.575	0	0
0.11317	0.45303	25.26	0.72342	1.0219	26.401	0.8639	0.62481	26.575	0	0
0.1939	1.1617	25.264	0.2694	1.8699	26.383	0.72342	1.0219	26.401	0	0
0.2694	1.8699	25.357	0.37085	2.2796	26.511	0.30568	1.9962	27.098	0	0
0.2694	1.8699	25.357	0.37085	2.2796	26.511	0.72342	1.0219	26.401	0	0
0.2694	1.8699	25.357	-0.44275	1.8337	27.102	0.30568	1.9962	27.098	0	0
0.37085	2.2796	25.485	0.30568	1.9962	27.098	0.44235	2.2929	27.586	0	0
0.37085	2.2796	25.485	0.72342	1.0219	26.401	1.1543	1.0309	27.023	0	0
-1.1918	0.54756	25.212	-1.5835	0.40701	26.386	-1.1659	0.45924	25.541	0	0
-1.1918	0.54756	25.212	-1.5835	0.40701	26.386	-1.6032	0.93386	26.667	0	0
-1.1918	0.54756	25.212	-1.1659	0.45924	25.541	-1.0336	0.96496	25.703	0	0
-1.1918	0.54756	25.212	-1.6032	0.93386	26.667	-1.0762	1.135	26.383	0	0
-1.1918	0.54756	25.212	-1.0336	0.96496	25.703	-1.0762	1.135	26.383	0	0
-1.171	0.66716	26.019	-0.29025	1.3411	27.202	-1.1561	1.2942	27.092	0	0
-0.44275	1.8337	26.075	-0.40083	1.9232	27.751	0.10825	2.1963	27.576	0	0
-0.44275	1.8337	26.075	-0.40083	1.9232	27.751	-1.4209	1.5539	27.532	0	0
-0.44275	1.8337	26.075	0.30568	1.9962	27.098	0.10825	2.1963	27.576	0	0
-0.44275	1.8337	26.075	-1.1561	1.2942	27.092	-1.4209	1.5539	27.532	0	0
-0.29025	1.3411	26.176	-0.40083	1.9232	27.751	-1.3147	1.1609	27.813	0	0
-0.29025	1.3411	26.176	0.30568	1.9962	27.098	1.1543	1.0309	27.023	0	0
-0.29025	1.3411	26.176	-1.3147	1.1609	27.813	-1.1561	1.2942	27.092	0	0
-0.29025	1.3411	26.176	0.8639	0.62481	26.575	1.1543	1.0309	27.023	0	0
-0.40083	1.9232	26.724	-1.3147	1.1609	27.813	-0.71142	1.9394	28.343	0	0
-0.40083	1.9232	26.724	-0.71142	1.9394	28.343	0.11445	2.2429	28.089	0	0
-0.40083	1.9232	26.724	-1.2985	1.9022	28.368	-1.7246	2.1012	28.149	0	0
-0.40083	1.9232	26.724	0.10825	2.1963	27.576	0.11445	2.2429	28.089	0	0
-0.40083	1.9232	26.724	-1.4209	1.5539	27.532	-1.6492	1.7615	27.739	0	0
-0.40083	1.9232	26.724	-1.7246	2.1012	28.149	-1.6492	1.7615	27.739	0	0
0.30568	1.9962	26.072	0.10825	2.1963	27.576	0.44235	2.2929	27.586	0	0
-1.3147	1.1609	26.787	-0.71142	1.9394	28.343	-1.2985	1.9022	28.368	0	0
-1.3147	1.1609	26.787	-1.2985	1.9022	28.368	-1.7044	1.4623	28.538	0	0
-0.71142	1.9394	27.317	-1.2985	1.9022	28.368	-1.1185	2.4661	28.989	0	0
-0.71142	1.9394	27.317	0.11445	2.2429	28.089	-0.72875	2.4381	29.56	0	0
-0.71142	1.9394	27.317	-1.1185	2.4661	28.989	-0.72875	2.4381	29.56	0	0
-1.2985	1.9022	27.342	-1.7246	2.1012	28.149	-1.7316	2.4308	28.501	0	0
-1.2985	1.9022	27.342	-1.7316	2.4308	28.501	-1.1185	2.4661	28.989	0	0
0.3931	-0.63109	21.785	0.3372	-0.36624	22.18	0.65595	-0.22354	22.245	0	0
0.3931	-0.63109	21.785	0.84775	-0.62624	23.106	0.88052	-0.3274	22.704	0	0
0.3931	-0.63109	21.785	0.65595	-0.22354	22.245	0.88052	-0.3274	22.704	0	0
0.72342	1.0219	25.375	0.8639	0.62481	26.575	1.1543	1.0309	27.023	0	0
-1.0342	0.36408	23.863	-1.1659	0.45924	25.541	-1.0336	0.96496	25.703	0	0
-1.1561	1.2942	26.066	-1.4209	1.5539	27.532	-1.7671	1.1124	26.986	0	0
-1.1561	1.2942	26.066	-1.6032	0.93386	26.667	-1.7671	1.1124	26.986	0	0
-1.1561	1.2942	26.066	-1.6032	0.93386	26.667	-1.0762	1.135	26.383	0	0
0.10825	2.1963	26.55	0.44235	2.2929	27.586	0.11445	2.2429	28.089	0	0
-1.4209	1.5539	26.505	-1.7671	1.1124	26.986	-1.6492	1.7615	27.739	0	0
-1.7316	2.4308	27.475	-1.1185	2.4661	28.989	-1.7713	2.7764	28.897	0	0
-1.1185	2.4661	27.962	-1.7713	2.7764	28.897	-1.6864	2.9906	29.15	0	0
-1.1185	2.4661	27.962	-0.72875	2.4381	29.56	-1.1639	2.6667	29.562	0	0
-1.1185	2.4661	27.962	-1.1639	2.6667	29.562	-1.6864	2.9906	29.15	0	0
-1.1639	2.6667	28.535	-1.6947	2.9989	29.58	-1.6864	2.9906	29.15	0	0
-0.41205	2.6872	12.111	-2.29671198646775	10.5291426581867	15.2039329745364	0.193846612290184	2.28788405512445	11.8436954660253	1	1
-2.29671198646775	10.5291426581867	15.2039329745364	-2.05517042403468	14.186806792945	16.4006310613237	-0.13618929406703	9.55769065253345	16.7749145443069	1	1
-2.05517042403468	14.186806792945	16.4006310613237	-2.36682369124272	19.4655132578438	16.007862607302	-0.272184094326461	13.4017113364842	17.6970405065404	1	1
-2.36682369124272	19.4655132578438	16.007862607302	-2.01583305996844	22.8213950550161	15.0137717763587	-1.5926039786199	19.9195138977221	18.0530241817445	1	1
-2.01583305996844	22.8213950550161	15.0137717763587	-0.193736502140421	27.1332421619265	10.7350621974577	-1.63399617466138	23.5232697883042	15.0634634435754	1	1
-0.13618929406703	9.55769065253345	16.7749145443069	0.193846612290184	2.28788405512445	11.8436954660253	-2.29671198646775	10.5291426581867	15.2039329745364	1	1
-0.272184094326461	13.4017113364842	17.6970405065404	-0.13618929406703	9.55769065253345	16.7749145443069	-2.05517042403468	14.186806792945	16.4006310613237	1	1
-1.5926039786199	19.9195138977221	18.0530241817445	-0.272184094326461	13.4017113364842	17.6970405065404	-2.36682369124272	19.4655132578438	16.007862607302	1	1
-1.63399617466138	23.5232697883042	15.0634634435754	-1.5926039786199	19.9195138977221	18.0530241817445	-2.01583305996844	22.8213950550161	15.0137717763587	1	1
-2.29671198646775	10.5291426581867	15.2039329745364	-0.41205	2.6872	12.111	-1.78611387616236	2.00657624221596	12.663650890767	1	1
-2.05517042403468	14.186806792945	16.4006310613237	-2.29671198646775	10.5291426581867	15.2039329745364	-3.41973177024781	10.6987532531338	15.5225500822382	1	1
-2.36682369124272	19.4655132578438	16.007862607302	-2.05517042403468	14.186806792945	16.4006310613237	-4.05062611582009	13.8775330807086	17.1136687272577	1	1
-2.01583305996844	22.8213950550161	15.0137717763587	-2.36682369124272	19.4655132578438	16.007862607302	-4.29759040482193	20.1328253787781	16.771501128455	1	1
-0.193736502140421	27.1332421619265	10.7350621974577	-2.01583305996844	22.8213950550161	15.0137717763587	-4.07114767783506	23.5525867294851	15.0742998423357	1	1
-1.78611387616236	2.00657624221596	12.663650890767	-3.41973177024781	10.6987532531338	15.5225500822382	-2.29671198646775	10.5291426581867	15.2039329745364	1	1
-3.41973177024781	10.6987532531338	15.5225500822382	-4.05062611582009	13.8775330807086	17.1136687272577	-2.05517042403468	14.186806792945	16.4006310613237	1	1
-4.05062611582009	13.8775330807086	17.1136687272577	-4.29759040482193	20.1328253787781	16.771501128455	-2.36682369124272	19.4655132578438	16.007862607302	1	1
-4.29759040482193	20.1328253787781	16.771501128455	-4.07114767783506	23.5525867294851	15.0742998423357	-2.01583305996844	22.8213950550161	15.0137717763587	1	1
0.12035	-1.5779	16.987	-0.809970130941551	-7.04683268582638	20.7583434260837	0.738263624264354	-1.5184419434634	16.2963207944629	2	1
-0.809970130941551	-7.04683268582638	20.7583434260837	-1.34977074719218	-11.2385372699487	23.1929667095186	0.511122504939739	-6.4589518027853	21.1865928449684	2	1
-1.34977074719218	-11.2385372699487	23.1929667095186	-1.19491624612032	-15.0505611197516	24.5045975167702	0.900744473044304	-11.5766355813214	23.3001207357186	2	1
-1.19491624612032	-15.0505611197516	24.5045975167702	-1.89412318967487	-20.0750534625	26.6032424296243	0.0788211095565455	-15.2340419015454	25.4537054091963	2	1
-1.89412318967487	-20.0750534625	26.6032424296243	-2.06821124001583	-25.2812885396517	26.4671293804204	0.324693948889855	-19.7517138188942	26.23788150809	2	1
-2.06821124001583	-25.2812885396517	26.4671293804204	-1.4389972245105	-29.005188658799	26.3207074377133	0.791486568468901	-25.6280865012143	28.3829921698715	2	1
-1.4389972245105	-29.005188658799	26.3207074377133	-1.10420908466949	-32.2641778498173	24.9778730932211	1.21074762733925	-29.7390037702982	27.4456468859644	2	1
-1.10420908466949	-32.2641778498173	24.9778730932211	-0.565795093023765	-33.5634085721597	19.4814523129568	0.833479705641699	-32.0187025454377	25.3474266473132	2	1
0.511122504939739	-6.4589518027853	21.1865928449684	0.738263624264354	-1.5184419434634	16.2963207944629	-0.809970130941551	-7.04683268582638	20.7583434260837	2	1
0.900744473044304	-11.5766355813214	23.3001207357186	0.511122504939739	-6.4589518027853	21.1865928449684	-1.34977074719218	-11.2385372699487	23.1929667095186	2	1
0.0788211095565455	-15.2340419015454	25.4537054091963	0.900744473044304	-11.5766355813214	23.3001207357186	-1.19491624612032	-15.0505611197516	24.5045975167702	2	1
0.324693948889855	-19.7517138188942	26.23788150809	0.0788211095565455	-15.2340419015454	25.4537054091963	-1.89412318967487	-20.0750534625	26.6032424296243	2	1
0.791486568468901	-25.6280865012143	28.3829921698715	0.324693948889855	-19.7517138188942	26.23788150809	-2.06821124001583	-25.2812885396517	26.4671293804204	2	1
1.21074762733925	-29.7390037702982	27.4456468859644	0.791486568468901	-25.6280865012143	28.3829921698715	-1.4389972245105	-29.005188658799	26.3207074377133	2	1
0.833479705641699	-32.0187025454377	25.3474266473132	1.21074762733925	-29.7390037702982	27.4456468859644	-1.10420908466949	-32.2641778498173	24.9778730932211	2	1
-0.809970130941551	-7.04683268582638	20.7583434260837	0.12035	-1.5779	16.987	-1.29710223008355	-1.44821919073286	16.2661988099073	2	1
-1.19491624612032	-15.0505611197516	24.5045975167702	-1.34977074719218	-11.2385372699487	23.1929667095186	-1.94943670653878	-11.3976406990944	23.7436670418546	2	1
-1.89412318967487	-20.0750534625	26.6032424296243	-1.19491624612032	-15.0505611197516	24.5045975167702	-3.16750699911738	-13.7629899111551	27.1032082660906	2	1
-2.06821124001583	-25.2812885396517	26.4671293804204	-1.89412318967487	-20.0750534625	26.6032424296243	-2.67295525900712	-20.4788784996743	25.9690230770886	2	1
-1.4389972245105	-29.005188658799	26.3207074377133	-2.06821124001583	-25.2812885396517	26.4671293804204	-2.99442197582583	-24.9778632591273	26.4079826813662	2	1
-1.10420908466949	-32.2641778498173	24.9778730932211	-1.4389972245105	-29.005188658799	26.3207074377133	-1.60080337137517	-30.0583265535971	27.6641320151933	2	1
-2.0568214689833	-6.65214855194649	21.6117351470343	-1.94943670653878	-11.3976406990944	23.7436670418546	-1.34977074719218	-11.2385372699487	23.1929667095186	2	1
-1.94943670653878	-11.3976406990944	23.7436670418546	-3.16750699911738	-13.7629899111551	27.1032082660906	-1.19491624612032	-15.0505611197516	24.5045975167702	2	1
-3.16750699911738	-13.7629899111551	27.1032082660906	-2.67295525900712	-20.4788784996743	25.9690230770886	-1.89412318967487	-20.0750534625	26.6032424296243	2	1
-2.67295525900712	-20.4788784996743	25.9690230770886	-2.99442197582583	-24.9778632591273	26.4079826813662	-2.06821124001583	-25.2812885396517	26.4671293804204	2	1
-2.99442197582583	-24.9778632591273	26.4079826813662	-1.60080337137517	-30.0583265535971	27.6641320151933	-1.4389972245105	-29.005188658799	26.3207074377133	2	1
0.0037021	2.3981	21.682	0.548906817135262	6.69357682584978	25.7945566889887	1.07442899967944	1.84207269205784	21.6029916119018	3	2
0.548906817135262	6.69357682584978	25.7945566889887	0.939212944313642	10.7125496571754	29.6189290101224	1.33739780133982	6.87207109260808	25.9643879421859	3	2
0.939212944313642	10.7125496571754	29.6189290101224	1.37161040354547	14.4296665317785	31.7717395731517	2.75146528208235	9.8201013164103	30.0884455229497	3	2
1.37161040354547	14.4296665317785	31.7717395731517	2.0454192921086	18.8063998402755	33.5563160741698	2.84467645040181	14.2777292153985	31.7582847045066	3	2
2.0454192921086	18.8063998402755	33.5563160741698	2.37387834405075	22.5072213400337	34.1398855114479	4.15808480551798	18.2903511234216	34.7199033035102	3	2
2.37387834405075	22.5072213400337	34.1398855114479	3.14897353315254	26.3954302055131	34.4643796196205	4.27711494485244	21.9901853771585	34.474606909722	3	2
3.14897353315254	26.3954302055131	34.4643796196205	4.26439791313899	31.6332255316067	32.9802325701394	5.14951731064486	26.1080561357088	34.4668752840395	3	2
4.26439791313899	31.6332255316067	32.9802325701394	4.83770476948144	34.4766884975912	31.0266729730077	6.29785340810454	31.5742725041324	32.3473755716429	3	2
4.83770476948144	34.4766884975912	31.0266729730077	6.08384627331909	37.1146317202092	28.6602243687365	7.69804093480132	34.8753933760928	31.0358234496172	3	2
6.08384627331909	37.1146317202092	28.6602243687365	5.7553453361843	39.4377164539672	26.086729380577	7.32476597065658	37.4019398577351	28.7998144073181	3	2
5.7553453361843	39.4377164539672	26.086729380577	5.55151748612732	43.042796484844	20.6099824502803	7.92165160597139	39.4123848174523	25.9554322226771	3	2
1.33739780133982	6.87207109260808	25.9643879421859	1.07442899967944	1.84207269205784	21.6029916119018	0.548906817135262	6.69357682584978	25.7945566889887	3	2
2.75146528208235	9.8201013164103	30.0884455229497	1.33739780133982	6.87207109260808	25.9643879421859	0.939212944313642	10.7125496571754	29.6189290101224	3	2
2.84467645040181	14.2777292153985	31.7582847045066	2.75146528208235	9.8201013164103	30.0884455229497	1.37161040354547	14.4296665317785	31.7717395731517	3	2
4.15808480551798	18.2903511234216	34.7199033035102	2.84467645040181	14.2777292153985	31.7582847045066	2.0454192921086	18.8063998402755	33.5563160741698	3	2
4.27711494485244	21.9901853771585	34.474606909722	4.15808480551798	18.2903511234216	34.7199033035102	2.37387834405075	22.5072213400337	34.1398855114479	3	2
5.14951731064486	26.1080561357088	34.4668752840395	4.27711494485244	21.9901853771585	34.474606909722	3.14897353315254	26.3954302055131	34.4643796196205	3	2
6.29785340810454	31.5742725041324	32.3473755716429	5.14951731064486	26.1080561357088	34.4668752840395	4.26439791313899	31.6332255316067	32.9802325701394	3	2
7.69804093480132	34.8753933760928	31.0358234496172	6.29785340810454	31.5742725041324	32.3473755716429	4.83770476948144	34.4766884975912	31.0266729730077	3	2
7.32476597065658	37.4019398577351	28.7998144073181	7.69804093480132	34.8753933760928	31.0358234496172	6.08384627331909	37.1146317202092	28.6602243687365	3	2
7.92165160597139	39.4123848174523	25.9554322226771	7.32476597065658	37.4019398577351	28.7998144073181	5.7553453361843	39.4377164539672	26.086729380577	3	2
0.548906817135262	6.69357682584978	25.7945566889887	0.0037021	2.3981	21.682	-1.4603226288484	1.96531321016869	21.9750877908277	3	2
0.939212944313642	10.7125496571754	29.6189290101224	0.548906817135262	6.69357682584978	25.7945566889887	-1.09625839602202	6.69289381095766	25.7347967951817	3	2
1.37161040354547	14.4296665317785	31.7717395731517	0.939212944313642	10.7125496571754	29.6189290101224	-1.73748974145317	10.254213918694	29.8126572613906	3	2
2.0454192921086	18.8063998402755	33.5563160741698	1.37161040354547	14.4296665317785	31.7717395731517	-0.685637543987279	14.4084533585046	31.1160000717855	3	2
2.37387834405075	22.5072213400337	34.1398855114479	2.0454192921086	18.8063998402755	33.5563160741698	-0.852772092333987	17.8990653777138	35.6611034439985	3	2
3.14897353315254	26.3954302055131	34.4643796196205	2.37387834405075	22.5072213400337	34.1398855114479	-0.633894838020095	22.845479963056	33.0331263916904	3	2
4.26439791313899	31.6332255316067	32.9802325701394	3.14897353315254	26.3954302055131	34.4643796196205	0.612469227796466	26.4245878029137	34.2228115217186	3	2
4.83770476948144	34.4766884975912	31.0266729730077	4.26439791313899	31.6332255316067	32.9802325701394	2.96192277182779	31.1675357247757	32.6612009885052	3	2
6.08384627331909	37.1146317202092	28.6602243687365	4.83770476948144	34.4766884975912	31.0266729730077	3.95174447320089	35.5333329521936	31.4057644395068	3	2
5.7553453361843	39.4377164539672	26.086729380577	6.08384627331909	37.1146317202092	28.6602243687365	4.6643198130005	37.7989715793769	29.1142107403488	3	2
5.55151748612732	43.042796484844	20.6099824502803	5.7553453361843	39.4377164539672	26.086729380577	5.29527569719876	40.9693220754359	26.9921613148324	3	2
-1.4603226288484	1.96531321016869	21.9750877908277	-1.09625839602202	6.69289381095766	25.7347967951817	0.548906817135262	6.69357682584978	25.7945566889887	3	2
-1.09625839602202	6.69289381095766	25.7347967951817	-1.73748974145317	10.254213918694	29.8126572613906	0.939212944313642	10.7125496571754	29.6189290101224	3	2
-1.73748974145317	10.254213918694	29.8126572613906	-0.685637543987279	14.4084533585046	31.1160000717855	1.37161040354547	14.4296665317785	31.7717395731517	3	2
-0.685637543987279	14.4084533585046	31.1160000717855	-0.852772092333987	17.8990653777138	35.6611034439985	2.0454192921086	18.8063998402755	33.5563160741698	3	2
-0.852772092333987	17.8990653777138	35.6611034439985	-0.633894838020095	22.845479963056	33.0331263916904	2.37387834405075	22.5072213400337	34.1398855114479	3	2
-0.633894838020095	22.845479963056	33.0331263916904	0.612469227796466	26.4245878029137	34.2228115217186	3.14897353315254	26.3954302055131	34.4643796196205	3	2
0.612469227796466	26.4245878029137	34.2228115217186	2.96192277182779	31.1675357247757	32.6612009885052	4.26439791313899	31.6332255316067	32.9802325701394	3	2
2.96192277182779	31.1675357247757	32.6612009885052	3.95174447320089	35.5333329521936	31.4057644395068	4.83770476948144	34.4766884975912	31.0266729730077	3	2
3.95174447320089	35.5333329521936	31.4057644395068	4.6643198130005	37.7989715793769	29.1142107403488	6.08384627331909	37.1146317202092	28.6602243687365	3	2
4.6643198130005	37.7989715793769	29.1142107403488	5.29527569719876	40.9693220754359	26.9921613148324	5.7553453361843	39.4377164539672	26.086729380577	3	2
0.23953	-1.8413	25.174	1.10913394634542	-4.75440911579423	28.4865299359216	1.00068508798593	-2.59705991250464	25.0462733012087	4	2
1.10913394634542	-4.75440911579423	28.4865299359216	2.10333930395089	-7.82799057904859	32.1741703207948	1.72785318470758	-4.23272422325923	29.0007060142074	4	2
2.10333930395089	-7.82799057904859	32.1741703207948	3.3434407992494	-11.0274695928557	35.4898952734358	2.77546410499018	-5.92673679306273	33.1074735475665	4	2
3.3434407992494	-11.0274695928557	35.4898952734358	4.48879092646334	-14.4822072621523	37.6401692030631	4.67916899121521	-11.1026701794622	35.926673110513	4	2
4.48879092646334	-14.4822072621523	37.6401692030631	5.1089415829878	-18.8194256229384	40.3651546734963	4.74114145812882	-14.4665733170662	38.0448856456858	4	2
5.1089415829878	-18.8194256229384	40.3651546734963	6.64021354401728	-22.6091937695337	41.6622333397369	7.24900279238568	-18.3340206879765	41.8836108991232	4	2
6.64021354401728	-22.6091937695337	41.6622333397369	8.30192463265046	-26.0007285253093	42.9291232592956	7.29787514964425	-22.3424215626056	42.1621940302865	4	2
8.30192463265046	-26.0007285253093	42.9291232592956	10.2694272494407	-29.7221437119609	43.0362743278054	10.8015366762795	-25.7852816429967	43.7705267488573	4	2
10.2694272494407	-29.7221437119609	43.0362743278054	12.4146308102892	-33.3345885555813	42.0077242345562	13.3465523911322	-29.8146574403307	42.9134637727512	4	2
12.4146308102892	-33.3345885555813	42.0077242345562	14.6528755871304	-37.2144861239388	41.0824036533536	14.4337356274646	-33.5701350146944	40.9289250860311	4	2
14.6528755871304	-37.2144861239388	41.0824036533536	17.2715934302996	-42.0272691914472	39.8855653171648	16.041133911084	-36.9339221644079	42.3534912548139	4	2
1.72785318470758	-4.23272422325923	29.0007060142074	1.00068508798593	-2.59705991250464	25.0462733012087	1.10913394634542	-4.75440911579423	28.4865299359216	4	2
2.77546410499018	-5.92673679306273	33.1074735475665	1.72785318470758	-4.23272422325923	29.0007060142074	2.10333930395089	-7.82799057904859	32.1741703207948	4	2
4.67916899121521	-11.1026701794622	35.926673110513	2.77546410499018	-5.92673679306273	33.1074735475665	3.3434407992494	-11.0274695928557	35.4898952734358	4	2
4.74114145812882	-14.4665733170662	38.0448856456858	4.67916899121521	-11.1026701794622	35.926673110513	4.48879092646334	-14.4822072621523	37.6401692030631	4	2
7.24900279238568	-18.3340206879765	41.8836108991232	4.74114145812882	-14.4665733170662	38.0448856456858	5.1089415829878	-18.8194256229384	40.3651546734963	4	2
7.29787514964425	-22.3424215626056	42.1621940302865	7.24900279238568	-18.3340206879765	41.8836108991232	6.64021354401728	-22.6091937695337	41.6622333397369	4	2
10.8015366762795	-25.7852816429967	43.7705267488573	7.29787514964425	-22.3424215626056	42.1621940302865	8.30192463265046	-26.0007285253093	42.9291232592956	4	2
13.3465523911322	-29.8146574403307	42.9134637727512	10.8015366762795	-25.7852816429967	43.7705267488573	10.2694272494407	-29.7221437119609	43.0362743278054	4	2
14.4337356274646	-33.5701350146944	40.9289250860311	13.3465523911322	-29.8146574403307	42.9134637727512	12.4146308102892	-33.3345885555813	42.0077242345562	4	2
16.041133911084	-36.9339221644079	42.3534912548139	14.4337356274646	-33.5701350146944	40.9289250860311	14.6528755871304	-37.2144861239388	41.0824036533536	4	2
1.10913394634542	-4.75440911579423	28.4865299359216	0.23953	-1.8413	25.174	-1.7168548883695	-2.01606457830078	25.0469046042109	4	2
2.10333930395089	-7.82799057904859	32.1741703207948	1.10913394634542	-4.75440911579423	28.4865299359216	-0.993408748049107	-4.28401876256765	28.846326276008	4	2
3.3434407992494	-11.0274695928557	35.4898952734358	2.10333930395089	-7.82799057904859	32.1741703207948	-1.20513891028125	-7.39581411629221	32.4993287759989	4	2
4.48879092646334	-14.4822072621523	37.6401692030631	3.3434407992494	-11.0274695928557	35.4898952734358	0.176309454877611	-11.5806940623881	34.6686602545111	4	2
5.1089415829878	-18.8194256229384	40.3651546734963	4.48879092646334	-14.4822072621523	37.6401692030631	0.352127295354372	-13.2370636013285	38.9104884806349	4	2
6.64021354401728	-22.6091937695337	41.6622333397369	5.1089415829878	-18.8194256229384	40.3651546734963	2.43577446647833	-18.5547549828076	40.0839432593162	4	2
8.30192463265046	-26.0007285253093	42.9291232592956	6.64021354401728	-22.6091937695337	41.6622333397369	5.49109780519057	-22.1669357008903	41.8585699371928	4	2
10.2694272494407	-29.7221437119609	43.0362743278054	8.30192463265046	-26.0007285253093	42.9291232592956	7.52254493817413	-25.8353315018616	42.3733118466091	4	2
12.4146308102892	-33.3345885555813	42.0077242345562	10.2694272494407	-29.7221437119609	43.0362743278054	8.48062992158182	-29.4338464422355	43.1790320390295	4	2
14.6528755871304	-37.2144861239388	41.0824036533536	12.4146308102892	-33.3345885555813	42.0077242345562	11.1271183318964	-33.1740754113896	42.1941039236977	4	2
17.2715934302996	-42.0272691914472	39.8855653171648	14.6528755871304	-37.2144861239388	41.0824036533536	13.8113898367003	-36.9577766785053	40.9267630659467	4	2
-1.7168548883695	-2.01606457830078	25.0469046042109	-0.993408748049107	-4.28401876256765	28.846326276008	1.10913394634542	-4.75440911579423	28.4865299359216	4	2
-0.993408748049107	-4.28401876256765	28.846326276008	-1.20513891028125	-7.39581411629221	32.4993287759989	2.10333930395089	-7.82799057904859	32.1741703207948	4	2
-1.20513891028125	-7.39581411629221	32.4993287759989	0.176309454877611	-11.5806940623881	34.6686602545111	3.3434407992494	-11.0274695928557	35.4898952734358	4	2
0.176309454877611	-11.5806940623881	34.6686602545111	0.352127295354372	-13.2370636013285	38.9104884806349	4.48879092646334	-14.4822072621523	37.6401692030631	4	2
0.352127295354372	-13.2370636013285	38.9104884806349	2.43577446647833	-18.5547549828076	40.0839432593162	5.1089415829878	-18.8194256229384	40.3651546734963	4	2
2.43577446647833	-18.5547549828076	40.0839432593162	5.49109780519057	-22.1669357008903	41.8585699371928	6.64021354401728	-22.6091937695337	41.6622333397369	4	2
5.49109780519057	-22.1669357008903	41.8585699371928	7.52254493817413	-25.8353315018616	42.3733118466091	8.30192463265046	-26.0007285253093	42.9291232592956	4	2
7.52254493817413	-25.8353315018616	42.3733118466091	8.48062992158182	-29.4338464422355	43.1790320390295	10.2694272494407	-29.7221437119609	43.0362743278054	4	2
8.48062992158182	-29.4338464422355	43.1790320390295	11.1271183318964	-33.1740754113896	42.1941039236977	12.4146308102892	-33.3345885555813	42.0077242345562	4	2
11.1271183318964	-33.1740754113896	42.1941039236977	13.8113898367003	-36.9577766785053	40.9267630659467	14.6528755871304	-37.2144861239388	41.0824036533536	4	2
-0.096448	-0.21984	26.534	-0.875732403353041	1.98124141968494	29.448012500267	0.821042281312464	0.993087826010849	25.7430483675409	5	2
-0.875732403353041	1.98124141968494	29.448012500267	-1.52731969536873	5.18127346304923	32.8097060574381	2.11579056187389	3.29965283598472	28.4256555685204	5	2
-1.52731969536873	5.18127346304923	32.8097060574381	-2.43466211802428	8.6468719746326	36.0965072644722	0.170098749508038	4.91082073605619	32.6955230116118	5	2
-2.43466211802428	8.6468719746326	36.0965072644722	-3.29558685710414	11.5474939369068	38.3640339072292	-1.40617639936191	8.82038142524515	36.5700975657408	5	2
-3.29558685710414	11.5474939369068	38.3640339072292	-4.2080592581096	14.9535165005591	40.681372603513	-0.114615979143269	12.2040119069097	38.2238881804727	5	2
-4.2080592581096	14.9535165005591	40.681372603513	-6.18313937928118	20.6957079034411	42.5899989833005	-0.956452669538016	14.7625552820567	40.6351831167666	5	2
-6.18313937928118	20.6957079034411	42.5899989833005	-7.78031601945662	23.7951445567153	43.050610590209	-4.20813108964143	20.0976263704593	43.4793230107283	5	2
2.11579056187389	3.29965283598472	28.4256555685204	0.821042281312464	0.993087826010849	25.7430483675409	-0.875732403353041	1.98124141968494	29.448012500267	5	2
0.170098749508038	4.91082073605619	32.6955230116118	2.11579056187389	3.29965283598472	28.4256555685204	-1.52731969536873	5.18127346304923	32.8097060574381	5	2
-1.40617639936191	8.82038142524515	36.5700975657408	0.170098749508038	4.91082073605619	32.6955230116118	-2.43466211802428	8.6468719746326	36.0965072644722	5	2
-0.114615979143269	12.2040119069097	38.2238881804727	-1.40617639936191	8.82038142524515	36.5700975657408	-3.29558685710414	11.5474939369068	38.3640339072292	5	2
-0.956452669538016	14.7625552820567	40.6351831167666	-0.114615979143269	12.2040119069097	38.2238881804727	-4.2080592581096	14.9535165005591	40.681372603513	5	2
-4.20813108964143	20.0976263704593	43.4793230107283	-0.956452669538016	14.7625552820567	40.6351831167666	-6.18313937928118	20.6957079034411	42.5899989833005	5	2
-0.875732403353041	1.98124141968494	29.448012500267	-0.096448	-0.21984	26.534	-1.21485167395106	0.378361341292111	26.3150200836307	5	2
-1.52731969536873	5.18127346304923	32.8097060574381	-0.875732403353041	1.98124141968494	29.448012500267	-2.9320734330871	0.138169365247685	30.5097325609161	5	2
-2.43466211802428	8.6468719746326	36.0965072644722	-1.52731969536873	5.18127346304923	32.8097060574381	-4.07504881935136	4.05695669727754	33.8390137524523	5	2
-3.29558685710414	11.5474939369068	38.3640339072292	-2.43466211802428	8.6468719746326	36.0965072644722	-5.00610133101994	7.52959827036968	36.8469867203075	5	2
-4.2080592581096	14.9535165005591	40.681372603513	-3.29558685710414	11.5474939369068	38.3640339072292	-5.09430031652033	9.86540723547375	40.1605036536422	5	2
-6.18313937928118	20.6957079034411	42.5899989833005	-4.2080592581096	14.9535165005591	40.681372603513	-5.30437759152949	14.163929428007	42.3090875591075	5	2
-7.78031601945662	23.7951445567153	43.050610590209	-6.18313937928118	20.6957079034411	42.5899989833005	-6.82613951410052	20.4639192743629	42.5388280144571	5	2
-1.21485167395106	0.378361341292111	26.3150200836307	-2.9320734330871	0.138169365247685	30.5097325609161	-0.875732403353041	1.98124141968494	29.448012500267	5	2
-2.9320734330871	0.138169365247685	30.5097325609161	-4.07504881935136	4.05695669727754	33.8390137524523	-1.52731969536873	5.18127346304923	32.8097060574381	5	2
-4.07504881935136	4.05695669727754	33.8390137524523	-5.00610133101994	7.52959827036968	36.8469867203075	-2.43466211802428	8.6468719746326	36.0965072644722	5	2
-5.00610133101994	7.52959827036968	36.8469867203075	-5.09430031652033	9.86540723547375	40.1605036536422	-3.29558685710414	11.5474939369068	38.3640339072292	5	2
-5.09430031652033	9.86540723547375	40.1605036536422	-5.30437759152949	14.163929428007	42.3090875591075	-4.2080592581096	14.9535165005591	40.681372603513	5	2
-5.30437759152949	14.163929428007	42.3090875591075	-6.82613951410052	20.4639192743629	42.5388280144571	-6.18313937928118	20.6957079034411	42.5899989833005	5	2
0.66812	-1.503	30.237	0.582029428467138	-3.54999137702049	34.2101142412844	2.00808483912986	-1.00838892030553	30.7261229212981	6	2
0.582029428467138	-3.54999137702049	34.2101142412844	0.334832543603813	-5.84993795655174	37.9409246125464	1.9997156659993	-4.51258777239109	33.5675972519904	6	2
0.334832543603813	-5.84993795655174	37.9409246125464	0.389413068238103	-8.63662808106591	40.9741314817141	2.20658246459399	-6.1528953173203	38.1858307817816	6	2
0.389413068238103	-8.63662808106591	40.9741314817141	0.949956642828507	-12.4544815604553	43.7562125446776	1.92303537372014	-6.71221563668158	43.0045057373691	6	2
0.949956642828507	-12.4544815604553	43.7562125446776	1.82029652185143	-16.3883165011185	45.9410789306608	2.2053814084614	-10.9885842459703	46.6351064609623	6	2
1.82029652185143	-16.3883165011185	45.9410789306608	3.67119437876051	-20.5068529373625	47.982186805473	3.91257637471038	-15.5746806704449	47.6146699058887	6	2
3.67119437876051	-20.5068529373625	47.982186805473	5.25364280006843	-24.0316739880444	47.9473953615627	5.18328789776592	-20.4487955136906	49.3739017638385	6	2
5.25364280006843	-24.0316739880444	47.9473953615627	10.7121173710452	-30.0360621623414	46.8119958281986	7.45829195223656	-24.4591829646869	50.3520449307795	6	2
10.7121173710452	-30.0360621623414	46.8119958281986	12.0234514815523	-31.5067241185814	46.2952945014259	11.2085130520979	-31.0092707664576	48.0329206173263	6	2
1.9997156659993	-4.51258777239109	33.5675972519904	2.00808483912986	-1.00838892030553	30.7261229212981	0.582029428467138	-3.54999137702049	34.2101142412844	6	2
2.20658246459399	-6.1528953173203	38.1858307817816	1.9997156659993	-4.51258777239109	33.5675972519904	0.334832543603813	-5.84993795655174	37.9409246125464	6	2
1.92303537372014	-6.71221563668158	43.0045057373691	2.20658246459399	-6.1528953173203	38.1858307817816	0.389413068238103	-8.63662808106591	40.9741314817141	6	2
2.2053814084614	-10.9885842459703	46.6351064609623	1.92303537372014	-6.71221563668158	43.0045057373691	0.949956642828507	-12.4544815604553	43.7562125446776	6	2
3.91257637471038	-15.5746806704449	47.6146699058887	2.2053814084614	-10.9885842459703	46.6351064609623	1.82029652185143	-16.3883165011185	45.9410789306608	6	2
5.18328789776592	-20.4487955136906	49.3739017638385	3.91257637471038	-15.5746806704449	47.6146699058887	3.67119437876051	-20.5068529373625	47.982186805473	6	2
7.45829195223656	-24.4591829646869	50.3520449307795	5.18328789776592	-20.4487955136906	49.3739017638385	5.25364280006843	-24.0316739880444	47.9473953615627	6	2
11.2085130520979	-31.0092707664576	48.0329206173263	7.45829195223656	-24.4591829646869	50.3520449307795	10.7121173710452	-30.0360621623414	46.8119958281986	6	2
0.582029428467138	-3.54999137702049	34.2101142412844	0.66812	-1.503	30.237	-2.94253612631752	-1.24062554027117	30.6722020642963	6	2
0.334832543603813	-5.84993795655174	37.9409246125464	0.582029428467138	-3.54999137702049	34.2101142412844	-1.45732856299223	-2.93142157529317	34.5935489594071	6	2
0.389413068238103	-8.63662808106591	40.9741314817141	0.334832543603813	-5.84993795655174	37.9409246125464	-2.96016547212126	-5.76960774430826	38.0956795487157	6	2
0.949956642828507	-12.4544815604553	43.7562125446776	0.389413068238103	-8.63662808106591	40.9741314817141	-3.55013995925301	-8.69119585850609	40.2888630443475	6	2
1.82029652185143	-16.3883165011185	45.9410789306608	0.949956642828507	-12.4544815604553	43.7562125446776	-2.39262087424975	-12.3746807142931	42.9951438899067	6	2
3.67119437876051	-20.5068529373625	47.982186805473	1.82029652185143	-16.3883165011185	45.9410789306608	-1.12499133155762	-15.6152267025173	46.4371605231028	6	2
5.25364280006843	-24.0316739880444	47.9473953615627	3.67119437876051	-20.5068529373625	47.982186805473	1.71110626096699	-20.0974656188408	48.094070467901	6	2
10.7121173710452	-30.0360621623414	46.8119958281986	5.25364280006843	-24.0316739880444	47.9473953615627	4.33822422633595	-23.5500303019026	47.9880961535118	6	2
12.0234514815523	-31.5067241185814	46.2952945014259	10.7121173710452	-30.0360621623414	46.8119958281986	9.66706334441437	-30.0801026013105	48.1620484979705	6	2
-2.94253612631752	-1.24062554027117	30.6722020642963	-1.45732856299223	-2.93142157529317	34.5935489594071	0.582029428467138	-3.54999137702049	34.2101142412844	6	2
-1.45732856299223	-2.93142157529317	34.5935489594071	-2.96016547212126	-5.76960774430826	38.0956795487157	0.334832543603813	-5.84993795655174	37.9409246125464	6	2
-2.96016547212126	-5.76960774430826	38.0956795487157	-3.55013995925301	-8.69119585850609	40.2888630443475	0.389413068238103	-8.63662808106591	40.9741314817141	6	2
-3.55013995925301	-8.69119585850609	40.2888630443475	-2.39262087424975	-12.3746807142931	42.9951438899067	0.949956642828507	-12.4544815604553	43.7562125446776	6	2
-2.39262087424975	-12.3746807142931	42.9951438899067	-1.12499133155762	-15.6152267025173	46.4371605231028	1.82029652185143	-16.3883165011185	45.9410789306608	6	2
-1.12499133155762	-15.6152267025173	46.4371605231028	1.71110626096699	-20.0974656188408	48.094070467901	3.67119437876051	-20.5068529373625	47.982186805473	6	2
1.71110626096699	-20.0974656188408	48.094070467901	4.33822422633595	-23.5500303019026	47.9880961535118	5.25364280006843	-24.0316739880444	47.9473953615627	6	2
4.33822422633595	-23.5500303019026	47.9880961535118	9.66706334441437	-30.0801026013105	48.1620484979705	10.7121173710452	-30.0360621623414	46.8119958281986	6	2
0.48025	-0.065238	32.487	-1.2776	-1.5731	35.774	0.80535	-0.11254	32.763	7	2
-1.2776	-1.5731	35.774	-3.7106	-3.0051	39.413	0.6961	-0.59294	36.29	7	2
0.6961	-0.59294	36.29	0.80535	-0.11254	32.763	-1.2776	-1.5731	35.774	7	2
-1.2776	-1.5731	35.774	0.48025	-0.065238	32.487	-3.3403	-1.2828	30.858	7	2
-3.7106	-3.0051	39.413	-1.2776	-1.5731	35.774	-3.4174	-1.3611	35.729	7	2
-3.3403	-1.2828	30.858	-3.4174	-1.3611	35.729	-1.2776	-1.5731	35.774	7	2
1.6541	2.9057	32.832	2.28580284184509	6.26656537732885	36.7201607933671	3.0050480231447	2.7347312714384	32.7726166469836	8	2
2.28580284184509	6.26656537732885	36.7201607933671	3.92633377119222	9.23126438215871	40.2625103880029	3.88420676165066	3.99897721226423	37.5263763184031	8	2
3.92633377119222	9.23126438215871	40.2625103880029	5.42369773474652	11.7520102078577	42.4727001293758	6.71294924253636	8.04889005494057	41.0377200275204	8	2
5.42369773474652	11.7520102078577	42.4727001293758	8.47786519221733	16.2497134255513	45.4275911810519	8.32736445875758	10.9198872506795	43.7124671841116	8	2
8.47786519221733	16.2497134255513	45.4275911810519	10.9399298460315	19.4240320840366	46.3369597008668	11.0033592716784	15.7968682960673	46.6757051114723	8	2
10.9399298460315	19.4240320840366	46.3369597008668	14.0100167264158	23.0286069583412	46.0887490394826	14.2622619251623	19.7021979253134	46.7372822342385	8	2
14.0100167264158	23.0286069583412	46.0887490394826	16.643164709435	27.144433697012	43.8492897393916	16.4177368753904	23.2043619335579	45.7531780739505	8	2
16.643164709435	27.144433697012	43.8492897393916	17.7028611797388	29.9435256690424	40.8604581076431	18.7464667737564	27.9612386240756	43.9601821978634	8	2
17.7028611797388	29.9435256690424	40.8604581076431	18.0403208615442	32.0111424679438	38.0542958286477	18.9442592280169	29.8436208109533	40.9306856311772	8	2
3.88420676165066	3.99897721226423	37.5263763184031	3.0050480231447	2.7347312714384	32.7726166469836	2.28580284184509	6.26656537732885	36.7201607933671	8	2
6.71294924253636	8.04889005494057	41.0377200275204	3.88420676165066	3.99897721226423	37.5263763184031	3.92633377119222	9.23126438215871	40.2625103880029	8	2
8.32736445875758	10.9198872506795	43.7124671841116	6.71294924253636	8.04889005494057	41.0377200275204	5.42369773474652	11.7520102078577	42.4727001293758	8	2
11.0033592716784	15.7968682960673	46.6757051114723	8.32736445875758	10.9198872506795	43.7124671841116	8.47786519221733	16.2497134255513	45.4275911810519	8	2
14.2622619251623	19.7021979253134	46.7372822342385	11.0033592716784	15.7968682960673	46.6757051114723	10.9399298460315	19.4240320840366	46.3369597008668	8	2
16.4177368753904	23.2043619335579	45.7531780739505	14.2622619251623	19.7021979253134	46.7372822342385	14.0100167264158	23.0286069583412	46.0887490394826	8	2
18.7464667737564	27.9612386240756	43.9601821978634	16.4177368753904	23.2043619335579	45.7531780739505	16.643164709435	27.144433697012	43.8492897393916	8	2
18.9442592280169	29.8436208109533	40.9306856311772	18.7464667737564	27.9612386240756	43.9601821978634	17.7028611797388	29.9435256690424	40.8604581076431	8	2
2.28580284184509	6.26656537732885	36.7201607933671	1.6541	2.9057	32.832	0.551865093875967	1.00628156502759	34.6024161524084	8	2
3.92633377119222	9.23126438215871	40.2625103880029	2.28580284184509	6.26656537732885	36.7201607933671	-0.134631097223262	6.17141505032405	36.9781872353782	8	2
5.42369773474652	11.7520102078577	42.4727001293758	3.92633377119222	9.23126438215871	40.2625103880029	1.31903411161726	9.75921121184413	39.9507189830453	8	2
8.47786519221733	16.2497134255513	45.4275911810519	5.42369773474652	11.7520102078577	42.4727001293758	1.63725678786735	11.9767713481405	42.4744171370901	8	2
10.9399298460315	19.4240320840366	46.3369597008668	8.47786519221733	16.2497134255513	45.4275911810519	5.00068509195309	16.1330263663731	45.5720955773404	8	2
14.0100167264158	23.0286069583412	46.0887490394826	10.9399298460315	19.4240320840366	46.3369597008668	8.23643849502463	19.2123140709001	45.6171411904461	8	2
16.643164709435	27.144433697012	43.8492897393916	14.0100167264158	23.0286069583412	46.0887490394826	11.3532492139152	22.7137087936319	47.0666042283447	8	2
17.7028611797388	29.9435256690424	40.8604581076431	16.643164709435	27.144433697012	43.8492897393916	16.0938686721938	27.8933738941073	44.7400486543883	8	2
18.0403208615442	32.0111424679438	38.0542958286477	17.7028611797388	29.9435256690424	40.8604581076431	17.5236570366198	30.6208206100832	40.8645124792939	8	2
0.551865093875967	1.00628156502759	34.6024161524084	-0.134631097223262	6.17141505032405	36.9781872353782	2.28580284184509	6.26656537732885	36.7201607933671	8	2
-0.134631097223262	6.17141505032405	36.9781872353782	1.31903411161726	9.75921121184413	39.9507189830453	3.92633377119222	9.23126438215871	40.2625103880029	8	2
1.31903411161726	9.75921121184413	39.9507189830453	1.63725678786735	11.9767713481405	42.4744171370901	5.42369773474652	11.7520102078577	42.4727001293758	8	2
1.63725678786735	11.9767713481405	42.4744171370901	5.00068509195309	16.1330263663731	45.5720955773404	8.47786519221733	16.2497134255513	45.4275911810519	8	2
5.00068509195309	16.1330263663731	45.5720955773404	8.23643849502463	19.2123140709001	45.6171411904461	10.9399298460315	19.4240320840366	46.3369597008668	8	2
8.23643849502463	19.2123140709001	45.6171411904461	11.3532492139152	22.7137087936319	47.0666042283447	14.0100167264158	23.0286069583412	46.0887490394826	8	2
11.3532492139152	22.7137087936319	47.0666042283447	16.0938686721938	27.8933738941073	44.7400486543883	16.643164709435	27.144433697012	43.8492897393916	8	2
16.0938686721938	27.8933738941073	44.7400486543883	17.5236570366198	30.6208206100832	40.8645124792939	17.7028611797388	29.9435256690424	40.8604581076431	8	2
