-0.3475	-0.70784	0.031499	-0.41155	-0.34074	1.0263	-0.22515	-0.60134	1.8261	0	0
-0.41155	-0.34074	0	-0.087748	-0.21784	1.0423	-0.37868	0.45443	1.0936	0	0
-0.41155	-0.34074	0	-0.087748	-0.21784	1.0423	-0.1292	-0.21974	1.7978	0	0
-0.41155	-0.34074	0	-0.37868	0.45443	1.0936	-0.36431	0.45368	1.7658	0	0
-0.41155	-0.34074	0	-0.22515	-0.60134	1.8261	-0.1292	-0.21974	1.7978	0	0
-0.087748	-0.21784	0.015999	-0.37868	0.45443	1.0936	0.077885	0.65153	1.042	0	0
-0.087748	-0.21784	0.015999	0.077885	0.65153	1.042	0.58995	0.54246	1.7331	0	0
-0.087748	-0.21784	0.015999	-0.1292	-0.21974	1.7978	0.58995	0.54246	1.7331	0	0
-0.37868	0.45443	0.0673	0.077885	0.65153	1.042	0.090202	1.1281	1.0615	0	0
-0.37868	0.45443	0.0673	-0.36431	0.45368	1.7658	-0.23335	1.161	2.1406	0	0
-0.37868	0.45443	0.0673	0.090202	1.1281	1.0615	-0.23335	1.161	2.1406	0	0
-0.22515	-0.60134	0.79975	-0.1292	-0.21974	1.7978	0.21832	-0.029304	2.3827	0	0
-0.22515	-0.60134	0.79975	-0.15305	-0.60444	2.5182	0.21832	-0.029304	2.3827	0	0
0.077885	0.65153	0.015633	0.090202	1.1281	1.0615	0.65045	1.0875	1.0299	0	0
0.077885	0.65153	0.015633	0.65045	1.0875	1.0299	0.58995	0.54246	1.7331	0	0
-0.1292	-0.21974	0.77145	-0.36431	0.45368	1.7658	-0.53225	-0.15794	2.129	0	0
-0.1292	-0.21974	0.77145	-0.36431	0.45368	1.7658	0.17911	0.61674	1.8577	0	0
-0.1292	-0.21974	0.77145	-0.53225	-0.15794	2.129	-0.15305	-0.60444	2.5182	0	0
-0.1292	-0.21974	0.77145	0.58995	0.54246	1.7331	0.21832	-0.029304	2.3827	0	0
-0.36431	0.45368	0.7395	-0.53225	-0.15794	2.129	-0.33152	0.41281	2.5918	0	0
-0.36431	0.45368	0.7395	-0.33152	0.41281	2.5918	-0.23335	1.161	2.1406	0	0
0.090202	1.1281	0.03515	0.65045	1.0875	1.0299	0.2262	1.2084	1.817	0	0
0.090202	1.1281	0.03515	0.2262	1.2084	1.817	-0.23335	1.161	2.1406	0	0
-0.53225	-0.15794	1.1027	-0.33152	0.41281	2.5918	-0.13415	-0.24834	3.0499	0	0
0.65045	1.0875	0.003549	0.58995	0.54246	1.7331	0.65255	1.1118	1.7913	0	0
0.65045	1.0875	0.003549	0.2262	1.2084	1.817	0.65255	1.1118	1.7913	0	0
0.58995	0.54246	0.7068	0.17911	0.61674	1.8577	0.21832	-0.029304	2.3827	0	0
0.58995	0.54246	0.7068	0.17911	0.61674	1.8577	0.65255	1.1118	1.7913	0	0
0.17911	0.61674	0.83138	0.21832	-0.029304	2.3827	0.1928	0.65786	2.5434	0	0
0.17911	0.61674	0.83138	0.2262	1.2084	1.817	0.65255	1.1118	1.7913	0	0
0.17911	0.61674	0.83138	0.2262	1.2084	1.817	-0.23335	1.161	2.1406	0	0
0.17911	0.61674	0.83138	0.1928	0.65786	2.5434	-0.23335	1.161	2.1406	0	0
-0.15305	-0.60444	1.4919	0.21832	-0.029304	2.3827	-0.13415	-0.24834	3.0499	0	0
-0.15305	-0.60444	1.4919	-0.13415	-0.24834	3.0499	-0.20925	-0.38654	3.2845	0	0
0.21832	-0.029304	1.3563	0.1928	0.65786	2.5434	0.019302	0.37346	3.2258	0	0
0.21832	-0.029304	1.3563	-0.13415	-0.24834	3.0499	0.019302	0.37346	3.2258	0	0
-0.33152	0.41281	1.5654	0.019302	0.37346	3.2258	-0.19325	0.5944	3.2322	0	0
-0.33152	0.41281	1.5654	-0.19325	0.5944	3.2322	-0.24735	1.2865	3.1824	0	0
-0.33152	0.41281	1.5654	-0.23335	1.161	2.1406	-0.24735	1.2865	3.1824	0	0
0.1928	0.65786	1.5171	0.19635	1.1336	2.5602	0.59565	1.1524	2.462	0	0
0.1928	0.65786	1.5171	0.19635	1.1336	2.5602	-0.23335	1.161	2.1406	0	0
0.1928	0.65786	1.5171	0.59565	1.1524	2.462	0.58445	0.89706	3.0215	0	0
0.1928	0.65786	1.5171	0.019302	0.37346	3.2258	0.58445	0.89706	3.0215	0	0
-0.13415	-0.24834	2.0236	-0.20925	-0.38654	3.2845	0.019302	0.37346	3.2258	0	0
0.19635	1.1336	1.5339	0.58445	0.89706	3.0215	0.088202	1.1438	3.2618	0	0
0.19635	1.1336	1.5339	0.088202	1.1438	3.2618	-0.24735	1.2865	3.1824	0	0
0.19635	1.1336	1.5339	-0.23335	1.161	2.1406	-0.24735	1.2865	3.1824	0	0
-0.20925	-0.38654	2.2582	0.019302	0.37346	3.2258	-0.16545	-0.28084	4.0561	0	0
-0.20925	-0.38654	2.2582	-0.35048	-0.63784	3.8856	-0.16545	-0.28084	4.0561	0	0
0.019302	0.37346	2.1995	-0.19325	0.5944	3.2322	0.19198	0.45409	3.8968	0	0
0.019302	0.37346	2.1995	0.58445	0.89706	3.0215	0.5727	0.89226	3.8548	0	0
0.019302	0.37346	2.1995	-0.16545	-0.28084	4.0561	0.19198	0.45409	3.8968	0	0
-0.19325	0.5944	2.2059	0.19198	0.45409	3.8968	-0.17965	0.74516	4.0608	0	0
-0.19325	0.5944	2.2059	-0.24735	1.2865	3.1824	-0.17965	0.74516	4.0608	0	0
0.58445	0.89706	1.9952	0.088202	1.1438	3.2618	0.5727	0.89226	3.8548	0	0
0.088202	1.1438	2.2354	-0.24735	1.2865	3.1824	0.11245	1.1443	4.0705	0	0
0.088202	1.1438	2.2354	0.5727	0.89226	3.8548	0.11245	1.1443	4.0705	0	0
-0.35048	-0.63784	2.8592	-0.16545	-0.28084	4.0561	-0.2666	-0.57164	4.7374	0	0
-0.16545	-0.28084	3.0298	0.19198	0.45409	3.8968	0.12835	-0.030738	4.352	0	0
-0.16545	-0.28084	3.0298	0.12835	-0.030738	4.352	-0.15805	-0.24374	4.5619	0	0
-0.16545	-0.28084	3.0298	-0.15805	-0.24374	4.5619	-0.2666	-0.57164	4.7374	0	0
0.19198	0.45409	2.8704	0.5727	0.89226	3.8548	0.2311	0.63296	4.6118	0	0
0.19198	0.45409	2.8704	-0.17965	0.74516	4.0608	-0.1763	0.49556	4.57	0	0
0.19198	0.45409	2.8704	0.12835	-0.030738	4.352	0.2311	0.63296	4.6118	0	0
-0.24735	1.2865	2.1561	-0.17965	0.74516	4.0608	-0.41335	1.134	4.6148	0	0
-0.24735	1.2865	2.1561	0.11245	1.1443	4.0705	-0.41335	1.134	4.6148	0	0
0.5727	0.89226	2.8285	0.11245	1.1443	4.0705	0.23795	1.2918	4.5479	0	0
0.5727	0.89226	2.8285	0.2311	0.63296	4.6118	0.60185	0.89616	4.6843	0	0
0.5727	0.89226	2.8285	0.23795	1.2918	4.5479	0.60185	0.89616	4.6843	0	0
-0.17965	0.74516	3.0345	-0.1763	0.49556	4.57	-0.41335	1.134	4.6148	0	0
0.12835	-0.030738	3.3257	-0.1763	0.49556	4.57	-0.15805	-0.24374	4.5619	0	0
0.12835	-0.030738	3.3257	0.2311	0.63296	4.6118	-0.13315	-0.26594	5.0635	0	0
0.11245	1.1443	3.0442	-0.41335	1.134	4.6148	0.23795	1.2918	4.5479	0	0
-0.1763	0.49556	3.5437	-0.15805	-0.24374	4.5619	-0.13315	-0.26594	5.0635	0	0
-0.1763	0.49556	3.5437	-0.13315	-0.26594	5.0635	-0.39075	0.5507	5.3515	0	0
-0.1763	0.49556	3.5437	-0.41335	1.134	4.6148	-0.39075	0.5507	5.3515	0	0
-0.15805	-0.24374	3.5356	-0.2666	-0.57164	4.7374	-0.13315	-0.26594	5.0635	0	0
-0.2666	-0.57164	3.7111	-0.13315	-0.26594	5.0635	-0.40125	-0.59064	5.3859	0	0
0.2311	0.63296	3.5854	-0.13315	-0.26594	5.0635	0.035852	0.38686	5.6041	0	0
0.2311	0.63296	3.5854	0.035852	0.38686	5.6041	0.60185	0.89616	4.6843	0	0
-0.13315	-0.26594	4.0372	-0.36955	-0.2854	5.3799	-0.40125	-0.59064	5.3859	0	0
-0.13315	-0.26594	4.0372	-0.36955	-0.2854	5.3799	0.035852	0.38686	5.6041	0	0
-0.41335	1.134	3.5884	0.23795	1.2918	4.5479	-0.40672	1.1238	5.295	0	0
-0.41335	1.134	3.5884	-0.39075	0.5507	5.3515	-0.40672	1.1238	5.295	0	0
0.23795	1.2918	3.5216	0.2735	1.0969	5.3112	0.60185	0.89616	4.6843	0	0
0.23795	1.2918	3.5216	0.2735	1.0969	5.3112	-0.40672	1.1238	5.295	0	0
-0.36955	-0.2854	4.3535	-0.40125	-0.59064	5.3859	-0.32761	-0.32944	6.058	0	0
-0.36955	-0.2854	4.3535	0.035852	0.38686	5.6041	-0.32761	-0.32944	6.058	0	0
-0.40125	-0.59064	4.3596	-0.32761	-0.32944	6.058	-0.45215	-0.71554	6.0998	0	0
-0.39075	0.5507	4.3252	0.035852	0.38686	5.6041	0.2735	1.0969	5.3112	0	0
-0.39075	0.5507	4.3252	0.2735	1.0969	5.3112	-0.40672	1.1238	5.295	0	0
0.035852	0.38686	4.5778	0.2735	1.0969	5.3112	0.32645	1.112	6.0266	0	0
0.035852	0.38686	4.5778	-0.32761	-0.32944	6.058	-0.1037	0.50781	6.0765	0	0
0.035852	0.38686	4.5778	0.32645	1.112	6.0266	-0.1037	0.50781	6.0765	0	0
0.2735	1.0969	4.2849	0.60185	0.89616	4.6843	0.32645	1.112	6.0266	0	0
-0.32761	-0.32944	5.0317	-0.45215	-0.71554	6.0998	-0.3167	-0.29826	6.6523	0	0
-0.32761	-0.32944	5.0317	-0.1037	0.50781	6.0765	-0.3167	-0.29826	6.6523	0	0
0.32645	1.112	5.0003	-0.1037	0.50781	6.0765	0.30095	1.1021	6.8031	0	0
-0.45215	-0.71554	5.0735	-0.3167	-0.29826	6.6523	-0.59195	-0.91369	6.7385	0	0
-0.1037	0.50781	5.0502	-0.3167	-0.29826	6.6523	-0.13598	0.39563	6.7364	0	0
-0.1037	0.50781	5.0502	-0.13598	0.39563	6.7364	0.30095	1.1021	6.8031	0	0
-0.3167	-0.29826	5.6259	-0.13598	0.39563	6.7364	-0.42788	-0.25034	7.4039	0	0
-0.3167	-0.29826	5.6259	-0.59195	-0.91369	6.7385	-0.42788	-0.25034	7.4039	0	0
-0.13598	0.39563	5.7101	0.30095	1.1021	6.8031	-0.11615	0.77816	7.5529	0	0
-0.13598	0.39563	5.7101	-0.42788	-0.25034	7.4039	-0.11615	0.77816	7.5529	0	0
-0.59195	-0.91369	5.7121	-0.42788	-0.25034	7.4039	-0.56585	-0.73734	7.548	0	0
-0.59195	-0.91369	5.7121	-0.94701	-1.0701	7.415	-0.56585	-0.73734	7.548	0	0
0.30095	1.1021	5.7767	-0.11615	0.77816	7.5529	0.2734	1.0952	7.5373	0	0
-0.42788	-0.25034	6.3776	-0.56585	-0.73734	7.548	-0.4124	-0.22374	8.0443	0	0
-0.42788	-0.25034	6.3776	-0.54988	0.3956	7.5862	-0.11615	0.77816	7.5529	0	0
-0.42788	-0.25034	6.3776	-0.54988	0.3956	7.5862	-0.4124	-0.22374	8.0443	0	0
-0.94701	-1.0701	6.3887	-0.56585	-0.73734	7.548	-0.62795	-0.78214	8.0021	0	0
-0.94701	-1.0701	6.3887	-0.62795	-0.78214	8.0021	-1.0538	-0.90764	8.1021	0	0
-0.56585	-0.73734	6.5217	-0.4124	-0.22374	8.0443	-0.62795	-0.78214	8.0021	0	0
-0.54988	0.3956	6.5599	-0.11615	0.77816	7.5529	-0.51378	1.1669	7.4114	0	0
-0.54988	0.3956	6.5599	-0.51378	1.1669	7.4114	-0.4791	1.2056	8.0208	0	0
-0.54988	0.3956	6.5599	-0.4124	-0.22374	8.0443	-0.4438	0.46864	8.0486	0	0
-0.54988	0.3956	6.5599	-0.4438	0.46864	8.0486	-0.4791	1.2056	8.0208	0	0
-0.11615	0.77816	6.5266	-0.51378	1.1669	7.4114	0.2734	1.0952	7.5373	0	0
-0.51378	1.1669	6.385	0.2734	1.0952	7.5373	0.026352	1.5502	7.4657	0	0
-0.51378	1.1669	6.385	0.026352	1.5502	7.4657	-0.28695	1.5502	7.7489	0	0
-0.51378	1.1669	6.385	-0.28695	1.5502	7.7489	-0.4791	1.2056	8.0208	0	0
0.2734	1.0952	6.511	-0.4124	-0.22374	8.0443	0.2581	1.0921	8.0847	0	0
0.2734	1.0952	6.511	0.026352	1.5502	7.4657	0.2581	1.0921	8.0847	0	0
-0.4124	-0.22374	7.0179	-0.62795	-0.78214	8.0021	-0.89135	-0.40644	8.3197	0	0
-0.4124	-0.22374	7.0179	-0.4438	0.46864	8.0486	-0.89135	-0.40644	8.3197	0	0
-0.4124	-0.22374	7.0179	0.2581	1.0921	8.0847	0.18565	0.81736	8.7878	0	0
-0.4124	-0.22374	7.0179	0.18565	0.81736	8.7878	-0.4245	-0.22426	8.8192	0	0
-0.62795	-0.78214	6.9758	-1.0538	-0.90764	8.1021	-0.89135	-0.40644	8.3197	0	0
-0.4438	0.46864	7.0223	-0.4791	1.2056	8.0208	-0.46324	0.48506	8.815	0	0
-0.4438	0.46864	7.0223	-0.89135	-0.40644	8.3197	-0.46324	0.48506	8.815	0	0
-1.0538	-0.90764	7.0758	-0.89135	-0.40644	8.3197	-0.54655	-0.74849	8.802	0	0
-1.0538	-0.90764	7.0758	-0.54655	-0.74849	8.802	-0.85995	-1.0273	9.7054	0	0
0.026352	1.5502	6.4394	-0.28695	1.5502	7.7489	-0.034448	1.5586	8.1141	0	0
0.026352	1.5502	6.4394	0.2581	1.0921	8.0847	-0.034448	1.5586	8.1141	0	0
-0.28695	1.5502	6.7226	-0.31265	1.5695	7.8874	-0.4791	1.2056	8.0208	0	0
-0.28695	1.5502	6.7226	-0.31265	1.5695	7.8874	-0.034448	1.5586	8.1141	0	0
0.2581	1.0921	7.0584	-0.034448	1.5586	8.1141	0.038052	1.586	8.4944	0	0
0.2581	1.0921	7.0584	0.038052	1.586	8.4944	0.15865	1.3202	8.8175	0	0
0.2581	1.0921	7.0584	0.18565	0.81736	8.7878	0.15865	1.3202	8.8175	0	0
-0.31265	1.5695	6.8611	-0.4791	1.2056	8.0208	-0.16725	1.5609	8.5345	0	0
-0.31265	1.5695	6.8611	-0.034448	1.5586	8.1141	-0.16725	1.5609	8.5345	0	0
-0.4791	1.2056	6.9945	-0.16725	1.5609	8.5345	-0.43757	1.192	8.8144	0	0
-0.4791	1.2056	6.9945	-0.46324	0.48506	8.815	-0.43757	1.192	8.8144	0	0
-0.89135	-0.40644	7.2934	-0.54655	-0.74849	8.802	-0.4245	-0.22426	8.8192	0	0
-0.89135	-0.40644	7.2934	-0.4245	-0.22426	8.8192	-0.46324	0.48506	8.815	0	0
-0.034448	1.5586	7.0878	0.038052	1.586	8.4944	-0.16725	1.5609	8.5345	0	0
0.038052	1.586	7.4681	-0.16725	1.5609	8.5345	-0.2822	1.5457	9.3801	0	0
0.038052	1.586	7.4681	0.15865	1.3202	8.8175	-0.2822	1.5457	9.3801	0	0
-0.16725	1.5609	7.5082	-0.43757	1.192	8.8144	-0.2822	1.5457	9.3801	0	0
0.18565	0.81736	7.7615	-0.4245	-0.22426	8.8192	0.099852	0.53146	9.6678	0	0
0.18565	0.81736	7.7615	0.15865	1.3202	8.8175	0.1686	1.0787	9.5365	0	0
0.18565	0.81736	7.7615	0.1686	1.0787	9.5365	0.099852	0.53146	9.6678	0	0
-0.54655	-0.74849	7.7756	-0.4245	-0.22426	8.8192	-0.54215	-0.73694	9.5497	0	0
-0.54655	-0.74849	7.7756	-0.54215	-0.73694	9.5497	-0.85995	-1.0273	9.7054	0	0
-0.4245	-0.22426	7.7929	-0.54215	-0.73694	9.5497	-0.40325	-0.23239	9.5557	0	0
-0.4245	-0.22426	7.7929	-0.40325	-0.23239	9.5557	0.099852	0.53146	9.6678	0	0
-0.46324	0.48506	7.7886	-0.43757	1.192	8.8144	-0.50717	0.49754	9.5691	0	0
-0.46324	0.48506	7.7886	-0.40325	-0.23239	9.5557	-0.50717	0.49754	9.5691	0	0
-0.43757	1.192	7.7881	-0.2822	1.5457	9.3801	-0.4315	1.1788	9.5592	0	0
-0.43757	1.192	7.7881	-0.50717	0.49754	9.5691	-0.4315	1.1788	9.5592	0	0
0.15865	1.3202	7.7912	-0.2822	1.5457	9.3801	0.1686	1.0787	9.5365	0	0
-0.54215	-0.73694	8.5234	-0.40325	-0.23239	9.5557	-0.39457	-0.35364	10.274	0	0
-0.54215	-0.73694	8.5234	-0.85995	-1.0273	9.7054	-0.65628	-0.8273	10.225	0	0
-0.54215	-0.73694	8.5234	-0.65628	-0.8273	10.225	-0.39457	-0.35364	10.274	0	0
-0.40325	-0.23239	8.5294	-0.50717	0.49754	9.5691	-0.50472	0.53016	10.263	0	0
-0.40325	-0.23239	8.5294	-0.39457	-0.35364	10.274	-0.50472	0.53016	10.263	0	0
-0.2822	1.5457	8.3537	0.1686	1.0787	9.5365	-0.016698	1.5936	10.331	0	0
-0.2822	1.5457	8.3537	-0.4315	1.1788	9.5592	-0.25145	1.5798	10.313	0	0
-0.2822	1.5457	8.3537	-0.25145	1.5798	10.313	-0.016698	1.5936	10.331	0	0
0.1686	1.0787	8.5102	0.099852	0.53146	9.6678	0.23665	0.83626	10.139	0	0
0.1686	1.0787	8.5102	0.23665	0.83626	10.139	0.10795	1.333	10.31	0	0
0.1686	1.0787	8.5102	-0.016698	1.5936	10.331	0.10795	1.333	10.31	0	0
-0.50717	0.49754	8.5427	-0.4315	1.1788	9.5592	-0.50472	0.53016	10.263	0	0
0.099852	0.53146	8.6415	-0.39457	-0.35364	10.274	0.23665	0.83626	10.139	0	0
-0.65628	-0.8273	9.1986	-0.39457	-0.35364	10.274	-0.42485	-0.68119	11.11	0	0
-0.39457	-0.35364	9.2478	0.23665	0.83626	10.139	0.17135	0.54336	11.136	0	0
-0.39457	-0.35364	9.2478	-0.50472	0.53016	10.263	-0.35848	-0.20897	10.899	0	0
-0.39457	-0.35364	9.2478	-0.35848	-0.20897	10.899	-0.42485	-0.68119	11.11	0	0
-0.4315	1.1788	8.5329	-0.50472	0.53016	10.263	-0.4806	1.1799	10.32	0	0
-0.4315	1.1788	8.5329	-0.4806	1.1799	10.32	-0.25145	1.5798	10.313	0	0
0.23665	0.83626	9.1124	0.10795	1.333	10.31	0.21739	1.0475	10.913	0	0
0.23665	0.83626	9.1124	0.21739	1.0475	10.913	0.17135	0.54336	11.136	0	0
-0.50472	0.53016	9.2364	-0.4806	1.1799	10.32	-0.40839	0.43862	10.972	0	0
-0.50472	0.53016	9.2364	-0.35848	-0.20897	10.899	-0.40839	0.43862	10.972	0	0
-0.4806	1.1799	9.2938	-0.25145	1.5798	10.313	-0.36515	1.6128	11.053	0	0
-0.4806	1.1799	9.2938	-0.36515	1.6128	11.053	-0.52258	1.2767	11.081	0	0
-0.4806	1.1799	9.2938	-0.52258	1.2767	11.081	-0.40839	0.43862	10.972	0	0
-0.35848	-0.20897	9.8729	-0.40839	0.43862	10.972	-0.3805	-0.25454	11.548	0	0
-0.35848	-0.20897	9.8729	-0.42485	-0.68119	11.11	-0.3805	-0.25454	11.548	0	0
-0.25145	1.5798	9.2866	-0.016698	1.5936	10.331	-0.36515	1.6128	11.053	0	0
-0.016698	1.5936	9.3044	0.10795	1.333	10.31	-0.012848	1.6031	11.064	0	0
-0.016698	1.5936	9.3044	-0.012848	1.6031	11.064	-0.36515	1.6128	11.053	0	0
0.10795	1.333	9.284	0.21739	1.0475	10.913	-0.012848	1.6031	11.064	0	0
0.21739	1.0475	9.8871	-0.012848	1.6031	11.064	0.2639	1.1164	11.541	0	0
0.21739	1.0475	9.8871	0.17135	0.54336	11.136	0.2639	1.1164	11.541	0	0
-0.36515	1.6128	10.026	-0.52258	1.2767	11.081	-0.51385	1.2237	11.577	0	0
-0.52258	1.2767	10.054	-0.40839	0.43862	10.972	-0.47425	0.49099	11.542	0	0
-0.52258	1.2767	10.054	-0.47425	0.49099	11.542	-0.51385	1.2237	11.577	0	0
-0.40839	0.43862	9.946	-0.3805	-0.25454	11.548	-0.47425	0.49099	11.542	0	0
0.17135	0.54336	10.11	0.14235	0.54886	11.383	0.2639	1.1164	11.541	0	0
-0.42485	-0.68119	10.083	-0.3805	-0.25454	11.548	-0.73568	-0.83094	11.678	0	0
-0.3805	-0.25454	10.522	-0.73568	-0.83094	11.678	-0.96105	-0.55514	11.959	0	0
-0.3805	-0.25454	10.522	-0.47425	0.49099	11.542	-0.45897	0.4671	12.308	0	0
-0.3805	-0.25454	10.522	-0.96105	-0.55514	11.959	-0.37735	-0.30974	12.377	0	0
-0.3805	-0.25454	10.522	-0.37735	-0.30974	12.377	-0.45897	0.4671	12.308	0	0
-0.73568	-0.83094	10.652	-0.96105	-0.55514	11.959	-0.86515	-0.80664	12.027	0	0
-0.47425	0.49099	10.516	-0.51385	1.2237	11.577	-0.46937	1.2148	12.265	0	0
-0.47425	0.49099	10.516	-0.45897	0.4671	12.308	-0.46937	1.2148	12.265	0	0
-0.96105	-0.55514	10.932	-0.86515	-0.80664	12.027	-0.37735	-0.30974	12.377	0	0
-0.86515	-0.80664	11.001	-0.68505	-0.91876	12.451	-0.37735	-0.30974	12.377	0	0
-0.68505	-0.91876	11.424	-0.37735	-0.30974	12.377	-0.6718	-0.79579	12.916	0	0
-0.37735	-0.30974	11.351	-0.45897	0.4671	12.308	-0.45517	0.47934	13.071	0	0
-0.37735	-0.30974	11.351	-0.6718	-0.79579	12.916	-0.38811	-0.35657	12.961	0	0
-0.37735	-0.30974	11.351	-0.38811	-0.35657	12.961	-0.45517	0.47934	13.071	0	0
-0.45897	0.4671	11.282	-0.46937	1.2148	12.265	-0.3675	1.1734	13.003	0	0
-0.45897	0.4671	11.282	-0.45517	0.47934	13.071	-0.3675	1.1734	13.003	0	0
-0.6718	-0.79579	11.89	-0.38811	-0.35657	12.961	-0.42152	-0.31249	13.655	0	0
-0.6718	-0.79579	11.89	-0.42152	-0.31249	13.655	-0.48425	-0.71459	13.816	0	0
-0.38811	-0.35657	11.934	-0.45517	0.47934	13.071	-0.42152	-0.31249	13.655	0	0
-0.46937	1.2148	11.239	0.3201	1.1734	12.319	0.44915	1.7967	12.608	0	0
-0.46937	1.2148	11.239	-0.3675	1.1734	13.003	0.27305	1.7982	12.942	0	0
-0.46937	1.2148	11.239	0.44915	1.7967	12.608	0.27305	1.7982	12.942	0	0
-0.45517	0.47934	12.045	-0.3675	1.1734	13.003	-0.41085	1.0843	13.778	0	0
-0.45517	0.47934	12.045	-0.42152	-0.31249	13.655	-0.4279	0.48226	13.809	0	0
-0.45517	0.47934	12.045	-0.4279	0.48226	13.809	-0.41085	1.0843	13.778	0	0
-0.3675	1.1734	11.976	0.27305	1.7982	12.942	0.2212	1.1343	13.055	0	0
-0.42152	-0.31249	12.628	-0.48425	-0.71459	13.816	-0.34132	-0.30249	14.365	0	0
-0.42152	-0.31249	12.628	-0.4279	0.48226	13.809	-0.34132	-0.30249	14.365	0	0
-0.48425	-0.71459	12.79	-0.34132	-0.30249	14.365	-0.3805	-0.66844	14.533	0	0
-0.4279	0.48226	12.782	-0.34132	-0.30249	14.365	-0.45917	0.47431	14.571	0	0
-0.4279	0.48226	12.782	-0.41085	1.0843	13.778	-0.43095	1.0746	14.544	0	0
-0.4279	0.48226	12.782	-0.45917	0.47431	14.571	-0.43095	1.0746	14.544	0	0
-0.34132	-0.30249	13.339	-0.3805	-0.66844	14.533	-0.88565	-0.52164	15.158	0	0
-0.34132	-0.30249	13.339	-0.45917	0.47431	14.571	-0.88565	-0.52164	15.158	0	0
-0.3805	-0.66844	13.506	-0.45015	-0.71134	15.077	-0.88565	-0.52164	15.158	0	0
-0.45917	0.47431	13.544	-0.88565	-0.52164	15.158	-0.42075	0.48256	15.058	0	0
-0.45917	0.47431	13.544	-0.43095	1.0746	14.544	-0.42075	0.48256	15.058	0	0
-0.45015	-0.71134	14.05	-0.88565	-0.52164	15.158	-0.96415	-0.59844	15.237	0	0
-0.45015	-0.71134	14.05	-0.96415	-0.59844	15.237	-0.41911	-0.86022	15.823	0	0
-0.88565	-0.52164	14.132	-0.96415	-0.59844	15.237	-0.9813	-0.23194	15.939	0	0
-0.88565	-0.52164	14.132	-0.42075	0.48256	15.058	-0.9813	-0.23194	15.939	0	0
-0.36742	-0.36009	14.155	-0.42075	0.48256	15.058	0.16885	0.67156	15.048	0	0
-0.96415	-0.59844	14.211	-0.41911	-0.86022	15.823	-0.88385	-0.74594	16.35	0	0
-0.96415	-0.59844	14.211	-0.88385	-0.74594	16.35	-0.9813	-0.23194	15.939	0	0
-0.43095	1.0746	13.518	-0.42075	0.48256	15.058	-0.24235	1.0866	15.056	0	0
-0.42075	0.48256	14.032	0.16885	0.67156	15.048	-0.24235	1.0866	15.056	0	0
-0.42075	0.48256	14.032	-0.2845	1.1115	15.833	-0.41087	0.47619	15.805	0	0
-0.42075	0.48256	14.032	-0.41087	0.47619	15.805	-0.9813	-0.23194	15.939	0	0
0.16885	0.67156	14.021	-0.24235	1.0866	15.056	0.038752	1.0985	14.99	0	0
-0.2845	1.1115	14.806	0.086652	1.0978	15.893	-0.40285	1.0613	16.442	0	0
-0.2845	1.1115	14.806	-0.41087	0.47619	15.805	-0.40285	1.0613	16.442	0	0
0.15923	0.66041	14.794	0.086652	1.0978	15.893	0.19095	0.60506	16.561	0	0
0.086652	1.0978	14.867	-0.40285	1.0613	16.442	0.098052	1.2044	16.563	0	0
0.086652	1.0978	14.867	0.098052	1.2044	16.563	0.19095	0.60506	16.561	0	0
-0.41087	0.47619	14.779	-0.33885	0.3976	16.548	-0.40285	1.0613	16.442	0	0
-0.41087	0.47619	14.779	-0.33885	0.3976	16.548	-0.9813	-0.23194	15.939	0	0
-0.41911	-0.86022	14.797	-0.88385	-0.74594	16.35	-0.40575	-0.89959	16.375	0	0
0.0025521	-0.12704	15.073	-0.3584	-0.28179	16.533	-0.13335	-0.68374	16.621	0	0
0.0025521	-0.12704	15.073	-0.3584	-0.28179	16.533	-0.33885	0.3976	16.548	0	0
0.0025521	-0.12704	15.073	-0.13335	-0.68374	16.621	0.14772	-0.31664	17.336	0	0
0.0025521	-0.12704	15.073	-0.33885	0.3976	16.548	0.19095	0.60506	16.561	0	0
0.0025521	-0.12704	15.073	0.19095	0.60506	16.561	0.14772	-0.31664	17.336	0	0
-0.88385	-0.74594	15.324	-0.40575	-0.89959	16.375	-0.62545	-0.83467	17.168	0	0
-0.88385	-0.74594	15.324	-0.3584	-0.28179	16.533	-0.97425	-0.35344	16.392	0	0
-0.88385	-0.74594	15.324	-0.62545	-0.83467	17.168	-0.8889	-0.31899	17.315	0	0
-0.88385	-0.74594	15.324	-0.9813	-0.23194	15.939	-0.97425	-0.35344	16.392	0	0
-0.40575	-0.89959	15.348	-0.13335	-0.68374	16.621	-0.62545	-0.83467	17.168	0	0
-0.3584	-0.28179	15.506	-0.13335	-0.68374	16.621	-0.62545	-0.83467	17.168	0	0
-0.3584	-0.28179	15.506	-0.33885	0.3976	16.548	-0.97425	-0.35344	16.392	0	0
-0.3584	-0.28179	15.506	-0.62545	-0.83467	17.168	-0.42971	-0.24287	17.25	0	0
-0.13335	-0.68374	15.594	0.14772	-0.31664	17.336	0.13693	-0.69866	17.265	0	0
-0.33885	0.3976	15.521	-0.40285	1.0613	16.442	-0.38725	0.43935	17.265	0	0
-0.33885	0.3976	15.521	-0.42971	-0.24287	17.25	-0.38725	0.43935	17.265	0	0
-0.33885	0.3976	15.521	-0.9813	-0.23194	15.939	-0.97425	-0.35344	16.392	0	0
-0.40285	1.0613	15.416	0.098052	1.2044	16.563	-0.15665	1.2386	17.304	0	0
-0.40285	1.0613	15.416	-0.38725	0.43935	17.265	-0.15665	1.2386	17.304	0	0
0.098052	1.2044	15.537	0.19095	0.60506	16.561	0.2491	0.60551	17.313	0	0
0.098052	1.2044	15.537	0.2491	0.60551	17.313	0.062652	1.2484	17.309	0	0
0.098052	1.2044	15.537	-0.15665	1.2386	17.304	0.062652	1.2484	17.309	0	0
-0.62545	-0.83467	16.142	-0.8889	-0.31899	17.315	-0.29075	-0.65094	18.07	0	0
-0.62545	-0.83467	16.142	-0.29075	-0.65094	18.07	0.13693	-0.69866	17.265	0	0
-0.42971	-0.24287	16.224	-0.38725	0.43935	17.265	-0.62165	0.4732	17.91	0	0
-0.42971	-0.24287	16.224	-0.55715	-0.25834	18.062	-0.62165	0.4732	17.91	0	0
-0.42971	-0.24287	16.224	-0.55715	-0.25834	18.062	-0.29075	-0.65094	18.07	0	0
-0.38725	0.43935	16.239	0.2491	0.60551	17.313	-0.15665	1.2386	17.304	0	0
-0.38725	0.43935	16.239	-0.62165	0.4732	17.91	-0.38205	1.0578	18.07	0	0
0.19095	0.60506	15.535	0.2491	0.60551	17.313	0.14772	-0.31664	17.336	0	0
-0.8889	-0.31899	16.288	-0.9936	0.070962	17.954	-0.34635	-0.56554	18.285	0	0
-0.8889	-0.31899	16.288	-0.29075	-0.65094	18.07	-0.34635	-0.56554	18.285	0	0
0.2491	0.60551	16.286	0.062652	1.2484	17.309	0.10355	1.2579	18.077	0	0
0.2491	0.60551	16.286	0.10355	1.2579	18.077	0.21259	0.4143	18.048	0	0
0.2491	0.60551	16.286	0.21259	0.4143	18.048	0.14772	-0.31664	17.336	0	0
-0.15665	1.2386	16.278	0.062652	1.2484	17.309	-0.073448	1.5697	17.597	0	0
0.062652	1.2484	16.282	-0.073448	1.5697	17.597	0.10355	1.2579	18.077	0	0
-0.9936	0.070962	16.928	-0.55715	-0.25834	18.062	-0.62165	0.4732	17.91	0	0
-0.9936	0.070962	16.928	-0.62165	0.4732	17.91	-0.57545	0.52846	18.614	0	0
-0.073448	1.5697	16.57	0.10355	1.2579	18.077	-0.23995	1.5602	18.699	0	0
-0.62165	0.4732	16.884	-0.38205	1.0578	18.07	-0.57545	0.52846	18.614	0	0
-0.38205	1.0578	17.044	-0.57545	0.52846	18.614	-0.45155	1.1916	18.521	0	0
0.10355	1.2579	17.05	0.21259	0.4143	18.048	0.16085	1.0296	18.564	0	0
0.10355	1.2579	17.05	-0.23995	1.5602	18.699	0.16085	1.0296	18.564	0	0
0.022952	-0.076438	17.013	0.21259	0.4143	18.048	0.14772	-0.31664	17.336	0	0
0.022952	-0.076438	17.013	0.21259	0.4143	18.048	0.083602	0.26871	18.527	0	0
0.022952	-0.076438	17.013	-0.29075	-0.65094	18.07	-0.34635	-0.56554	18.285	0	0
0.022952	-0.076438	17.013	-0.29075	-0.65094	18.07	0.14772	-0.31664	17.336	0	0
0.022952	-0.076438	17.013	-0.34635	-0.56554	18.285	-0.33482	-0.38494	18.527	0	0
0.022952	-0.076438	17.013	-0.33482	-0.38494	18.527	0.083602	0.26871	18.527	0	0
0.21259	0.4143	17.022	0.083602	0.26871	18.527	0.16085	1.0296	18.564	0	0
-0.29075	-0.65094	17.044	0.14772	-0.31664	17.336	0.13693	-0.69866	17.265	0	0
-0.34635	-0.56554	17.259	-0.33482	-0.38494	18.527	-0.30967	-0.65984	19.43	0	0
-0.33482	-0.38494	17.501	0.083602	0.26871	18.527	-0.3333	-0.25534	19.303	0	0
-0.33482	-0.38494	17.501	-0.3333	-0.25534	19.303	-0.30967	-0.65984	19.43	0	0
0.083602	0.26871	17.501	0.16085	1.0296	18.564	0.012912	0.41294	19.344	0	0
0.083602	0.26871	17.501	-0.3333	-0.25534	19.303	0.012912	0.41294	19.344	0	0
-0.57545	0.52846	17.588	-0.45155	1.1916	18.521	-0.46765	1.1308	19.26	0	0
-0.57545	0.52846	17.588	-0.3333	-0.25534	19.303	-0.70147	0.45576	19.303	0	0
-0.57545	0.52846	17.588	-0.70147	0.45576	19.303	-0.46765	1.1308	19.26	0	0
-0.45155	1.1916	17.494	-0.23995	1.5602	18.699	-0.46765	1.1308	19.26	0	0
-0.23995	1.5602	17.673	0.16085	1.0296	18.564	0.26243	1.0638	19.343	0	0
-0.23995	1.5602	17.673	-0.46765	1.1308	19.26	-0.2114	1.6082	19.361	0	0
-0.23995	1.5602	17.673	0.26243	1.0638	19.343	-0.015798	1.6102	19.449	0	0
-0.23995	1.5602	17.673	-0.2114	1.6082	19.361	-0.015798	1.6102	19.449	0	0
0.16085	1.0296	17.538	0.012912	0.41294	19.344	0.26243	1.0638	19.343	0	0
-0.3333	-0.25534	18.277	-0.30967	-0.65984	19.43	-0.35305	-0.28614	20.053	0	0
-0.3333	-0.25534	18.277	-0.70147	0.45576	19.303	-0.70195	0.43951	20.061	0	0
-0.3333	-0.25534	18.277	0.012912	0.41294	19.344	-0.35305	-0.28614	20.053	0	0
-0.3333	-0.25534	18.277	-0.70195	0.43951	20.061	-0.10255	0.48991	20.051	0	0
-0.30967	-0.65984	18.403	-0.35305	-0.28614	20.053	-0.2813	-0.69894	20.021	0	0
-0.70147	0.45576	18.277	-0.46765	1.1308	19.26	-0.501	1.2706	20.018	0	0
-0.70147	0.45576	18.277	-0.70195	0.43951	20.061	-0.501	1.2706	20.018	0	0
-0.46765	1.1308	18.234	-0.2114	1.6082	19.361	-0.501	1.2706	20.018	0	0
0.012912	0.41294	18.317	0.26243	1.0638	19.343	0.28835	1.1383	19.911	0	0
0.012912	0.41294	18.317	-0.35305	-0.28614	20.053	-0.10255	0.48991	20.051	0	0
0.012912	0.41294	18.317	-0.10255	0.48991	20.051	0.28835	1.1383	19.911	0	0
0.26243	1.0638	18.316	-0.015798	1.6102	19.449	0.28835	1.1383	19.911	0	0
-0.2114	1.6082	18.335	-0.015798	1.6102	19.449	-0.26135	1.6477	20.091	0	0
-0.2114	1.6082	18.335	-0.501	1.2706	20.018	-0.26135	1.6477	20.091	0	0
-0.015798	1.6102	18.423	0.045752	1.7212	20.087	-0.26135	1.6477	20.091	0	0
-0.015798	1.6102	18.423	0.045752	1.7212	20.087	0.28835	1.1383	19.911	0	0
-0.70195	0.43951	19.035	-0.501	1.2706	20.018	-0.44551	1.2559	20.727	0	0
-0.70195	0.43951	19.035	-0.48658	0.37955	20.803	-0.44551	1.2559	20.727	0	0
-0.70195	0.43951	19.035	-0.48658	0.37955	20.803	-1.3729	0.25606	21.372	0	0
-0.35305	-0.28614	19.026	-0.2813	-0.69894	20.021	-0.30075	-0.65276	20.777	0	0
-0.35305	-0.28614	19.026	-0.10255	0.48991	20.051	-0.38382	-0.26259	20.793	0	0
-0.35305	-0.28614	19.026	-0.30075	-0.65276	20.777	-0.38382	-0.26259	20.793	0	0
-0.10255	0.48991	19.024	0.28835	1.1383	19.911	0.051352	0.73821	20.576	0	0
-0.10255	0.48991	19.024	-0.38382	-0.26259	20.793	0.051352	0.73821	20.576	0	0
-0.501	1.2706	18.992	-0.26135	1.6477	20.091	-0.44551	1.2559	20.727	0	0
0.045752	1.7212	19.061	-0.26135	1.6477	20.091	-0.44551	1.2559	20.727	0	0
0.045752	1.7212	19.061	0.28835	1.1383	19.911	0.58715	1.316	20.14	0	0
0.045752	1.7212	19.061	-0.44551	1.2559	20.727	0.34502	1.172	20.878	0	0
0.045752	1.7212	19.061	0.58715	1.316	20.14	0.34502	1.172	20.878	0	0
0.28835	1.1383	18.885	0.58715	1.316	20.14	0.051352	0.73821	20.576	0	0
-0.30075	-0.65276	19.751	-0.38382	-0.26259	20.793	-0.423	-0.26574	21.556	0	0
-0.30075	-0.65276	19.751	-0.3939	-0.77024	21.538	-0.423	-0.26574	21.556	0	0
-0.38382	-0.26259	19.767	0.051352	0.73821	20.576	0.2381	0.44926	21.314	0	0
-0.38382	-0.26259	19.767	-0.423	-0.26574	21.556	0.2381	0.44926	21.314	0	0
-0.48658	0.37955	19.777	-0.44551	1.2559	20.727	-0.54335	1.2539	21.341	0	0
-0.48658	0.37955	19.777	-0.39635	0.5562	21.475	0.2381	0.44926	21.314	0	0
-0.48658	0.37955	19.777	-0.39635	0.5562	21.475	-1.3729	0.25606	21.372	0	0
-0.44551	1.2559	19.701	0.34502	1.172	20.878	-0.54335	1.2539	21.341	0	0
0.58715	1.316	19.114	0.051352	0.73821	20.576	0.656	1.2231	20.593	0	0
0.051352	0.73821	19.55	0.34502	1.172	20.878	0.656	1.2231	20.593	0	0
0.051352	0.73821	19.55	0.34502	1.172	20.878	0.2381	0.44926	21.314	0	0
-0.3939	-0.77024	20.511	-0.423	-0.26574	21.556	-0.59085	-0.65714	22.028	0	0
0.34502	1.172	19.851	-0.54335	1.2539	21.341	0.95315	1.598	21.969	0	0
0.34502	1.172	19.851	0.656	1.2231	20.593	0.85285	1.191	21.302	0	0
0.34502	1.172	19.851	0.3645	0.98856	21.495	0.85285	1.191	21.302	0	0
0.34502	1.172	19.851	0.3645	0.98856	21.495	0.2381	0.44926	21.314	0	0
-0.54335	1.2539	20.315	-0.25505	1.1246	22.068	0.95315	1.598	21.969	0	0
0.3645	0.98856	20.468	0.19025	1.0859	22.049	0.21475	0.67251	22.012	0	0
0.3645	0.98856	20.468	0.19025	1.0859	22.049	0.95315	1.598	21.969	0	0
0.3645	0.98856	20.468	0.85285	1.191	21.302	0.95315	1.598	21.969	0	0
0.3645	0.98856	20.468	0.21475	0.67251	22.012	0.2381	0.44926	21.314	0	0
-0.39635	0.5562	20.449	-0.423	-0.26574	21.556	-0.415	0.47006	22.041	0	0
-0.39635	0.5562	20.449	-0.423	-0.26574	21.556	-1.105	-0.074787	21.691	0	0
-0.39635	0.5562	20.449	-0.415	0.47006	22.041	0.2381	0.44926	21.314	0	0
-0.39635	0.5562	20.449	-1.105	-0.074787	21.691	-1.3729	0.25606	21.372	0	0
-0.423	-0.26574	20.53	-0.415	0.47006	22.041	-0.35988	-0.3019	22.122	0	0
-0.423	-0.26574	20.53	-0.59085	-0.65714	22.028	-1.105	-0.074787	21.691	0	0
-0.423	-0.26574	20.53	-0.35988	-0.3019	22.122	0.3372	-0.36624	22.18	0	0
-0.423	-0.26574	20.53	0.2381	0.44926	21.314	0.3372	-0.36624	22.18	0	0
-0.415	0.47006	21.015	-0.35988	-0.3019	22.122	-0.47126	0.4628	22.806	0	0
-0.415	0.47006	21.015	-0.25505	1.1246	22.068	0.21475	0.67251	22.012	0	0
-0.415	0.47006	21.015	-0.25505	1.1246	22.068	-0.26585	1.0335	22.716	0	0
-0.415	0.47006	21.015	0.21475	0.67251	22.012	0.2381	0.44926	21.314	0	0
-0.415	0.47006	21.015	-0.47126	0.4628	22.806	-0.26585	1.0335	22.716	0	0
-0.59085	-0.65714	21.002	-0.35988	-0.3019	22.122	-0.6199	-0.31859	22.825	0	0
-0.59085	-0.65714	21.002	-1.105	-0.074787	21.691	-1.1567	-0.12344	22.002	0	0
-0.59085	-0.65714	21.002	-1.1567	-0.12344	22.002	-1.1862	-0.4681	22.686	0	0
-0.59085	-0.65714	21.002	-0.6199	-0.31859	22.825	-1.1862	-0.4681	22.686	0	0
-0.35988	-0.3019	21.095	-0.56622	-0.76911	22.772	0.154	-0.21294	22.793	0	0
-0.35988	-0.3019	21.095	-0.47126	0.4628	22.806	-0.6199	-0.31859	22.825	0	0
-0.35988	-0.3019	21.095	0.154	-0.21294	22.793	0.3372	-0.36624	22.18	0	0
-0.25505	1.1246	21.041	0.19025	1.0859	22.049	0.21475	0.67251	22.012	0	0
-0.25505	1.1246	21.041	0.19025	1.0859	22.049	0.011352	1.0912	22.825	0	0
-0.25505	1.1246	21.041	-0.26585	1.0335	22.716	0.011352	1.0912	22.825	0	0
0.19025	1.0859	21.022	0.95315	1.598	21.969	0.011352	1.0912	22.825	0	0
0.85285	1.191	20.275	0.2381	0.44926	21.314	0.65595	-0.22354	22.245	0	0
-0.56622	-0.76911	21.746	-0.61585	-0.67474	23.591	-0.6199	-0.31859	22.825	0	0
-0.56622	-0.76911	21.746	-0.61585	-0.67474	23.591	-1.0935	-0.92016	22.872	0	0
-0.56622	-0.76911	21.746	-0.6199	-0.31859	22.825	-1.1862	-0.4681	22.686	0	0
-0.56622	-0.76911	21.746	-1.1862	-0.4681	22.686	-1.0935	-0.92016	22.872	0	0
-0.56622	-0.76911	21.746	0.154	-0.21294	22.793	0.3931	-0.63109	22.812	0	0
-0.47126	0.4628	21.78	-0.26585	1.0335	22.716	-0.45125	0.44716	23.551	0	0
-0.47126	0.4628	21.78	-0.6199	-0.31859	22.825	-0.45125	0.44716	23.551	0	0
-0.26585	1.0335	21.69	0.011352	1.0912	22.825	-0.19085	1.1827	23.58	0	0
-0.26585	1.0335	21.69	-0.45125	0.44716	23.551	-0.19085	1.1827	23.58	0	0
-0.61585	-0.67474	22.565	0.059185	-0.32804	23.606	-0.69795	-0.32734	23.565	0	0
-0.61585	-0.67474	22.565	0.059185	-0.32804	23.606	0.34065	-0.69554	23.591	0	0
-0.61585	-0.67474	22.565	-0.6199	-0.31859	22.825	-0.69795	-0.32734	23.565	0	0
-0.61585	-0.67474	22.565	-1.0935	-0.92016	22.872	-1.2522	-1.1001	23.588	0	0
-0.61585	-0.67474	22.565	-1.2522	-1.1001	23.588	-0.88495	-0.79124	24.23	0	0
-0.61585	-0.67474	22.565	-0.65755	-0.88027	24.238	-0.88495	-0.79124	24.23	0	0
-0.61585	-0.67474	22.565	-0.65755	-0.88027	24.238	0.20085	-0.77226	24.295	0	0
-0.61585	-0.67474	22.565	0.20085	-0.77226	24.295	0.34065	-0.69554	23.591	0	0
0.059185	-0.32804	22.58	0.2188	0.55101	23.55	-0.45125	0.44716	23.551	0	0
0.059185	-0.32804	22.58	0.2188	0.55101	23.55	0.25115	-0.20677	24.211	0	0
0.059185	-0.32804	22.58	-0.45125	0.44716	23.551	-0.56201	-0.20524	24.273	0	0
0.059185	-0.32804	22.58	-0.56201	-0.20524	24.273	0.20085	-0.77226	24.295	0	0
0.059185	-0.32804	22.58	0.20085	-0.77226	24.295	0.25115	-0.20677	24.211	0	0
0.059185	-0.32804	22.58	0.34065	-0.69554	23.591	0.3931	-0.63109	22.812	0	0
0.011352	1.0912	21.799	0.036752	1.1831	23.557	-0.19085	1.1827	23.58	0	0
0.2381	0.44926	20.288	0.3372	-0.36624	22.18	0.65595	-0.22354	22.245	0	0
-1.105	-0.074787	20.664	-1.1567	-0.12344	22.002	-1.5789	-0.13094	22.108	0	0
-1.105	-0.074787	20.664	-1.3729	0.25606	21.372	-1.5789	-0.13094	22.108	0	0
-1.1567	-0.12344	20.976	-1.1862	-0.4681	22.686	-1.5789	-0.13094	22.108	0	0
0.2188	0.55101	22.524	0.036752	1.1831	23.557	0.35425	0.57406	24.307	0	0
0.2188	0.55101	22.524	0.35425	0.57406	24.307	0.25115	-0.20677	24.211	0	0
0.2188	0.55101	22.524	0.84775	-0.62624	23.106	0.88052	-0.3274	22.704	0	0
-0.6199	-0.31859	21.799	-0.69795	-0.32734	23.565	-0.45125	0.44716	23.551	0	0
-1.1862	-0.4681	21.66	-1.0935	-0.92016	22.872	-1.7044	-0.7402	22.887	0	0
-1.1862	-0.4681	21.66	-1.5789	-0.13094	22.108	-1.7044	-0.7402	22.887	0	0
-1.0935	-0.92016	21.846	-1.2522	-1.1001	23.588	-1.7044	-0.7402	22.887	0	0
-0.69795	-0.32734	22.539	-0.45125	0.44716	23.551	-0.9193	-0.076787	24.143	0	0
-0.69795	-0.32734	22.539	-0.88495	-0.79124	24.23	-0.9193	-0.076787	24.143	0	0
-0.45125	0.44716	22.525	-0.19085	1.1827	23.58	-0.48988	0.57153	24.206	0	0
-0.45125	0.44716	22.525	-0.48988	0.57153	24.206	-0.9193	-0.076787	24.143	0	0
0.036752	1.1831	22.53	-0.19085	1.1827	23.58	-0.070648	1.5571	24.502	0	0
0.036752	1.1831	22.53	0.35425	0.57406	24.307	0.092302	1.2865	24.319	0	0
0.036752	1.1831	22.53	0.092302	1.2865	24.319	-0.070648	1.5571	24.502	0	0
-1.2522	-1.1001	22.562	-0.88495	-0.79124	24.23	-1.895	-1.1264	23.905	0	0
-1.2522	-1.1001	22.562	-1.7044	-0.7402	22.887	-1.8615	-0.94627	23.51	0	0
-1.2522	-1.1001	22.562	-1.8615	-0.94627	23.51	-1.895	-1.1264	23.905	0	0
-0.65755	-0.88027	23.212	-0.88495	-0.79124	24.23	-0.56235	-0.98259	24.845	0	0
-0.65755	-0.88027	23.212	-0.56235	-0.98259	24.845	0.20085	-0.77226	24.295	0	0
-0.88495	-0.79124	23.204	-0.56235	-0.98259	24.845	-0.90285	-0.61954	24.875	0	0
-0.88495	-0.79124	23.204	-0.90285	-0.61954	24.875	-1.895	-1.1264	23.905	0	0
-0.88495	-0.79124	23.204	-0.9193	-0.076787	24.143	-0.9921	-0.30204	24.834	0	0
-0.19085	1.1827	22.553	-0.48988	0.57153	24.206	-0.22925	1.1973	24.317	0	0
-0.19085	1.1827	22.553	-0.22925	1.1973	24.317	-0.070648	1.5571	24.502	0	0
0.35425	0.57406	23.28	0.092302	1.2865	24.319	0.19245	1.2739	25.036	0	0
0.35425	0.57406	23.28	0.19245	1.2739	25.036	0.66172	0.44816	24.975	0	0
0.35425	0.57406	23.28	0.25115	-0.20677	24.211	0.6572	-0.24529	24.815	0	0
0.35425	0.57406	23.28	0.66172	0.44816	24.975	0.6572	-0.24529	24.815	0	0
-0.56201	-0.20524	23.247	-0.48988	0.57153	24.206	0.17749	-0.20924	24.888	0	0
-0.56201	-0.20524	23.247	-0.60445	-0.36564	25.114	-0.89945	0.26706	24.422	0	0
-0.56201	-0.20524	23.247	0.20085	-0.77226	24.295	0.17749	-0.20924	24.888	0	0
-0.48988	0.57153	23.179	-0.22925	1.1973	24.317	-0.44528	1.1017	24.921	0	0
-0.48988	0.57153	23.179	-0.4588	0.81476	25.072	-0.44528	1.1017	24.921	0	0
-0.48988	0.57153	23.179	-0.4588	0.81476	25.072	-0.89945	0.26706	24.422	0	0
-0.48988	0.57153	23.179	-0.9193	-0.076787	24.143	-0.89945	0.26706	24.422	0	0
-0.48988	0.57153	23.179	0.23865	0.44446	25.084	0.17749	-0.20924	24.888	0	0
-0.56235	-0.98259	23.818	-0.90285	-0.61954	24.875	-0.60445	-0.36564	25.114	0	0
-0.56235	-0.98259	23.818	-0.60445	-0.36564	25.114	0.10852	-0.74714	24.903	0	0
-0.56235	-0.98259	23.818	0.20085	-0.77226	24.295	0.10852	-0.74714	24.903	0	0
-0.90285	-0.61954	23.848	-0.60445	-0.36564	25.114	-0.9921	-0.30204	24.834	0	0
0.092302	1.2865	23.292	-0.070648	1.5571	24.502	0.19245	1.2739	25.036	0	0
-0.22925	1.1973	23.291	-0.070648	1.5571	24.502	-0.44528	1.1017	24.921	0	0
-0.070648	1.5571	23.476	0.19245	1.2739	25.036	-0.018081	1.6022	25.037	0	0
-0.070648	1.5571	23.476	-0.018081	1.6022	25.037	-0.44528	1.1017	24.921	0	0
-0.60445	-0.36564	24.087	-0.42345	-0.73714	25.519	-0.62845	-0.29764	25.565	0	0
-0.60445	-0.36564	24.087	-0.62845	-0.29764	25.565	-0.89475	-0.064838	25.368	0	0
-0.60445	-0.36564	24.087	0.10852	-0.74714	24.903	0.17749	-0.20924	24.888	0	0
-0.60445	-0.36564	24.087	-0.4588	0.81476	25.072	-0.89945	0.26706	24.422	0	0
-0.60445	-0.36564	24.087	-0.9921	-0.30204	24.834	-0.89475	-0.064838	25.368	0	0
-0.60445	-0.36564	24.087	0.10345	0.32781	25.549	0.17749	-0.20924	24.888	0	0
-0.42345	-0.73714	24.492	-0.62845	-0.29764	25.565	-0.1227	-0.41594	26.058	0	0
-0.42345	-0.73714	24.492	0.10852	-0.74714	24.903	0.15392	-0.8914	25.526	0	0
-0.42345	-0.73714	24.492	-0.1227	-0.41594	26.058	0.15392	-0.8914	25.526	0	0
-0.62845	-0.29764	24.539	-0.89475	-0.064838	25.368	-0.53875	-0.15177	26.196	0	0
-0.62845	-0.29764	24.539	-0.4519	0.44011	25.569	-0.1227	-0.41594	26.058	0	0
-0.62845	-0.29764	24.539	-0.53875	-0.15177	26.196	-0.39071	-0.69007	26.436	0	0
0.20085	-0.77226	23.269	0.10852	-0.74714	24.903	0.6572	-0.24529	24.815	0	0
0.20085	-0.77226	23.269	0.25115	-0.20677	24.211	0.6572	-0.24529	24.815	0	0
0.20085	-0.77226	23.269	0.34065	-0.69554	23.591	0.77965	-0.91354	23.662	0	0
0.10852	-0.74714	23.876	0.17749	-0.20924	24.888	0.6572	-0.24529	24.815	0	0
-0.4588	0.81476	24.045	0.23865	0.44446	25.084	0.19245	1.2739	25.036	0	0
-0.4588	0.81476	24.045	0.23865	0.44446	25.084	-0.4519	0.44011	25.569	0	0
-0.4588	0.81476	24.045	0.19245	1.2739	25.036	-0.44528	1.1017	24.921	0	0
-0.4588	0.81476	24.045	-0.4519	0.44011	25.569	-0.5612	1.2395	25.561	0	0
-0.9193	-0.076787	23.116	-0.9921	-0.30204	24.834	-0.89945	0.26706	24.422	0	0
0.23865	0.44446	24.058	0.19245	1.2739	25.036	0.3303	1.0826	25.548	0	0
0.23865	0.44446	24.058	0.10345	0.32781	25.549	-0.4519	0.44011	25.569	0	0
0.23865	0.44446	24.058	0.10345	0.32781	25.549	0.81262	0.58566	25.648	0	0
0.23865	0.44446	24.058	0.17749	-0.20924	24.888	0.66172	0.44816	24.975	0	0
0.23865	0.44446	24.058	0.66172	0.44816	24.975	0.81262	0.58566	25.648	0	0
0.19245	1.2739	24.009	-0.018081	1.6022	25.037	0.075752	1.721	25.588	0	0
0.19245	1.2739	24.009	0.075752	1.721	25.588	0.3303	1.0826	25.548	0	0
0.19245	1.2739	24.009	0.66172	0.44816	24.975	0.81262	0.58566	25.648	0	0
-0.9921	-0.30204	23.807	-0.89475	-0.064838	25.368	-1.0342	0.36408	24.889	0	0
-0.9921	-0.30204	23.807	-0.89945	0.26706	24.422	-1.0342	0.36408	24.889	0	0
-0.89475	-0.064838	24.341	-0.53875	-0.15177	26.196	-1.1659	0.45924	25.541	0	0
-0.89475	-0.064838	24.341	-1.0342	0.36408	24.889	-1.1659	0.45924	25.541	0	0
-0.018081	1.6022	24.011	0.075752	1.721	25.588	-0.20965	1.5844	25.621	0	0
-0.018081	1.6022	24.011	-0.20965	1.5844	25.621	-0.5612	1.2395	25.561	0	0
-0.018081	1.6022	24.011	-0.44528	1.1017	24.921	-0.5612	1.2395	25.561	0	0
0.075752	1.721	24.562	-0.20965	1.5844	25.621	-0.44435	1.6571	26.418	0	0
0.075752	1.721	24.562	0.3303	1.0826	25.548	0.1939	1.1617	26.29	0	0
0.075752	1.721	24.562	-0.44435	1.6571	26.418	0.37085	2.2796	26.511	0	0
-0.20965	1.5844	24.595	-0.5612	1.2395	25.561	-0.44435	1.6571	26.418	0	0
0.10345	0.32781	24.523	-0.4519	0.44011	25.569	0.11317	0.45303	26.287	0	0
0.10345	0.32781	24.523	0.17749	-0.20924	24.888	0.26805	-0.25924	25.715	0	0
0.10345	0.32781	24.523	0.26805	-0.25924	25.715	0.11317	0.45303	26.287	0	0
-0.4519	0.44011	24.542	-0.53875	-0.15177	26.196	-1.1918	0.54756	26.238	0	0
-0.4519	0.44011	24.542	-0.5612	1.2395	25.561	-0.5522	1.2715	26.074	0	0
-0.4519	0.44011	24.542	-0.5522	1.2715	26.074	0.11317	0.45303	26.287	0	0
-0.53875	-0.15177	25.169	-0.39071	-0.69007	26.436	-0.1227	-0.41594	26.058	0	0
-0.53875	-0.15177	25.169	-0.1227	-0.41594	26.058	0.11317	0.45303	26.287	0	0
-0.53875	-0.15177	25.169	0.11317	0.45303	26.287	-1.171	0.66716	27.045	0	0
-0.53875	-0.15177	25.169	-1.1918	0.54756	26.238	-1.171	0.66716	27.045	0	0
-0.44528	1.1017	23.895	-0.5612	1.2395	25.561	-1.0336	0.96496	25.703	0	0
-0.44528	1.1017	23.895	-0.89945	0.26706	24.422	-1.0342	0.36408	24.889	0	0
-0.44528	1.1017	23.895	-1.0342	0.36408	24.889	-1.0336	0.96496	25.703	0	0
-0.5612	1.2395	24.535	-0.5522	1.2715	26.074	-1.0336	0.96496	25.703	0	0
0.3303	1.0826	24.521	0.1939	1.1617	26.29	0.81262	0.58566	25.648	0	0
-0.5522	1.2715	25.047	-0.44435	1.6571	26.418	0.1939	1.1617	26.29	0	0
-0.5522	1.2715	25.047	-0.44435	1.6571	26.418	-1.0762	1.135	26.383	0	0
-0.5522	1.2715	25.047	0.11317	0.45303	26.287	0.1939	1.1617	26.29	0	0
-0.5522	1.2715	25.047	-1.0336	0.96496	25.703	-1.0762	1.135	26.383	0	0
-0.44435	1.6571	25.392	0.1939	1.1617	26.29	0.2694	1.8699	26.383	0	0
-0.44435	1.6571	25.392	0.2694	1.8699	26.383	-0.44275	1.8337	27.102	0	0
-0.44435	1.6571	25.392	-0.44275	1.8337	27.102	-1.1561	1.2942	27.092	0	0
-0.44435	1.6571	25.392	-1.1561	1.2942	27.092	-1.0762	1.135	26.383	0	0
-0.1227	-0.41594	25.032	0.15392	-0.8914	25.526	0.26805	-0.25924	25.715	0	0
-0.1227	-0.41594	25.032	0.26805	-0.25924	25.715	0.11317	0.45303	26.287	0	0
0.34065	-0.69554	22.564	0.77965	-0.91354	23.662	0.84775	-0.62624	23.106	0	0
0.34065	-0.69554	22.564	0.3931	-0.63109	22.812	0.84775	-0.62624	23.106	0	0
0.17749	-0.20924	23.862	0.15392	-0.8914	25.526	0.26805	-0.25924	25.715	0	0
0.17749	-0.20924	23.862	0.66172	0.44816	24.975	0.6572	-0.24529	24.815	0	0
0.154	-0.21294	21.767	0.3931	-0.63109	22.812	0.3372	-0.36624	22.18	0	0
0.11317	0.45303	25.26	0.1939	1.1617	26.29	0.72342	1.0219	26.401	0	0
0.11317	0.45303	25.26	-1.171	0.66716	27.045	-0.29025	1.3411	27.202	0	0
0.11317	0.45303	25.26	-0.29025	1.3411	27.202	0.8639	0.62481	26.575	0	0
0.11317	0.45303	25.26	0.72342	1.0219	26.401	0.8639	0.62481	26.575	0	0
0.1939	1.1617	25.264	0.2694	1.8699	26.383	0.72342	1.0219	26.401	0	0
0.2694	1.8699	25.357	0.37085	2.2796	26.511	0.30568	1.9962	27.098	0	0
0.2694	1.8699	25.357	0.37085	2.2796	26.511	0.72342	1.0219	26.401	0	0
0.2694	1.8699	25.357	-0.44275	1.8337	27.102	0.30568	1.9962	27.098	0	0
0.37085	2.2796	25.485	0.30568	1.9962	27.098	0.44235	2.2929	27.586	0	0
0.37085	2.2796	25.485	0.72342	1.0219	26.401	1.1543	1.0309	27.023	0	0
-1.1918	0.54756	25.212	-1.5835	0.40701	26.386	-1.1659	0.45924	25.541	0	0
-1.1918	0.54756	25.212	-1.5835	0.40701	26.386	-1.6032	0.93386	26.667	0	0
-1.1918	0.54756	25.212	-1.1659	0.45924	25.541	-1.0336	0.96496	25.703	0	0
-1.1918	0.54756	25.212	-1.6032	0.93386	26.667	-1.0762	1.135	26.383	0	0
-1.1918	0.54756	25.212	-1.0336	0.96496	25.703	-1.0762	1.135	26.383	0	0
-1.171	0.66716	26.019	-0.29025	1.3411	27.202	-1.1561	1.2942	27.092	0	0
-0.44275	1.8337	26.075	-0.40083	1.9232	27.751	0.10825	2.1963	27.576	0	0
-0.44275	1.8337	26.075	-0.40083	1.9232	27.751	-1.4209	1.5539	27.532	0	0
-0.44275	1.8337	26.075	0.30568	1.9962	27.098	0.10825	2.1963	27.576	0	0
-0.44275	1.8337	26.075	-1.1561	1.2942	27.092	-1.4209	1.5539	27.532	0	0
-0.29025	1.3411	26.176	-0.40083	1.9232	27.751	-1.3147	1.1609	27.813	0	0
-0.29025	1.3411	26.176	0.30568	1.9962	27.098	1.1543	1.0309	27.023	0	0
-0.29025	1.3411	26.176	-1.3147	1.1609	27.813	-1.1561	1.2942	27.092	0	0
-0.29025	1.3411	26.176	0.8639	0.62481	26.575	1.1543	1.0309	27.023	0	0
-0.40083	1.9232	26.724	-1.3147	1.1609	27.813	-0.71142	1.9394	28.343	0	0
-0.40083	1.9232	26.724	-0.71142	1.9394	28.343	0.11445	2.2429	28.089	0	0
-0.40083	1.9232	26.724	-1.2985	1.9022	28.368	-1.7246	2.1012	28.149	0	0
-0.40083	1.9232	26.724	0.10825	2.1963	27.576	0.11445	2.2429	28.089	0	0
-0.40083	1.9232	26.724	-1.4209	1.5539	27.532	-1.6492	1.7615	27.739	0	0
-0.40083	1.9232	26.724	-1.7246	2.1012	28.149	-1.6492	1.7615	27.739	0	0
0.30568	1.9962	26.072	0.10825	2.1963	27.576	0.44235	2.2929	27.586	0	0
-1.3147	1.1609	26.787	-0.71142	1.9394	28.343	-1.2985	1.9022	28.368	0	0
-1.3147	1.1609	26.787	-1.2985	1.9022	28.368	-1.7044	1.4623	28.538	0	0
-0.71142	1.9394	27.317	-1.2985	1.9022	28.368	-1.1185	2.4661	28.989	0	0
-0.71142	1.9394	27.317	0.11445	2.2429	28.089	-0.72875	2.4381	29.56	0	0
-0.71142	1.9394	27.317	-1.1185	2.4661	28.989	-0.72875	2.4381	29.56	0	0
-1.2985	1.9022	27.342	-1.7246	2.1012	28.149	-1.7316	2.4308	28.501	0	0
-1.2985	1.9022	27.342	-1.7316	2.4308	28.501	-1.1185	2.4661	28.989	0	0
0.3931	-0.63109	21.785	0.3372	-0.36624	22.18	0.65595	-0.22354	22.245	0	0
0.3931	-0.63109	21.785	0.84775	-0.62624	23.106	0.88052	-0.3274	22.704	0	0
0.3931	-0.63109	21.785	0.65595	-0.22354	22.245	0.88052	-0.3274	22.704	0	0
0.72342	1.0219	25.375	0.8639	0.62481	26.575	1.1543	1.0309	27.023	0	0
-1.0342	0.36408	23.863	-1.1659	0.45924	25.541	-1.0336	0.96496	25.703	0	0
-1.1561	1.2942	26.066	-1.4209	1.5539	27.532	-1.7671	1.1124	26.986	0	0
-1.1561	1.2942	26.066	-1.6032	0.93386	26.667	-1.7671	1.1124	26.986	0	0
-1.1561	1.2942	26.066	-1.6032	0.93386	26.667	-1.0762	1.135	26.383	0	0
0.10825	2.1963	26.55	0.44235	2.2929	27.586	0.11445	2.2429	28.089	0	0
-1.4209	1.5539	26.505	-1.7671	1.1124	26.986	-1.6492	1.7615	27.739	0	0
-1.7316	2.4308	27.475	-1.1185	2.4661	28.989	-1.7713	2.7764	28.897	0	0
-1.1185	2.4661	27.962	-1.7713	2.7764	28.897	-1.6864	2.9906	29.15	0	0
-1.1185	2.4661	27.962	-0.72875	2.4381	29.56	-1.1639	2.6667	29.562	0	0
-1.1185	2.4661	27.962	-1.1639	2.6667	29.562	-1.6864	2.9906	29.15	0	0
-1.1639	2.6667	28.535	-1.6947	2.9989	29.58	-1.6864	2.9906	29.15	0	0
-0.41205	2.6872	12.111	-2.26199070482285	10.2311211824722	15.8900504658957	0.190945055165668	2.3127888482413	11.8040327454198	1	1
-2.26199070482285	10.2311211824722	15.8900504658957	-2.00679174764715	13.7715604700248	17.3964032477535	-0.0861581973872543	9.12826119147237	17.3491642846443	1	1
-2.00679174764715	13.7715604700248	17.3964032477535	-2.32008165018356	19.0643145867572	17.4652513180296	-0.211164169657884	12.8779620064999	18.6019305035546	1	1
-2.32008165018356	19.0643145867572	17.4652513180296	-1.97766737603416	22.4938094098756	16.7619225449351	-1.5250754259455	19.3398993798392	19.534124618946	1	1
-1.97766737603416	22.4938094098756	16.7619225449351	-0.196932480579367	27.1606740470875	12.854394593653	-1.59504175952556	23.1889142652822	16.868335361746	1	1
-0.0861581973872543	9.12826119147237	17.3491642846443	0.190945055165668	2.3127888482413	11.8040327454198	-2.26199070482285	10.2311211824722	15.8900504658957	1	1
-0.211164169657884	12.8779620064999	18.6019305035546	-0.0861581973872543	9.12826119147237	17.3491642846443	-2.00679174764715	13.7715604700248	17.3964032477535	1	1
-1.5250754259455	19.3398993798392	19.534124618946	-0.211164169657884	12.8779620064999	18.6019305035546	-2.32008165018356	19.0643145867572	17.4652513180296	1	1
-1.59504175952556	23.1889142652822	16.868335361746	-1.5250754259455	19.3398993798392	19.534124618946	-1.97766737603416	22.4938094098756	16.7619225449351	1	1
-2.26199070482285	10.2311211824722	15.8900504658957	-0.41205	2.6872	12.111	-1.78076755499255	1.96068742564042	12.6164848924079	1	1
-2.00679174764715	13.7715604700248	17.3964032477535	-2.26199070482285	10.2311211824722	15.8900504658957	-3.38166551696839	10.3720210462621	16.2334650745408	1	1
-2.32008165018356	19.0643145867572	17.4652513180296	-2.00679174764715	13.7715604700248	17.3964032477535	-3.99508937037596	13.4008472543353	18.1000797609072	1	1
-1.97766737603416	22.4938094098756	16.7619225449351	-2.32008165018356	19.0643145867572	17.4652513180296	-4.24275607207406	19.6621685368888	18.3032269034258	1	1
-0.196932480579367	27.1606740470875	12.854394593653	-1.97766737603416	22.4938094098756	16.7619225449351	-4.03194694660651	23.2161170136118	16.9062494707457	1	1
-1.78076755499255	1.96068742564042	12.6164848924079	-3.38166551696839	10.3720210462621	16.2334650745408	-2.26199070482285	10.2311211824722	15.8900504658957	1	1
-3.38166551696839	10.3720210462621	16.2334650745408	-3.99508937037596	13.4008472543353	18.1000797609072	-2.00679174764715	13.7715604700248	17.3964032477535	1	1
-3.99508937037596	13.4008472543353	18.1000797609072	-4.24275607207406	19.6621685368888	18.3032269034258	-2.32008165018356	19.0643145867572	17.4652513180296	1	1
-4.24275607207406	19.6621685368888	18.3032269034258	-4.03194694660651	23.2161170136118	16.9062494707457	-1.97766737603416	22.4938094098756	16.7619225449351	1	1
0.12035	-1.5779	16.987	-0.775987334588326	-6.69873685312404	21.22626418284	0.732370663406869	-1.57880528423874	16.2885587637292	2	1
-0.775987334588326	-6.69873685312404	21.22626418284	-1.29360893969742	-10.6632552671743	24.019796745149	0.548468057710222	-6.07641026164056	21.5907018007444	2	1
-1.29360893969742	-10.6632552671743	24.019796745149	-1.12624994346681	-14.3471918751398	25.6557928201357	0.957857260155237	-10.9916124131075	24.1368127510441	2	1
-1.12624994346681	-14.3471918751398	25.6557928201357	-1.80581086374253	-19.1704441915687	28.1882142246807	0.155546508261749	-14.4481209527777	26.6064184129026	2	1
-1.80581086374253	-19.1704441915687	28.1882142246807	-1.97912949150311	-24.36879784569	28.5056997045926	0.409713592789103	-18.8808324637653	27.7774064203136	2	1
-1.97912949150311	-24.36879784569	28.5056997045926	-1.34980768725371	-28.0915938528556	28.6775301900365	0.896817312978317	-24.5491525359792	30.4201376830823	2	1
-1.34980768725371	-28.0915938528556	28.6775301900365	-1.02520384828243	-31.4549038494631	27.6196663344551	1.30963833846242	-28.726036971535	29.8394036450492	2	1
-1.02520384828243	-31.4549038494631	27.6196663344551	-0.532876475720431	-33.2262134401727	22.2523012842572	0.915454493068994	-31.1790105555996	27.950111329945	2	1
0.548468057710222	-6.07641026164056	21.5907018007444	0.732370663406869	-1.57880528423874	16.2885587637292	-0.775987334588326	-6.69873685312404	21.22626418284	2	1
0.957857260155237	-10.9916124131075	24.1368127510441	0.548468057710222	-6.07641026164056	21.5907018007444	-1.29360893969742	-10.6632552671743	24.019796745149	2	1
0.155546508261749	-14.4481209527777	26.6064184129026	0.957857260155237	-10.9916124131075	24.1368127510441	-1.12624994346681	-14.3471918751398	25.6557928201357	2	1
0.409713592789103	-18.8808324637653	27.7774064203136	0.155546508261749	-14.4481209527777	26.6064184129026	-1.80581086374253	-19.1704441915687	28.1882142246807	2	1
0.896817312978317	-24.5491525359792	30.4201376830823	0.409713592789103	-18.8808324637653	27.7774064203136	-1.97912949150311	-24.36879784569	28.5056997045926	2	1
1.30963833846242	-28.726036971535	29.8394036450492	0.896817312978317	-24.5491525359792	30.4201376830823	-1.34980768725371	-28.0915938528556	28.6775301900365	2	1
0.915454493068994	-31.1790105555996	27.950111329945	1.30963833846242	-28.726036971535	29.8394036450492	-1.02520384828243	-31.4549038494631	27.6196663344551	2	1
-0.775987334588326	-6.69873685312404	21.22626418284	0.12035	-1.5779	16.987	-1.30320299462475	-1.5107111260938	16.2696961458223	2	1
-1.29360893969742	-10.6632552671743	24.019796745149	-0.775987334588326	-6.69873685312404	21.22626418284	-2.0157123355649	-6.23105554122985	22.0527309798491	2	1
-1.12624994346681	-14.3471918751398	25.6557928201357	-1.29360893969742	-10.6632552671743	24.019796745149	-1.88853130969508	-10.7737687078079	24.5872808181552	2	1
-1.80581086374253	-19.1704441915687	28.1882142246807	-1.12624994346681	-14.3471918751398	25.6557928201357	-3.07723780742392	-12.8383358855331	28.1495313148099	2	1
-1.97912949150311	-24.36879784569	28.5056997045926	-1.80581086374253	-19.1704441915687	28.1882142246807	-2.58983711612926	-19.6274747818341	27.598032799075	2	1
-1.34980768725371	-28.0915938528556	28.6775301900365	-1.97912949150311	-24.36879784569	28.5056997045926	-2.90591948195359	-24.0713060417497	28.4283013829754	2	1
-1.02520384828243	-31.4549038494631	27.6196663344551	-1.34980768725371	-28.0915938528556	28.6775301900365	-1.49984395190024	-29.0241693634123	30.1085655796761	2	1
-1.30320299462475	-1.5107111260938	16.2696961458223	-2.0157123355649	-6.23105554122985	22.0527309798491	-0.775987334588326	-6.69873685312404	21.22626418284	2	1
-2.0157123355649	-6.23105554122985	22.0527309798491	-1.88853130969508	-10.7737687078079	24.5872808181552	-1.29360893969742	-10.6632552671743	24.019796745149	2	1
-1.88853130969508	-10.7737687078079	24.5872808181552	-3.07723780742392	-12.8383358855331	28.1495313148099	-1.12624994346681	-14.3471918751398	25.6557928201357	2	1
-3.07723780742392	-12.8383358855331	28.1495313148099	-2.58983711612926	-19.6274747818341	27.598032799075	-1.80581086374253	-19.1704441915687	28.1882142246807	2	1
-2.58983711612926	-19.6274747818341	27.598032799075	-2.90591948195359	-24.0713060417497	28.4283013829754	-1.97912949150311	-24.36879784569	28.5056997045926	2	1
-2.90591948195359	-24.0713060417497	28.4283013829754	-1.49984395190024	-29.0241693634123	30.1085655796761	-1.34980768725371	-28.0915938528556	28.6775301900365	2	1
0.0037021	2.3981	21.682	0.506555110253681	6.32106839252906	26.1562540949795	1.07539237774413	1.85054617471054	21.5656834351263	3	2
0.506555110253681	6.32106839252906	26.1562540949795	0.857472498109624	9.99359385122562	30.3179507303226	1.2932594777588	6.48384830355875	26.3486594709791	3	2
0.857472498109624	9.99359385122562	30.3179507303226	1.26706562006659	13.5101330259753	32.7887207417556	2.66539534271086	9.0630650448634	30.7262391835013	3	2
1.26706562006659	13.5101330259753	32.7887207417556	1.9214021984996	17.7155957937125	34.95215613744	2.74025750053924	13.3593024910386	32.7766628381169	3	2
1.9214021984996	17.7155957937125	34.95215613744	2.24251903147439	21.3518381138812	35.8572219795726	4.02272932570723	17.0998192313621	36.0874273031627	3	2
2.24251903147439	21.3518381138812	35.8572219795726	3.01272102715326	25.1970084349873	36.5248230936646	4.14258851411733	20.806945464456	36.1646339535285	3	2
3.01272102715326	25.1970084349873	36.5248230936646	4.14046640340754	30.5431742461127	35.5108875058235	5.01326582858092	24.9096433713029	36.5221198263026	3	2
4.14046640340754	30.5431742461127	35.5108875058235	4.73176488510827	33.544884250259	33.8166441211392	6.18007918612385	30.5383782239264	34.8953540910104	3	2
4.73176488510827	33.544884250259	33.8166441211392	6.00001825964528	36.3773145176385	31.6999097853267	7.5917017665504	33.9400771897456	33.8884484716129	3	2
6.00001825964528	36.3773145176385	31.6999097853267	5.69587863407211	38.9146714654737	29.3341475809982	7.23938063677418	36.6509250983529	31.8760665004373	3	2
5.69587863407211	38.9146714654737	29.3341475809982	5.54444272024173	42.9805697140665	24.1884267028227	7.86338322554161	38.8998797803655	29.2224849551545	3	2
1.2932594777588	6.48384830355875	26.3486594709791	1.07539237774413	1.85054617471054	21.5656834351263	0.506555110253681	6.32106839252906	26.1562540949795	3	2
2.66539534271086	9.0630650448634	30.7262391835013	1.2932594777588	6.48384830355875	26.3486594709791	0.857472498109624	9.99359385122562	30.3179507303226	3	2
2.74025750053924	13.3593024910386	32.7766628381169	2.66539534271086	9.0630650448634	30.7262391835013	1.26706562006659	13.5101330259753	32.7887207417556	3	2
4.02272932570723	17.0998192313621	36.0874273031627	2.74025750053924	13.3593024910386	32.7766628381169	1.9214021984996	17.7155957937125	34.95215613744	3	2
4.14258851411733	20.806945464456	36.1646339535285	4.02272932570723	17.0998192313621	36.0874273031627	2.24251903147439	21.3518381138812	35.8572219795726	3	2
5.01326582858092	24.9096433713029	36.5221198263026	4.14258851411733	20.806945464456	36.1646339535285	3.01272102715326	25.1970084349873	36.5248230936646	3	2
6.18007918612385	30.5383782239264	34.8953540910104	5.01326582858092	24.9096433713029	36.5221198263026	4.14046640340754	30.5431742461127	35.5108875058235	3	2
7.5917017665504	33.9400771897456	33.8884484716129	6.18007918612385	30.5383782239264	34.8953540910104	4.73176488510827	33.544884250259	33.8166441211392	3	2
7.23938063677418	36.6509250983529	31.8760665004373	7.5917017665504	33.9400771897456	33.8884484716129	6.00001825964528	36.3773145176385	31.6999097853267	3	2
7.86338322554161	38.8998797803655	29.2224849551545	7.23938063677418	36.6509250983529	31.8760665004373	5.69587863407211	38.9146714654737	29.3341475809982	3	2
0.506555110253681	6.32106839252906	26.1562540949795	0.0037021	2.3981	21.682	-1.46295230854117	1.94218361434798	21.9220799043343	3	2
0.857472498109624	9.99359385122562	30.3179507303226	0.506555110253681	6.32106839252906	26.1562540949795	-1.13794154988459	6.32626569878665	26.0804648292374	3	2
1.26706562006659	13.5101330259753	32.7887207417556	0.857472498109624	9.99359385122562	30.3179507303226	-1.8208118133418	9.52134677482522	30.4448971692819	3	2
1.9214021984996	17.7155957937125	34.95215613744	1.26706562006659	13.5101330259753	32.7887207417556	-0.783617221591623	13.5466638607704	32.1133846839016	3	2
2.24251903147439	21.3518381138812	35.8572219795726	1.9214021984996	17.7155957937125	34.95215613744	-0.996983793600298	16.6306377543494	36.9418265257045	3	2
3.01272102715326	25.1970084349873	36.5248230936646	2.24251903147439	21.3518381138812	35.8572219795726	-0.754355867187935	21.785953616763	34.7543535685981	3	2
4.14046640340754	30.5431742461127	35.5108875058235	3.01272102715326	25.1970084349873	36.5248230936646	0.478705822820378	25.2480591552582	36.2617258290083	3	2
4.73176488510827	33.544884250259	33.8166441211392	4.14046640340754	30.5431742461127	35.5108875058235	2.84139446974995	30.1074176732563	35.1399185578028	3	2
6.00001825964528	36.3773145176385	31.6999097853267	4.73176488510827	33.544884250259	33.8166441211392	3.84166392055353	34.5651090664267	34.2770733636666	3	2
5.69587863407211	38.9146714654737	29.3341475809982	6.00001825964528	36.3773145176385	31.6999097853267	4.57579867369134	37.0203755475329	32.1974548815907	3	2
5.54444272024173	42.9805697140665	24.1884267028227	5.69587863407211	38.9146714654737	29.3341475809982	5.22626264724956	40.362311283943	30.3642381696858	3	2
-1.46295230854117	1.94218361434798	21.9220799043343	-1.13794154988459	6.32626569878665	26.0804648292374	0.506555110253681	6.32106839252906	26.1562540949795	3	2
-1.13794154988459	6.32626569878665	26.0804648292374	-1.8208118133418	9.52134677482522	30.4448971692819	0.857472498109624	9.99359385122562	30.3179507303226	3	2
-1.8208118133418	9.52134677482522	30.4448971692819	-0.783617221591623	13.5466638607704	32.1133846839016	1.26706562006659	13.5101330259753	32.7887207417556	3	2
-0.783617221591623	13.5466638607704	32.1133846839016	-0.996983793600298	16.6306377543494	36.9418265257045	1.9214021984996	17.7155957937125	34.95215613744	3	2
-0.996983793600298	16.6306377543494	36.9418265257045	-0.754355867187935	21.785953616763	34.7543535685981	2.24251903147439	21.3518381138812	35.8572219795726	3	2
-0.754355867187935	21.785953616763	34.7543535685981	0.478705822820378	25.2480591552582	36.2617258290083	3.01272102715326	25.1970084349873	36.5248230936646	3	2
0.478705822820378	25.2480591552582	36.2617258290083	2.84139446974995	30.1074176732563	35.1399185578028	4.14046640340754	30.5431742461127	35.5108875058235	3	2
2.84139446974995	30.1074176732563	35.1399185578028	3.84166392055353	34.5651090664267	34.2770733636666	4.73176488510827	33.544884250259	33.8166441211392	3	2
3.84166392055353	34.5651090664267	34.2770733636666	4.57579867369134	37.0203755475329	32.1974548815907	6.00001825964528	36.3773145176385	31.6999097853267	3	2
4.57579867369134	37.0203755475329	32.1974548815907	5.22626264724956	40.362311283943	30.3642381696858	5.69587863407211	38.9146714654737	29.3341475809982	3	2
0.23953	-1.8413	25.174	1.01301541555718	-4.46994181568676	28.7387205833197	1.00307963031886	-2.60414667284999	25.1303979511763	4	2
1.01301541555718	-4.46994181568676	28.7387205833197	1.90040310442688	-7.22739137825712	32.693850658554	1.6177502157471	-3.90686932247004	29.2251266393285	4	2
1.90040310442688	-7.22739137825712	32.693850658554	3.04382198535289	-10.140733660132	36.2957362274446	2.5484212861244	-5.2547929216585	33.4853684317052	4	2
3.04382198535289	-10.140733660132	36.2957362274446	4.12474727924022	-13.4048030134857	38.7550387740077	4.36675670462921	-10.1780713642628	36.774327320533	4	2
4.12474727924022	-13.4048030134857	38.7550387740077	4.6636253762824	-17.5014914225637	41.8450792649162	4.36572609947383	-13.3555139550505	39.1639646926255	4	2
4.6636253762824	-17.5014914225637	41.8450792649162	6.1537390430176	-21.169449666751	43.4928635557467	6.76104822804363	-16.8898962683128	43.3773840610343	4	2
6.1537390430176	-21.169449666751	43.4928635557467	7.7755427922669	-24.4428767798493	45.08133116453	6.7975034528262	-20.8615480569794	43.9872428366271	4	2
7.7755427922669	-24.4428767798493	45.08133116453	9.73499418556039	-28.1404639929364	45.5502425942635	10.2509541205494	-24.1558067453845	45.9714812143098	4	2
9.73499418556039	-28.1404639929364	45.5502425942635	11.9038883894703	-31.8230224058571	44.8837346590719	12.8142390423574	-28.2392511175816	45.5213882030282	4	2
11.9038883894703	-31.8230224058571	44.8837346590719	14.1625988408884	-35.7634890980252	44.3447426882894	13.9520319414029	-32.1445103624859	43.884821507482	4	2
14.1625988408884	-35.7634890980252	44.3447426882894	16.8081326215086	-40.6556351901656	43.6229091695663	15.515177009193	-35.3773280443475	45.6265589540812	4	2
1.6177502157471	-3.90686932247004	29.2251266393285	1.00307963031886	-2.60414667284999	25.1303979511763	1.01301541555718	-4.46994181568676	28.7387205833197	4	2
2.5484212861244	-5.2547929216585	33.4853684317052	1.6177502157471	-3.90686932247004	29.2251266393285	1.90040310442688	-7.22739137825712	32.693850658554	4	2
4.36675670462921	-10.1780713642628	36.774327320533	2.5484212861244	-5.2547929216585	33.4853684317052	3.04382198535289	-10.140733660132	36.2957362274446	4	2
4.36572609947383	-13.3555139550505	39.1639646926255	4.36675670462921	-10.1780713642628	36.774327320533	4.12474727924022	-13.4048030134857	38.7550387740077	4	2
6.76104822804363	-16.8898962683128	43.3773840610343	4.36572609947383	-13.3555139550505	39.1639646926255	4.6636253762824	-17.5014914225637	41.8450792649162	4	2
6.7975034528262	-20.8615480569794	43.9872428366271	6.76104822804363	-16.8898962683128	43.3773840610343	6.1537390430176	-21.169449666751	43.4928635557467	4	2
10.2509541205494	-24.1558067453845	45.9714812143098	6.7975034528262	-20.8615480569794	43.9872428366271	7.7755427922669	-24.4428767798493	45.08133116453	4	2
12.8142390423574	-28.2392511175816	45.5213882030282	10.2509541205494	-24.1558067453845	45.9714812143098	9.73499418556039	-28.1404639929364	45.5502425942635	4	2
13.9520319414029	-32.1445103624859	43.884821507482	12.8142390423574	-28.2392511175816	45.5213882030282	11.9038883894703	-31.8230224058571	44.8837346590719	4	2
15.515177009193	-35.3773280443475	45.6265589540812	13.9520319414029	-32.1445103624859	43.884821507482	14.1625988408884	-35.7634890980252	44.3447426882894	4	2
1.01301541555718	-4.46994181568676	28.7387205833197	0.23953	-1.8413	25.174	-1.71274782746644	-2.02821961767656	25.0072364853735	4	2
1.90040310442688	-7.22739137825712	32.693850658554	1.01301541555718	-4.46994181568676	28.7387205833197	-1.09820270303498	-3.97387613764456	28.9996481044759	4	2
3.04382198535289	-10.140733660132	36.2957362274446	1.90040310442688	-7.22739137825712	32.693850658554	-1.41535802531786	-6.7736607854512	32.8897825079964	4	2
4.12474727924022	-13.4048030134857	38.7550387740077	3.04382198535289	-10.140733660132	36.2957362274446	-0.0998008475293919	-10.7635326720354	35.4349446743649	4	2
4.6636253762824	-17.5014914225637	41.8450792649162	4.12474727924022	-13.4048030134857	38.7550387740077	-0.0443075923161136	-12.0637959573142	39.8023025197999	4	2
6.1537390430176	-21.169449666751	43.4928635557467	4.6636253762824	-17.5014914225637	41.8450792649162	1.99965167990292	-17.2640291405059	41.4685043725001	4	2
7.7755427922669	-24.4428767798493	45.08133116453	6.1537390430176	-21.169449666751	43.4928635557467	5.00010407639349	-20.7138167314762	43.6198762798144	4	2
9.73499418556039	-28.1404639929364	45.5502425942635	7.7755427922669	-24.4428767798493	45.08133116453	7.01216468917842	-24.3248372166353	44.4922337674544	4	2
11.9038883894703	-31.8230224058571	44.8837346590719	9.73499418556039	-28.1404639929364	45.5502425942635	7.94324420769181	-27.8434282170194	45.6187460586526	4	2
14.1625988408884	-35.7634890980252	44.3447426882894	11.9038883894703	-31.8230224058571	44.8837346590719	10.6118633016	-31.6491539822623	45.0202307527538	4	2
16.8081326215086	-40.6556351901656	43.6229091695663	14.1625988408884	-35.7634890980252	44.3447426882894	13.3260797411318	-35.5214786882102	44.1450209887084	4	2
-1.71274782746644	-2.02821961767656	25.0072364853735	-1.09820270303498	-3.97387613764456	28.9996481044759	1.01301541555718	-4.46994181568676	28.7387205833197	4	2
-1.09820270303498	-3.97387613764456	28.9996481044759	-1.41535802531786	-6.7736607854512	32.8897825079964	1.90040310442688	-7.22739137825712	32.693850658554	4	2
-1.41535802531786	-6.7736607854512	32.8897825079964	-0.0998008475293919	-10.7635326720354	35.4349446743649	3.04382198535289	-10.140733660132	36.2957362274446	4	2
-0.0998008475293919	-10.7635326720354	35.4349446743649	-0.0443075923161136	-12.0637959573142	39.8023025197999	4.12474727924022	-13.4048030134857	38.7550387740077	4	2
-0.0443075923161136	-12.0637959573142	39.8023025197999	1.99965167990292	-17.2640291405059	41.4685043725001	4.6636253762824	-17.5014914225637	41.8450792649162	4	2
1.99965167990292	-17.2640291405059	41.4685043725001	5.00010407639349	-20.7138167314762	43.6198762798144	6.1537390430176	-21.169449666751	43.4928635557467	4	2
5.00010407639349	-20.7138167314762	43.6198762798144	7.01216468917842	-24.3248372166353	44.4922337674544	7.7755427922669	-24.4428767798493	45.08133116453	4	2
7.01216468917842	-24.3248372166353	44.4922337674544	7.94324420769181	-27.8434282170194	45.6187460586526	9.73499418556039	-28.1404639929364	45.5502425942635	4	2
7.94324420769181	-27.8434282170194	45.6187460586526	10.6118633016	-31.6491539822623	45.0202307527538	11.9038883894703	-31.8230224058571	44.8837346590719	4	2
10.6118633016	-31.6491539822623	45.0202307527538	13.3260797411318	-35.5214786882102	44.1450209887084	14.1625988408884	-35.7634890980252	44.3447426882894	4	2
-0.096448	-0.21984	26.534	-0.808713937965137	1.72710155071582	29.6397379607454	0.804375317402108	1.05629040756467	25.8278871577308	5	2
-0.808713937965137	1.72710155071582	29.6397379607454	-1.38242791830252	4.63183120075364	33.2728017613077	2.16058516303259	3.1297877994891	28.6658970362015	5	2
-1.38242791830252	4.63183120075364	33.2728017613077	-2.21324898046553	7.80725403588196	36.8593225922541	0.311779217603926	4.37355603760383	33.0985377568673	5	2
-2.21324898046553	7.80725403588196	36.8593225922541	-3.02084611009917	10.5056530496202	39.3818026989872	-1.17432994665178	7.94119944500031	37.322876305383	5	2
-3.02084611009917	10.5056530496202	39.3818026989872	-3.87839694692176	13.7034082492822	41.9976433793994	0.156839127599558	11.1746304542112	39.226824770371	5	2
-3.87839694692176	13.7034082492822	41.9976433793994	-5.80518386282161	19.262467603574	44.4268221554834	-0.62880054539811	13.5200698354801	41.863273309335	5	2
-5.80518386282161	19.262467603574	44.4268221554834	-7.38882076539547	22.3105603903478	45.1823804682723	-3.81146118770327	18.5934194877879	45.2184666486002	5	2
2.16058516303259	3.1297877994891	28.6658970362015	0.804375317402108	1.05629040756467	25.8278871577308	-0.808713937965137	1.72710155071582	29.6397379607454	5	2
0.311779217603926	4.37355603760383	33.0985377568673	2.16058516303259	3.1297877994891	28.6658970362015	-1.38242791830252	4.63183120075364	33.2728017613077	5	2
-1.17432994665178	7.94119944500031	37.322876305383	0.311779217603926	4.37355603760383	33.0985377568673	-2.21324898046553	7.80725403588196	36.8593225922541	5	2
0.156839127599558	11.1746304542112	39.226824770371	-1.17432994665178	7.94119944500031	37.322876305383	-3.02084611009917	10.5056530496202	39.3818026989872	5	2
-0.62880054539811	13.5200698354801	41.863273309335	0.156839127599558	11.1746304542112	39.226824770371	-3.87839694692176	13.7034082492822	41.9976433793994	5	2
-3.81146118770327	18.5934194877879	45.2184666486002	-0.62880054539811	13.5200698354801	41.863273309335	-5.80518386282161	19.262467603574	44.4268221554834	5	2
-0.808713937965137	1.72710155071582	29.6397379607454	-0.096448	-0.21984	26.534	-1.21888027523057	0.39363814889099	26.3911218184676	5	2
-1.38242791830252	4.63183120075364	33.2728017613077	-0.808713937965137	1.72710155071582	29.6397379607454	-2.84267994353131	-0.200818547873062	30.5877932846892	5	2
-2.21324898046553	7.80725403588196	36.8593225922541	-1.38242791830252	4.63183120075364	33.2728017613077	-3.90770640191929	3.42237964760913	34.2600614691752	5	2
-3.02084611009917	10.5056530496202	39.3818026989872	-2.21324898046553	7.80725403588196	36.8593225922541	-4.76842170980038	6.62829640611856	37.5699355674284	5	2
-3.87839694692176	13.7034082492822	41.9976433793994	-3.02084611009917	10.5056530496202	39.3818026989872	-4.78076829350825	8.67646644453327	41.0696532854181	5	2
-5.80518386282161	19.262467603574	44.4268221554834	-3.87839694692176	13.7034082492822	41.9976433793994	-4.93901079117379	12.7784266381322	43.5769865664285	5	2
-7.38882076539547	22.3105603903478	45.1823804682723	-5.80518386282161	19.262467603574	44.4268221554834	-6.44937959437585	19.0352127816457	44.3706019157328	5	2
-1.21888027523057	0.39363814889099	26.3911218184676	-2.84267994353131	-0.200818547873062	30.5877932846892	-0.808713937965137	1.72710155071582	29.6397379607454	5	2
-2.84267994353131	-0.200818547873062	30.5877932846892	-3.90770640191929	3.42237964760913	34.2600614691752	-1.38242791830252	4.63183120075364	33.2728017613077	5	2
-3.90770640191929	3.42237964760913	34.2600614691752	-4.76842170980038	6.62829640611856	37.5699355674284	-2.21324898046553	7.80725403588196	36.8593225922541	5	2
-4.76842170980038	6.62829640611856	37.5699355674284	-4.78076829350825	8.67646644453327	41.0696532854181	-3.02084611009917	10.5056530496202	39.3818026989872	5	2
-4.78076829350825	8.67646644453327	41.0696532854181	-4.93901079117379	12.7784266381322	43.5769865664285	-3.87839694692176	13.7034082492822	41.9976433793994	5	2
-4.93901079117379	12.7784266381322	43.5769865664285	-6.44937959437585	19.0352127816457	44.3706019157328	-5.80518386282161	19.262467603574	44.4268221554834	5	2
0.66812	-1.503	30.237	0.595852437271896	-3.19618530857766	34.3735593152515	2.00966790150858	-0.967869733475261	30.6766270558179	6	2
0.595852437271896	-3.19618530857766	34.3735593152515	0.361692598907399	-5.16244287502881	38.2913146607741	2.0114871607676	-4.2112911196512	33.8124954223142	6	2
0.361692598907399	-5.16244287502881	38.2913146607741	0.42700705657932	-7.67439320152844	41.5554844439988	2.23430993762818	-5.44319829255187	38.5553045453412	6	2
0.42700705657932	-7.67439320152844	41.5554844439988	0.997580236918467	-11.2355344536368	44.6575657708518	1.96724321086848	-5.58069635048751	43.4053185811479	6	2
0.997580236918467	-11.2355344536368	44.6575657708518	1.8759331002468	-14.9642734912565	47.1737516556413	2.26257564341538	-9.52467232256199	47.3935690329105	6	2
1.8759331002468	-14.9642734912565	47.1737516556413	3.73437652967709	-18.889677637303	49.5594752187995	3.97377448431523	-14.0082877916404	48.762996089144	6	2
3.73437652967709	-18.889677637303	49.5594752187995	5.31722063455836	-22.4043709906499	49.8264060367681	5.25118801427233	-18.7108617825282	50.9356931558579	6	2
5.31722063455836	-22.4043709906499	49.8264060367681	10.7726916342498	-28.485636910071	49.1996723781747	7.53010235695156	-22.6211636648106	52.2516352587445	6	2
10.7726916342498	-28.485636910071	49.1996723781747	12.0824783587571	-29.995904900329	48.8085543219483	11.273383138443	-29.3488920071373	50.4990182347571	6	2
2.0114871607676	-4.2112911196512	33.8124954223142	2.00966790150858	-0.967869733475261	30.6766270558179	0.595852437271896	-3.19618530857766	34.3735593152515	6	2
2.23430993762818	-5.44319829255187	38.5553045453412	2.0114871607676	-4.2112911196512	33.8124954223142	0.361692598907399	-5.16244287502881	38.2913146607741	6	2
1.96724321086848	-5.58069635048751	43.4053185811479	2.23430993762818	-5.44319829255187	38.5553045453412	0.42700705657932	-7.67439320152844	41.5554844439988	6	2
2.26257564341538	-9.52467232256199	47.3935690329105	1.96724321086848	-5.58069635048751	43.4053185811479	0.997580236918467	-11.2355344536368	44.6575657708518	6	2
3.97377448431523	-14.0082877916404	48.762996089144	2.26257564341538	-9.52467232256199	47.3935690329105	1.8759331002468	-14.9642734912565	47.1737516556413	6	2
5.25118801427233	-18.7108617825282	50.9356931558579	3.97377448431523	-14.0082877916404	48.762996089144	3.73437652967709	-18.889677637303	49.5594752187995	6	2
7.53010235695156	-22.6211636648106	52.2516352587445	5.25118801427233	-18.7108617825282	50.9356931558579	5.31722063455836	-22.4043709906499	49.8264060367681	6	2
11.273383138443	-29.3488920071373	50.4990182347571	7.53010235695156	-22.6211636648106	52.2516352587445	10.7726916342498	-28.485636910071	49.1996723781747	6	2
0.595852437271896	-3.19618530857766	34.3735593152515	0.66812	-1.503	30.237	-2.94107334525484	-1.20318500730988	30.6599813508021	6	2
0.361692598907399	-5.16244287502881	38.2913146607741	0.595852437271896	-3.19618530857766	34.3735593152515	-1.44228090132986	-2.54626997138289	34.7086031162075	6	2
0.42700705657932	-7.67439320152844	41.5554844439988	0.361692598907399	-5.16244287502881	38.2913146607741	-2.93277167308753	-5.06845125423199	38.4496961390754	6	2
0.997580236918467	-11.2355344536368	44.6575657708518	0.42700705657932	-7.67439320152844	41.5554844439988	-3.51484666982668	-7.78784839264567	40.890980381387	6	2
1.8759331002468	-14.9642734912565	47.1737516556413	0.997580236918467	-11.2355344536368	44.6575657708518	-2.34757930019957	-11.2218215606705	43.9038166363284	6	2
3.73437652967709	-18.889677637303	49.5594752187995	1.8759331002468	-14.9642734912565	47.1737516556413	-1.06776449937395	-14.1504804384932	47.6106390916717	6	2
5.31722063455836	-22.4043709906499	49.8264060367681	3.73437652967709	-18.889677637303	49.5594752187995	1.77461969606072	-18.4718109526818	49.641949135753	6	2
10.7726916342498	-28.485636910071	49.1996723781747	5.31722063455836	-22.4043709906499	49.8264060367681	4.40187435829969	-21.920876818458	49.8281206783725	6	2
12.0824783587571	-29.995904900329	48.8085543219483	10.7726916342498	-28.485636910071	49.1996723781747	9.73224380238186	-28.4117797420467	50.5519789698516	6	2
-2.94107334525484	-1.20318500730988	30.6599813508021	-1.44228090132986	-2.54626997138289	34.7086031162075	0.595852437271896	-3.19618530857766	34.3735593152515	6	2
-1.44228090132986	-2.54626997138289	34.7086031162075	-2.93277167308753	-5.06845125423199	38.4496961390754	0.361692598907399	-5.16244287502881	38.2913146607741	6	2
-2.93277167308753	-5.06845125423199	38.4496961390754	-3.51484666982668	-7.78784839264567	40.890980381387	0.42700705657932	-7.67439320152844	41.5554844439988	6	2
-3.51484666982668	-7.78784839264567	40.890980381387	-2.34757930019957	-11.2218215606705	43.9038166363284	0.997580236918467	-11.2355344536368	44.6575657708518	6	2
-2.34757930019957	-11.2218215606705	43.9038166363284	-1.06776449937395	-14.1504804384932	47.6106390916717	1.8759331002468	-14.9642734912565	47.1737516556413	6	2
-1.06776449937395	-14.1504804384932	47.6106390916717	1.77461969606072	-18.4718109526818	49.641949135753	3.73437652967709	-18.889677637303	49.5594752187995	6	2
1.77461969606072	-18.4718109526818	49.641949135753	4.40187435829969	-21.920876818458	49.8281206783725	5.31722063455836	-22.4043709906499	49.8264060367681	6	2
4.40187435829969	-21.920876818458	49.8281206783725	9.73224380238186	-28.4117797420467	50.5519789698516	10.7726916342498	-28.485636910071	49.1996723781747	6	2
0.48025	-0.065238	32.487	-1.2776	-1.5731	35.774	0.80535	-0.11254	32.763	7	2
-1.2776	-1.5731	35.774	-3.7106	-3.0051	39.413	0.6961	-0.59294	36.29	7	2
0.6961	-0.59294	36.29	0.80535	-0.11254	32.763	-1.2776	-1.5731	35.774	7	2
-1.2776	-1.5731	35.774	0.48025	-0.065238	32.487	-3.3403	-1.2828	30.858	7	2
-3.7106	-3.0051	39.413	-1.2776	-1.5731	35.774	-3.4174	-1.3611	35.729	7	2
-3.3403	-1.2828	30.858	-3.4174	-1.3611	35.729	-1.2776	-1.5731	35.774	7	2
1.6541	2.9057	32.832	2.14797729228931	5.94312302306903	36.9964213906726	3.00652154967503	2.73818927245179	32.8052912349431	8	2
2.14797729228931	5.94312302306903	36.9964213906726	3.66245147798909	8.61199813989674	40.8190508680908	3.72101301155177	3.61600198813054	37.6723658888906	8	2
3.66245147798909	8.61199813989674	40.8190508680908	5.0799665924755	10.945358536619	43.2741022339915	6.42257398873918	7.36745141014895	41.5917163734194	8	2
5.0799665924755	10.945358536619	43.2741022339915	8.02521811250624	15.1874630838515	46.6827231742114	7.94071905529353	10.0125264604399	44.5416396394087	8	2
8.02521811250624	15.1874630838515	46.6827231742114	10.4504170597431	18.275267079669	47.9272668495138	10.5072134016919	14.6325370906996	47.9760653433936	8	2
10.4504170597431	18.275267079669	47.9272668495138	13.5222423737249	21.8839216261194	48.0739079582213	13.7567470472908	18.5158799839802	48.4618809661637	8	2
13.5222423737249	21.8839216261194	48.0739079582213	16.2247162182509	26.1624389539381	46.2629412011526	15.9397785489591	22.0827123784698	47.8359687260346	8	2
16.2247162182509	26.1624389539381	46.2629412011526	17.3820689205584	29.1907058626128	43.5461192982139	18.3218786066439	26.9648355855653	46.5107648526937	8	2
17.3820689205584	29.1907058626128	43.5461192982139	17.8123698813791	31.4761980986446	40.9279460185864	18.6204787155635	29.0837883158251	43.6504831704327	8	2
3.72101301155177	3.61600198813054	37.6723658888906	3.00652154967503	2.73818927245179	32.8052912349431	2.14797729228931	5.94312302306903	36.9964213906726	8	2
6.42257398873918	7.36745141014895	41.5917163734194	3.72101301155177	3.61600198813054	37.6723658888906	3.66245147798909	8.61199813989674	40.8190508680908	8	2
7.94071905529353	10.0125264604399	44.5416396394087	6.42257398873918	7.36745141014895	41.5917163734194	5.0799665924755	10.945358536619	43.2741022339915	8	2
10.5072134016919	14.6325370906996	47.9760653433936	7.94071905529353	10.0125264604399	44.5416396394087	8.02521811250624	15.1874630838515	46.6827231742114	8	2
13.7567470472908	18.5158799839802	48.4618809661637	10.5072134016919	14.6325370906996	47.9760653433936	10.4504170597431	18.275267079669	47.9272668495138	8	2
15.9397785489591	22.0827123784698	47.8359687260346	13.7567470472908	18.5158799839802	48.4618809661637	13.5222423737249	21.8839216261194	48.0739079582213	8	2
18.3218786066439	26.9648355855653	46.5107648526937	15.9397785489591	22.0827123784698	47.8359687260346	16.2247162182509	26.1624389539381	46.2629412011526	8	2
18.6204787155635	29.0837883158251	43.6504831704327	18.3218786066439	26.9648355855653	46.5107648526937	17.3820689205584	29.1907058626128	43.5461192982139	8	2
2.14797729228931	5.94312302306903	36.9964213906726	1.6541	2.9057	32.832	0.494627788974146	0.871959817654912	34.4057250695956	8	2
3.66245147798909	8.61199813989674	40.8190508680908	2.14797729228931	5.94312302306903	36.9964213906726	-0.279726448120403	5.83091227679923	37.1631396563853	8	2
5.0799665924755	10.945358536619	43.2741022339915	3.66245147798909	8.61199813989674	40.8190508680908	1.06660474187835	9.16682213815042	40.4616948780962	8	2
8.02521811250624	15.1874630838515	46.6827231742114	5.0799665924755	10.945358536619	43.2741022339915	1.29537276745071	11.1744544134084	43.1644654640539	8	2
10.4504170597431	18.275267079669	47.9272668495138	8.02521811250624	15.1874630838515	46.6827231742114	4.54529435372269	15.0643373391493	46.698519504333	8	2
13.5222423737249	21.8839216261194	48.0739079582213	10.4504170597431	18.275267079669	47.9272668495138	7.77339070976176	18.1256558548949	47.1008437781228	8	2
16.2247162182509	26.1624389539381	46.2629412011526	13.5222423737249	21.8839216261194	48.0739079582213	10.8340509724301	21.4952793943314	48.9320218467439	8	2
17.3820689205584	29.1907058626128	43.5461192982139	16.2247162182509	26.1624389539381	46.2629412011526	15.6442797010835	26.8383001742212	47.1915929445183	8	2
17.8123698813791	31.4761980986446	40.9279460185864	17.3820689205584	29.1907058626128	43.5461192982139	17.2019015760825	29.8657404091513	43.5983408355714	8	2
0.494627788974146	0.871959817654912	34.4057250695956	-0.279726448120403	5.83091227679923	37.1631396563853	2.14797729228931	5.94312302306903	36.9964213906726	8	2
-0.279726448120403	5.83091227679923	37.1631396563853	1.06660474187835	9.16682213815042	40.4616948780962	3.66245147798909	8.61199813989674	40.8190508680908	8	2
1.06660474187835	9.16682213815042	40.4616948780962	1.29537276745071	11.1744544134084	43.1644654640539	5.0799665924755	10.945358536619	43.2741022339915	8	2
1.29537276745071	11.1744544134084	43.1644654640539	4.54529435372269	15.0643373391493	46.698519504333	8.02521811250624	15.1874630838515	46.6827231742114	8	2
4.54529435372269	15.0643373391493	46.698519504333	7.77339070976176	18.1256558548949	47.1008437781228	10.4504170597431	18.275267079669	47.9272668495138	8	2
7.77339070976176	18.1256558548949	47.1008437781228	10.8340509724301	21.4952793943314	48.9320218467439	13.5222423737249	21.8839216261194	48.0739079582213	8	2
10.8340509724301	21.4952793943314	48.9320218467439	15.6442797010835	26.8383001742212	47.1915929445183	16.2247162182509	26.1624389539381	46.2629412011526	8	2
15.6442797010835	26.8383001742212	47.1915929445183	17.2019015760825	29.8657404091513	43.5983408355714	17.3820689205584	29.1907058626128	43.5461192982139	8	2
