-0.3475	-0.70784	0.031499	-0.41155	-0.34074	1.0263	-0.22515	-0.60134	1.8261	0	0
-0.41155	-0.34074	0	-0.087748	-0.21784	1.0423	-0.37868	0.45443	1.0936	0	0
-0.41155	-0.34074	0	-0.087748	-0.21784	1.0423	-0.1292	-0.21974	1.7978	0	0
-0.41155	-0.34074	0	-0.37868	0.45443	1.0936	-0.36431	0.45368	1.7658	0	0
-0.41155	-0.34074	0	-0.22515	-0.60134	1.8261	-0.1292	-0.21974	1.7978	0	0
-0.087748	-0.21784	0.015999	-0.37868	0.45443	1.0936	0.077885	0.65153	1.042	0	0
-0.087748	-0.21784	0.015999	0.077885	0.65153	1.042	0.58995	0.54246	1.7331	0	0
-0.087748	-0.21784	0.015999	-0.1292	-0.21974	1.7978	0.58995	0.54246	1.7331	0	0
-0.37868	0.45443	0.0673	0.077885	0.65153	1.042	0.090202	1.1281	1.0615	0	0
-0.37868	0.45443	0.0673	-0.36431	0.45368	1.7658	-0.23335	1.161	2.1406	0	0
-0.37868	0.45443	0.0673	0.090202	1.1281	1.0615	-0.23335	1.161	2.1406	0	0
-0.22515	-0.60134	0.79975	-0.1292	-0.21974	1.7978	0.21832	-0.029304	2.3827	0	0
-0.22515	-0.60134	0.79975	-0.15305	-0.60444	2.5182	0.21832	-0.029304	2.3827	0	0
0.077885	0.65153	0.015633	0.090202	1.1281	1.0615	0.65045	1.0875	1.0299	0	0
0.077885	0.65153	0.015633	0.65045	1.0875	1.0299	0.58995	0.54246	1.7331	0	0
-0.1292	-0.21974	0.77145	-0.36431	0.45368	1.7658	-0.53225	-0.15794	2.129	0	0
-0.1292	-0.21974	0.77145	-0.36431	0.45368	1.7658	0.17911	0.61674	1.8577	0	0
-0.1292	-0.21974	0.77145	-0.53225	-0.15794	2.129	-0.15305	-0.60444	2.5182	0	0
-0.1292	-0.21974	0.77145	0.58995	0.54246	1.7331	0.21832	-0.029304	2.3827	0	0
-0.36431	0.45368	0.7395	-0.53225	-0.15794	2.129	-0.33152	0.41281	2.5918	0	0
-0.36431	0.45368	0.7395	-0.33152	0.41281	2.5918	-0.23335	1.161	2.1406	0	0
0.090202	1.1281	0.03515	0.65045	1.0875	1.0299	0.2262	1.2084	1.817	0	0
0.090202	1.1281	0.03515	0.2262	1.2084	1.817	-0.23335	1.161	2.1406	0	0
-0.53225	-0.15794	1.1027	-0.33152	0.41281	2.5918	-0.13415	-0.24834	3.0499	0	0
0.65045	1.0875	0.003549	0.58995	0.54246	1.7331	0.65255	1.1118	1.7913	0	0
0.65045	1.0875	0.003549	0.2262	1.2084	1.817	0.65255	1.1118	1.7913	0	0
0.58995	0.54246	0.7068	0.17911	0.61674	1.8577	0.21832	-0.029304	2.3827	0	0
0.58995	0.54246	0.7068	0.17911	0.61674	1.8577	0.65255	1.1118	1.7913	0	0
0.17911	0.61674	0.83138	0.21832	-0.029304	2.3827	0.1928	0.65786	2.5434	0	0
0.17911	0.61674	0.83138	0.2262	1.2084	1.817	0.65255	1.1118	1.7913	0	0
0.17911	0.61674	0.83138	0.2262	1.2084	1.817	-0.23335	1.161	2.1406	0	0
0.17911	0.61674	0.83138	0.1928	0.65786	2.5434	-0.23335	1.161	2.1406	0	0
-0.15305	-0.60444	1.4919	0.21832	-0.029304	2.3827	-0.13415	-0.24834	3.0499	0	0
-0.15305	-0.60444	1.4919	-0.13415	-0.24834	3.0499	-0.20925	-0.38654	3.2845	0	0
0.21832	-0.029304	1.3563	0.1928	0.65786	2.5434	0.019302	0.37346	3.2258	0	0
0.21832	-0.029304	1.3563	-0.13415	-0.24834	3.0499	0.019302	0.37346	3.2258	0	0
-0.33152	0.41281	1.5654	0.019302	0.37346	3.2258	-0.19325	0.5944	3.2322	0	0
-0.33152	0.41281	1.5654	-0.19325	0.5944	3.2322	-0.24735	1.2865	3.1824	0	0
-0.33152	0.41281	1.5654	-0.23335	1.161	2.1406	-0.24735	1.2865	3.1824	0	0
0.1928	0.65786	1.5171	0.19635	1.1336	2.5602	0.59565	1.1524	2.462	0	0
0.1928	0.65786	1.5171	0.19635	1.1336	2.5602	-0.23335	1.161	2.1406	0	0
0.1928	0.65786	1.5171	0.59565	1.1524	2.462	0.58445	0.89706	3.0215	0	0
0.1928	0.65786	1.5171	0.019302	0.37346	3.2258	0.58445	0.89706	3.0215	0	0
-0.13415	-0.24834	2.0236	-0.20925	-0.38654	3.2845	0.019302	0.37346	3.2258	0	0
0.19635	1.1336	1.5339	0.58445	0.89706	3.0215	0.088202	1.1438	3.2618	0	0
0.19635	1.1336	1.5339	0.088202	1.1438	3.2618	-0.24735	1.2865	3.1824	0	0
0.19635	1.1336	1.5339	-0.23335	1.161	2.1406	-0.24735	1.2865	3.1824	0	0
-0.20925	-0.38654	2.2582	0.019302	0.37346	3.2258	-0.16545	-0.28084	4.0561	0	0
-0.20925	-0.38654	2.2582	-0.35048	-0.63784	3.8856	-0.16545	-0.28084	4.0561	0	0
0.019302	0.37346	2.1995	-0.19325	0.5944	3.2322	0.19198	0.45409	3.8968	0	0
0.019302	0.37346	2.1995	0.58445	0.89706	3.0215	0.5727	0.89226	3.8548	0	0
0.019302	0.37346	2.1995	-0.16545	-0.28084	4.0561	0.19198	0.45409	3.8968	0	0
-0.19325	0.5944	2.2059	0.19198	0.45409	3.8968	-0.17965	0.74516	4.0608	0	0
-0.19325	0.5944	2.2059	-0.24735	1.2865	3.1824	-0.17965	0.74516	4.0608	0	0
0.58445	0.89706	1.9952	0.088202	1.1438	3.2618	0.5727	0.89226	3.8548	0	0
0.088202	1.1438	2.2354	-0.24735	1.2865	3.1824	0.11245	1.1443	4.0705	0	0
0.088202	1.1438	2.2354	0.5727	0.89226	3.8548	0.11245	1.1443	4.0705	0	0
-0.35048	-0.63784	2.8592	-0.16545	-0.28084	4.0561	-0.2666	-0.57164	4.7374	0	0
-0.16545	-0.28084	3.0298	0.19198	0.45409	3.8968	0.12835	-0.030738	4.352	0	0
-0.16545	-0.28084	3.0298	0.12835	-0.030738	4.352	-0.15805	-0.24374	4.5619	0	0
-0.16545	-0.28084	3.0298	-0.15805	-0.24374	4.5619	-0.2666	-0.57164	4.7374	0	0
0.19198	0.45409	2.8704	0.5727	0.89226	3.8548	0.2311	0.63296	4.6118	0	0
0.19198	0.45409	2.8704	-0.17965	0.74516	4.0608	-0.1763	0.49556	4.57	0	0
0.19198	0.45409	2.8704	0.12835	-0.030738	4.352	0.2311	0.63296	4.6118	0	0
-0.24735	1.2865	2.1561	-0.17965	0.74516	4.0608	-0.41335	1.134	4.6148	0	0
-0.24735	1.2865	2.1561	0.11245	1.1443	4.0705	-0.41335	1.134	4.6148	0	0
0.5727	0.89226	2.8285	0.11245	1.1443	4.0705	0.23795	1.2918	4.5479	0	0
0.5727	0.89226	2.8285	0.2311	0.63296	4.6118	0.60185	0.89616	4.6843	0	0
0.5727	0.89226	2.8285	0.23795	1.2918	4.5479	0.60185	0.89616	4.6843	0	0
-0.17965	0.74516	3.0345	-0.1763	0.49556	4.57	-0.41335	1.134	4.6148	0	0
0.12835	-0.030738	3.3257	-0.1763	0.49556	4.57	-0.15805	-0.24374	4.5619	0	0
0.12835	-0.030738	3.3257	0.2311	0.63296	4.6118	-0.13315	-0.26594	5.0635	0	0
0.11245	1.1443	3.0442	-0.41335	1.134	4.6148	0.23795	1.2918	4.5479	0	0
-0.1763	0.49556	3.5437	-0.15805	-0.24374	4.5619	-0.13315	-0.26594	5.0635	0	0
-0.1763	0.49556	3.5437	-0.13315	-0.26594	5.0635	-0.39075	0.5507	5.3515	0	0
-0.1763	0.49556	3.5437	-0.41335	1.134	4.6148	-0.39075	0.5507	5.3515	0	0
-0.15805	-0.24374	3.5356	-0.2666	-0.57164	4.7374	-0.13315	-0.26594	5.0635	0	0
-0.2666	-0.57164	3.7111	-0.13315	-0.26594	5.0635	-0.40125	-0.59064	5.3859	0	0
0.2311	0.63296	3.5854	-0.13315	-0.26594	5.0635	0.035852	0.38686	5.6041	0	0
0.2311	0.63296	3.5854	0.035852	0.38686	5.6041	0.60185	0.89616	4.6843	0	0
-0.13315	-0.26594	4.0372	-0.36955	-0.2854	5.3799	-0.40125	-0.59064	5.3859	0	0
-0.13315	-0.26594	4.0372	-0.36955	-0.2854	5.3799	0.035852	0.38686	5.6041	0	0
-0.41335	1.134	3.5884	0.23795	1.2918	4.5479	-0.40672	1.1238	5.295	0	0
-0.41335	1.134	3.5884	-0.39075	0.5507	5.3515	-0.40672	1.1238	5.295	0	0
0.23795	1.2918	3.5216	0.2735	1.0969	5.3112	0.60185	0.89616	4.6843	0	0
0.23795	1.2918	3.5216	0.2735	1.0969	5.3112	-0.40672	1.1238	5.295	0	0
-0.36955	-0.2854	4.3535	-0.40125	-0.59064	5.3859	-0.32761	-0.32944	6.058	0	0
-0.36955	-0.2854	4.3535	0.035852	0.38686	5.6041	-0.32761	-0.32944	6.058	0	0
-0.40125	-0.59064	4.3596	-0.32761	-0.32944	6.058	-0.45215	-0.71554	6.0998	0	0
-0.39075	0.5507	4.3252	0.035852	0.38686	5.6041	0.2735	1.0969	5.3112	0	0
-0.39075	0.5507	4.3252	0.2735	1.0969	5.3112	-0.40672	1.1238	5.295	0	0
0.035852	0.38686	4.5778	0.2735	1.0969	5.3112	0.32645	1.112	6.0266	0	0
0.035852	0.38686	4.5778	-0.32761	-0.32944	6.058	-0.1037	0.50781	6.0765	0	0
0.035852	0.38686	4.5778	0.32645	1.112	6.0266	-0.1037	0.50781	6.0765	0	0
0.2735	1.0969	4.2849	0.60185	0.89616	4.6843	0.32645	1.112	6.0266	0	0
-0.32761	-0.32944	5.0317	-0.45215	-0.71554	6.0998	-0.3167	-0.29826	6.6523	0	0
-0.32761	-0.32944	5.0317	-0.1037	0.50781	6.0765	-0.3167	-0.29826	6.6523	0	0
0.32645	1.112	5.0003	-0.1037	0.50781	6.0765	0.30095	1.1021	6.8031	0	0
-0.45215	-0.71554	5.0735	-0.3167	-0.29826	6.6523	-0.59195	-0.91369	6.7385	0	0
-0.1037	0.50781	5.0502	-0.3167	-0.29826	6.6523	-0.13598	0.39563	6.7364	0	0
-0.1037	0.50781	5.0502	-0.13598	0.39563	6.7364	0.30095	1.1021	6.8031	0	0
-0.3167	-0.29826	5.6259	-0.13598	0.39563	6.7364	-0.42788	-0.25034	7.4039	0	0
-0.3167	-0.29826	5.6259	-0.59195	-0.91369	6.7385	-0.42788	-0.25034	7.4039	0	0
-0.13598	0.39563	5.7101	0.30095	1.1021	6.8031	-0.11615	0.77816	7.5529	0	0
-0.13598	0.39563	5.7101	-0.42788	-0.25034	7.4039	-0.11615	0.77816	7.5529	0	0
-0.59195	-0.91369	5.7121	-0.42788	-0.25034	7.4039	-0.56585	-0.73734	7.548	0	0
-0.59195	-0.91369	5.7121	-0.94701	-1.0701	7.415	-0.56585	-0.73734	7.548	0	0
0.30095	1.1021	5.7767	-0.11615	0.77816	7.5529	0.2734	1.0952	7.5373	0	0
-0.42788	-0.25034	6.3776	-0.56585	-0.73734	7.548	-0.4124	-0.22374	8.0443	0	0
-0.42788	-0.25034	6.3776	-0.54988	0.3956	7.5862	-0.11615	0.77816	7.5529	0	0
-0.42788	-0.25034	6.3776	-0.54988	0.3956	7.5862	-0.4124	-0.22374	8.0443	0	0
-0.94701	-1.0701	6.3887	-0.56585	-0.73734	7.548	-0.62795	-0.78214	8.0021	0	0
-0.94701	-1.0701	6.3887	-0.62795	-0.78214	8.0021	-1.0538	-0.90764	8.1021	0	0
-0.56585	-0.73734	6.5217	-0.4124	-0.22374	8.0443	-0.62795	-0.78214	8.0021	0	0
-0.54988	0.3956	6.5599	-0.11615	0.77816	7.5529	-0.51378	1.1669	7.4114	0	0
-0.54988	0.3956	6.5599	-0.51378	1.1669	7.4114	-0.4791	1.2056	8.0208	0	0
-0.54988	0.3956	6.5599	-0.4124	-0.22374	8.0443	-0.4438	0.46864	8.0486	0	0
-0.54988	0.3956	6.5599	-0.4438	0.46864	8.0486	-0.4791	1.2056	8.0208	0	0
-0.11615	0.77816	6.5266	-0.51378	1.1669	7.4114	0.2734	1.0952	7.5373	0	0
-0.51378	1.1669	6.385	0.2734	1.0952	7.5373	0.026352	1.5502	7.4657	0	0
-0.51378	1.1669	6.385	0.026352	1.5502	7.4657	-0.28695	1.5502	7.7489	0	0
-0.51378	1.1669	6.385	-0.28695	1.5502	7.7489	-0.4791	1.2056	8.0208	0	0
0.2734	1.0952	6.511	-0.4124	-0.22374	8.0443	0.2581	1.0921	8.0847	0	0
0.2734	1.0952	6.511	0.026352	1.5502	7.4657	0.2581	1.0921	8.0847	0	0
-0.4124	-0.22374	7.0179	-0.62795	-0.78214	8.0021	-0.89135	-0.40644	8.3197	0	0
-0.4124	-0.22374	7.0179	-0.4438	0.46864	8.0486	-0.89135	-0.40644	8.3197	0	0
-0.4124	-0.22374	7.0179	0.2581	1.0921	8.0847	0.18565	0.81736	8.7878	0	0
-0.4124	-0.22374	7.0179	0.18565	0.81736	8.7878	-0.4245	-0.22426	8.8192	0	0
-0.62795	-0.78214	6.9758	-1.0538	-0.90764	8.1021	-0.89135	-0.40644	8.3197	0	0
-0.4438	0.46864	7.0223	-0.4791	1.2056	8.0208	-0.46324	0.48506	8.815	0	0
-0.4438	0.46864	7.0223	-0.89135	-0.40644	8.3197	-0.46324	0.48506	8.815	0	0
-1.0538	-0.90764	7.0758	-0.89135	-0.40644	8.3197	-0.54655	-0.74849	8.802	0	0
-1.0538	-0.90764	7.0758	-0.54655	-0.74849	8.802	-0.85995	-1.0273	9.7054	0	0
0.026352	1.5502	6.4394	-0.28695	1.5502	7.7489	-0.034448	1.5586	8.1141	0	0
0.026352	1.5502	6.4394	0.2581	1.0921	8.0847	-0.034448	1.5586	8.1141	0	0
-0.28695	1.5502	6.7226	-0.31265	1.5695	7.8874	-0.4791	1.2056	8.0208	0	0
-0.28695	1.5502	6.7226	-0.31265	1.5695	7.8874	-0.034448	1.5586	8.1141	0	0
0.2581	1.0921	7.0584	-0.034448	1.5586	8.1141	0.038052	1.586	8.4944	0	0
0.2581	1.0921	7.0584	0.038052	1.586	8.4944	0.15865	1.3202	8.8175	0	0
0.2581	1.0921	7.0584	0.18565	0.81736	8.7878	0.15865	1.3202	8.8175	0	0
-0.31265	1.5695	6.8611	-0.4791	1.2056	8.0208	-0.16725	1.5609	8.5345	0	0
-0.31265	1.5695	6.8611	-0.034448	1.5586	8.1141	-0.16725	1.5609	8.5345	0	0
-0.4791	1.2056	6.9945	-0.16725	1.5609	8.5345	-0.43757	1.192	8.8144	0	0
-0.4791	1.2056	6.9945	-0.46324	0.48506	8.815	-0.43757	1.192	8.8144	0	0
-0.89135	-0.40644	7.2934	-0.54655	-0.74849	8.802	-0.4245	-0.22426	8.8192	0	0
-0.89135	-0.40644	7.2934	-0.4245	-0.22426	8.8192	-0.46324	0.48506	8.815	0	0
-0.034448	1.5586	7.0878	0.038052	1.586	8.4944	-0.16725	1.5609	8.5345	0	0
0.038052	1.586	7.4681	-0.16725	1.5609	8.5345	-0.2822	1.5457	9.3801	0	0
0.038052	1.586	7.4681	0.15865	1.3202	8.8175	-0.2822	1.5457	9.3801	0	0
-0.16725	1.5609	7.5082	-0.43757	1.192	8.8144	-0.2822	1.5457	9.3801	0	0
0.18565	0.81736	7.7615	-0.4245	-0.22426	8.8192	0.099852	0.53146	9.6678	0	0
0.18565	0.81736	7.7615	0.15865	1.3202	8.8175	0.1686	1.0787	9.5365	0	0
0.18565	0.81736	7.7615	0.1686	1.0787	9.5365	0.099852	0.53146	9.6678	0	0
-0.54655	-0.74849	7.7756	-0.4245	-0.22426	8.8192	-0.54215	-0.73694	9.5497	0	0
-0.54655	-0.74849	7.7756	-0.54215	-0.73694	9.5497	-0.85995	-1.0273	9.7054	0	0
-0.4245	-0.22426	7.7929	-0.54215	-0.73694	9.5497	-0.40325	-0.23239	9.5557	0	0
-0.4245	-0.22426	7.7929	-0.40325	-0.23239	9.5557	0.099852	0.53146	9.6678	0	0
-0.46324	0.48506	7.7886	-0.43757	1.192	8.8144	-0.50717	0.49754	9.5691	0	0
-0.46324	0.48506	7.7886	-0.40325	-0.23239	9.5557	-0.50717	0.49754	9.5691	0	0
-0.43757	1.192	7.7881	-0.2822	1.5457	9.3801	-0.4315	1.1788	9.5592	0	0
-0.43757	1.192	7.7881	-0.50717	0.49754	9.5691	-0.4315	1.1788	9.5592	0	0
0.15865	1.3202	7.7912	-0.2822	1.5457	9.3801	0.1686	1.0787	9.5365	0	0
-0.54215	-0.73694	8.5234	-0.40325	-0.23239	9.5557	-0.39457	-0.35364	10.274	0	0
-0.54215	-0.73694	8.5234	-0.85995	-1.0273	9.7054	-0.65628	-0.8273	10.225	0	0
-0.54215	-0.73694	8.5234	-0.65628	-0.8273	10.225	-0.39457	-0.35364	10.274	0	0
-0.40325	-0.23239	8.5294	-0.50717	0.49754	9.5691	-0.50472	0.53016	10.263	0	0
-0.40325	-0.23239	8.5294	-0.39457	-0.35364	10.274	-0.50472	0.53016	10.263	0	0
-0.2822	1.5457	8.3537	0.1686	1.0787	9.5365	-0.016698	1.5936	10.331	0	0
-0.2822	1.5457	8.3537	-0.4315	1.1788	9.5592	-0.25145	1.5798	10.313	0	0
-0.2822	1.5457	8.3537	-0.25145	1.5798	10.313	-0.016698	1.5936	10.331	0	0
0.1686	1.0787	8.5102	0.099852	0.53146	9.6678	0.23665	0.83626	10.139	0	0
0.1686	1.0787	8.5102	0.23665	0.83626	10.139	0.10795	1.333	10.31	0	0
0.1686	1.0787	8.5102	-0.016698	1.5936	10.331	0.10795	1.333	10.31	0	0
-0.50717	0.49754	8.5427	-0.4315	1.1788	9.5592	-0.50472	0.53016	10.263	0	0
0.099852	0.53146	8.6415	-0.39457	-0.35364	10.274	0.23665	0.83626	10.139	0	0
-0.65628	-0.8273	9.1986	-0.39457	-0.35364	10.274	-0.42485	-0.68119	11.11	0	0
-0.39457	-0.35364	9.2478	0.23665	0.83626	10.139	0.17135	0.54336	11.136	0	0
-0.39457	-0.35364	9.2478	-0.50472	0.53016	10.263	-0.35848	-0.20897	10.899	0	0
-0.39457	-0.35364	9.2478	-0.35848	-0.20897	10.899	-0.42485	-0.68119	11.11	0	0
-0.4315	1.1788	8.5329	-0.50472	0.53016	10.263	-0.4806	1.1799	10.32	0	0
-0.4315	1.1788	8.5329	-0.4806	1.1799	10.32	-0.25145	1.5798	10.313	0	0
0.23665	0.83626	9.1124	0.10795	1.333	10.31	0.21739	1.0475	10.913	0	0
0.23665	0.83626	9.1124	0.21739	1.0475	10.913	0.17135	0.54336	11.136	0	0
-0.50472	0.53016	9.2364	-0.4806	1.1799	10.32	-0.40839	0.43862	10.972	0	0
-0.50472	0.53016	9.2364	-0.35848	-0.20897	10.899	-0.40839	0.43862	10.972	0	0
-0.4806	1.1799	9.2938	-0.25145	1.5798	10.313	-0.36515	1.6128	11.053	0	0
-0.4806	1.1799	9.2938	-0.36515	1.6128	11.053	-0.52258	1.2767	11.081	0	0
-0.4806	1.1799	9.2938	-0.52258	1.2767	11.081	-0.40839	0.43862	10.972	0	0
-0.35848	-0.20897	9.8729	-0.40839	0.43862	10.972	-0.3805	-0.25454	11.548	0	0
-0.35848	-0.20897	9.8729	-0.42485	-0.68119	11.11	-0.3805	-0.25454	11.548	0	0
-0.25145	1.5798	9.2866	-0.016698	1.5936	10.331	-0.36515	1.6128	11.053	0	0
-0.016698	1.5936	9.3044	0.10795	1.333	10.31	-0.012848	1.6031	11.064	0	0
-0.016698	1.5936	9.3044	-0.012848	1.6031	11.064	-0.36515	1.6128	11.053	0	0
0.10795	1.333	9.284	0.21739	1.0475	10.913	-0.012848	1.6031	11.064	0	0
0.21739	1.0475	9.8871	-0.012848	1.6031	11.064	0.2639	1.1164	11.541	0	0
0.21739	1.0475	9.8871	0.17135	0.54336	11.136	0.2639	1.1164	11.541	0	0
-0.36515	1.6128	10.026	-0.52258	1.2767	11.081	-0.51385	1.2237	11.577	0	0
-0.52258	1.2767	10.054	-0.40839	0.43862	10.972	-0.47425	0.49099	11.542	0	0
-0.52258	1.2767	10.054	-0.47425	0.49099	11.542	-0.51385	1.2237	11.577	0	0
-0.40839	0.43862	9.946	-0.3805	-0.25454	11.548	-0.47425	0.49099	11.542	0	0
0.17135	0.54336	10.11	0.14235	0.54886	11.383	0.2639	1.1164	11.541	0	0
-0.42485	-0.68119	10.083	-0.3805	-0.25454	11.548	-0.73568	-0.83094	11.678	0	0
-0.3805	-0.25454	10.522	-0.73568	-0.83094	11.678	-0.96105	-0.55514	11.959	0	0
-0.3805	-0.25454	10.522	-0.47425	0.49099	11.542	-0.45897	0.4671	12.308	0	0
-0.3805	-0.25454	10.522	-0.96105	-0.55514	11.959	-0.37735	-0.30974	12.377	0	0
-0.3805	-0.25454	10.522	-0.37735	-0.30974	12.377	-0.45897	0.4671	12.308	0	0
-0.73568	-0.83094	10.652	-0.96105	-0.55514	11.959	-0.86515	-0.80664	12.027	0	0
-0.47425	0.49099	10.516	-0.51385	1.2237	11.577	-0.46937	1.2148	12.265	0	0
-0.47425	0.49099	10.516	-0.45897	0.4671	12.308	-0.46937	1.2148	12.265	0	0
-0.96105	-0.55514	10.932	-0.86515	-0.80664	12.027	-0.37735	-0.30974	12.377	0	0
-0.86515	-0.80664	11.001	-0.68505	-0.91876	12.451	-0.37735	-0.30974	12.377	0	0
-0.68505	-0.91876	11.424	-0.37735	-0.30974	12.377	-0.6718	-0.79579	12.916	0	0
-0.37735	-0.30974	11.351	-0.45897	0.4671	12.308	-0.45517	0.47934	13.071	0	0
-0.37735	-0.30974	11.351	-0.6718	-0.79579	12.916	-0.38811	-0.35657	12.961	0	0
-0.37735	-0.30974	11.351	-0.38811	-0.35657	12.961	-0.45517	0.47934	13.071	0	0
-0.45897	0.4671	11.282	-0.46937	1.2148	12.265	-0.3675	1.1734	13.003	0	0
-0.45897	0.4671	11.282	-0.45517	0.47934	13.071	-0.3675	1.1734	13.003	0	0
-0.6718	-0.79579	11.89	-0.38811	-0.35657	12.961	-0.42152	-0.31249	13.655	0	0
-0.6718	-0.79579	11.89	-0.42152	-0.31249	13.655	-0.48425	-0.71459	13.816	0	0
-0.38811	-0.35657	11.934	-0.45517	0.47934	13.071	-0.42152	-0.31249	13.655	0	0
-0.46937	1.2148	11.239	0.3201	1.1734	12.319	0.44915	1.7967	12.608	0	0
-0.46937	1.2148	11.239	-0.3675	1.1734	13.003	0.27305	1.7982	12.942	0	0
-0.46937	1.2148	11.239	0.44915	1.7967	12.608	0.27305	1.7982	12.942	0	0
-0.45517	0.47934	12.045	-0.3675	1.1734	13.003	-0.41085	1.0843	13.778	0	0
-0.45517	0.47934	12.045	-0.42152	-0.31249	13.655	-0.4279	0.48226	13.809	0	0
-0.45517	0.47934	12.045	-0.4279	0.48226	13.809	-0.41085	1.0843	13.778	0	0
-0.3675	1.1734	11.976	0.27305	1.7982	12.942	0.2212	1.1343	13.055	0	0
-0.42152	-0.31249	12.628	-0.48425	-0.71459	13.816	-0.34132	-0.30249	14.365	0	0
-0.42152	-0.31249	12.628	-0.4279	0.48226	13.809	-0.34132	-0.30249	14.365	0	0
-0.48425	-0.71459	12.79	-0.34132	-0.30249	14.365	-0.3805	-0.66844	14.533	0	0
-0.4279	0.48226	12.782	-0.34132	-0.30249	14.365	-0.45917	0.47431	14.571	0	0
-0.4279	0.48226	12.782	-0.41085	1.0843	13.778	-0.43095	1.0746	14.544	0	0
-0.4279	0.48226	12.782	-0.45917	0.47431	14.571	-0.43095	1.0746	14.544	0	0
-0.34132	-0.30249	13.339	-0.3805	-0.66844	14.533	-0.88565	-0.52164	15.158	0	0
-0.34132	-0.30249	13.339	-0.45917	0.47431	14.571	-0.88565	-0.52164	15.158	0	0
-0.3805	-0.66844	13.506	-0.45015	-0.71134	15.077	-0.88565	-0.52164	15.158	0	0
-0.45917	0.47431	13.544	-0.88565	-0.52164	15.158	-0.42075	0.48256	15.058	0	0
-0.45917	0.47431	13.544	-0.43095	1.0746	14.544	-0.42075	0.48256	15.058	0	0
-0.45015	-0.71134	14.05	-0.88565	-0.52164	15.158	-0.96415	-0.59844	15.237	0	0
-0.45015	-0.71134	14.05	-0.96415	-0.59844	15.237	-0.41911	-0.86022	15.823	0	0
-0.88565	-0.52164	14.132	-0.96415	-0.59844	15.237	-0.9813	-0.23194	15.939	0	0
-0.88565	-0.52164	14.132	-0.42075	0.48256	15.058	-0.9813	-0.23194	15.939	0	0
-0.36742	-0.36009	14.155	-0.42075	0.48256	15.058	0.16885	0.67156	15.048	0	0
-0.96415	-0.59844	14.211	-0.41911	-0.86022	15.823	-0.88385	-0.74594	16.35	0	0
-0.96415	-0.59844	14.211	-0.88385	-0.74594	16.35	-0.9813	-0.23194	15.939	0	0
-0.43095	1.0746	13.518	-0.42075	0.48256	15.058	-0.24235	1.0866	15.056	0	0
-0.42075	0.48256	14.032	0.16885	0.67156	15.048	-0.24235	1.0866	15.056	0	0
-0.42075	0.48256	14.032	-0.2845	1.1115	15.833	-0.41087	0.47619	15.805	0	0
-0.42075	0.48256	14.032	-0.41087	0.47619	15.805	-0.9813	-0.23194	15.939	0	0
0.16885	0.67156	14.021	-0.24235	1.0866	15.056	0.038752	1.0985	14.99	0	0
-0.2845	1.1115	14.806	0.086652	1.0978	15.893	-0.40285	1.0613	16.442	0	0
-0.2845	1.1115	14.806	-0.41087	0.47619	15.805	-0.40285	1.0613	16.442	0	0
0.15923	0.66041	14.794	0.086652	1.0978	15.893	0.19095	0.60506	16.561	0	0
0.086652	1.0978	14.867	-0.40285	1.0613	16.442	0.098052	1.2044	16.563	0	0
0.086652	1.0978	14.867	0.098052	1.2044	16.563	0.19095	0.60506	16.561	0	0
-0.41087	0.47619	14.779	-0.33885	0.3976	16.548	-0.40285	1.0613	16.442	0	0
-0.41087	0.47619	14.779	-0.33885	0.3976	16.548	-0.9813	-0.23194	15.939	0	0
-0.41911	-0.86022	14.797	-0.88385	-0.74594	16.35	-0.40575	-0.89959	16.375	0	0
0.0025521	-0.12704	15.073	-0.3584	-0.28179	16.533	-0.13335	-0.68374	16.621	0	0
0.0025521	-0.12704	15.073	-0.3584	-0.28179	16.533	-0.33885	0.3976	16.548	0	0
0.0025521	-0.12704	15.073	-0.13335	-0.68374	16.621	0.14772	-0.31664	17.336	0	0
0.0025521	-0.12704	15.073	-0.33885	0.3976	16.548	0.19095	0.60506	16.561	0	0
0.0025521	-0.12704	15.073	0.19095	0.60506	16.561	0.14772	-0.31664	17.336	0	0
-0.88385	-0.74594	15.324	-0.40575	-0.89959	16.375	-0.62545	-0.83467	17.168	0	0
-0.88385	-0.74594	15.324	-0.3584	-0.28179	16.533	-0.97425	-0.35344	16.392	0	0
-0.88385	-0.74594	15.324	-0.62545	-0.83467	17.168	-0.8889	-0.31899	17.315	0	0
-0.88385	-0.74594	15.324	-0.9813	-0.23194	15.939	-0.97425	-0.35344	16.392	0	0
-0.40575	-0.89959	15.348	-0.13335	-0.68374	16.621	-0.62545	-0.83467	17.168	0	0
-0.3584	-0.28179	15.506	-0.13335	-0.68374	16.621	-0.62545	-0.83467	17.168	0	0
-0.3584	-0.28179	15.506	-0.33885	0.3976	16.548	-0.97425	-0.35344	16.392	0	0
-0.3584	-0.28179	15.506	-0.62545	-0.83467	17.168	-0.42971	-0.24287	17.25	0	0
-0.13335	-0.68374	15.594	0.14772	-0.31664	17.336	0.13693	-0.69866	17.265	0	0
-0.33885	0.3976	15.521	-0.40285	1.0613	16.442	-0.38725	0.43935	17.265	0	0
-0.33885	0.3976	15.521	-0.42971	-0.24287	17.25	-0.38725	0.43935	17.265	0	0
-0.33885	0.3976	15.521	-0.9813	-0.23194	15.939	-0.97425	-0.35344	16.392	0	0
-0.40285	1.0613	15.416	0.098052	1.2044	16.563	-0.15665	1.2386	17.304	0	0
-0.40285	1.0613	15.416	-0.38725	0.43935	17.265	-0.15665	1.2386	17.304	0	0
0.098052	1.2044	15.537	0.19095	0.60506	16.561	0.2491	0.60551	17.313	0	0
0.098052	1.2044	15.537	0.2491	0.60551	17.313	0.062652	1.2484	17.309	0	0
0.098052	1.2044	15.537	-0.15665	1.2386	17.304	0.062652	1.2484	17.309	0	0
-0.62545	-0.83467	16.142	-0.8889	-0.31899	17.315	-0.29075	-0.65094	18.07	0	0
-0.62545	-0.83467	16.142	-0.29075	-0.65094	18.07	0.13693	-0.69866	17.265	0	0
-0.42971	-0.24287	16.224	-0.38725	0.43935	17.265	-0.62165	0.4732	17.91	0	0
-0.42971	-0.24287	16.224	-0.55715	-0.25834	18.062	-0.62165	0.4732	17.91	0	0
-0.42971	-0.24287	16.224	-0.55715	-0.25834	18.062	-0.29075	-0.65094	18.07	0	0
-0.38725	0.43935	16.239	0.2491	0.60551	17.313	-0.15665	1.2386	17.304	0	0
-0.38725	0.43935	16.239	-0.62165	0.4732	17.91	-0.38205	1.0578	18.07	0	0
0.19095	0.60506	15.535	0.2491	0.60551	17.313	0.14772	-0.31664	17.336	0	0
-0.8889	-0.31899	16.288	-0.9936	0.070962	17.954	-0.34635	-0.56554	18.285	0	0
-0.8889	-0.31899	16.288	-0.29075	-0.65094	18.07	-0.34635	-0.56554	18.285	0	0
0.2491	0.60551	16.286	0.062652	1.2484	17.309	0.10355	1.2579	18.077	0	0
0.2491	0.60551	16.286	0.10355	1.2579	18.077	0.21259	0.4143	18.048	0	0
0.2491	0.60551	16.286	0.21259	0.4143	18.048	0.14772	-0.31664	17.336	0	0
-0.15665	1.2386	16.278	0.062652	1.2484	17.309	-0.073448	1.5697	17.597	0	0
0.062652	1.2484	16.282	-0.073448	1.5697	17.597	0.10355	1.2579	18.077	0	0
-0.9936	0.070962	16.928	-0.55715	-0.25834	18.062	-0.62165	0.4732	17.91	0	0
-0.9936	0.070962	16.928	-0.62165	0.4732	17.91	-0.57545	0.52846	18.614	0	0
-0.073448	1.5697	16.57	0.10355	1.2579	18.077	-0.23995	1.5602	18.699	0	0
-0.62165	0.4732	16.884	-0.38205	1.0578	18.07	-0.57545	0.52846	18.614	0	0
-0.38205	1.0578	17.044	-0.57545	0.52846	18.614	-0.45155	1.1916	18.521	0	0
0.10355	1.2579	17.05	0.21259	0.4143	18.048	0.16085	1.0296	18.564	0	0
0.10355	1.2579	17.05	-0.23995	1.5602	18.699	0.16085	1.0296	18.564	0	0
0.022952	-0.076438	17.013	0.21259	0.4143	18.048	0.14772	-0.31664	17.336	0	0
0.022952	-0.076438	17.013	0.21259	0.4143	18.048	0.083602	0.26871	18.527	0	0
0.022952	-0.076438	17.013	-0.29075	-0.65094	18.07	-0.34635	-0.56554	18.285	0	0
0.022952	-0.076438	17.013	-0.29075	-0.65094	18.07	0.14772	-0.31664	17.336	0	0
0.022952	-0.076438	17.013	-0.34635	-0.56554	18.285	-0.33482	-0.38494	18.527	0	0
0.022952	-0.076438	17.013	-0.33482	-0.38494	18.527	0.083602	0.26871	18.527	0	0
0.21259	0.4143	17.022	0.083602	0.26871	18.527	0.16085	1.0296	18.564	0	0
-0.29075	-0.65094	17.044	0.14772	-0.31664	17.336	0.13693	-0.69866	17.265	0	0
-0.34635	-0.56554	17.259	-0.33482	-0.38494	18.527	-0.30967	-0.65984	19.43	0	0
-0.33482	-0.38494	17.501	0.083602	0.26871	18.527	-0.3333	-0.25534	19.303	0	0
-0.33482	-0.38494	17.501	-0.3333	-0.25534	19.303	-0.30967	-0.65984	19.43	0	0
0.083602	0.26871	17.501	0.16085	1.0296	18.564	0.012912	0.41294	19.344	0	0
0.083602	0.26871	17.501	-0.3333	-0.25534	19.303	0.012912	0.41294	19.344	0	0
-0.57545	0.52846	17.588	-0.45155	1.1916	18.521	-0.46765	1.1308	19.26	0	0
-0.57545	0.52846	17.588	-0.3333	-0.25534	19.303	-0.70147	0.45576	19.303	0	0
-0.57545	0.52846	17.588	-0.70147	0.45576	19.303	-0.46765	1.1308	19.26	0	0
-0.45155	1.1916	17.494	-0.23995	1.5602	18.699	-0.46765	1.1308	19.26	0	0
-0.23995	1.5602	17.673	0.16085	1.0296	18.564	0.26243	1.0638	19.343	0	0
-0.23995	1.5602	17.673	-0.46765	1.1308	19.26	-0.2114	1.6082	19.361	0	0
-0.23995	1.5602	17.673	0.26243	1.0638	19.343	-0.015798	1.6102	19.449	0	0
-0.23995	1.5602	17.673	-0.2114	1.6082	19.361	-0.015798	1.6102	19.449	0	0
0.16085	1.0296	17.538	0.012912	0.41294	19.344	0.26243	1.0638	19.343	0	0
-0.3333	-0.25534	18.277	-0.30967	-0.65984	19.43	-0.35305	-0.28614	20.053	0	0
-0.3333	-0.25534	18.277	-0.70147	0.45576	19.303	-0.70195	0.43951	20.061	0	0
-0.3333	-0.25534	18.277	0.012912	0.41294	19.344	-0.35305	-0.28614	20.053	0	0
-0.3333	-0.25534	18.277	-0.70195	0.43951	20.061	-0.10255	0.48991	20.051	0	0
-0.30967	-0.65984	18.403	-0.35305	-0.28614	20.053	-0.2813	-0.69894	20.021	0	0
-0.70147	0.45576	18.277	-0.46765	1.1308	19.26	-0.501	1.2706	20.018	0	0
-0.70147	0.45576	18.277	-0.70195	0.43951	20.061	-0.501	1.2706	20.018	0	0
-0.46765	1.1308	18.234	-0.2114	1.6082	19.361	-0.501	1.2706	20.018	0	0
0.012912	0.41294	18.317	0.26243	1.0638	19.343	0.28835	1.1383	19.911	0	0
0.012912	0.41294	18.317	-0.35305	-0.28614	20.053	-0.10255	0.48991	20.051	0	0
0.012912	0.41294	18.317	-0.10255	0.48991	20.051	0.28835	1.1383	19.911	0	0
0.26243	1.0638	18.316	-0.015798	1.6102	19.449	0.28835	1.1383	19.911	0	0
-0.2114	1.6082	18.335	-0.015798	1.6102	19.449	-0.26135	1.6477	20.091	0	0
-0.2114	1.6082	18.335	-0.501	1.2706	20.018	-0.26135	1.6477	20.091	0	0
-0.015798	1.6102	18.423	0.045752	1.7212	20.087	-0.26135	1.6477	20.091	0	0
-0.015798	1.6102	18.423	0.045752	1.7212	20.087	0.28835	1.1383	19.911	0	0
-0.70195	0.43951	19.035	-0.501	1.2706	20.018	-0.44551	1.2559	20.727	0	0
-0.70195	0.43951	19.035	-0.48658	0.37955	20.803	-0.44551	1.2559	20.727	0	0
-0.70195	0.43951	19.035	-0.48658	0.37955	20.803	-1.3729	0.25606	21.372	0	0
-0.35305	-0.28614	19.026	-0.2813	-0.69894	20.021	-0.30075	-0.65276	20.777	0	0
-0.35305	-0.28614	19.026	-0.10255	0.48991	20.051	-0.38382	-0.26259	20.793	0	0
-0.35305	-0.28614	19.026	-0.30075	-0.65276	20.777	-0.38382	-0.26259	20.793	0	0
-0.10255	0.48991	19.024	0.28835	1.1383	19.911	0.051352	0.73821	20.576	0	0
-0.10255	0.48991	19.024	-0.38382	-0.26259	20.793	0.051352	0.73821	20.576	0	0
-0.501	1.2706	18.992	-0.26135	1.6477	20.091	-0.44551	1.2559	20.727	0	0
0.045752	1.7212	19.061	-0.26135	1.6477	20.091	-0.44551	1.2559	20.727	0	0
0.045752	1.7212	19.061	0.28835	1.1383	19.911	0.58715	1.316	20.14	0	0
0.045752	1.7212	19.061	-0.44551	1.2559	20.727	0.34502	1.172	20.878	0	0
0.045752	1.7212	19.061	0.58715	1.316	20.14	0.34502	1.172	20.878	0	0
0.28835	1.1383	18.885	0.58715	1.316	20.14	0.051352	0.73821	20.576	0	0
-0.30075	-0.65276	19.751	-0.38382	-0.26259	20.793	-0.423	-0.26574	21.556	0	0
-0.30075	-0.65276	19.751	-0.3939	-0.77024	21.538	-0.423	-0.26574	21.556	0	0
-0.38382	-0.26259	19.767	0.051352	0.73821	20.576	0.2381	0.44926	21.314	0	0
-0.38382	-0.26259	19.767	-0.423	-0.26574	21.556	0.2381	0.44926	21.314	0	0
-0.48658	0.37955	19.777	-0.44551	1.2559	20.727	-0.54335	1.2539	21.341	0	0
-0.48658	0.37955	19.777	-0.39635	0.5562	21.475	0.2381	0.44926	21.314	0	0
-0.48658	0.37955	19.777	-0.39635	0.5562	21.475	-1.3729	0.25606	21.372	0	0
-0.44551	1.2559	19.701	0.34502	1.172	20.878	-0.54335	1.2539	21.341	0	0
0.58715	1.316	19.114	0.051352	0.73821	20.576	0.656	1.2231	20.593	0	0
0.051352	0.73821	19.55	0.34502	1.172	20.878	0.656	1.2231	20.593	0	0
0.051352	0.73821	19.55	0.34502	1.172	20.878	0.2381	0.44926	21.314	0	0
-0.3939	-0.77024	20.511	-0.423	-0.26574	21.556	-0.59085	-0.65714	22.028	0	0
0.34502	1.172	19.851	-0.54335	1.2539	21.341	0.95315	1.598	21.969	0	0
0.34502	1.172	19.851	0.656	1.2231	20.593	0.85285	1.191	21.302	0	0
0.34502	1.172	19.851	0.3645	0.98856	21.495	0.85285	1.191	21.302	0	0
0.34502	1.172	19.851	0.3645	0.98856	21.495	0.2381	0.44926	21.314	0	0
-0.54335	1.2539	20.315	-0.25505	1.1246	22.068	0.95315	1.598	21.969	0	0
0.3645	0.98856	20.468	0.19025	1.0859	22.049	0.21475	0.67251	22.012	0	0
0.3645	0.98856	20.468	0.19025	1.0859	22.049	0.95315	1.598	21.969	0	0
0.3645	0.98856	20.468	0.85285	1.191	21.302	0.95315	1.598	21.969	0	0
0.3645	0.98856	20.468	0.21475	0.67251	22.012	0.2381	0.44926	21.314	0	0
-0.39635	0.5562	20.449	-0.423	-0.26574	21.556	-0.415	0.47006	22.041	0	0
-0.39635	0.5562	20.449	-0.423	-0.26574	21.556	-1.105	-0.074787	21.691	0	0
-0.39635	0.5562	20.449	-0.415	0.47006	22.041	0.2381	0.44926	21.314	0	0
-0.39635	0.5562	20.449	-1.105	-0.074787	21.691	-1.3729	0.25606	21.372	0	0
-0.423	-0.26574	20.53	-0.415	0.47006	22.041	-0.35988	-0.3019	22.122	0	0
-0.423	-0.26574	20.53	-0.59085	-0.65714	22.028	-1.105	-0.074787	21.691	0	0
-0.423	-0.26574	20.53	-0.35988	-0.3019	22.122	0.3372	-0.36624	22.18	0	0
-0.423	-0.26574	20.53	0.2381	0.44926	21.314	0.3372	-0.36624	22.18	0	0
-0.415	0.47006	21.015	-0.35988	-0.3019	22.122	-0.47126	0.4628	22.806	0	0
-0.415	0.47006	21.015	-0.25505	1.1246	22.068	0.21475	0.67251	22.012	0	0
-0.415	0.47006	21.015	-0.25505	1.1246	22.068	-0.26585	1.0335	22.716	0	0
-0.415	0.47006	21.015	0.21475	0.67251	22.012	0.2381	0.44926	21.314	0	0
-0.415	0.47006	21.015	-0.47126	0.4628	22.806	-0.26585	1.0335	22.716	0	0
-0.59085	-0.65714	21.002	-0.35988	-0.3019	22.122	-0.6199	-0.31859	22.825	0	0
-0.59085	-0.65714	21.002	-1.105	-0.074787	21.691	-1.1567	-0.12344	22.002	0	0
-0.59085	-0.65714	21.002	-1.1567	-0.12344	22.002	-1.1862	-0.4681	22.686	0	0
-0.59085	-0.65714	21.002	-0.6199	-0.31859	22.825	-1.1862	-0.4681	22.686	0	0
-0.35988	-0.3019	21.095	-0.56622	-0.76911	22.772	0.154	-0.21294	22.793	0	0
-0.35988	-0.3019	21.095	-0.47126	0.4628	22.806	-0.6199	-0.31859	22.825	0	0
-0.35988	-0.3019	21.095	0.154	-0.21294	22.793	0.3372	-0.36624	22.18	0	0
-0.25505	1.1246	21.041	0.19025	1.0859	22.049	0.21475	0.67251	22.012	0	0
-0.25505	1.1246	21.041	0.19025	1.0859	22.049	0.011352	1.0912	22.825	0	0
-0.25505	1.1246	21.041	-0.26585	1.0335	22.716	0.011352	1.0912	22.825	0	0
0.19025	1.0859	21.022	0.95315	1.598	21.969	0.011352	1.0912	22.825	0	0
0.85285	1.191	20.275	0.2381	0.44926	21.314	0.65595	-0.22354	22.245	0	0
-0.56622	-0.76911	21.746	-0.61585	-0.67474	23.591	-0.6199	-0.31859	22.825	0	0
-0.56622	-0.76911	21.746	-0.61585	-0.67474	23.591	-1.0935	-0.92016	22.872	0	0
-0.56622	-0.76911	21.746	-0.6199	-0.31859	22.825	-1.1862	-0.4681	22.686	0	0
-0.56622	-0.76911	21.746	-1.1862	-0.4681	22.686	-1.0935	-0.92016	22.872	0	0
-0.56622	-0.76911	21.746	0.154	-0.21294	22.793	0.3931	-0.63109	22.812	0	0
-0.47126	0.4628	21.78	-0.26585	1.0335	22.716	-0.45125	0.44716	23.551	0	0
-0.47126	0.4628	21.78	-0.6199	-0.31859	22.825	-0.45125	0.44716	23.551	0	0
-0.26585	1.0335	21.69	0.011352	1.0912	22.825	-0.19085	1.1827	23.58	0	0
-0.26585	1.0335	21.69	-0.45125	0.44716	23.551	-0.19085	1.1827	23.58	0	0
-0.61585	-0.67474	22.565	0.059185	-0.32804	23.606	-0.69795	-0.32734	23.565	0	0
-0.61585	-0.67474	22.565	0.059185	-0.32804	23.606	0.34065	-0.69554	23.591	0	0
-0.61585	-0.67474	22.565	-0.6199	-0.31859	22.825	-0.69795	-0.32734	23.565	0	0
-0.61585	-0.67474	22.565	-1.0935	-0.92016	22.872	-1.2522	-1.1001	23.588	0	0
-0.61585	-0.67474	22.565	-1.2522	-1.1001	23.588	-0.88495	-0.79124	24.23	0	0
-0.61585	-0.67474	22.565	-0.65755	-0.88027	24.238	-0.88495	-0.79124	24.23	0	0
-0.61585	-0.67474	22.565	-0.65755	-0.88027	24.238	0.20085	-0.77226	24.295	0	0
-0.61585	-0.67474	22.565	0.20085	-0.77226	24.295	0.34065	-0.69554	23.591	0	0
0.059185	-0.32804	22.58	0.2188	0.55101	23.55	-0.45125	0.44716	23.551	0	0
0.059185	-0.32804	22.58	0.2188	0.55101	23.55	0.25115	-0.20677	24.211	0	0
0.059185	-0.32804	22.58	-0.45125	0.44716	23.551	-0.56201	-0.20524	24.273	0	0
0.059185	-0.32804	22.58	-0.56201	-0.20524	24.273	0.20085	-0.77226	24.295	0	0
0.059185	-0.32804	22.58	0.20085	-0.77226	24.295	0.25115	-0.20677	24.211	0	0
0.059185	-0.32804	22.58	0.34065	-0.69554	23.591	0.3931	-0.63109	22.812	0	0
0.011352	1.0912	21.799	0.036752	1.1831	23.557	-0.19085	1.1827	23.58	0	0
0.2381	0.44926	20.288	0.3372	-0.36624	22.18	0.65595	-0.22354	22.245	0	0
-1.105	-0.074787	20.664	-1.1567	-0.12344	22.002	-1.5789	-0.13094	22.108	0	0
-1.105	-0.074787	20.664	-1.3729	0.25606	21.372	-1.5789	-0.13094	22.108	0	0
-1.1567	-0.12344	20.976	-1.1862	-0.4681	22.686	-1.5789	-0.13094	22.108	0	0
0.2188	0.55101	22.524	0.036752	1.1831	23.557	0.35425	0.57406	24.307	0	0
0.2188	0.55101	22.524	0.35425	0.57406	24.307	0.25115	-0.20677	24.211	0	0
0.2188	0.55101	22.524	0.84775	-0.62624	23.106	0.88052	-0.3274	22.704	0	0
-0.6199	-0.31859	21.799	-0.69795	-0.32734	23.565	-0.45125	0.44716	23.551	0	0
-1.1862	-0.4681	21.66	-1.0935	-0.92016	22.872	-1.7044	-0.7402	22.887	0	0
-1.1862	-0.4681	21.66	-1.5789	-0.13094	22.108	-1.7044	-0.7402	22.887	0	0
-1.0935	-0.92016	21.846	-1.2522	-1.1001	23.588	-1.7044	-0.7402	22.887	0	0
-0.69795	-0.32734	22.539	-0.45125	0.44716	23.551	-0.9193	-0.076787	24.143	0	0
-0.69795	-0.32734	22.539	-0.88495	-0.79124	24.23	-0.9193	-0.076787	24.143	0	0
-0.45125	0.44716	22.525	-0.19085	1.1827	23.58	-0.48988	0.57153	24.206	0	0
-0.45125	0.44716	22.525	-0.48988	0.57153	24.206	-0.9193	-0.076787	24.143	0	0
0.036752	1.1831	22.53	-0.19085	1.1827	23.58	-0.070648	1.5571	24.502	0	0
0.036752	1.1831	22.53	0.35425	0.57406	24.307	0.092302	1.2865	24.319	0	0
0.036752	1.1831	22.53	0.092302	1.2865	24.319	-0.070648	1.5571	24.502	0	0
-1.2522	-1.1001	22.562	-0.88495	-0.79124	24.23	-1.895	-1.1264	23.905	0	0
-1.2522	-1.1001	22.562	-1.7044	-0.7402	22.887	-1.8615	-0.94627	23.51	0	0
-1.2522	-1.1001	22.562	-1.8615	-0.94627	23.51	-1.895	-1.1264	23.905	0	0
-0.65755	-0.88027	23.212	-0.88495	-0.79124	24.23	-0.56235	-0.98259	24.845	0	0
-0.65755	-0.88027	23.212	-0.56235	-0.98259	24.845	0.20085	-0.77226	24.295	0	0
-0.88495	-0.79124	23.204	-0.56235	-0.98259	24.845	-0.90285	-0.61954	24.875	0	0
-0.88495	-0.79124	23.204	-0.90285	-0.61954	24.875	-1.895	-1.1264	23.905	0	0
-0.88495	-0.79124	23.204	-0.9193	-0.076787	24.143	-0.9921	-0.30204	24.834	0	0
-0.19085	1.1827	22.553	-0.48988	0.57153	24.206	-0.22925	1.1973	24.317	0	0
-0.19085	1.1827	22.553	-0.22925	1.1973	24.317	-0.070648	1.5571	24.502	0	0
0.35425	0.57406	23.28	0.092302	1.2865	24.319	0.19245	1.2739	25.036	0	0
0.35425	0.57406	23.28	0.19245	1.2739	25.036	0.66172	0.44816	24.975	0	0
0.35425	0.57406	23.28	0.25115	-0.20677	24.211	0.6572	-0.24529	24.815	0	0
0.35425	0.57406	23.28	0.66172	0.44816	24.975	0.6572	-0.24529	24.815	0	0
-0.56201	-0.20524	23.247	-0.48988	0.57153	24.206	0.17749	-0.20924	24.888	0	0
-0.56201	-0.20524	23.247	-0.60445	-0.36564	25.114	-0.89945	0.26706	24.422	0	0
-0.56201	-0.20524	23.247	0.20085	-0.77226	24.295	0.17749	-0.20924	24.888	0	0
-0.48988	0.57153	23.179	-0.22925	1.1973	24.317	-0.44528	1.1017	24.921	0	0
-0.48988	0.57153	23.179	-0.4588	0.81476	25.072	-0.44528	1.1017	24.921	0	0
-0.48988	0.57153	23.179	-0.4588	0.81476	25.072	-0.89945	0.26706	24.422	0	0
-0.48988	0.57153	23.179	-0.9193	-0.076787	24.143	-0.89945	0.26706	24.422	0	0
-0.48988	0.57153	23.179	0.23865	0.44446	25.084	0.17749	-0.20924	24.888	0	0
-0.56235	-0.98259	23.818	-0.90285	-0.61954	24.875	-0.60445	-0.36564	25.114	0	0
-0.56235	-0.98259	23.818	-0.60445	-0.36564	25.114	0.10852	-0.74714	24.903	0	0
-0.56235	-0.98259	23.818	0.20085	-0.77226	24.295	0.10852	-0.74714	24.903	0	0
-0.90285	-0.61954	23.848	-0.60445	-0.36564	25.114	-0.9921	-0.30204	24.834	0	0
0.092302	1.2865	23.292	-0.070648	1.5571	24.502	0.19245	1.2739	25.036	0	0
-0.22925	1.1973	23.291	-0.070648	1.5571	24.502	-0.44528	1.1017	24.921	0	0
-0.070648	1.5571	23.476	0.19245	1.2739	25.036	-0.018081	1.6022	25.037	0	0
-0.070648	1.5571	23.476	-0.018081	1.6022	25.037	-0.44528	1.1017	24.921	0	0
-0.60445	-0.36564	24.087	-0.42345	-0.73714	25.519	-0.62845	-0.29764	25.565	0	0
-0.60445	-0.36564	24.087	-0.62845	-0.29764	25.565	-0.89475	-0.064838	25.368	0	0
-0.60445	-0.36564	24.087	0.10852	-0.74714	24.903	0.17749	-0.20924	24.888	0	0
-0.60445	-0.36564	24.087	-0.4588	0.81476	25.072	-0.89945	0.26706	24.422	0	0
-0.60445	-0.36564	24.087	-0.9921	-0.30204	24.834	-0.89475	-0.064838	25.368	0	0
-0.60445	-0.36564	24.087	0.10345	0.32781	25.549	0.17749	-0.20924	24.888	0	0
-0.42345	-0.73714	24.492	-0.62845	-0.29764	25.565	-0.1227	-0.41594	26.058	0	0
-0.42345	-0.73714	24.492	0.10852	-0.74714	24.903	0.15392	-0.8914	25.526	0	0
-0.42345	-0.73714	24.492	-0.1227	-0.41594	26.058	0.15392	-0.8914	25.526	0	0
-0.62845	-0.29764	24.539	-0.89475	-0.064838	25.368	-0.53875	-0.15177	26.196	0	0
-0.62845	-0.29764	24.539	-0.4519	0.44011	25.569	-0.1227	-0.41594	26.058	0	0
-0.62845	-0.29764	24.539	-0.53875	-0.15177	26.196	-0.39071	-0.69007	26.436	0	0
0.20085	-0.77226	23.269	0.10852	-0.74714	24.903	0.6572	-0.24529	24.815	0	0
0.20085	-0.77226	23.269	0.25115	-0.20677	24.211	0.6572	-0.24529	24.815	0	0
0.20085	-0.77226	23.269	0.34065	-0.69554	23.591	0.77965	-0.91354	23.662	0	0
0.10852	-0.74714	23.876	0.17749	-0.20924	24.888	0.6572	-0.24529	24.815	0	0
-0.4588	0.81476	24.045	0.23865	0.44446	25.084	0.19245	1.2739	25.036	0	0
-0.4588	0.81476	24.045	0.23865	0.44446	25.084	-0.4519	0.44011	25.569	0	0
-0.4588	0.81476	24.045	0.19245	1.2739	25.036	-0.44528	1.1017	24.921	0	0
-0.4588	0.81476	24.045	-0.4519	0.44011	25.569	-0.5612	1.2395	25.561	0	0
-0.9193	-0.076787	23.116	-0.9921	-0.30204	24.834	-0.89945	0.26706	24.422	0	0
0.23865	0.44446	24.058	0.19245	1.2739	25.036	0.3303	1.0826	25.548	0	0
0.23865	0.44446	24.058	0.10345	0.32781	25.549	-0.4519	0.44011	25.569	0	0
0.23865	0.44446	24.058	0.10345	0.32781	25.549	0.81262	0.58566	25.648	0	0
0.23865	0.44446	24.058	0.17749	-0.20924	24.888	0.66172	0.44816	24.975	0	0
0.23865	0.44446	24.058	0.66172	0.44816	24.975	0.81262	0.58566	25.648	0	0
0.19245	1.2739	24.009	-0.018081	1.6022	25.037	0.075752	1.721	25.588	0	0
0.19245	1.2739	24.009	0.075752	1.721	25.588	0.3303	1.0826	25.548	0	0
0.19245	1.2739	24.009	0.66172	0.44816	24.975	0.81262	0.58566	25.648	0	0
-0.9921	-0.30204	23.807	-0.89475	-0.064838	25.368	-1.0342	0.36408	24.889	0	0
-0.9921	-0.30204	23.807	-0.89945	0.26706	24.422	-1.0342	0.36408	24.889	0	0
-0.89475	-0.064838	24.341	-0.53875	-0.15177	26.196	-1.1659	0.45924	25.541	0	0
-0.89475	-0.064838	24.341	-1.0342	0.36408	24.889	-1.1659	0.45924	25.541	0	0
-0.018081	1.6022	24.011	0.075752	1.721	25.588	-0.20965	1.5844	25.621	0	0
-0.018081	1.6022	24.011	-0.20965	1.5844	25.621	-0.5612	1.2395	25.561	0	0
-0.018081	1.6022	24.011	-0.44528	1.1017	24.921	-0.5612	1.2395	25.561	0	0
0.075752	1.721	24.562	-0.20965	1.5844	25.621	-0.44435	1.6571	26.418	0	0
0.075752	1.721	24.562	0.3303	1.0826	25.548	0.1939	1.1617	26.29	0	0
0.075752	1.721	24.562	-0.44435	1.6571	26.418	0.37085	2.2796	26.511	0	0
-0.20965	1.5844	24.595	-0.5612	1.2395	25.561	-0.44435	1.6571	26.418	0	0
0.10345	0.32781	24.523	-0.4519	0.44011	25.569	0.11317	0.45303	26.287	0	0
0.10345	0.32781	24.523	0.17749	-0.20924	24.888	0.26805	-0.25924	25.715	0	0
0.10345	0.32781	24.523	0.26805	-0.25924	25.715	0.11317	0.45303	26.287	0	0
-0.4519	0.44011	24.542	-0.53875	-0.15177	26.196	-1.1918	0.54756	26.238	0	0
-0.4519	0.44011	24.542	-0.5612	1.2395	25.561	-0.5522	1.2715	26.074	0	0
-0.4519	0.44011	24.542	-0.5522	1.2715	26.074	0.11317	0.45303	26.287	0	0
-0.53875	-0.15177	25.169	-0.39071	-0.69007	26.436	-0.1227	-0.41594	26.058	0	0
-0.53875	-0.15177	25.169	-0.1227	-0.41594	26.058	0.11317	0.45303	26.287	0	0
-0.53875	-0.15177	25.169	0.11317	0.45303	26.287	-1.171	0.66716	27.045	0	0
-0.53875	-0.15177	25.169	-1.1918	0.54756	26.238	-1.171	0.66716	27.045	0	0
-0.44528	1.1017	23.895	-0.5612	1.2395	25.561	-1.0336	0.96496	25.703	0	0
-0.44528	1.1017	23.895	-0.89945	0.26706	24.422	-1.0342	0.36408	24.889	0	0
-0.44528	1.1017	23.895	-1.0342	0.36408	24.889	-1.0336	0.96496	25.703	0	0
-0.5612	1.2395	24.535	-0.5522	1.2715	26.074	-1.0336	0.96496	25.703	0	0
0.3303	1.0826	24.521	0.1939	1.1617	26.29	0.81262	0.58566	25.648	0	0
-0.5522	1.2715	25.047	-0.44435	1.6571	26.418	0.1939	1.1617	26.29	0	0
-0.5522	1.2715	25.047	-0.44435	1.6571	26.418	-1.0762	1.135	26.383	0	0
-0.5522	1.2715	25.047	0.11317	0.45303	26.287	0.1939	1.1617	26.29	0	0
-0.5522	1.2715	25.047	-1.0336	0.96496	25.703	-1.0762	1.135	26.383	0	0
-0.44435	1.6571	25.392	0.1939	1.1617	26.29	0.2694	1.8699	26.383	0	0
-0.44435	1.6571	25.392	0.2694	1.8699	26.383	-0.44275	1.8337	27.102	0	0
-0.44435	1.6571	25.392	-0.44275	1.8337	27.102	-1.1561	1.2942	27.092	0	0
-0.44435	1.6571	25.392	-1.1561	1.2942	27.092	-1.0762	1.135	26.383	0	0
-0.1227	-0.41594	25.032	0.15392	-0.8914	25.526	0.26805	-0.25924	25.715	0	0
-0.1227	-0.41594	25.032	0.26805	-0.25924	25.715	0.11317	0.45303	26.287	0	0
0.34065	-0.69554	22.564	0.77965	-0.91354	23.662	0.84775	-0.62624	23.106	0	0
0.34065	-0.69554	22.564	0.3931	-0.63109	22.812	0.84775	-0.62624	23.106	0	0
0.17749	-0.20924	23.862	0.15392	-0.8914	25.526	0.26805	-0.25924	25.715	0	0
0.17749	-0.20924	23.862	0.66172	0.44816	24.975	0.6572	-0.24529	24.815	0	0
0.154	-0.21294	21.767	0.3931	-0.63109	22.812	0.3372	-0.36624	22.18	0	0
0.11317	0.45303	25.26	0.1939	1.1617	26.29	0.72342	1.0219	26.401	0	0
0.11317	0.45303	25.26	-1.171	0.66716	27.045	-0.29025	1.3411	27.202	0	0
0.11317	0.45303	25.26	-0.29025	1.3411	27.202	0.8639	0.62481	26.575	0	0
0.11317	0.45303	25.26	0.72342	1.0219	26.401	0.8639	0.62481	26.575	0	0
0.1939	1.1617	25.264	0.2694	1.8699	26.383	0.72342	1.0219	26.401	0	0
0.2694	1.8699	25.357	0.37085	2.2796	26.511	0.30568	1.9962	27.098	0	0
0.2694	1.8699	25.357	0.37085	2.2796	26.511	0.72342	1.0219	26.401	0	0
0.2694	1.8699	25.357	-0.44275	1.8337	27.102	0.30568	1.9962	27.098	0	0
0.37085	2.2796	25.485	0.30568	1.9962	27.098	0.44235	2.2929	27.586	0	0
0.37085	2.2796	25.485	0.72342	1.0219	26.401	1.1543	1.0309	27.023	0	0
-1.1918	0.54756	25.212	-1.5835	0.40701	26.386	-1.1659	0.45924	25.541	0	0
-1.1918	0.54756	25.212	-1.5835	0.40701	26.386	-1.6032	0.93386	26.667	0	0
-1.1918	0.54756	25.212	-1.1659	0.45924	25.541	-1.0336	0.96496	25.703	0	0
-1.1918	0.54756	25.212	-1.6032	0.93386	26.667	-1.0762	1.135	26.383	0	0
-1.1918	0.54756	25.212	-1.0336	0.96496	25.703	-1.0762	1.135	26.383	0	0
-1.171	0.66716	26.019	-0.29025	1.3411	27.202	-1.1561	1.2942	27.092	0	0
-0.44275	1.8337	26.075	-0.40083	1.9232	27.751	0.10825	2.1963	27.576	0	0
-0.44275	1.8337	26.075	-0.40083	1.9232	27.751	-1.4209	1.5539	27.532	0	0
-0.44275	1.8337	26.075	0.30568	1.9962	27.098	0.10825	2.1963	27.576	0	0
-0.44275	1.8337	26.075	-1.1561	1.2942	27.092	-1.4209	1.5539	27.532	0	0
-0.29025	1.3411	26.176	-0.40083	1.9232	27.751	-1.3147	1.1609	27.813	0	0
-0.29025	1.3411	26.176	0.30568	1.9962	27.098	1.1543	1.0309	27.023	0	0
-0.29025	1.3411	26.176	-1.3147	1.1609	27.813	-1.1561	1.2942	27.092	0	0
-0.29025	1.3411	26.176	0.8639	0.62481	26.575	1.1543	1.0309	27.023	0	0
-0.40083	1.9232	26.724	-1.3147	1.1609	27.813	-0.71142	1.9394	28.343	0	0
-0.40083	1.9232	26.724	-0.71142	1.9394	28.343	0.11445	2.2429	28.089	0	0
-0.40083	1.9232	26.724	-1.2985	1.9022	28.368	-1.7246	2.1012	28.149	0	0
-0.40083	1.9232	26.724	0.10825	2.1963	27.576	0.11445	2.2429	28.089	0	0
-0.40083	1.9232	26.724	-1.4209	1.5539	27.532	-1.6492	1.7615	27.739	0	0
-0.40083	1.9232	26.724	-1.7246	2.1012	28.149	-1.6492	1.7615	27.739	0	0
0.30568	1.9962	26.072	0.10825	2.1963	27.576	0.44235	2.2929	27.586	0	0
-1.3147	1.1609	26.787	-0.71142	1.9394	28.343	-1.2985	1.9022	28.368	0	0
-1.3147	1.1609	26.787	-1.2985	1.9022	28.368	-1.7044	1.4623	28.538	0	0
-0.71142	1.9394	27.317	-1.2985	1.9022	28.368	-1.1185	2.4661	28.989	0	0
-0.71142	1.9394	27.317	0.11445	2.2429	28.089	-0.72875	2.4381	29.56	0	0
-0.71142	1.9394	27.317	-1.1185	2.4661	28.989	-0.72875	2.4381	29.56	0	0
-1.2985	1.9022	27.342	-1.7246	2.1012	28.149	-1.7316	2.4308	28.501	0	0
-1.2985	1.9022	27.342	-1.7316	2.4308	28.501	-1.1185	2.4661	28.989	0	0
0.3931	-0.63109	21.785	0.3372	-0.36624	22.18	0.65595	-0.22354	22.245	0	0
0.3931	-0.63109	21.785	0.84775	-0.62624	23.106	0.88052	-0.3274	22.704	0	0
0.3931	-0.63109	21.785	0.65595	-0.22354	22.245	0.88052	-0.3274	22.704	0	0
0.72342	1.0219	25.375	0.8639	0.62481	26.575	1.1543	1.0309	27.023	0	0
-1.0342	0.36408	23.863	-1.1659	0.45924	25.541	-1.0336	0.96496	25.703	0	0
-1.1561	1.2942	26.066	-1.4209	1.5539	27.532	-1.7671	1.1124	26.986	0	0
-1.1561	1.2942	26.066	-1.6032	0.93386	26.667	-1.7671	1.1124	26.986	0	0
-1.1561	1.2942	26.066	-1.6032	0.93386	26.667	-1.0762	1.135	26.383	0	0
0.10825	2.1963	26.55	0.44235	2.2929	27.586	0.11445	2.2429	28.089	0	0
-1.4209	1.5539	26.505	-1.7671	1.1124	26.986	-1.6492	1.7615	27.739	0	0
-1.7316	2.4308	27.475	-1.1185	2.4661	28.989	-1.7713	2.7764	28.897	0	0
-1.1185	2.4661	27.962	-1.7713	2.7764	28.897	-1.6864	2.9906	29.15	0	0
-1.1185	2.4661	27.962	-0.72875	2.4381	29.56	-1.1639	2.6667	29.562	0	0
-1.1185	2.4661	27.962	-1.1639	2.6667	29.562	-1.6864	2.9906	29.15	0	0
-1.1639	2.6667	28.535	-1.6947	2.9989	29.58	-1.6864	2.9906	29.15	0	0
-0.41205	2.6872	12.111	-2.1725	9.463	17.171	0.184	2.3724	11.732	1	1
-2.1725	9.463	17.171	-2.95837368372537	12.4877510046786	19.4298093042406	0.0806985330863892	8.56228322699326	18.651326336166	1	1
-2.95837368372537	12.4877510046786	19.4298093042406	-4.03903754871112	16.6471206069794	22.5359237390885	-1.02960485945382	11.2990968727747	20.0155095300858	1	1
-4.03903754871112	16.6471206069794	22.5359237390885	-4.75593414610014	19.4063855475278	24.5964746111885	-3.20286526319978	15.4936955553851	24.2559950077566	1	1
-4.75593414610014	19.4063855475278	24.5964746111885	-6.04843456287534	24.381093334733	28.3114634543152	-4.6787389320656	19.5460733836321	25.3809649026355	1	1
0.0806985330863892	8.56228322699326	18.651326336166	0.184	2.3724	11.732	-2.1725	9.463	17.171	1	1
-1.02960485945382	11.2990968727747	20.0155095300858	0.0806985330863892	8.56228322699326	18.651326336166	-2.95837368372537	12.4877510046786	19.4298093042406	1	1
-3.20286526319978	15.4936955553851	24.2559950077566	-1.02960485945382	11.2990968727747	20.0155095300858	-4.03903754871112	16.6471206069794	22.5359237390885	1	1
-4.6787389320656	19.5460733836321	25.3809649026355	-3.20286526319978	15.4936955553851	24.2559950077566	-4.75593414610014	19.4063855475278	24.5964746111885	1	1
-2.1725	9.463	17.171	-0.41205	2.6872	12.111	-1.7716	1.882	12.511	1	1
-2.95837368372537	12.4877510046786	19.4298093042406	-2.1725	9.463	17.171	-3.31603305500299	9.25615300327473	17.3734957334397	1	1
-4.03903754871112	16.6471206069794	22.5359237390885	-2.95837368372537	12.4877510046786	19.4298093042406	-4.85796180239326	11.5228727538389	19.6454277182788	1	1
-4.75593414610014	19.4063855475278	24.5964746111885	-4.03903754871112	16.6471206069794	22.5359237390885	-5.98305902411814	15.9271367477714	23.2132073618318	1	1
-6.04843456287534	24.381093334733	28.3114634543152	-4.75593414610014	19.4063855475278	24.5964746111885	-6.82379993915743	18.7090062701203	24.5817676282837	1	1
-1.7716	1.882	12.511	-3.31603305500299	9.25615300327473	17.3734957334397	-2.1725	9.463	17.171	1	1
-3.31603305500299	9.25615300327473	17.3734957334397	-4.85796180239326	11.5228727538389	19.6454277182788	-2.95837368372537	12.4877510046786	19.4298093042406	1	1
-4.85796180239326	11.5228727538389	19.6454277182788	-5.98305902411814	15.9271367477714	23.2132073618318	-4.03903754871112	16.6471206069794	22.5359237390885	1	1
-5.98305902411814	15.9271367477714	23.2132073618318	-6.82379993915743	18.7090062701203	24.5817676282837	-4.75593414610014	19.4063855475278	24.5964746111885	1	1
0.12035	-1.5779	16.987	-0.69681	-5.8877	22.062	0.7205	-1.7004	16.289	2	1
-0.69681	-5.8877	22.062	-1.1614	-9.309	25.507	0.63269	-5.2137	22.291	2	1
-1.1614	-9.309	25.507	-1.17256378205433	-12.4903990407231	27.987817735376	1.07194039379864	-9.69567940555744	25.7378266291941	2	1
-1.17256378205433	-12.4903990407231	27.987817735376	-1.98018207393044	-16.5650910607639	31.5771577525578	0.107983473947166	-12.4008436020169	28.9412622217228	2	1
-1.98018207393044	-16.5650910607639	31.5771577525578	-2.59542044086936	-20.9302180396394	34.3558022602522	0.242222724566749	-16.7025379858111	31.1263674721483	2	1
-2.59542044086936	-20.9302180396394	34.3558022602522	-2.45360346656822	-24.1480408897725	36.333246522668	0.270922140686192	-20.5145072114907	36.2478739614626	2	1
-2.45360346656822	-24.1480408897725	36.333246522668	-2.44014567925135	-27.4119429618898	37.7054928103617	0.151581802398188	-24.0794518110084	37.7592291356878	2	1
-2.44014567925135	-27.4119429618898	37.7054928103617	-2.36831845791995	-32.9202627818624	39.0626166444952	-0.469449805263194	-27.1517550654725	37.694275265888	2	1
0.63269	-5.2137	22.291	0.7205	-1.7004	16.289	-0.69681	-5.8877	22.062	2	1
1.07194039379864	-9.69567940555744	25.7378266291941	0.63269	-5.2137	22.291	-1.1614	-9.309	25.507	2	1
0.107983473947166	-12.4008436020169	28.9412622217228	1.07194039379864	-9.69567940555744	25.7378266291941	-1.17256378205433	-12.4903990407231	27.987817735376	2	1
0.242222724566749	-16.7025379858111	31.1263674721483	0.107983473947166	-12.4008436020169	28.9412622217228	-1.98018207393044	-16.5650910607639	31.5771577525578	2	1
0.270922140686192	-20.5145072114907	36.2478739614626	0.242222724566749	-16.7025379858111	31.1263674721483	-2.59542044086936	-20.9302180396394	34.3558022602522	2	1
0.151581802398188	-24.0794518110084	37.7592291356878	0.270922140686192	-20.5145072114907	36.2478739614626	-2.45360346656822	-24.1480408897725	36.333246522668	2	1
-0.469449805263194	-27.1517550654725	37.694275265888	0.151581802398188	-24.0794518110084	37.7592291356878	-2.44014567925135	-27.4119429618898	37.7054928103617	2	1
-0.69681	-5.8877	22.062	0.12035	-1.5779	16.987	-1.3152	-1.6336	16.293	2	1
-1.1614	-9.309	25.507	-0.69681	-5.8877	22.062	-1.9231	-5.2824	22.816	2	1
-1.17256378205433	-12.4903990407231	27.987817735376	-1.1614	-9.309	25.507	-1.76410878271037	-9.25303156469053	26.0742686114115	2	1
-1.98018207393044	-16.5650910607639	31.5771577525578	-1.17256378205433	-12.4903990407231	27.987817735376	-3.07558168209586	-10.3860179950905	30.0498155553079	2	1
-2.59542044086936	-20.9302180396394	34.3558022602522	-1.98018207393044	-16.5650910607639	31.5771577525578	-2.81397227101929	-17.1799550474575	31.2631124929123	2	1
-2.45360346656822	-24.1480408897725	36.333246522668	-2.59542044086936	-20.9302180396394	34.3558022602522	-3.47688334480993	-20.5953541449838	34.1021866435549	2	1
-2.44014567925135	-27.4119429618898	37.7054928103617	-2.45360346656822	-24.1480408897725	36.333246522668	-2.67017191089829	-23.9223749368546	38.0191419039459	2	1
-1.3152	-1.6336	16.293	-1.9231	-5.2824	22.816	-0.69681	-5.8877	22.062	2	1
-1.9231	-5.2824	22.816	-1.76410878271037	-9.25303156469053	26.0742686114115	-1.1614	-9.309	25.507	2	1
-1.76410878271037	-9.25303156469053	26.0742686114115	-3.07558168209586	-10.3860179950905	30.0498155553079	-1.17256378205433	-12.4903990407231	27.987817735376	2	1
-3.07558168209586	-10.3860179950905	30.0498155553079	-2.81397227101929	-17.1799550474575	31.2631124929123	-1.98018207393044	-16.5650910607639	31.5771577525578	2	1
-2.81397227101929	-17.1799550474575	31.2631124929123	-3.47688334480993	-20.5953541449838	34.1021866435549	-2.59542044086936	-20.9302180396394	34.3558022602522	2	1
-3.47688334480993	-20.5953541449838	34.1021866435549	-2.67017191089829	-23.9223749368546	38.0191419039459	-2.45360346656822	-24.1480408897725	36.333246522668	2	1
0.0037021	2.3981	21.682	0.412	5.4894	26.775	1.0784	1.877	21.494	3	2
0.412	5.4894	26.775	0.67495	8.3882	31.514	1.1945	5.6152	27.008	3	2
0.67495	8.3882	31.514	1.03	11.425	34.562	2.4761	7.3981	31.791	3	2
1.03	11.425	34.562	1.51630525595746	14.9709070222812	37.7218380887895	2.50524811579837	11.2959949253724	34.5757930255453	3	2
1.51630525595746	14.9709070222812	37.7218380887895	1.85624209679796	17.9151215313613	40.0371268998802	3.55709448174816	13.8808236431896	38.5765278877955	3	2
1.85624209679796	17.9151215313613	40.0371268998802	2.42816954487149	21.0851070665295	42.3712922455583	3.7554123124871	17.310908192545	40.2096171692746	3	2
2.42816954487149	21.0851070665295	42.3712922455583	3.26473894588801	25.7040902078081	45.3456006135435	4.43414059250327	20.8441727907919	42.4241724955375	3	2
3.26473894588801	25.7040902078081	45.3456006135435	3.79862957966942	28.72196764803	47.0301581331789	5.36048719447705	26.0865058451865	45.3227478494978	3	2
3.79862957966942	28.72196764803	47.0301581331789	4.58056929822578	31.9771684249268	48.7342503456587	6.49257299414933	28.9552967547357	48.0444552777792	3	2
4.58056929822578	31.9771684249268	48.7342503456587	5.11292210979955	35.0685869814706	50.2466139898483	5.71485628385718	31.547538150382	49.1474378350891	3	2
5.11292210979955	35.0685869814706	50.2466139898483	6.34181964045295	40.9970144913848	52.7717799010006	7.22643074551978	34.598064225696	50.3964574849836	3	2
1.1945	5.6152	27.008	1.0784	1.877	21.494	0.412	5.4894	26.775	3	2
2.4761	7.3981	31.791	1.1945	5.6152	27.008	0.67495	8.3882	31.514	3	2
2.50524811579837	11.2959949253724	34.5757930255453	2.4761	7.3981	31.791	1.03	11.425	34.562	3	2
3.55709448174816	13.8808236431896	38.5765278877955	2.50524811579837	11.2959949253724	34.5757930255453	1.51630525595746	14.9709070222812	37.7218380887895	3	2
3.7554123124871	17.310908192545	40.2096171692746	3.55709448174816	13.8808236431896	38.5765278877955	1.85624209679796	17.9151215313613	40.0371268998802	3	2
4.43414059250327	20.8441727907919	42.4241724955375	3.7554123124871	17.310908192545	40.2096171692746	2.42816954487149	21.0851070665295	42.3712922455583	3	2
5.36048719447705	26.0865058451865	45.3227478494978	4.43414059250327	20.8441727907919	42.4241724955375	3.26473894588801	25.7040902078081	45.3456006135435	3	2
6.49257299414933	28.9552967547357	48.0444552777792	5.36048719447705	26.0865058451865	45.3227478494978	3.79862957966942	28.72196764803	47.0301581331789	3	2
5.71485628385718	31.547538150382	49.1474378350891	6.49257299414933	28.9552967547357	48.0444552777792	4.58056929822578	31.9771684249268	48.7342503456587	3	2
7.22643074551978	34.598064225696	50.3964574849836	5.71485628385718	31.547538150382	49.1474378350891	5.11292210979955	35.0685869814706	50.2466139898483	3	2
0.412	5.4894	26.775	0.0037021	2.3981	21.682	-1.4666	1.9101	21.811	3	2
0.67495	8.3882	31.514	0.412	5.4894	26.775	-1.2307	5.5104	26.669	3	2
1.03	11.425	34.562	0.67495	8.3882	31.514	-2.0045	7.9057	31.505	3	2
1.51630525595746	14.9709070222812	37.7218380887895	1.03	11.425	34.562	-0.993218160142316	11.6077056750197	33.8299342087039	3	2
1.85624209679796	17.9151215313613	40.0371268998802	1.51630525595746	14.9709070222812	37.7218380887895	-1.50139489747474	13.2658647334034	39.0021566339625	3	2
2.42816954487149	21.0851070665295	42.3712922455583	1.85624209679796	17.9151215313613	40.0371268998802	-1.08528951927177	18.7572251358828	39.0250560372851	3	2
3.26473894588801	25.7040902078081	45.3456006135435	2.42816954487149	21.0851070665295	42.3712922455583	-0.0631155244437462	21.3382082410114	41.8995954134904	3	2
3.79862957966942	28.72196764803	47.0301581331789	3.26473894588801	25.7040902078081	45.3456006135435	2.07409560002432	25.8578695940638	44.5880981625155	3	2
4.58056929822578	31.9771684249268	48.7342503456587	3.79862957966942	28.72196764803	47.0301581331789	2.67768892841218	28.7685121182665	47.9169834590743	3	2
5.11292210979955	35.0685869814706	50.2466139898483	4.58056929822578	31.9771684249268	48.7342503456587	3.09713454872938	32.1947013114487	49.39876582875	3	2
6.34181964045295	40.9970144913848	52.7717799010006	5.11292210979955	35.0685869814706	50.2466139898483	4.35762001173009	34.6454276745922	51.86764507581	3	2
-1.4666	1.9101	21.811	-1.2307	5.5104	26.669	0.412	5.4894	26.775	3	2
-1.2307	5.5104	26.669	-2.0045	7.9057	31.505	0.67495	8.3882	31.514	3	2
-2.0045	7.9057	31.505	-0.993218160142316	11.6077056750197	33.8299342087039	1.03	11.425	34.562	3	2
-0.993218160142316	11.6077056750197	33.8299342087039	-1.50139489747474	13.2658647334034	39.0021566339625	1.51630525595746	14.9709070222812	37.7218380887895	3	2
-1.50139489747474	13.2658647334034	39.0021566339625	-1.08528951927177	18.7572251358828	39.0250560372851	1.85624209679796	17.9151215313613	40.0371268998802	3	2
-1.08528951927177	18.7572251358828	39.0250560372851	-0.0631155244437462	21.3382082410114	41.8995954134904	2.42816954487149	21.0851070665295	42.3712922455583	3	2
-0.0631155244437462	21.3382082410114	41.8995954134904	2.07409560002432	25.8578695940638	44.5880981625155	3.26473894588801	25.7040902078081	45.3456006135435	3	2
2.07409560002432	25.8578695940638	44.5880981625155	2.67768892841218	28.7685121182665	47.9169834590743	3.79862957966942	28.72196764803	47.0301581331789	3	2
2.67768892841218	28.7685121182665	47.9169834590743	3.09713454872938	32.1947013114487	49.39876582875	4.58056929822578	31.9771684249268	48.7342503456587	3	2
3.09713454872938	32.1947013114487	49.39876582875	4.35762001173009	34.6454276745922	51.86764507581	5.11292210979955	35.0685869814706	50.2466139898483	3	2
0.23953	-1.8413	25.174	0.80155	-3.8441	29.16	1.0008	-2.5974	25.299	4	2
0.80155	-3.8441	29.16	1.455	-5.9092	33.558	1.3809	-3.2059	29.58	4	2
1.455	-5.9092	33.558	2.383	-8.185	37.648	2.0671	-3.8303	34.049	4	2
2.383	-8.185	37.648	3.20515042289905	-10.2012175996052	41.2714862388546	3.64553677590318	-7.97309940979239	38.2325501170658	4	2
3.20515042289905	-10.2012175996052	41.2714862388546	4.20860411455976	-12.6620580214603	45.6940353755921	3.43063648600734	-9.96640947415996	41.6204013998448	4	2
4.20860411455976	-12.6620580214603	45.6940353755921	5.0426037057591	-14.7073341741019	49.3697447807702	6.01576492553562	-11.2118937902394	47.0178113180237	4	2
5.0426037057591	-14.7073341741019	49.3697447807702	5.81733725088458	-16.6072680124603	52.7842493061616	5.60305716445581	-14.182702508806	49.7750846707437	4	2
5.81733725088458	-16.6072680124603	52.7842493061616	6.63627854880868	-18.6156156480375	56.3935918799865	7.90889190181989	-15.5861529851661	54.0432809988464	4	2
6.63627854880868	-18.6156156480375	56.3935918799865	7.47750362800821	-20.6786113756693	60.1011463777517	9.29308845600795	-18.2358990171887	57.9067067987104	4	2
7.47750362800821	-20.6786113756693	60.1011463777517	8.36702542960115	-22.8600485697051	64.0215603524447	9.51983899986906	-21.4048600583393	60.8741296115713	4	2
8.36702542960115	-22.8600485697051	64.0215603524447	9.4577402985301	-25.5348857450375	68.8286980829614	9.23639516638664	-21.3647516497217	64.8152381093774	4	2
1.3809	-3.2059	29.58	1.0008	-2.5974	25.299	0.80155	-3.8441	29.16	4	2
2.0671	-3.8303	34.049	1.3809	-3.2059	29.58	1.455	-5.9092	33.558	4	2
3.64553677590318	-7.97309940979239	38.2325501170658	2.0671	-3.8303	34.049	2.383	-8.185	37.648	4	2
3.43063648600734	-9.96640947415996	41.6204013998448	3.64553677590318	-7.97309940979239	38.2325501170658	3.20515042289905	-10.2012175996052	41.2714862388546	4	2
6.01576492553562	-11.2118937902394	47.0178113180237	3.43063648600734	-9.96640947415996	41.6204013998448	4.20860411455976	-12.6620580214603	45.6940353755921	4	2
5.60305716445581	-14.182702508806	49.7750846707437	6.01576492553562	-11.2118937902394	47.0178113180237	5.0426037057591	-14.7073341741019	49.3697447807702	4	2
7.90889190181989	-15.5861529851661	54.0432809988464	5.60305716445581	-14.182702508806	49.7750846707437	5.81733725088458	-16.6072680124603	52.7842493061616	4	2
9.29308845600795	-18.2358990171887	57.9067067987104	7.90889190181989	-15.5861529851661	54.0432809988464	6.63627854880868	-18.6156156480375	56.3935918799865	4	2
9.51983899986906	-21.4048600583393	60.8741296115713	9.29308845600795	-18.2358990171887	57.9067067987104	7.47750362800821	-20.6786113756693	60.1011463777517	4	2
9.23639516638664	-21.3647516497217	64.8152381093774	9.51983899986906	-21.4048600583393	60.8741296115713	8.36702542960115	-22.8600485697051	64.0215603524447	4	2
0.80155	-3.8441	29.16	0.23953	-1.8413	25.174	-1.7013	-2.0621	24.932	4	2
1.455	-5.9092	33.558	0.80155	-3.8441	29.16	-1.3186	-3.3216	29.218	4	2
2.383	-8.185	37.648	1.455	-5.9092	33.558	-1.8644	-5.4447	33.492	4	2
3.20515042289905	-10.2012175996052	41.2714862388546	2.383	-8.185	37.648	-0.643559548942346	-9.23878346989054	36.7873706269297	4	2
4.20860411455976	-12.6620580214603	45.6940353755921	3.20515042289905	-10.2012175996052	41.2714862388546	-1.11880959219577	-9.08750694236909	41.85380759328	4	2
5.0426037057591	-14.7073341741019	49.3697447807702	4.20860411455976	-12.6620580214603	45.6940353755921	1.69606956587126	-12.7839730930988	44.7105417574358	4	2
5.81733725088458	-16.6072680124603	52.7842493061616	5.0426037057591	-14.7073341741019	49.3697447807702	3.96335284979229	-14.2524603741961	48.9420595506602	4	2
6.63627854880868	-18.6156156480375	56.3935918799865	5.81733725088458	-16.6072680124603	52.7842493061616	5.31423087521672	-17.0145681989333	52.0598835540298	4	2
7.47750362800821	-20.6786113756693	60.1011463777517	6.63627854880868	-18.6156156480375	56.3935918799865	5.15554788449046	-18.6744344777608	55.3413238509095	4	2
8.36702542960115	-22.8600485697051	64.0215603524447	7.47750362800821	-20.6786113756693	60.1011463777517	6.3496140521027	-20.6522922572905	59.4337914133052	4	2
9.4577402985301	-25.5348857450375	68.8286980829614	8.36702542960115	-22.8600485697051	64.0215603524447	7.77035026566123	-23.0385137994904	63.3809739722469	4	2
-1.7013	-2.0621	24.932	-1.3186	-3.3216	29.218	0.80155	-3.8441	29.16	4	2
-1.3186	-3.3216	29.218	-1.8644	-5.4447	33.492	1.455	-5.9092	33.558	4	2
-1.8644	-5.4447	33.492	-0.643559548942346	-9.23878346989054	36.7873706269297	2.383	-8.185	37.648	4	2
-0.643559548942346	-9.23878346989054	36.7873706269297	-1.11880959219577	-9.08750694236909	41.85380759328	3.20515042289905	-10.2012175996052	41.2714862388546	4	2
-1.11880959219577	-9.08750694236909	41.85380759328	1.69606956587126	-12.7839730930988	44.7105417574358	4.20860411455976	-12.6620580214603	45.6940353755921	4	2
1.69606956587126	-12.7839730930988	44.7105417574358	3.96335284979229	-14.2524603741961	48.9420595506602	5.0426037057591	-14.7073341741019	49.3697447807702	4	2
3.96335284979229	-14.2524603741961	48.9420595506602	5.31423087521672	-17.0145681989333	52.0598835540298	5.81733725088458	-16.6072680124603	52.7842493061616	4	2
5.31423087521672	-17.0145681989333	52.0598835540298	5.15554788449046	-18.6744344777608	55.3413238509095	6.63627854880868	-18.6156156480375	56.3935918799865	4	2
5.15554788449046	-18.6744344777608	55.3413238509095	6.3496140521027	-20.6522922572905	59.4337914133052	7.47750362800821	-20.6786113756693	60.1011463777517	4	2
6.3496140521027	-20.6522922572905	59.4337914133052	7.77035026566123	-23.0385137994904	63.3809739722469	8.36702542960115	-22.8600485697051	64.0215603524447	4	2
-0.096448	-0.21984	26.534	-0.6632	1.1753	29.951	0.777	1.1601	26.013	5	2
-0.6632	1.1753	29.951	-1.37454458715941	2.9263750510445	34.2397620234665	2.23429509788963	2.9300341271513	29.4430016626837	5	2
-1.37454458715941	2.9263750510445	34.2397620234665	-2.11244956316355	4.74283224611821	38.6886590772151	0.31534988830511	2.79682042086642	33.9317294243898	5	2
-2.11244956316355	4.74283224611821	38.6886590772151	-2.68633006652018	6.15552006275225	42.1486374804138	-1.03613432716677	4.71234604877255	39.0795456092581	5	2
-2.68633006652018	6.15552006275225	42.1486374804138	-3.32674513566402	7.73199209913737	46.0097589078891	0.457580616234642	6.98007218391129	42.07672215206	5	2
-3.32674513566402	7.73199209913737	46.0097589078891	-4.2928477118	10.11018987889	51.8344803074724	-0.19030076167553	7.91534291943268	45.1491520126849	5	2
-4.2928477118	10.11018987889	51.8344803074724	-4.82665630969922	11.424235047276	55.05286150246	-2.38071479269593	9.1863004636253	51.1000195950851	5	2
2.23429509788963	2.9300341271513	29.4430016626837	0.777	1.1601	26.013	-0.6632	1.1753	29.951	5	2
0.31534988830511	2.79682042086642	33.9317294243898	2.23429509788963	2.9300341271513	29.4430016626837	-1.37454458715941	2.9263750510445	34.2397620234665	5	2
-1.03613432716677	4.71234604877255	39.0795456092581	0.31534988830511	2.79682042086642	33.9317294243898	-2.11244956316355	4.74283224611821	38.6886590772151	5	2
0.457580616234642	6.98007218391129	42.07672215206	-1.03613432716677	4.71234604877255	39.0795456092581	-2.68633006652018	6.15552006275225	42.1486374804138	5	2
-0.19030076167553	7.91534291943268	45.1491520126849	0.457580616234642	6.98007218391129	42.07672215206	-3.32674513566402	7.73199209913737	46.0097589078891	5	2
-2.38071479269593	9.1863004636253	51.1000195950851	-0.19030076167553	7.91534291943268	45.1491520126849	-4.2928477118	10.11018987889	51.8344803074724	5	2
-0.6632	1.1753	29.951	-0.096448	-0.21984	26.534	-1.2218	0.40471	26.546	5	2
-1.37454458715941	2.9263750510445	34.2397620234665	-0.6632	1.1753	29.951	-2.60108875520679	-1.03266940579911	30.3005150799296	5	2
-2.11244956316355	4.74283224611821	38.6886590772151	-1.37454458715941	2.9263750510445	34.2397620234665	-3.82717023253935	1.37655308845081	34.8699727325844	5	2
-2.68633006652018	6.15552006275225	42.1486374804138	-2.11244956316355	4.74283224611821	38.6886590772151	-4.59713548821627	3.29062445409199	39.064488762875	5	2
-3.32674513566402	7.73199209913737	46.0097589078891	-2.68633006652018	6.15552006275225	42.1486374804138	-4.26711182389209	3.66655551580192	42.9221191218148	5	2
-4.2928477118	10.11018987889	51.8344803074724	-3.32674513566402	7.73199209913737	46.0097589078891	-4.13192635264636	5.9185995451763	46.7433175374869	5	2
-4.82665630969922	11.424235047276	55.05286150246	-4.2928477118	10.11018987889	51.8344803074724	-4.96280720649447	9.9697004785856	51.8692741843884	5	2
-1.2218	0.40471	26.546	-2.60108875520679	-1.03266940579911	30.3005150799296	-0.6632	1.1753	29.951	5	2
-2.60108875520679	-1.03266940579911	30.3005150799296	-3.82717023253935	1.37655308845081	34.8699727325844	-1.37454458715941	2.9263750510445	34.2397620234665	5	2
-3.82717023253935	1.37655308845081	34.8699727325844	-4.59713548821627	3.29062445409199	39.064488762875	-2.11244956316355	4.74283224611821	38.6886590772151	5	2
-4.59713548821627	3.29062445409199	39.064488762875	-4.26711182389209	3.66655551580192	42.9221191218148	-2.68633006652018	6.15552006275225	42.1486374804138	5	2
-4.26711182389209	3.66655551580192	42.9221191218148	-4.13192635264636	5.9185995451763	46.7433175374869	-3.32674513566402	7.73199209913737	46.0097589078891	5	2
-4.13192635264636	5.9185995451763	46.7433175374869	-4.96280720649447	9.9697004785856	51.8692741843884	-4.2928477118	10.11018987889	51.8344803074724	5	2
0.66812	-1.503	30.237	0.6249	-2.4527	34.605	2.0123	-0.9005	30.568	6	2
0.6249	-2.4527	34.605	0.41847	-3.7092	38.806	2.0373	-3.5506	34.219	6	2
0.41847	-3.7092	38.806	0.244597835813945	-4.941712663024	42.7327856830882	2.26548139766543	-3.92395546368704	39.2505660227801	6	2
0.244597835813945	-4.941712663024	42.7327856830882	0.0755925956857521	-6.42284000227329	47.2502947714839	1.79892130818172	-2.25911045709745	43.4847858147402	6	2
0.0755925956857521	-6.42284000227329	47.2502947714839	-0.0525666967982088	-7.9030745459915	51.5860381750231	1.1941312908214	-3.46367861241268	48.6663496843466	6	2
-0.0525666967982088	-7.9030745459915	51.5860381750231	-0.121529891991686	-9.51718251802452	56.2705003791964	1.79857482385804	-6.34179259231099	52.9918186456564	6	2
-0.121529891991686	-9.51718251802452	56.2705003791964	-0.163179715022672	-10.8268086912791	59.9054503745289	0.934202943224647	-8.13656427708476	57.3686758904105	6	2
-0.163179715022672	-10.8268086912791	59.9054503745289	-0.135945148809504	-13.6237127172951	67.6069658252476	0.641317213784051	-8.64744576466497	62.2354167445953	6	2
-0.135945148809504	-13.6237127172951	67.6069658252476	-0.125713619310699	-14.3462118038505	69.511516792203	-0.691823824865227	-12.6010503563978	68.7599452670029	6	2
2.0373	-3.5506	34.219	2.0123	-0.9005	30.568	0.6249	-2.4527	34.605	6	2
2.26548139766543	-3.92395546368704	39.2505660227801	2.0373	-3.5506	34.219	0.41847	-3.7092	38.806	6	2
1.79892130818172	-2.25911045709745	43.4847858147402	2.26548139766543	-3.92395546368704	39.2505660227801	0.244597835813945	-4.941712663024	42.7327856830882	6	2
1.1941312908214	-3.46367861241268	48.6663496843466	1.79892130818172	-2.25911045709745	43.4847858147402	0.0755925956857521	-6.42284000227329	47.2502947714839	6	2
1.79857482385804	-6.34179259231099	52.9918186456564	1.1941312908214	-3.46367861241268	48.6663496843466	-0.0525666967982088	-7.9030745459915	51.5860381750231	6	2
0.934202943224647	-8.13656427708476	57.3686758904105	1.79857482385804	-6.34179259231099	52.9918186456564	-0.121529891991686	-9.51718251802452	56.2705003791964	6	2
0.641317213784051	-8.64744576466497	62.2354167445953	0.934202943224647	-8.13656427708476	57.3686758904105	-0.163179715022672	-10.8268086912791	59.9054503745289	6	2
-0.691823824865227	-12.6010503563978	68.7599452670029	0.641317213784051	-8.64744576466497	62.2354167445953	-0.135945148809504	-13.6237127172951	67.6069658252476	6	2
0.6249	-2.4527	34.605	0.66812	-1.503	30.237	-2.9383	-1.1322	30.626	6	2
0.41847	-3.7092	38.806	0.6249	-2.4527	34.605	-1.4113	-1.7533	34.836	6	2
0.244597835813945	-4.941712663024	42.7327856830882	0.41847	-3.7092	38.806	-2.87340787277966	-3.49181069579949	38.7452059376015	6	2
0.0755925956857521	-6.42284000227329	47.2502947714839	0.244597835813945	-4.941712663024	42.7327856830882	-3.59004184748863	-5.22156103873579	41.632843904696	6	2
-0.0525666967982088	-7.9030745459915	51.5860381750231	0.0755925956857521	-6.42284000227329	47.2502947714839	-3.07490459795333	-6.71879020218633	45.9292349537453	6	2
-0.121529891991686	-9.51718251802452	56.2705003791964	-0.0525666967982088	-7.9030745459915	51.5860381750231	-2.61503244270435	-6.73915919939559	50.3220936788065	6	2
-0.163179715022672	-10.8268086912791	59.9054503745289	-0.121529891991686	-9.51718251802452	56.2705003791964	-1.7118409820356	-9.35458722824555	55.0594946943934	6	2
-0.135945148809504	-13.6237127172951	67.6069658252476	-0.163179715022672	-10.8268086912791	59.9054503745289	-0.494276625417041	-10.6489807913462	58.9408880727916	6	2
-0.125713619310699	-14.3462118038505	69.511516792203	-0.135945148809504	-13.6237127172951	67.6069658252476	-1.16005046572279	-12.384369015064	67.0308103101216	6	2
-2.9383	-1.1322	30.626	-1.4113	-1.7533	34.836	0.6249	-2.4527	34.605	6	2
-1.4113	-1.7533	34.836	-2.87340787277966	-3.49181069579949	38.7452059376015	0.41847	-3.7092	38.806	6	2
-2.87340787277966	-3.49181069579949	38.7452059376015	-3.59004184748863	-5.22156103873579	41.632843904696	0.244597835813945	-4.941712663024	42.7327856830882	6	2
-3.59004184748863	-5.22156103873579	41.632843904696	-3.07490459795333	-6.71879020218633	45.9292349537453	0.0755925956857521	-6.42284000227329	47.2502947714839	6	2
-3.07490459795333	-6.71879020218633	45.9292349537453	-2.61503244270435	-6.73915919939559	50.3220936788065	-0.0525666967982088	-7.9030745459915	51.5860381750231	6	2
-2.61503244270435	-6.73915919939559	50.3220936788065	-1.7118409820356	-9.35458722824555	55.0594946943934	-0.121529891991686	-9.51718251802452	56.2705003791964	6	2
-1.7118409820356	-9.35458722824555	55.0594946943934	-0.494276625417041	-10.6489807913462	58.9408880727916	-0.163179715022672	-10.8268086912791	59.9054503745289	6	2
-0.494276625417041	-10.6489807913462	58.9408880727916	-1.16005046572279	-12.384369015064	67.0308103101216	-0.135945148809504	-13.6237127172951	67.6069658252476	6	2
0.48025	-0.065238	32.487	0.48025	-0.0652379999999998	36.5079518069164	0.89608979090416	-0.034704529059744	32.5882347008546	7	2
0.48025	-0.0652379999999998	36.5079518069164	0.48025	-0.065238	41.1136476283965	2.29652576765665	0.904610640369078	35.568272464695	7	2
2.29652576765665	0.904610640369078	35.568272464695	0.89608979090416	-0.034704529059744	32.5882347008546	0.48025	-0.0652379999999998	36.5079518069164	7	2
0.48025	-0.0652379999999998	36.5079518069164	0.48025	-0.065238	32.487	-3.54086856736165	-1.454845237716	33.2821715025393	7	2
0.48025	-0.065238	41.1136476283965	0.48025	-0.0652379999999998	36.5079518069164	-1.38131788472932	0.253580969065893	37.5368504975114	7	2
-3.54086856736165	-1.454845237716	33.2821715025393	-1.38131788472932	0.253580969065893	37.5368504975114	0.48025	-0.0652379999999998	36.5079518069164	7	2
1.6541	2.9057	32.832	1.8467	5.2361	37.452	3.0061	2.7372	32.871	8	2
1.8467	5.2361	37.452	3.0828	7.2517	41.746	3.3828	2.8223	37.853	8	2
3.0828	7.2517	41.746	4.10494236642046	8.88523706230673	44.8713765691255	5.74564471659906	5.82748770071155	42.5491576195467	8	2
4.10494236642046	8.88523706230673	44.8713765691255	6.03480776155287	11.7963214501172	49.979200123607	6.7053366677821	7.58036257847225	46.3532616756313	8	2
6.03480776155287	11.7963214501172	49.979200123607	7.44119927004011	13.8475809941955	53.2624012471574	8.00876807126472	10.6197989566049	51.6704283630655	8	2
7.44119927004011	13.8475809941955	53.2624012471574	9.19045660689902	16.339043532409	56.8973311227017	10.0351033713258	13.4315655772559	55.3538403440956	8	2
9.19045660689902	16.339043532409	56.8973311227017	11.2064324789577	19.3685748453888	60.8528914252318	11.1974111959688	15.8797693901729	58.201867262364	8	2
11.2064324789577	19.3685748453888	60.8528914252318	12.808485388093	21.910560928359	63.8299235430157	12.2973593880576	18.344643292544	62.5454603762913	8	2
12.808485388093	21.910560928359	63.8299235430157	14.1203990573204	24.1470030931218	66.1837871686673	13.6058059512346	21.0356314702701	64.2233194796495	8	2
3.3828	2.8223	37.853	3.0061	2.7372	32.871	1.8467	5.2361	37.452	8	2
5.74564471659906	5.82748770071155	42.5491576195467	3.3828	2.8223	37.853	3.0828	7.2517	41.746	8	2
6.7053366677821	7.58036257847225	46.3532616756313	5.74564471659906	5.82748770071155	42.5491576195467	4.10494236642046	8.88523706230673	44.8713765691255	8	2
8.00876807126472	10.6197989566049	51.6704283630655	6.7053366677821	7.58036257847225	46.3532616756313	6.03480776155287	11.7963214501172	49.979200123607	8	2
10.0351033713258	13.4315655772559	55.3538403440956	8.00876807126472	10.6197989566049	51.6704283630655	7.44119927004011	13.8475809941955	53.2624012471574	8	2
11.1974111959688	15.8797693901729	58.201867262364	10.0351033713258	13.4315655772559	55.3538403440956	9.19045660689902	16.339043532409	56.8973311227017	8	2
12.2973593880576	18.344643292544	62.5454603762913	11.1974111959688	15.8797693901729	58.201867262364	11.2064324789577	19.3685748453888	60.8528914252318	8	2
13.6058059512346	21.0356314702701	64.2233194796495	12.2973593880576	18.344643292544	62.5454603762913	12.808485388093	21.910560928359	63.8299235430157	8	2
1.8467	5.2361	37.452	1.6541	2.9057	32.832	0.40135	0.65306	33.978	8	2
3.0828	7.2517	41.746	1.8467	5.2361	37.452	-0.586069999999999	5.112	37.433	8	2
4.10494236642046	8.88523706230673	44.8713765691255	3.0828	7.2517	41.746	0.544494472667388	7.90285853908384	41.1919685416053	8	2
6.03480776155287	11.7963214501172	49.979200123607	4.10494236642046	8.88523706230673	44.8713765691255	0.41273409032307	9.15748889716064	44.0460690223064	8	2
7.44119927004011	13.8475809941955	53.2624012471574	6.03480776155287	11.7963214501172	49.979200123607	2.79906542020914	11.7839097261113	48.692694667131	8	2
9.19045660689902	16.339043532409	56.8973311227017	7.44119927004011	13.8475809941955	53.2624012471574	5.49880927910803	14.460534042705	51.3328317683747	8	2
11.2064324789577	19.3685748453888	60.8528914252318	9.19045660689902	16.339043532409	56.8973311227017	6.6811799881183	16.3087045570464	55.549597604155	8	2
12.808485388093	21.910560928359	63.8299235430157	11.2064324789577	19.3685748453888	60.8528914252318	9.9991974086259	19.1963231319466	61.2639897494528	8	2
14.1203990573204	24.1470030931218	66.1837871686673	12.808485388093	21.910560928359	63.8299235430157	12.4377390668015	22.1488599238935	64.3745516307747	8	2
0.40135	0.65306	33.978	-0.586069999999999	5.112	37.433	1.8467	5.2361	37.452	8	2
-0.586069999999999	5.112	37.433	0.544494472667388	7.90285853908384	41.1919685416053	3.0828	7.2517	41.746	8	2
0.544494472667388	7.90285853908384	41.1919685416053	0.41273409032307	9.15748889716064	44.0460690223064	4.10494236642046	8.88523706230673	44.8713765691255	8	2
0.41273409032307	9.15748889716064	44.0460690223064	2.79906542020914	11.7839097261113	48.692694667131	6.03480776155287	11.7963214501172	49.979200123607	8	2
2.79906542020914	11.7839097261113	48.692694667131	5.49880927910803	14.460534042705	51.3328317683747	7.44119927004011	13.8475809941955	53.2624012471574	8	2
5.49880927910803	14.460534042705	51.3328317683747	6.6811799881183	16.3087045570464	55.549597604155	9.19045660689902	16.339043532409	56.8973311227017	8	2
6.6811799881183	16.3087045570464	55.549597604155	9.9991974086259	19.1963231319466	61.2639897494528	11.2064324789577	19.3685748453888	60.8528914252318	8	2
9.9991974086259	19.1963231319466	61.2639897494528	12.4377390668015	22.1488599238935	64.3745516307747	12.808485388093	21.910560928359	63.8299235430157	8	2
