-0.41205	2.6872	12.111	-2.59220245508269	9.99102966444575	19.636149703706	-0.0306825171852639	2.52663871063128	11.8394744531802	1	1
-2.59220245508269	9.99102966444575	19.636149703706	-1.13988910031774	13.5455414467497	22.4854842270798	-1.2774558948949	8.82325305630288	20.1021188166764	1	1
-1.13988910031774	13.5455414467497	22.4854842270798	-0.456236110052569	19.9827783081831	23.6369928292539	-0.00457003985199056	12.6964146614309	22.968228313601	1	1
-0.456236110052569	19.9827783081831	23.6369928292539	0.976090189950208	23.9046173641969	22.3748960239695	0.298948563467159	20.0488382141189	24.848812345669	1	1
0.976090189950208	23.9046173641969	22.3748960239695	3.84311536389183	28.60509219033	16.7599981050333	1.34335621603054	24.2617393054283	22.3653609018267	1	1
-1.2774558948949	8.82325305630288	20.1021188166764	-0.0306825171852639	2.52663871063128	11.8394744531802	-2.59220245508269	9.99102966444575	19.636149703706	1	1
-0.00457003985199056	12.6964146614309	22.968228313601	-1.2774558948949	8.82325305630288	20.1021188166764	-1.13988910031774	13.5455414467497	22.4854842270798	1	1
0.298948563467159	20.0488382141189	24.848812345669	-0.00457003985199056	12.6964146614309	22.968228313601	-0.456236110052569	19.9827783081831	23.6369928292539	1	1
1.34335621603054	24.2617393054283	22.3653609018267	0.298948563467159	20.0488382141189	24.848812345669	0.976090189950208	23.9046173641969	22.3748960239695	1	1
-2.59220245508269	9.99102966444575	19.636149703706	-0.41205	2.6872	12.111	-1.2820750605447	2.13784166432711	12.2826264932314	1	1
-1.13988910031774	13.5455414467497	22.4854842270798	-2.59220245508269	9.99102966444575	19.636149703706	-3.24233335356698	10.1343806974105	19.9921293568661	1	1
-0.456236110052569	19.9827783081831	23.6369928292539	-1.13988910031774	13.5455414467497	22.4854842270798	-2.36222160045598	13.4080994570563	23.0899710339093	1	1
0.976090189950208	23.9046173641969	22.3748960239695	-0.456236110052569	19.9827783081831	23.6369928292539	-1.42255672874193	20.7192164054415	24.3240646629498	1	1
3.84311536389183	28.60509219033	16.7599981050333	0.976090189950208	23.9046173641969	22.3748960239695	-0.120909718692187	24.7314658962082	22.6272511769057	1	1
-1.2820750605447	2.13784166432711	12.2826264932314	-3.24233335356698	10.1343806974105	19.9921293568661	-2.59220245508269	9.99102966444575	19.636149703706	1	1
-3.24233335356698	10.1343806974105	19.9921293568661	-2.36222160045598	13.4080994570563	23.0899710339093	-1.13988910031774	13.5455414467497	22.4854842270798	1	1
-2.36222160045598	13.4080994570563	23.0899710339093	-1.42255672874193	20.7192164054415	24.3240646629498	-0.456236110052569	19.9827783081831	23.6369928292539	1	1
-1.42255672874193	20.7192164054415	24.3240646629498	-0.120909718692187	24.7314658962082	22.6272511769057	0.976090189950208	23.9046173641969	22.3748960239695	1	1
0.12035	-1.5779	16.987	-0.845655118109602	-5.86005178768039	24.0523062845189	0.501338408259959	-1.72611243856471	16.5555884083126	2	1
-0.845655118109602	-5.86005178768039	24.0523062845189	-1.38931584578501	-9.37390016956144	28.9447002702553	0.00599329535632634	-5.41142928270228	24.1228816730628	2	1
-1.38931584578501	-9.37390016956144	28.9447002702553	-0.413204448729655	-13.5642676727309	31.4969192151885	0.0664638997422057	-9.41496465759925	28.8733322665639	2	1
-0.413204448729655	-13.5642676727309	31.4969192151885	-2.11473721001453	-18.3973908975812	35.9787724442048	0.379872549240672	-13.5759997015906	32.1435940933562	2	1
-2.11473721001453	-18.3973908975812	35.9787724442048	-3.11696930679916	-24.5732855114128	37.592901293028	-0.678347173409732	-18.4292503307778	35.755634191467	2	1
-3.11696930679916	-24.5732855114128	37.592901293028	-1.57785376558217	-28.8848276288284	38.595900971349	-1.29415467544126	-24.1634506804249	38.7810720353343	2	1
-1.57785376558217	-28.8848276288284	38.595900971349	-0.638782850037419	-33.0214271416537	37.4634250713017	0.186952773647036	-29.0137600342152	39.2913173509886	2	1
-0.638782850037419	-33.0214271416537	37.4634250713017	0.580986204154081	-38.0136082312715	32.6589087125073	0.563959382509782	-32.6200876666302	37.5676274730941	2	1
0.00599329535632634	-5.41142928270228	24.1228816730628	0.501338408259959	-1.72611243856471	16.5555884083126	-0.845655118109602	-5.86005178768039	24.0523062845189	2	1
0.0664638997422057	-9.41496465759925	28.8733322665639	0.00599329535632634	-5.41142928270228	24.1228816730628	-1.38931584578501	-9.37390016956144	28.9447002702553	2	1
0.379872549240672	-13.5759997015906	32.1435940933562	0.0664638997422057	-9.41496465759925	28.8733322665639	-0.413204448729655	-13.5642676727309	31.4969192151885	2	1
-0.678347173409732	-18.4292503307778	35.755634191467	0.379872549240672	-13.5759997015906	32.1435940933562	-2.11473721001453	-18.3973908975812	35.9787724442048	2	1
-1.29415467544126	-24.1634506804249	38.7810720353343	-0.678347173409732	-18.4292503307778	35.755634191467	-3.11696930679916	-24.5732855114128	37.592901293028	2	1
0.186952773647036	-29.0137600342152	39.2913173509886	-1.29415467544126	-24.1634506804249	38.7810720353343	-1.57785376558217	-28.8848276288284	38.595900971349	2	1
0.563959382509782	-32.6200876666302	37.5676274730941	0.186952773647036	-29.0137600342152	39.2913173509886	-0.638782850037419	-33.0214271416537	37.4634250713017	2	1
-0.845655118109602	-5.86005178768039	24.0523062845189	0.12035	-1.5779	16.987	-0.801483064107721	-1.68276449197439	16.5605244869295	2	1
-1.38931584578501	-9.37390016956144	28.9447002702553	-0.845655118109602	-5.86005178768039	24.0523062845189	-1.62728385457848	-5.40084184712187	24.4731039633358	2	1
-0.413204448729655	-13.5642676727309	31.4969192151885	-1.38931584578501	-9.37390016956144	28.9447002702553	-1.71878197352692	-9.43378342299037	29.3567029901754	2	1
-2.11473721001453	-18.3973908975812	35.9787724442048	-0.413204448729655	-13.5642676727309	31.4969192151885	-1.54750160970754	-12.0754652810481	32.7361232753227	2	1
-3.11696930679916	-24.5732855114128	37.592901293028	-2.11473721001453	-18.3973908975812	35.9787724442048	-2.638013458119	-18.6996999410155	35.639955925228	2	1
-1.57785376558217	-28.8848276288284	38.595900971349	-3.11696930679916	-24.5732855114128	37.592901293028	-3.73312263416852	-24.495838031657	37.5230261756604	2	1
-0.638782850037419	-33.0214271416537	37.4634250713017	-1.57785376558217	-28.8848276288284	38.595900971349	-1.56047384730782	-29.4416845529886	39.5413432376221	2	1
-0.801483064107721	-1.68276449197439	16.5605244869295	-1.62728385457848	-5.40084184712187	24.4731039633358	-0.845655118109602	-5.86005178768039	24.0523062845189	2	1
-1.62728385457848	-5.40084184712187	24.4731039633358	-1.71878197352692	-9.43378342299037	29.3567029901754	-1.38931584578501	-9.37390016956144	28.9447002702553	2	1
-1.71878197352692	-9.43378342299037	29.3567029901754	-1.54750160970754	-12.0754652810481	32.7361232753227	-0.413204448729655	-13.5642676727309	31.4969192151885	2	1
-1.54750160970754	-12.0754652810481	32.7361232753227	-2.638013458119	-18.6996999410155	35.639955925228	-2.11473721001453	-18.3973908975812	35.9787724442048	2	1
-2.638013458119	-18.6996999410155	35.639955925228	-3.73312263416852	-24.495838031657	37.5230261756604	-3.11696930679916	-24.5732855114128	37.592901293028	2	1
-3.73312263416852	-24.495838031657	37.5230261756604	-1.56047384730782	-29.4416845529886	39.5413432376221	-1.57785376558217	-28.8848276288284	38.595900971349	2	1
0.0037021	2.3981	20.0404	0.688749984922394	7.71861229464424	26.5305055688638	1.10801886502018	1.83830431853622	19.9062149439849	3	2
0.688749984922394	7.71861229464424	26.5305055688638	1.16124255308522	12.700723093129	32.5677120767163	1.49829719950076	7.87960604496958	26.737132386885	3	2
1.16124255308522	12.700723093129	32.5677120767163	1.72541068642657	17.5415502972422	36.2150872163481	3.02187408669265	11.7288299910942	32.9634185061714	3	2
1.72541068642657	17.5415502972422	36.2150872163481	3.07247784094058	23.8893253024896	38.0064442501863	3.23164831963632	17.3084272513049	36.1546170422154	3	2
3.07247784094058	23.8893253024896	38.0064442501863	3.58758474439852	29.142316253056	37.4951048304287	5.31288406651118	23.6351483325236	39.1769407965906	3	2
3.58758474439852	29.142316253056	37.4951048304287	5.76352088101129	34.0143597614702	35.7663307331858	5.43460997517585	28.3534957566865	37.9551441088857	3	2
5.76352088101129	34.0143597614702	35.7663307331858	8.43773015169783	39.4116034691937	30.7549831413974	7.71340911080185	33.2869032675219	35.8139820613698	3	2
8.43773015169783	39.4116034691937	30.7549831413974	9.53665767824594	41.4805287039521	26.415964774273	10.3650665489372	38.5894690956351	30.1032050447183	3	2
9.53665767824594	41.4805287039521	26.415964774273	11.911589431521	42.0841580492446	21.7201383480817	12.4593926778506	40.9274096291581	26.4020884042124	3	2
11.911589431521	42.0841580492446	21.7201383480817	12.3209147567873	42.8251663825719	16.8833970861125	13.2224761658375	41.9996908353412	21.8479929674922	3	2
12.3209147567873	42.8251663825719	16.8833970861125	13.3777798399148	40.7229968870783	7.93813926078191	14.3854269642839	42.0628538936709	17.2762303852412	3	2
1.49829719950076	7.87960604496958	26.737132386885	1.10801886502018	1.83830431853622	19.9062149439849	0.688749984922394	7.71861229464424	26.5305055688638	3	2
3.02187408669265	11.7288299910942	32.9634185061714	1.49829719950076	7.87960604496958	26.737132386885	1.16124255308522	12.700723093129	32.5677120767163	3	2
3.23164831963632	17.3084272513049	36.1546170422154	3.02187408669265	11.7288299910942	32.9634185061714	1.72541068642657	17.5415502972422	36.2150872163481	3	2
5.31288406651118	23.6351483325236	39.1769407965906	3.23164831963632	17.3084272513049	36.1546170422154	3.07247784094058	23.8893253024896	38.0064442501863	3	2
5.43460997517585	28.3534957566865	37.9551441088857	5.31288406651118	23.6351483325236	39.1769407965906	3.58758474439852	29.142316253056	37.4951048304287	3	2
7.71340911080185	33.2869032675219	35.8139820613698	5.43460997517585	28.3534957566865	37.9551441088857	5.76352088101129	34.0143597614702	35.7663307331858	3	2
10.3650665489372	38.5894690956351	30.1032050447183	7.71340911080185	33.2869032675219	35.8139820613698	8.43773015169783	39.4116034691937	30.7549831413974	3	2
12.4593926778506	40.9274096291581	26.4020884042124	10.3650665489372	38.5894690956351	30.1032050447183	9.53665767824594	41.4805287039521	26.415964774273	3	2
13.2224761658375	41.9996908353412	21.8479929674922	12.4593926778506	40.9274096291581	26.4020884042124	11.911589431521	42.0841580492446	21.7201383480817	3	2
14.3854269642839	42.0628538936709	17.2762303852412	13.2224761658375	41.9996908353412	21.8479929674922	12.3209147567873	42.8251663825719	16.8833970861125	3	2
0.688749984922394	7.71861229464424	26.5305055688638	0.0037021	2.3981	20.0404	-1.50783853313762	1.92070801620927	20.266418550799	3	2
1.16124255308522	12.700723093129	32.5677120767163	0.688749984922394	7.71861229464424	26.5305055688638	-1.0047776452657	7.72663876291634	26.4463178306974	3	2
1.72541068642657	17.5415502972422	36.2150872163481	1.16124255308522	12.700723093129	32.5677120767163	-1.59783064530263	12.2104353976852	32.6720389327097	3	2
3.07247784094058	23.8893253024896	38.0064442501863	1.72541068642657	17.5415502972422	36.2150872163481	-0.421813683138565	17.5546576952676	35.6354939455697	3	2
3.58758474439852	29.142316253056	37.4951048304287	3.07247784094058	23.8893253024896	38.0064442501863	0.215109461412131	23.5601689672824	40.4987248523184	3	2
5.76352088101129	34.0143597614702	35.7663307331858	3.58758474439852	29.142316253056	37.4951048304287	0.505035758832829	29.7239488919686	36.4096837760523	3	2
8.43773015169783	39.4116034691937	30.7549831413974	5.76352088101129	34.0143597614702	35.7663307331858	3.1944221229015	34.5322659765891	35.624939631867	3	2
9.53665767824594	41.4805287039521	26.415964774273	8.43773015169783	39.4116034691937	30.7549831413974	6.9977178730406	39.158280916534	30.7540236069243	3	2
11.911589431521	42.0841580492446	21.7201383480817	9.53665767824594	41.4805287039521	26.415964774273	9.02308232165611	42.8209103380095	26.0853599531853	3	2
12.3209147567873	42.8251663825719	16.8833970861125	11.911589431521	42.0841580492446	21.7201383480817	10.7937436410309	43.3392150012866	21.5512531496467	3	2
13.3777798399148	40.7229968870783	7.93813926078191	12.3209147567873	42.8251663825719	16.8833970861125	12.4949860518744	44.6390620895831	16.371103072026	3	2
-1.50783853313762	1.92070801620927	20.266418550799	-1.0047776452657	7.72663876291634	26.4463178306974	0.688749984922394	7.71861229464424	26.5305055688638	3	2
-1.0047776452657	7.72663876291634	26.4463178306974	-1.59783064530263	12.2104353976852	32.6720389327097	1.16124255308522	12.700723093129	32.5677120767163	3	2
-1.59783064530263	12.2104353976852	32.6720389327097	-0.421813683138565	17.5546576952676	35.6354939455697	1.72541068642657	17.5415502972422	36.2150872163481	3	2
-0.421813683138565	17.5546576952676	35.6354939455697	0.215109461412131	23.5601689672824	40.4987248523184	3.07247784094058	23.8893253024896	38.0064442501863	3	2
0.215109461412131	23.5601689672824	40.4987248523184	0.505035758832829	29.7239488919686	36.4096837760523	3.58758474439852	29.142316253056	37.4951048304287	3	2
0.505035758832829	29.7239488919686	36.4096837760523	3.1944221229015	34.5322659765891	35.624939631867	5.76352088101129	34.0143597614702	35.7663307331858	3	2
3.1944221229015	34.5322659765891	35.624939631867	6.9977178730406	39.158280916534	30.7540236069243	8.43773015169783	39.4116034691937	30.7549831413974	3	2
6.9977178730406	39.158280916534	30.7540236069243	9.02308232165611	42.8209103380095	26.0853599531853	9.53665767824594	41.4805287039521	26.415964774273	3	2
9.02308232165611	42.8209103380095	26.0853599531853	10.7937436410309	43.3392150012866	21.5512531496467	11.911589431521	42.0841580492446	21.7201383480817	3	2
10.7937436410309	43.3392150012866	21.5512531496467	12.4949860518744	44.6390620895831	16.371103072026	12.3209147567873	42.8251663825719	16.8833970861125	3	2
2.21233563004036	1.27850863707245	23.3236	1.52728774511797	-4.04200365757179	29.8137055688638	1.10801886502018	1.83830431853622	23.1894149439849	4	2
1.52728774511797	-4.04200365757179	29.8137055688638	1.05479517695514	-9.02411445605656	35.8509120767163	0.717740530539601	-4.20299740789713	30.020332386885	4	2
1.05479517695514	-9.02411445605656	35.8509120767163	0.49062704361379	-13.8649416601697	39.4982872163481	-0.805836356652297	-8.05222135402176	36.2466185061713	4	2
0.49062704361379	-13.8649416601697	39.4982872163481	-0.856440110900228	-20.2127166654172	41.2896442501863	-1.01561058959596	-13.6318186142325	39.4378170422154	4	2
-0.856440110900228	-20.2127166654172	41.2896442501863	-1.37154701435816	-25.4657076159836	40.7783048304287	-3.09684633647084	-19.9585396954511	42.4601407965906	4	2
-1.37154701435816	-25.4657076159836	40.7783048304287	-3.54748315097094	-30.3377511243978	39.0495307331858	-3.2185722451355	-24.6768871196141	41.2383441088857	4	2
-3.54748315097094	-30.3377511243978	39.0495307331858	-6.22169242165747	-35.7349948321212	34.0381831413974	-5.49737138076148	-29.6102946304495	39.0971820613698	4	2
-6.22169242165747	-35.7349948321212	34.0381831413974	-7.32061994820556	-37.8039200668797	29.699164774273	-8.1490288188969	-34.9128604585626	33.3864050447183	4	2
-7.32061994820556	-37.8039200668797	29.699164774273	-9.69555170148069	-38.4075494121722	25.0033383480817	-10.2433549478103	-37.2508009920857	29.6852884042124	4	2
-9.69555170148069	-38.4075494121722	25.0033383480817	-10.1048770267469	-39.1485577454994	20.1665970861125	-11.0064384357971	-38.3230821982688	25.1311929674922	4	2
-10.1048770267469	-39.1485577454994	20.1665970861125	-11.1617421098745	-37.0463882500059	11.2213392607819	-12.1693892342435	-38.3862452565985	20.5594303852412	4	2
0.717740530539601	-4.20299740789713	30.020332386885	1.10801886502018	1.83830431853622	23.1894149439849	1.52728774511797	-4.04200365757179	29.8137055688638	4	2
-0.805836356652297	-8.05222135402176	36.2466185061713	0.717740530539601	-4.20299740789713	30.020332386885	1.05479517695514	-9.02411445605656	35.8509120767163	4	2
-1.01561058959596	-13.6318186142325	39.4378170422154	-0.805836356652297	-8.05222135402176	36.2466185061713	0.49062704361379	-13.8649416601697	39.4982872163481	4	2
-3.09684633647084	-19.9585396954511	42.4601407965906	-1.01561058959596	-13.6318186142325	39.4378170422154	-0.856440110900228	-20.2127166654172	41.2896442501863	4	2
-3.2185722451355	-24.6768871196141	41.2383441088857	-3.09684633647084	-19.9585396954511	42.4601407965906	-1.37154701435816	-25.4657076159836	40.7783048304287	4	2
-5.49737138076148	-29.6102946304495	39.0971820613698	-3.2185722451355	-24.6768871196141	41.2383441088857	-3.54748315097094	-30.3377511243978	39.0495307331858	4	2
-8.1490288188969	-34.9128604585626	33.3864050447183	-5.49737138076148	-29.6102946304495	39.0971820613698	-6.22169242165747	-35.7349948321212	34.0381831413974	4	2
-10.2433549478103	-37.2508009920857	29.6852884042124	-8.1490288188969	-34.9128604585626	33.3864050447183	-7.32061994820556	-37.8039200668797	29.699164774273	4	2
-11.0064384357971	-38.3230821982688	25.1311929674922	-10.2433549478103	-37.2508009920857	29.6852884042124	-9.69555170148069	-38.4075494121722	25.0033383480817	4	2
-12.1693892342435	-38.3862452565985	20.5594303852412	-11.0064384357971	-38.3230821982688	25.1311929674922	-10.1048770267469	-39.1485577454994	20.1665970861125	4	2
1.52728774511797	-4.04200365757179	29.8137055688638	2.21233563004036	1.27850863707245	23.3236	3.72387626317798	1.75590062086318	23.549618550799	4	2
1.05479517695514	-9.02411445605656	35.8509120767163	1.52728774511797	-4.04200365757179	29.8137055688638	3.22081537530606	-4.05003012584389	29.7295178306974	4	2
0.49062704361379	-13.8649416601697	39.4982872163481	1.05479517695514	-9.02411445605656	35.8509120767163	3.81386837534299	-8.53382676061275	35.9552389327096	4	2
-0.856440110900228	-20.2127166654172	41.2896442501863	0.49062704361379	-13.8649416601697	39.4982872163481	2.63785141317892	-13.8780490581951	38.9186939455697	4	2
-1.37154701435816	-25.4657076159836	40.7783048304287	-0.856440110900228	-20.2127166654172	41.2896442501863	2.00092826862823	-19.8835603302099	43.7819248523184	4	2
-3.54748315097094	-30.3377511243978	39.0495307331858	-1.37154701435816	-25.4657076159836	40.7783048304287	1.71100197120754	-26.0473402548961	39.6928837760523	4	2
-6.22169242165747	-35.7349948321212	34.0381831413974	-3.54748315097094	-30.3377511243978	39.0495307331858	-0.978384392861158	-30.8556573395167	38.908139631867	4	2
-7.32061994820556	-37.8039200668797	29.699164774273	-6.22169242165747	-35.7349948321212	34.0381831413974	-4.78168014300025	-35.4816722794615	34.0372236069243	4	2
-9.69555170148069	-38.4075494121722	25.0033383480817	-7.32061994820556	-37.8039200668797	29.699164774273	-6.80704459161576	-39.144301700937	29.3685599531853	4	2
-10.1048770267469	-39.1485577454994	20.1665970861125	-9.69555170148069	-38.4075494121722	25.0033383480817	-8.57770591099055	-39.6626063642142	24.8344531496467	4	2
-11.1617421098745	-37.0463882500059	11.2213392607819	-10.1048770267469	-39.1485577454994	20.1665970861125	-10.278948321834	-40.9624534525107	19.654303072026	4	2
3.72387626317798	1.75590062086318	23.549618550799	3.22081537530606	-4.05003012584389	29.7295178306974	1.52728774511797	-4.04200365757179	29.8137055688638	4	2
3.22081537530606	-4.05003012584389	29.7295178306974	3.81386837534299	-8.53382676061275	35.9552389327096	1.05479517695514	-9.02411445605656	35.8509120767163	4	2
3.81386837534299	-8.53382676061275	35.9552389327096	2.63785141317892	-13.8780490581951	38.9186939455697	0.49062704361379	-13.8649416601697	39.4982872163481	4	2
2.63785141317892	-13.8780490581951	38.9186939455697	2.00092826862823	-19.8835603302099	43.7819248523184	-0.856440110900228	-20.2127166654172	41.2896442501863	4	2
2.00092826862823	-19.8835603302099	43.7819248523184	1.71100197120754	-26.0473402548961	39.6928837760523	-1.37154701435816	-25.4657076159836	40.7783048304287	4	2
1.71100197120754	-26.0473402548961	39.6928837760523	-0.978384392861158	-30.8556573395167	38.908139631867	-3.54748315097094	-30.3377511243978	39.0495307331858	4	2
-0.978384392861158	-30.8556573395167	38.908139631867	-4.78168014300025	-35.4816722794615	34.0372236069243	-6.22169242165747	-35.7349948321212	34.0381831413974	4	2
-4.78168014300025	-35.4816722794615	34.0372236069243	-6.80704459161576	-39.144301700937	29.3685599531853	-7.32061994820556	-37.8039200668797	29.699164774273	4	2
-6.80704459161576	-39.144301700937	29.3685599531853	-8.57770591099055	-39.6626063642142	24.8344531496467	-9.69555170148069	-38.4075494121722	25.0033383480817	4	2
-8.57770591099055	-39.6626063642142	24.8344531496467	-10.278948321834	-40.9624534525107	19.654303072026	-10.1048770267469	-39.1485577454994	20.1665970861125	4	2
0.23953	-1.8413	25.174	-0.797059851135425	1.70519666749141	30.3254873378455	-0.547227451861586	-1.0546761189033	25.162141766437	5	2
-0.797059851135425	1.70519666749141	30.3254873378455	-1.98837019548208	5.41590505508342	36.0345586885687	-1.41468105674025	1.10967769056396	30.8146038964006	5	2
-1.98837019548208	5.41590505508342	36.0345586885687	-3.54591375199043	9.36189833237774	41.2565648801019	-2.6474774439127	3.3594120518127	36.7926384700712	5	2
-3.54591375199043	9.36189833237774	41.2565648801019	-5.04645538317172	14.0713611473741	44.5879471415638	-4.90977404911537	9.42434767130985	41.7436003084048	5	2
-5.04645538317172	14.0713611473741	44.5879471415638	-4.71879235351272	19.9912809591559	48.8038196362586	-5.26269049001084	14.0613812622127	45.0292311494447	5	2
-4.71879235351272	19.9912809591559	48.8038196362586	-5.82012905124123	25.4104003257504	51.2493187897867	-6.78238300414352	19.6779134226546	50.5921887476035	5	2
-5.82012905124123	25.4104003257504	51.2493187897867	-8.28080229456284	29.6872323667571	53.9330773037146	-6.44578668915735	25.0146814739499	51.7508196333033	5	2
-8.28080229456284	29.6872323667571	53.9330773037146	-11.3061953600751	34.6586099168898	55.1096635667636	-10.7754639254441	29.1688242532631	54.9009628251874	5	2
-11.3061953600751	34.6586099168898	55.1096635667636	-14.6969985689577	39.6938136185494	54.5217213057883	-14.4780096227386	34.5627933839791	55.1386007938147	5	2
-14.6969985689577	39.6938136185494	54.5217213057883	-17.7626144931244	45.2352189261824	55.7403309325075	-16.9162670064236	40.2813844038594	53.9316254819445	5	2
-17.7626144931244	45.2352189261824	55.7403309325075	-19.5681366481131	52.9170419767796	56.2515704397435	-19.1126045821906	44.9694230590258	57.1364248596218	5	2
-1.41468105674025	1.10967769056396	30.8146038964006	-0.547227451861586	-1.0546761189033	25.162141766437	-0.797059851135425	1.70519666749141	30.3254873378455	5	2
-2.6474774439127	3.3594120518127	36.7926384700712	-1.41468105674025	1.10967769056396	30.8146038964006	-1.98837019548208	5.41590505508342	36.0345586885687	5	2
-4.90977404911537	9.42434767130985	41.7436003084048	-2.6474774439127	3.3594120518127	36.7926384700712	-3.54591375199043	9.36189833237774	41.2565648801019	5	2
-5.26269049001084	14.0613812622127	45.0292311494447	-4.90977404911537	9.42434767130985	41.7436003084048	-5.04645538317172	14.0713611473741	44.5879471415638	5	2
-6.78238300414352	19.6779134226546	50.5921887476035	-5.26269049001084	14.0613812622127	45.0292311494447	-4.71879235351272	19.9912809591559	48.8038196362586	5	2
-6.44578668915735	25.0146814739499	51.7508196333033	-6.78238300414352	19.6779134226546	50.5921887476035	-5.82012905124123	25.4104003257504	51.2493187897867	5	2
-10.7754639254441	29.1688242532631	54.9009628251874	-6.44578668915735	25.0146814739499	51.7508196333033	-8.28080229456284	29.6872323667571	53.9330773037146	5	2
-14.4780096227386	34.5627933839791	55.1386007938147	-10.7754639254441	29.1688242532631	54.9009628251874	-11.3061953600751	34.6586099168898	55.1096635667636	5	2
-16.9162670064236	40.2813844038594	53.9316254819445	-14.4780096227386	34.5627933839791	55.1386007938147	-14.6969985689577	39.6938136185494	54.5217213057883	5	2
-19.1126045821906	44.9694230590258	57.1364248596218	-16.9162670064236	40.2813844038594	53.9316254819445	-17.7626144931244	45.2352189261824	55.7403309325075	5	2
-0.797059851135425	1.70519666749141	30.3254873378455	0.23953	-1.8413	25.174	2.2484719693468	-1.64313724546425	24.9870336845797	5	2
-1.98837019548208	5.41590505508342	36.0345586885687	-0.797059851135425	1.70519666749141	30.3254873378455	1.38013949511591	1.18642195246641	30.554966566162	5	2
-3.54591375199043	9.36189833237774	41.2565648801019	-1.98837019548208	5.41590505508342	36.0345586885687	1.4287353136667	4.94302361777052	36.1853311381043	5	2
-5.04645538317172	14.0713611473741	44.5879471415638	-3.54591375199043	9.36189833237774	41.2565648801019	-0.300444805400992	9.95408908087947	40.3632401604938	5	2
-4.71879235351272	19.9912809591559	48.8038196362586	-5.04645538317172	14.0713611473741	44.5879471415638	-0.879974374491981	12.1858638460078	45.3601057979755	5	2
-5.82012905124123	25.4104003257504	51.2493187897867	-4.71879235351272	19.9912809591559	48.8038196362586	-2.08941381587096	19.3546498321662	48.1555258896493	5	2
-8.28080229456284	29.6872323667571	53.9330773037146	-5.82012905124123	25.4104003257504	51.2493187897867	-4.60352322451685	25.002769722693	51.3040031088128	5	2
-11.3061953600751	34.6586099168898	55.1096635667636	-8.28080229456284	29.6872323667571	53.9330773037146	-7.5111457698635	29.6616465505376	53.2942019901477	5	2
-14.6969985689577	39.6938136185494	54.5217213057883	-11.3061953600751	34.6586099168898	55.1096635667636	-9.44429334917425	34.4654947479098	55.1317726774912	5	2
-17.7626144931244	45.2352189261824	55.7403309325075	-14.6969985689577	39.6938136185494	54.5217213057883	-13.3665674811046	39.4890845165647	54.4174757260718	5	2
-19.5681366481131	52.9170419767796	56.2515704397435	-17.7626144931244	45.2352189261824	55.7403309325075	-17.0166268008431	44.8183037112179	55.3989839150957	5	2
2.2484719693468	-1.64313724546425	24.9870336845797	1.38013949511591	1.18642195246641	30.554966566162	-0.797059851135425	1.70519666749141	30.3254873378455	5	2
1.38013949511591	1.18642195246641	30.554966566162	1.4287353136667	4.94302361777052	36.1853311381043	-1.98837019548208	5.41590505508342	36.0345586885687	5	2
1.4287353136667	4.94302361777052	36.1853311381043	-0.300444805400992	9.95408908087947	40.3632401604938	-3.54591375199043	9.36189833237774	41.2565648801019	5	2
-0.300444805400992	9.95408908087947	40.3632401604938	-0.879974374491981	12.1858638460078	45.3601057979755	-5.04645538317172	14.0713611473741	44.5879471415638	5	2
-0.879974374491981	12.1858638460078	45.3601057979755	-2.08941381587096	19.3546498321662	48.1555258896493	-4.71879235351272	19.9912809591559	48.8038196362586	5	2
-2.08941381587096	19.3546498321662	48.1555258896493	-4.60352322451685	25.002769722693	51.3040031088128	-5.82012905124123	25.4104003257504	51.2493187897867	5	2
-4.60352322451685	25.002769722693	51.3040031088128	-7.5111457698635	29.6616465505376	53.2942019901477	-8.28080229456284	29.6872323667571	53.9330773037146	5	2
-7.5111457698635	29.6616465505376	53.2942019901477	-9.44429334917425	34.4654947479098	55.1317726774912	-11.3061953600751	34.6586099168898	55.1096635667636	5	2
-9.44429334917425	34.4654947479098	55.1317726774912	-13.3665674811046	39.4890845165647	54.4174757260718	-14.6969985689577	39.6938136185494	54.5217213057883	5	2
-13.3665674811046	39.4890845165647	54.4174757260718	-17.0166268008431	44.8183037112179	55.3989839150957	-17.7626144931244	45.2352189261824	55.7403309325075	5	2
-0.096448	-0.21984	26.534	0.832335251312665	-2.83213325075888	31.0099784119435	-1.01338891727104	-1.55515334763642	25.8313590055857	6	2
0.832335251312665	-2.83213325075888	31.0099784119435	0.939775834476576	-7.54298743884998	35.6431658848717	-2.22100991274043	-3.91553036165785	29.6133813660286	6	2
0.939775834476576	-7.54298743884998	35.6431658848717	2.51601418634982	-13.2183055037906	39.1500693201707	-0.818878945063948	-7.30816494030333	35.6322588657639	6	2
2.51601418634982	-13.2183055037906	39.1500693201707	4.33825022416341	-18.067210288038	40.4111809918402	1.53766870190759	-13.6675856347569	39.6328479262969	6	2
4.33825022416341	-18.067210288038	40.4111809918402	5.86443230179778	-23.8085262186238	40.0894596747176	1.04812735706228	-18.6891493654394	40.3768014572049	6	2
5.86443230179778	-23.8085262186238	40.0894596747176	8.67134689771193	-31.7478053271786	36.9846171433588	2.55912567628405	-23.8111966123528	40.6662864573297	6	2
8.67134689771193	-31.7478053271786	36.9846171433588	10.9997329880044	-35.2234942341404	34.3218565918146	6.84630283791206	-32.1045867168461	38.3625421884963	6	2
-2.22100991274043	-3.91553036165785	29.6133813660286	-1.01338891727104	-1.55515334763642	25.8313590055857	0.832335251312665	-2.83213325075888	31.0099784119435	6	2
-0.818878945063948	-7.30816494030333	35.6322588657639	-2.22100991274043	-3.91553036165785	29.6133813660286	0.939775834476576	-7.54298743884998	35.6431658848717	6	2
1.53766870190759	-13.6675856347569	39.6328479262969	-0.818878945063948	-7.30816494030333	35.6322588657639	2.51601418634982	-13.2183055037906	39.1500693201707	6	2
1.04812735706228	-18.6891493654394	40.3768014572049	1.53766870190759	-13.6675856347569	39.6328479262969	4.33825022416341	-18.067210288038	40.4111809918402	6	2
2.55912567628405	-23.8111966123528	40.6662864573297	1.04812735706228	-18.6891493654394	40.3768014572049	5.86443230179778	-23.8085262186238	40.0894596747176	6	2
6.84630283791206	-32.1045867168461	38.3625421884963	2.55912567628405	-23.8111966123528	40.6662864573297	8.67134689771193	-31.7478053271786	36.9846171433588	6	2
0.832335251312665	-2.83213325075888	31.0099784119435	-0.096448	-0.21984	26.534	1.0613189938333	-0.856431553182292	26.4251928318576	6	2
0.939775834476576	-7.54298743884998	35.6431658848717	0.832335251312665	-2.83213325075888	31.0099784119435	2.96576532031998	-1.13701445086899	32.3740863599137	6	2
2.51601418634982	-13.2183055037906	39.1500693201707	0.939775834476576	-7.54298743884998	35.6431658848717	3.5635779312104	-6.53180592253811	36.8450239956458	6	2
4.33825022416341	-18.067210288038	40.4111809918402	2.51601418634982	-13.2183055037906	39.1500693201707	5.1764538841986	-12.1882769972994	40.0433397561188	6	2
5.86443230179778	-23.8085262186238	40.0894596747176	4.33825022416341	-18.067210288038	40.4111809918402	6.51499634509471	-17.6319946852681	42.631618172738	6	2
8.67134689771193	-31.7478053271786	36.9846171433588	5.86443230179778	-23.8085262186238	40.0894596747176	7.27087380560367	-24.0878472901776	41.7299583909034	6	2
10.9997329880044	-35.2234942341404	34.3218565918146	8.67134689771193	-31.7478053271786	36.9846171433588	9.31222982061886	-31.4523378417327	37.0039066487845	6	2
1.0613189938333	-0.856431553182292	26.4251928318576	2.96576532031998	-1.13701445086899	32.3740863599137	0.832335251312665	-2.83213325075888	31.0099784119435	6	2
2.96576532031998	-1.13701445086899	32.3740863599137	3.5635779312104	-6.53180592253811	36.8450239956458	0.939775834476576	-7.54298743884998	35.6431658848717	6	2
3.5635779312104	-6.53180592253811	36.8450239956458	5.1764538841986	-12.1882769972994	40.0433397561188	2.51601418634982	-13.2183055037906	39.1500693201707	6	2
5.1764538841986	-12.1882769972994	40.0433397561188	6.51499634509471	-17.6319946852681	42.631618172738	4.33825022416341	-18.067210288038	40.4111809918402	6	2
6.51499634509471	-17.6319946852681	42.631618172738	7.27087380560367	-24.0878472901776	41.7299583909034	5.86443230179778	-23.8085262186238	40.0894596747176	6	2
7.27087380560367	-24.0878472901776	41.7299583909034	9.31222982061886	-31.4523378417327	37.0039066487845	8.67134689771193	-31.7478053271786	36.9846171433588	6	2
3.43927835852112	-0.369733431569082	30.237	3.48321301206287	1.82362376129999	36.1459675701439	2.05369917926056	-0.936366715784541	30.658068708613	7	2
3.48321301206287	1.82362376129999	36.1459675701439	3.75801905090608	4.41212925926541	41.7615194948739	2.02978616656381	2.886886405526	35.5889696319708	7	2
3.75801905090608	4.41212925926541	41.7615194948739	3.26166362661594	8.55281121002011	45.8043382125773	1.80775164453824	4.65978315127624	41.8752597293996	7	2
3.26166362661594	8.55281121002011	45.8043382125773	1.5736787544022	14.4829459559638	48.4454153362339	1.57159475418376	6.86220641088146	48.0589179265795	7	2
1.5736787544022	14.4829459559638	48.4454153362339	-1.03533886715508	20.3892644997582	48.7115630189045	-0.212873317025896	13.9539158627665	51.4905632116222	7	2
-1.03533886715508	20.3892644997582	48.7115630189045	-5.8771894873736	25.3638669145251	47.9202409632119	-3.35818802606043	19.5112837590251	50.1783812743045	7	2
-5.8771894873736	25.3638669145251	47.9202409632119	-9.23952441480226	28.7594871519406	45.303709444568	-7.72946285468579	25.2288141629984	48.9375492784493	7	2
-9.23952441480226	28.7594871519406	45.303709444568	-18.183177841756	32.0214564484849	38.7580849141455	-12.2146762335902	29.0796287314334	46.8945709373028	7	2
-18.183177841756	32.0214564484849	38.7580849141455	-19.7281361863814	32.4070944484845	36.3677173899499	-19.4774080715633	33.0967266963438	38.8862677804826	7	2
2.02978616656381	2.886886405526	35.5889696319708	2.05369917926056	-0.936366715784541	30.658068708613	3.48321301206287	1.82362376129999	36.1459675701439	7	2
1.80775164453824	4.65978315127624	41.8752597293996	2.02978616656381	2.886886405526	35.5889696319708	3.75801905090608	4.41212925926541	41.7615194948739	7	2
1.57159475418376	6.86220641088146	48.0589179265795	1.80775164453824	4.65978315127624	41.8752597293996	3.26166362661594	8.55281121002011	45.8043382125773	7	2
-0.212873317025896	13.9539158627665	51.4905632116222	1.57159475418376	6.86220641088146	48.0589179265795	1.5736787544022	14.4829459559638	48.4454153362339	7	2
-3.35818802606043	19.5112837590251	50.1783812743045	-0.212873317025896	13.9539158627665	51.4905632116222	-1.03533886715508	20.3892644997582	48.7115630189045	7	2
-7.72946285468579	25.2288141629984	48.9375492784493	-3.35818802606043	19.5112837590251	50.1783812743045	-5.8771894873736	25.3638669145251	47.9202409632119	7	2
-12.2146762335902	29.0796287314334	46.8945709373028	-7.72946285468579	25.2288141629984	48.9375492784493	-9.23952441480226	28.7594871519406	45.303709444568	7	2
-19.4774080715633	33.0967266963438	38.8862677804826	-12.2146762335902	29.0796287314334	46.8945709373028	-18.183177841756	32.0214564484849	38.7580849141455	7	2
3.48321301206287	1.82362376129999	36.1459675701439	3.43927835852112	-0.369733431569082	30.237	7.15267687788213	-0.690667621862712	30.6978924393639	7	2
3.75801905090608	4.41212925926541	41.7615194948739	3.48321301206287	1.82362376129999	36.1459675701439	5.57968050019696	1.14436002094544	36.4888878507578	7	2
3.26166362661594	8.55281121002011	45.8043382125773	3.75801905090608	4.41212925926541	41.7615194948739	7.13523471867506	4.47320196757668	42.1372080953804	7	2
1.5736787544022	14.4829459559638	48.4454153362339	3.26166362661594	8.55281121002011	45.8043382125773	7.36175971476337	8.8686440251061	45.5675629470829	7	2
-1.03533886715508	20.3892644997582	48.7115630189045	1.5736787544022	14.4829459559638	48.4454153362339	5.0873304529718	14.8364255280737	48.3836923473475	7	2
-5.8771894873736	25.3638669145251	47.9202409632119	-1.03533886715508	20.3892644997582	48.7115630189045	1.7335739154336	21.0811247878609	50.1089221076157	7	2
-9.23952441480226	28.7594871519406	45.303709444568	-5.8771894873736	25.3638669145251	47.9202409632119	-3.96345087696522	25.806178147498	48.5597487434947	7	2
-18.183177841756	32.0214564484849	38.7580849141455	-9.23952441480226	28.7594871519406	45.303709444568	-8.25851341244478	28.7545967866165	45.7214222941484	7	2
-19.7281361863814	32.4070944484845	36.3677173899499	-18.183177841756	32.0214564484849	38.7580849141455	-18.0531213079444	33.1774414185134	40.0776045108935	7	2
7.15267687788213	-0.690667621862712	30.6978924393639	5.57968050019696	1.14436002094544	36.4888878507578	3.48321301206287	1.82362376129999	36.1459675701439	7	2
5.57968050019696	1.14436002094544	36.4888878507578	7.13523471867506	4.47320196757668	42.1372080953804	3.75801905090608	4.41212925926541	41.7615194948739	7	2
7.13523471867506	4.47320196757668	42.1372080953804	7.36175971476337	8.8686440251061	45.5675629470829	3.26166362661594	8.55281121002011	45.8043382125773	7	2
7.36175971476337	8.8686440251061	45.5675629470829	5.0873304529718	14.8364255280737	48.3836923473475	1.5736787544022	14.4829459559638	48.4454153362339	7	2
5.0873304529718	14.8364255280737	48.3836923473475	1.7335739154336	21.0811247878609	50.1089221076157	-1.03533886715508	20.3892644997582	48.7115630189045	7	2
1.7335739154336	21.0811247878609	50.1089221076157	-3.96345087696522	25.806178147498	48.5597487434947	-5.8771894873736	25.3638669145251	47.9202409632119	7	2
-3.96345087696522	25.806178147498	48.5597487434947	-8.25851341244478	28.7545967866165	45.7214222941484	-9.23952441480226	28.7594871519406	45.303709444568	7	2
-8.25851341244478	28.7545967866165	45.7214222941484	-18.0531213079444	33.1774414185134	40.0776045108935	-18.183177841756	32.0214564484849	38.7580849141455	7	2
0.48025	-0.065238	30.8454	-3.75818895223402	-3.70091853895014	31.8257924204692	0.613675034784392	-0.286741478571514	31.2037983269632	8	2
-3.75818895223402	-3.70091853895014	31.8257924204692	-8.80373936536061	-0.0840059524443878	29.9198007086366	-3.8736277292811	-4.4354323615976	34.0352227866074	8	2
-3.8736277292811	-4.4354323615976	34.0352227866074	0.613675034784392	-0.286741478571514	31.2037983269632	-3.75818895223402	-3.70091853895014	31.8257924204692	8	2
-3.75818895223402	-3.70091853895014	31.8257924204692	0.48025	-0.065238	30.8454	-1.71532039995226	0.172877170270036	26.9728951552078	8	2
-8.80373936536061	-0.0840059524443878	29.9198007086366	-3.75818895223402	-3.70091853895014	31.8257924204692	-3.38215691178497	-1.98447265199874	30.4767807875099	8	2
-1.71532039995226	0.172877170270036	26.9728951552078	-3.38215691178497	-1.98447265199874	30.4767807875099	-3.75818895223402	-3.70091853895014	31.8257924204692	8	2
-3.91089079990453	0.410992340540072	34.1286	0.327548152329497	4.04667287949021	35.1089924204692	-4.04431583468892	0.632495819111587	34.4869983269632	9	2
0.327548152329497	4.04667287949021	35.1089924204692	5.37309856545609	0.429760292984459	33.2030007086366	0.442986929376574	4.78118670213767	37.3184227866074	9	2
0.442986929376574	4.78118670213767	37.3184227866074	-4.04431583468892	0.632495819111587	34.4869983269632	0.327548152329497	4.04667287949021	35.1089924204692	9	2
0.327548152329497	4.04667287949021	35.1089924204692	-3.91089079990453	0.410992340540072	34.1286	-1.71532039995226	0.172877170270036	30.2560951552078	9	2
5.37309856545609	0.429760292984459	33.2030007086366	0.327548152329497	4.04667287949021	35.1089924204692	-0.048483888119556	2.33022699253881	33.7599807875099	9	2
-1.71532039995226	0.172877170270036	30.2560951552078	-0.048483888119556	2.33022699253881	33.7599807875099	0.327548152329497	4.04667287949021	35.1089924204692	9	2
-0.766788372253127	-1.3839786576776	32.832	-1.40600686125714	-5.47695502527331	38.8440209693971	-2.15996051023627	-1.21176749228132	32.8126860416968	10	2
-1.40600686125714	-5.47695502527331	38.8440209693971	-3.48886046432444	-9.06525346722135	44.3719441717507	-3.01895874441789	-3.05828836108335	39.479311981713	10	2
-3.48886046432444	-9.06525346722135	44.3719441717507	-5.98580130345927	-12.8413467142079	46.8835918562456	-6.4051660544802	-7.84820079303639	44.9824916053081	10	2
-5.98580130345927	-12.8413467142079	46.8835918562456	-11.6274580571311	-19.4390588565198	47.7574207958679	-9.16715400355995	-11.9690034512725	47.5377953276843	10	2
-11.6274580571311	-19.4390588565198	47.7574207958679	-15.5180322568972	-23.3554689974202	45.9537287000024	-14.4978784608546	-18.9803357686784	48.1898821243873	10	2
-15.5180322568972	-23.3554689974202	45.9537287000024	-19.2954742787815	-26.5850362163115	41.482339727206	-18.7499257550055	-22.9554224289247	44.7888117798538	10	2
-19.2954742787815	-26.5850362163115	41.482339727206	-21.0993392330907	-29.3229514792759	34.6498095959119	-21.3167143282883	-25.99119945528	40.1169299146891	10	2
-21.0993392330907	-29.3229514792759	34.6498095959119	-20.2807413439023	-30.4434785701265	28.8495175524725	-23.0316338790171	-29.5750527071642	33.3782659653111	10	2
-20.2807413439023	-30.4434785701265	28.8495175524725	-17.7545569338637	-30.6260511480671	24.6108792868544	-21.3347658047668	-30.0978432483066	28.2012043843125	10	2
-3.01895874441789	-3.05828836108335	39.479311981713	-2.15996051023627	-1.21176749228132	32.8126860416968	-1.40600686125714	-5.47695502527331	38.8440209693971	10	2
-6.4051660544802	-7.84820079303639	44.9824916053081	-3.01895874441789	-3.05828836108335	39.479311981713	-3.48886046432444	-9.06525346722135	44.3719441717507	10	2
-9.16715400355995	-11.9690034512725	47.5377953276843	-6.4051660544802	-7.84820079303639	44.9824916053081	-5.98580130345927	-12.8413467142079	46.8835918562456	10	2
-14.4978784608546	-18.9803357686784	48.1898821243873	-9.16715400355995	-11.9690034512725	47.5377953276843	-11.6274580571311	-19.4390588565198	47.7574207958679	10	2
-18.7499257550055	-22.9554224289247	44.7888117798538	-14.4978784608546	-18.9803357686784	48.1898821243873	-15.5180322568972	-23.3554689974202	45.9537287000024	10	2
-21.3167143282883	-25.99119945528	40.1169299146891	-18.7499257550055	-22.9554224289247	44.7888117798538	-19.2954742787815	-26.5850362163115	41.482339727206	10	2
-23.0316338790171	-29.5750527071642	33.3782659653111	-21.3167143282883	-25.99119945528	40.1169299146891	-21.0993392330907	-29.3229514792759	34.6498095959119	10	2
-21.3347658047668	-30.0978432483066	28.2012043843125	-23.0316338790171	-29.5750527071642	33.3782659653111	-20.2807413439023	-30.4434785701265	28.8495175524725	10	2
-1.40600686125714	-5.47695502527331	38.8440209693971	-0.766788372253127	-1.3839786576776	32.832	0.443655813873436	0.760860671161202	34.3734801869449	10	2
-3.48886046432444	-9.06525346722135	44.3719441717507	-1.40600686125714	-5.47695502527331	38.8440209693971	1.09611255796905	-5.35710909269472	38.9873934450127	10	2
-5.98580130345927	-12.8413467142079	46.8835918562456	-3.48886046432444	-9.06525346722135	44.3719441717507	-0.794816371450599	-9.65238448921996	44.2811114046266	10	2
-11.6274580571311	-19.4390588565198	47.7574207958679	-5.98580130345927	-12.8413467142079	46.8835918562456	-2.26568114229353	-13.575852155706	47.8243742589053	10	2
-15.5180322568972	-23.3554689974202	45.9537287000024	-11.6274580571311	-19.4390588565198	47.7574207958679	-8.36088890119132	-20.0434738665496	49.1094255171872	10	2
-19.2954742787815	-26.5850362163115	41.482339727206	-15.5180322568972	-23.3554689974202	45.9537287000024	-12.7014086735894	-23.5201323969126	46.5788211827943	10	2
-21.0993392330907	-29.3229514792759	34.6498095959119	-19.2954742787815	-26.5850362163115	41.482339727206	-17.3609580631693	-27.4074443544049	43.5290922813872	10	2
-20.2807413439023	-30.4434785701265	28.8495175524725	-21.0993392330907	-29.3229514792759	34.6498095959119	-21.0452442447256	-30.536848264221	35.1794067520918	10	2
-17.7545569338637	-30.6260511480671	24.6108792868544	-20.2807413439023	-30.4434785701265	28.8495175524725	-20.0219249587559	-31.0586557641734	28.5750664424287	10	2
0.443655813873436	0.760860671161202	34.3734801869449	1.09611255796905	-5.35710909269472	38.9873934450127	-1.40600686125714	-5.47695502527331	38.8440209693971	10	2
1.09611255796905	-5.35710909269472	38.9873934450127	-0.794816371450599	-9.65238448921996	44.2811114046266	-3.48886046432444	-9.06525346722135	44.3719441717507	10	2
-0.794816371450599	-9.65238448921996	44.2811114046266	-2.26568114229353	-13.575852155706	47.8243742589053	-5.98580130345927	-12.8413467142079	46.8835918562456	10	2
-2.26568114229353	-13.575852155706	47.8243742589053	-8.36088890119132	-20.0434738665496	49.1094255171872	-11.6274580571311	-19.4390588565198	47.7574207958679	10	2
-8.36088890119132	-20.0434738665496	49.1094255171872	-12.7014086735894	-23.5201323969126	46.5788211827943	-15.5180322568972	-23.3554689974202	45.9537287000024	10	2
-12.7014086735894	-23.5201323969126	46.5788211827943	-17.3609580631693	-27.4074443544049	43.5290922813872	-19.2954742787815	-26.5850362163115	41.482339727206	10	2
-17.3609580631693	-27.4074443544049	43.5290922813872	-21.0452442447256	-30.536848264221	35.1794067520918	-21.0993392330907	-29.3229514792759	34.6498095959119	10	2
-21.0452442447256	-30.536848264221	35.1794067520918	-20.0219249587559	-31.0586557641734	28.5750664424287	-20.2807413439023	-30.4434785701265	28.8495175524725	10	2
-0.3475	-0.70784	0.031499	-0.41155	-0.34074	1.0263	-0.22515	-0.60134	1.8261	0	0
-0.41155	-0.34074	0	-0.087748	-0.21784	1.0423	-0.37868	0.45443	1.0936	0	0
-0.41155	-0.34074	0	-0.087748	-0.21784	1.0423	-0.1292	-0.21974	1.7978	0	0
-0.41155	-0.34074	0	-0.37868	0.45443	1.0936	-0.36431	0.45368	1.7658	0	0
-0.41155	-0.34074	0	-0.22515	-0.60134	1.8261	-0.1292	-0.21974	1.7978	0	0
-0.087748	-0.21784	0.015999	-0.37868	0.45443	1.0936	0.077885	0.65153	1.042	0	0
-0.087748	-0.21784	0.015999	0.077885	0.65153	1.042	0.58995	0.54246	1.7331	0	0
-0.087748	-0.21784	0.015999	-0.1292	-0.21974	1.7978	0.58995	0.54246	1.7331	0	0
-0.37868	0.45443	0.0673	0.077885	0.65153	1.042	0.090202	1.1281	1.0615	0	0
-0.37868	0.45443	0.0673	-0.36431	0.45368	1.7658	-0.23335	1.161	2.1406	0	0
-0.37868	0.45443	0.0673	0.090202	1.1281	1.0615	-0.23335	1.161	2.1406	0	0
-0.22515	-0.60134	0.79975	-0.1292	-0.21974	1.7978	0.21832	-0.029304	2.3827	0	0
-0.22515	-0.60134	0.79975	-0.15305	-0.60444	2.5182	0.21832	-0.029304	2.3827	0	0
0.077885	0.65153	0.015633	0.090202	1.1281	1.0615	0.65045	1.0875	1.0299	0	0
0.077885	0.65153	0.015633	0.65045	1.0875	1.0299	0.58995	0.54246	1.7331	0	0
-0.1292	-0.21974	0.77145	-0.36431	0.45368	1.7658	-0.53225	-0.15794	2.129	0	0
-0.1292	-0.21974	0.77145	-0.36431	0.45368	1.7658	0.17911	0.61674	1.8577	0	0
-0.1292	-0.21974	0.77145	-0.53225	-0.15794	2.129	-0.15305	-0.60444	2.5182	0	0
-0.1292	-0.21974	0.77145	0.58995	0.54246	1.7331	0.21832	-0.029304	2.3827	0	0
-0.36431	0.45368	0.7395	-0.53225	-0.15794	2.129	-0.33152	0.41281	2.5918	0	0
-0.36431	0.45368	0.7395	-0.33152	0.41281	2.5918	-0.23335	1.161	2.1406	0	0
0.090202	1.1281	0.03515	0.65045	1.0875	1.0299	0.2262	1.2084	1.817	0	0
0.090202	1.1281	0.03515	0.2262	1.2084	1.817	-0.23335	1.161	2.1406	0	0
-0.53225	-0.15794	1.1027	-0.33152	0.41281	2.5918	-0.13415	-0.24834	3.0499	0	0
0.65045	1.0875	0.003549	0.58995	0.54246	1.7331	0.65255	1.1118	1.7913	0	0
0.65045	1.0875	0.003549	0.2262	1.2084	1.817	0.65255	1.1118	1.7913	0	0
0.58995	0.54246	0.7068	0.17911	0.61674	1.8577	0.21832	-0.029304	2.3827	0	0
0.58995	0.54246	0.7068	0.17911	0.61674	1.8577	0.65255	1.1118	1.7913	0	0
0.17911	0.61674	0.83138	0.21832	-0.029304	2.3827	0.1928	0.65786	2.5434	0	0
0.17911	0.61674	0.83138	0.2262	1.2084	1.817	0.65255	1.1118	1.7913	0	0
0.17911	0.61674	0.83138	0.2262	1.2084	1.817	-0.23335	1.161	2.1406	0	0
0.17911	0.61674	0.83138	0.1928	0.65786	2.5434	-0.23335	1.161	2.1406	0	0
-0.15305	-0.60444	1.4919	0.21832	-0.029304	2.3827	-0.13415	-0.24834	3.0499	0	0
-0.15305	-0.60444	1.4919	-0.13415	-0.24834	3.0499	-0.20925	-0.38654	3.2845	0	0
0.21832	-0.029304	1.3563	0.1928	0.65786	2.5434	0.019302	0.37346	3.2258	0	0
0.21832	-0.029304	1.3563	-0.13415	-0.24834	3.0499	0.019302	0.37346	3.2258	0	0
-0.33152	0.41281	1.5654	0.019302	0.37346	3.2258	-0.19325	0.5944	3.2322	0	0
-0.33152	0.41281	1.5654	-0.19325	0.5944	3.2322	-0.24735	1.2865	3.1824	0	0
-0.33152	0.41281	1.5654	-0.23335	1.161	2.1406	-0.24735	1.2865	3.1824	0	0
0.1928	0.65786	1.5171	0.19635	1.1336	2.5602	0.59565	1.1524	2.462	0	0
0.1928	0.65786	1.5171	0.19635	1.1336	2.5602	-0.23335	1.161	2.1406	0	0
0.1928	0.65786	1.5171	0.59565	1.1524	2.462	0.58445	0.89706	3.0215	0	0
0.1928	0.65786	1.5171	0.019302	0.37346	3.2258	0.58445	0.89706	3.0215	0	0
-0.13415	-0.24834	2.0236	-0.20925	-0.38654	3.2845	0.019302	0.37346	3.2258	0	0
0.19635	1.1336	1.5339	0.58445	0.89706	3.0215	0.088202	1.1438	3.2618	0	0
0.19635	1.1336	1.5339	0.088202	1.1438	3.2618	-0.24735	1.2865	3.1824	0	0
0.19635	1.1336	1.5339	-0.23335	1.161	2.1406	-0.24735	1.2865	3.1824	0	0
-0.20925	-0.38654	2.2582	0.019302	0.37346	3.2258	-0.16545	-0.28084	4.0561	0	0
-0.20925	-0.38654	2.2582	-0.35048	-0.63784	3.8856	-0.16545	-0.28084	4.0561	0	0
0.019302	0.37346	2.1995	-0.19325	0.5944	3.2322	0.19198	0.45409	3.8968	0	0
0.019302	0.37346	2.1995	0.58445	0.89706	3.0215	0.5727	0.89226	3.8548	0	0
0.019302	0.37346	2.1995	-0.16545	-0.28084	4.0561	0.19198	0.45409	3.8968	0	0
-0.19325	0.5944	2.2059	0.19198	0.45409	3.8968	-0.17965	0.74516	4.0608	0	0
-0.19325	0.5944	2.2059	-0.24735	1.2865	3.1824	-0.17965	0.74516	4.0608	0	0
0.58445	0.89706	1.9952	0.088202	1.1438	3.2618	0.5727	0.89226	3.8548	0	0
0.088202	1.1438	2.2354	-0.24735	1.2865	3.1824	0.11245	1.1443	4.0705	0	0
0.088202	1.1438	2.2354	0.5727	0.89226	3.8548	0.11245	1.1443	4.0705	0	0
-0.35048	-0.63784	2.8592	-0.16545	-0.28084	4.0561	-0.2666	-0.57164	4.7374	0	0
-0.16545	-0.28084	3.0298	0.19198	0.45409	3.8968	0.12835	-0.030738	4.352	0	0
-0.16545	-0.28084	3.0298	0.12835	-0.030738	4.352	-0.15805	-0.24374	4.5619	0	0
-0.16545	-0.28084	3.0298	-0.15805	-0.24374	4.5619	-0.2666	-0.57164	4.7374	0	0
0.19198	0.45409	2.8704	0.5727	0.89226	3.8548	0.2311	0.63296	4.6118	0	0
0.19198	0.45409	2.8704	-0.17965	0.74516	4.0608	-0.1763	0.49556	4.57	0	0
0.19198	0.45409	2.8704	0.12835	-0.030738	4.352	0.2311	0.63296	4.6118	0	0
-0.24735	1.2865	2.1561	-0.17965	0.74516	4.0608	-0.41335	1.134	4.6148	0	0
-0.24735	1.2865	2.1561	0.11245	1.1443	4.0705	-0.41335	1.134	4.6148	0	0
0.5727	0.89226	2.8285	0.11245	1.1443	4.0705	0.23795	1.2918	4.5479	0	0
0.5727	0.89226	2.8285	0.2311	0.63296	4.6118	0.60185	0.89616	4.6843	0	0
0.5727	0.89226	2.8285	0.23795	1.2918	4.5479	0.60185	0.89616	4.6843	0	0
-0.17965	0.74516	3.0345	-0.1763	0.49556	4.57	-0.41335	1.134	4.6148	0	0
0.12835	-0.030738	3.3257	-0.1763	0.49556	4.57	-0.15805	-0.24374	4.5619	0	0
0.12835	-0.030738	3.3257	0.2311	0.63296	4.6118	-0.13315	-0.26594	5.0635	0	0
0.11245	1.1443	3.0442	-0.41335	1.134	4.6148	0.23795	1.2918	4.5479	0	0
-0.1763	0.49556	3.5437	-0.15805	-0.24374	4.5619	-0.13315	-0.26594	5.0635	0	0
-0.1763	0.49556	3.5437	-0.13315	-0.26594	5.0635	-0.39075	0.5507	5.3515	0	0
-0.1763	0.49556	3.5437	-0.41335	1.134	4.6148	-0.39075	0.5507	5.3515	0	0
-0.15805	-0.24374	3.5356	-0.2666	-0.57164	4.7374	-0.13315	-0.26594	5.0635	0	0
-0.2666	-0.57164	3.7111	-0.13315	-0.26594	5.0635	-0.40125	-0.59064	5.3859	0	0
0.2311	0.63296	3.5854	-0.13315	-0.26594	5.0635	0.035852	0.38686	5.6041	0	0
0.2311	0.63296	3.5854	0.035852	0.38686	5.6041	0.60185	0.89616	4.6843	0	0
-0.13315	-0.26594	4.0372	-0.36955	-0.2854	5.3799	-0.40125	-0.59064	5.3859	0	0
-0.13315	-0.26594	4.0372	-0.36955	-0.2854	5.3799	0.035852	0.38686	5.6041	0	0
-0.41335	1.134	3.5884	0.23795	1.2918	4.5479	-0.40672	1.1238	5.295	0	0
-0.41335	1.134	3.5884	-0.39075	0.5507	5.3515	-0.40672	1.1238	5.295	0	0
0.23795	1.2918	3.5216	0.2735	1.0969	5.3112	0.60185	0.89616	4.6843	0	0
0.23795	1.2918	3.5216	0.2735	1.0969	5.3112	-0.40672	1.1238	5.295	0	0
-0.36955	-0.2854	4.3535	-0.40125	-0.59064	5.3859	-0.32761	-0.32944	6.058	0	0
-0.36955	-0.2854	4.3535	0.035852	0.38686	5.6041	-0.32761	-0.32944	6.058	0	0
-0.40125	-0.59064	4.3596	-0.32761	-0.32944	6.058	-0.45215	-0.71554	6.0998	0	0
-0.39075	0.5507	4.3252	0.035852	0.38686	5.6041	0.2735	1.0969	5.3112	0	0
-0.39075	0.5507	4.3252	0.2735	1.0969	5.3112	-0.40672	1.1238	5.295	0	0
0.035852	0.38686	4.5778	0.2735	1.0969	5.3112	0.32645	1.112	6.0266	0	0
0.035852	0.38686	4.5778	-0.32761	-0.32944	6.058	-0.1037	0.50781	6.0765	0	0
0.035852	0.38686	4.5778	0.32645	1.112	6.0266	-0.1037	0.50781	6.0765	0	0
0.2735	1.0969	4.2849	0.60185	0.89616	4.6843	0.32645	1.112	6.0266	0	0
-0.32761	-0.32944	5.0317	-0.45215	-0.71554	6.0998	-0.3167	-0.29826	6.6523	0	0
-0.32761	-0.32944	5.0317	-0.1037	0.50781	6.0765	-0.3167	-0.29826	6.6523	0	0
0.32645	1.112	5.0003	-0.1037	0.50781	6.0765	0.30095	1.1021	6.8031	0	0
-0.45215	-0.71554	5.0735	-0.3167	-0.29826	6.6523	-0.59195	-0.91369	6.7385	0	0
-0.1037	0.50781	5.0502	-0.3167	-0.29826	6.6523	-0.13598	0.39563	6.7364	0	0
-0.1037	0.50781	5.0502	-0.13598	0.39563	6.7364	0.30095	1.1021	6.8031	0	0
-0.3167	-0.29826	5.6259	-0.13598	0.39563	6.7364	-0.42788	-0.25034	7.4039	0	0
-0.3167	-0.29826	5.6259	-0.59195	-0.91369	6.7385	-0.42788	-0.25034	7.4039	0	0
-0.13598	0.39563	5.7101	0.30095	1.1021	6.8031	-0.11615	0.77816	7.5529	0	0
-0.13598	0.39563	5.7101	-0.42788	-0.25034	7.4039	-0.11615	0.77816	7.5529	0	0
-0.59195	-0.91369	5.7121	-0.42788	-0.25034	7.4039	-0.56585	-0.73734	7.548	0	0
-0.59195	-0.91369	5.7121	-0.94701	-1.0701	7.415	-0.56585	-0.73734	7.548	0	0
0.30095	1.1021	5.7767	-0.11615	0.77816	7.5529	0.2734	1.0952	7.5373	0	0
-0.42788	-0.25034	6.3776	-0.56585	-0.73734	7.548	-0.4124	-0.22374	8.0443	0	0
-0.42788	-0.25034	6.3776	-0.54988	0.3956	7.5862	-0.11615	0.77816	7.5529	0	0
-0.42788	-0.25034	6.3776	-0.54988	0.3956	7.5862	-0.4124	-0.22374	8.0443	0	0
-0.94701	-1.0701	6.3887	-0.56585	-0.73734	7.548	-0.62795	-0.78214	8.0021	0	0
-0.94701	-1.0701	6.3887	-0.62795	-0.78214	8.0021	-1.0538	-0.90764	8.1021	0	0
-0.56585	-0.73734	6.5217	-0.4124	-0.22374	8.0443	-0.62795	-0.78214	8.0021	0	0
-0.54988	0.3956	6.5599	-0.11615	0.77816	7.5529	-0.51378	1.1669	7.4114	0	0
-0.54988	0.3956	6.5599	-0.51378	1.1669	7.4114	-0.4791	1.2056	8.0208	0	0
-0.54988	0.3956	6.5599	-0.4124	-0.22374	8.0443	-0.4438	0.46864	8.0486	0	0
-0.54988	0.3956	6.5599	-0.4438	0.46864	8.0486	-0.4791	1.2056	8.0208	0	0
-0.11615	0.77816	6.5266	-0.51378	1.1669	7.4114	0.2734	1.0952	7.5373	0	0
-0.51378	1.1669	6.385	0.2734	1.0952	7.5373	0.026352	1.5502	7.4657	0	0
-0.51378	1.1669	6.385	0.026352	1.5502	7.4657	-0.28695	1.5502	7.7489	0	0
-0.51378	1.1669	6.385	-0.28695	1.5502	7.7489	-0.4791	1.2056	8.0208	0	0
0.2734	1.0952	6.511	-0.4124	-0.22374	8.0443	0.2581	1.0921	8.0847	0	0
0.2734	1.0952	6.511	0.026352	1.5502	7.4657	0.2581	1.0921	8.0847	0	0
-0.4124	-0.22374	7.0179	-0.62795	-0.78214	8.0021	-0.89135	-0.40644	8.3197	0	0
-0.4124	-0.22374	7.0179	-0.4438	0.46864	8.0486	-0.89135	-0.40644	8.3197	0	0
-0.4124	-0.22374	7.0179	0.2581	1.0921	8.0847	0.18565	0.81736	8.7878	0	0
-0.4124	-0.22374	7.0179	0.18565	0.81736	8.7878	-0.4245	-0.22426	8.8192	0	0
-0.62795	-0.78214	6.9758	-1.0538	-0.90764	8.1021	-0.89135	-0.40644	8.3197	0	0
-0.4438	0.46864	7.0223	-0.4791	1.2056	8.0208	-0.46324	0.48506	8.815	0	0
-0.4438	0.46864	7.0223	-0.89135	-0.40644	8.3197	-0.46324	0.48506	8.815	0	0
-1.0538	-0.90764	7.0758	-0.89135	-0.40644	8.3197	-0.54655	-0.74849	8.802	0	0
-1.0538	-0.90764	7.0758	-0.54655	-0.74849	8.802	-0.85995	-1.0273	9.7054	0	0
0.026352	1.5502	6.4394	-0.28695	1.5502	7.7489	-0.034448	1.5586	8.1141	0	0
0.026352	1.5502	6.4394	0.2581	1.0921	8.0847	-0.034448	1.5586	8.1141	0	0
-0.28695	1.5502	6.7226	-0.31265	1.5695	7.8874	-0.4791	1.2056	8.0208	0	0
-0.28695	1.5502	6.7226	-0.31265	1.5695	7.8874	-0.034448	1.5586	8.1141	0	0
0.2581	1.0921	7.0584	-0.034448	1.5586	8.1141	0.038052	1.586	8.4944	0	0
0.2581	1.0921	7.0584	0.038052	1.586	8.4944	0.15865	1.3202	8.8175	0	0
0.2581	1.0921	7.0584	0.18565	0.81736	8.7878	0.15865	1.3202	8.8175	0	0
-0.31265	1.5695	6.8611	-0.4791	1.2056	8.0208	-0.16725	1.5609	8.5345	0	0
-0.31265	1.5695	6.8611	-0.034448	1.5586	8.1141	-0.16725	1.5609	8.5345	0	0
-0.4791	1.2056	6.9945	-0.16725	1.5609	8.5345	-0.43757	1.192	8.8144	0	0
-0.4791	1.2056	6.9945	-0.46324	0.48506	8.815	-0.43757	1.192	8.8144	0	0
-0.89135	-0.40644	7.2934	-0.54655	-0.74849	8.802	-0.4245	-0.22426	8.8192	0	0
-0.89135	-0.40644	7.2934	-0.4245	-0.22426	8.8192	-0.46324	0.48506	8.815	0	0
-0.034448	1.5586	7.0878	0.038052	1.586	8.4944	-0.16725	1.5609	8.5345	0	0
0.038052	1.586	7.4681	-0.16725	1.5609	8.5345	-0.2822	1.5457	9.3801	0	0
0.038052	1.586	7.4681	0.15865	1.3202	8.8175	-0.2822	1.5457	9.3801	0	0
-0.16725	1.5609	7.5082	-0.43757	1.192	8.8144	-0.2822	1.5457	9.3801	0	0
0.18565	0.81736	7.7615	-0.4245	-0.22426	8.8192	0.099852	0.53146	9.6678	0	0
0.18565	0.81736	7.7615	0.15865	1.3202	8.8175	0.1686	1.0787	9.5365	0	0
0.18565	0.81736	7.7615	0.1686	1.0787	9.5365	0.099852	0.53146	9.6678	0	0
-0.54655	-0.74849	7.7756	-0.4245	-0.22426	8.8192	-0.54215	-0.73694	9.5497	0	0
-0.54655	-0.74849	7.7756	-0.54215	-0.73694	9.5497	-0.85995	-1.0273	9.7054	0	0
-0.4245	-0.22426	7.7929	-0.54215	-0.73694	9.5497	-0.40325	-0.23239	9.5557	0	0
-0.4245	-0.22426	7.7929	-0.40325	-0.23239	9.5557	0.099852	0.53146	9.6678	0	0
-0.46324	0.48506	7.7886	-0.43757	1.192	8.8144	-0.50717	0.49754	9.5691	0	0
-0.46324	0.48506	7.7886	-0.40325	-0.23239	9.5557	-0.50717	0.49754	9.5691	0	0
-0.43757	1.192	7.7881	-0.2822	1.5457	9.3801	-0.4315	1.1788	9.5592	0	0
-0.43757	1.192	7.7881	-0.50717	0.49754	9.5691	-0.4315	1.1788	9.5592	0	0
0.15865	1.3202	7.7912	-0.2822	1.5457	9.3801	0.1686	1.0787	9.5365	0	0
-0.54215	-0.73694	8.5234	-0.40325	-0.23239	9.5557	-0.39457	-0.35364	10.274	0	0
-0.54215	-0.73694	8.5234	-0.85995	-1.0273	9.7054	-0.65628	-0.8273	10.225	0	0
-0.54215	-0.73694	8.5234	-0.65628	-0.8273	10.225	-0.39457	-0.35364	10.274	0	0
-0.40325	-0.23239	8.5294	-0.50717	0.49754	9.5691	-0.50472	0.53016	10.263	0	0
-0.40325	-0.23239	8.5294	-0.39457	-0.35364	10.274	-0.50472	0.53016	10.263	0	0
-0.2822	1.5457	8.3537	0.1686	1.0787	9.5365	-0.016698	1.5936	10.331	0	0
-0.2822	1.5457	8.3537	-0.4315	1.1788	9.5592	-0.25145	1.5798	10.313	0	0
-0.2822	1.5457	8.3537	-0.25145	1.5798	10.313	-0.016698	1.5936	10.331	0	0
0.1686	1.0787	8.5102	0.099852	0.53146	9.6678	0.23665	0.83626	10.139	0	0
0.1686	1.0787	8.5102	0.23665	0.83626	10.139	0.10795	1.333	10.31	0	0
0.1686	1.0787	8.5102	-0.016698	1.5936	10.331	0.10795	1.333	10.31	0	0
-0.50717	0.49754	8.5427	-0.4315	1.1788	9.5592	-0.50472	0.53016	10.263	0	0
0.099852	0.53146	8.6415	-0.39457	-0.35364	10.274	0.23665	0.83626	10.139	0	0
-0.65628	-0.8273	9.1986	-0.39457	-0.35364	10.274	-0.42485	-0.68119	11.11	0	0
-0.39457	-0.35364	9.2478	0.23665	0.83626	10.139	0.17135	0.54336	11.136	0	0
-0.39457	-0.35364	9.2478	-0.50472	0.53016	10.263	-0.35848	-0.20897	10.899	0	0
-0.39457	-0.35364	9.2478	-0.35848	-0.20897	10.899	-0.42485	-0.68119	11.11	0	0
-0.4315	1.1788	8.5329	-0.50472	0.53016	10.263	-0.4806	1.1799	10.32	0	0
-0.4315	1.1788	8.5329	-0.4806	1.1799	10.32	-0.25145	1.5798	10.313	0	0
0.23665	0.83626	9.1124	0.10795	1.333	10.31	0.21739	1.0475	10.913	0	0
0.23665	0.83626	9.1124	0.21739	1.0475	10.913	0.17135	0.54336	11.136	0	0
-0.50472	0.53016	9.2364	-0.4806	1.1799	10.32	-0.40839	0.43862	10.972	0	0
-0.50472	0.53016	9.2364	-0.35848	-0.20897	10.899	-0.40839	0.43862	10.972	0	0
-0.4806	1.1799	9.2938	-0.25145	1.5798	10.313	-0.36515	1.6128	11.053	0	0
-0.4806	1.1799	9.2938	-0.36515	1.6128	11.053	-0.52258	1.2767	11.081	0	0
-0.4806	1.1799	9.2938	-0.52258	1.2767	11.081	-0.40839	0.43862	10.972	0	0
-0.35848	-0.20897	9.8729	-0.40839	0.43862	10.972	-0.3805	-0.25454	11.548	0	0
-0.35848	-0.20897	9.8729	-0.42485	-0.68119	11.11	-0.3805	-0.25454	11.548	0	0
-0.25145	1.5798	9.2866	-0.016698	1.5936	10.331	-0.36515	1.6128	11.053	0	0
-0.016698	1.5936	9.3044	0.10795	1.333	10.31	-0.012848	1.6031	11.064	0	0
-0.016698	1.5936	9.3044	-0.012848	1.6031	11.064	-0.36515	1.6128	11.053	0	0
0.10795	1.333	9.284	0.21739	1.0475	10.913	-0.012848	1.6031	11.064	0	0
0.21739	1.0475	9.8871	-0.012848	1.6031	11.064	0.2639	1.1164	11.541	0	0
0.21739	1.0475	9.8871	0.17135	0.54336	11.136	0.2639	1.1164	11.541	0	0
-0.36515	1.6128	10.026	-0.52258	1.2767	11.081	-0.51385	1.2237	11.577	0	0
-0.52258	1.2767	10.054	-0.40839	0.43862	10.972	-0.47425	0.49099	11.542	0	0
-0.52258	1.2767	10.054	-0.47425	0.49099	11.542	-0.51385	1.2237	11.577	0	0
-0.40839	0.43862	9.946	-0.3805	-0.25454	11.548	-0.47425	0.49099	11.542	0	0
0.17135	0.54336	10.11	0.14235	0.54886	11.383	0.2639	1.1164	11.541	0	0
-0.42485	-0.68119	10.083	-0.3805	-0.25454	11.548	-0.73568	-0.83094	11.678	0	0
-0.3805	-0.25454	10.522	-0.73568	-0.83094	11.678	-0.96105	-0.55514	11.959	0	0
-0.3805	-0.25454	10.522	-0.47425	0.49099	11.542	-0.45897	0.4671	12.308	0	0
-0.3805	-0.25454	10.522	-0.96105	-0.55514	11.959	-0.37735	-0.30974	12.377	0	0
-0.3805	-0.25454	10.522	-0.37735	-0.30974	12.377	-0.45897	0.4671	12.308	0	0
-0.73568	-0.83094	10.652	-0.96105	-0.55514	11.959	-0.86515	-0.80664	12.027	0	0
-0.47425	0.49099	10.516	-0.51385	1.2237	11.577	-0.46937	1.2148	12.265	0	0
-0.47425	0.49099	10.516	-0.45897	0.4671	12.308	-0.46937	1.2148	12.265	0	0
-0.96105	-0.55514	10.932	-0.86515	-0.80664	12.027	-0.37735	-0.30974	12.377	0	0
-0.86515	-0.80664	11.001	-0.68505	-0.91876	12.451	-0.37735	-0.30974	12.377	0	0
-0.68505	-0.91876	11.424	-0.37735	-0.30974	12.377	-0.6718	-0.79579	12.916	0	0
-0.37735	-0.30974	11.351	-0.45897	0.4671	12.308	-0.45517	0.47934	13.071	0	0
-0.37735	-0.30974	11.351	-0.6718	-0.79579	12.916	-0.38811	-0.35657	12.961	0	0
-0.37735	-0.30974	11.351	-0.38811	-0.35657	12.961	-0.45517	0.47934	13.071	0	0
-0.45897	0.4671	11.282	-0.46937	1.2148	12.265	-0.3675	1.1734	13.003	0	0
-0.45897	0.4671	11.282	-0.45517	0.47934	13.071	-0.3675	1.1734	13.003	0	0
-0.6718	-0.79579	11.89	-0.38811	-0.35657	12.961	-0.42152	-0.31249	13.655	0	0
-0.6718	-0.79579	11.89	-0.42152	-0.31249	13.655	-0.48425	-0.71459	13.816	0	0
-0.38811	-0.35657	11.934	-0.45517	0.47934	13.071	-0.42152	-0.31249	13.655	0	0
-0.46937	1.2148	11.239	0.3201	1.1734	12.319	0.44915	1.7967	12.608	0	0
-0.46937	1.2148	11.239	-0.3675	1.1734	13.003	0.27305	1.7982	12.942	0	0
-0.46937	1.2148	11.239	0.44915	1.7967	12.608	0.27305	1.7982	12.942	0	0
-0.45517	0.47934	12.045	-0.3675	1.1734	13.003	-0.41085	1.0843	13.778	0	0
-0.45517	0.47934	12.045	-0.42152	-0.31249	13.655	-0.4279	0.48226	13.809	0	0
-0.45517	0.47934	12.045	-0.4279	0.48226	13.809	-0.41085	1.0843	13.778	0	0
-0.3675	1.1734	11.976	0.27305	1.7982	12.942	0.2212	1.1343	13.055	0	0
-0.42152	-0.31249	12.628	-0.48425	-0.71459	13.816	-0.34132	-0.30249	14.365	0	0
-0.42152	-0.31249	12.628	-0.4279	0.48226	13.809	-0.34132	-0.30249	14.365	0	0
-0.48425	-0.71459	12.79	-0.34132	-0.30249	14.365	-0.3805	-0.66844	14.533	0	0
-0.4279	0.48226	12.782	-0.34132	-0.30249	14.365	-0.45917	0.47431	14.571	0	0
-0.4279	0.48226	12.782	-0.41085	1.0843	13.778	-0.43095	1.0746	14.544	0	0
-0.4279	0.48226	12.782	-0.45917	0.47431	14.571	-0.43095	1.0746	14.544	0	0
-0.34132	-0.30249	13.339	-0.3805	-0.66844	14.533	-0.88565	-0.52164	15.158	0	0
-0.34132	-0.30249	13.339	-0.45917	0.47431	14.571	-0.88565	-0.52164	15.158	0	0
-0.3805	-0.66844	13.506	-0.45015	-0.71134	15.077	-0.88565	-0.52164	15.158	0	0
-0.45917	0.47431	13.544	-0.88565	-0.52164	15.158	-0.42075	0.48256	15.058	0	0
-0.45917	0.47431	13.544	-0.43095	1.0746	14.544	-0.42075	0.48256	15.058	0	0
-0.45015	-0.71134	14.05	-0.88565	-0.52164	15.158	-0.96415	-0.59844	15.237	0	0
-0.45015	-0.71134	14.05	-0.96415	-0.59844	15.237	-0.41911	-0.86022	15.823	0	0
-0.88565	-0.52164	14.132	-0.96415	-0.59844	15.237	-0.9813	-0.23194	15.939	0	0
-0.88565	-0.52164	14.132	-0.42075	0.48256	15.058	-0.9813	-0.23194	15.939	0	0
-0.36742	-0.36009	14.155	-0.42075	0.48256	15.058	0.16885	0.67156	15.048	0	0
-0.96415	-0.59844	14.211	-0.41911	-0.86022	15.823	-0.88385	-0.74594	16.35	0	0
-0.96415	-0.59844	14.211	-0.88385	-0.74594	16.35	-0.9813	-0.23194	15.939	0	0
-0.43095	1.0746	13.518	-0.42075	0.48256	15.058	-0.24235	1.0866	15.056	0	0
-0.42075	0.48256	14.032	0.16885	0.67156	15.048	-0.24235	1.0866	15.056	0	0
-0.42075	0.48256	14.032	-0.2845	1.1115	15.833	-0.41087	0.47619	15.805	0	0
-0.42075	0.48256	14.032	-0.41087	0.47619	15.805	-0.9813	-0.23194	15.939	0	0
0.16885	0.67156	14.021	-0.24235	1.0866	15.056	0.038752	1.0985	14.99	0	0
-0.2845	1.1115	14.806	0.086652	1.0978	15.893	-0.40285	1.0613	16.442	0	0
-0.2845	1.1115	14.806	-0.41087	0.47619	15.805	-0.40285	1.0613	16.442	0	0
0.15923	0.66041	14.794	0.086652	1.0978	15.893	0.19095	0.60506	16.561	0	0
0.086652	1.0978	14.867	-0.40285	1.0613	16.442	0.098052	1.2044	16.563	0	0
0.086652	1.0978	14.867	0.098052	1.2044	16.563	0.19095	0.60506	16.561	0	0
-0.41087	0.47619	14.779	-0.33885	0.3976	16.548	-0.40285	1.0613	16.442	0	0
-0.41087	0.47619	14.779	-0.33885	0.3976	16.548	-0.9813	-0.23194	15.939	0	0
-0.41911	-0.86022	14.797	-0.88385	-0.74594	16.35	-0.40575	-0.89959	16.375	0	0
0.0025521	-0.12704	15.073	-0.3584	-0.28179	16.533	-0.13335	-0.68374	16.621	0	0
0.0025521	-0.12704	15.073	-0.3584	-0.28179	16.533	-0.33885	0.3976	16.548	0	0
0.0025521	-0.12704	15.073	-0.13335	-0.68374	16.621	0.14772	-0.31664	17.336	0	0
0.0025521	-0.12704	15.073	-0.33885	0.3976	16.548	0.19095	0.60506	16.561	0	0
0.0025521	-0.12704	15.073	0.19095	0.60506	16.561	0.14772	-0.31664	17.336	0	0
-0.88385	-0.74594	15.324	-0.40575	-0.89959	16.375	-0.62545	-0.83467	17.168	0	0
-0.88385	-0.74594	15.324	-0.3584	-0.28179	16.533	-0.97425	-0.35344	16.392	0	0
-0.88385	-0.74594	15.324	-0.62545	-0.83467	17.168	-0.8889	-0.31899	17.315	0	0
-0.88385	-0.74594	15.324	-0.9813	-0.23194	15.939	-0.97425	-0.35344	16.392	0	0
-0.40575	-0.89959	15.348	-0.13335	-0.68374	16.621	-0.62545	-0.83467	17.168	0	0
-0.3584	-0.28179	15.506	-0.13335	-0.68374	16.621	-0.62545	-0.83467	17.168	0	0
-0.3584	-0.28179	15.506	-0.33885	0.3976	16.548	-0.97425	-0.35344	16.392	0	0
-0.3584	-0.28179	15.506	-0.62545	-0.83467	17.168	-0.42971	-0.24287	17.25	0	0
-0.13335	-0.68374	15.594	0.14772	-0.31664	17.336	0.13693	-0.69866	17.265	0	0
-0.33885	0.3976	15.521	-0.40285	1.0613	16.442	-0.38725	0.43935	17.265	0	0
-0.33885	0.3976	15.521	-0.42971	-0.24287	17.25	-0.38725	0.43935	17.265	0	0
-0.33885	0.3976	15.521	-0.9813	-0.23194	15.939	-0.97425	-0.35344	16.392	0	0
-0.40285	1.0613	15.416	0.098052	1.2044	16.563	-0.15665	1.2386	17.304	0	0
-0.40285	1.0613	15.416	-0.38725	0.43935	17.265	-0.15665	1.2386	17.304	0	0
0.098052	1.2044	15.537	0.19095	0.60506	16.561	0.2491	0.60551	17.313	0	0
0.098052	1.2044	15.537	0.2491	0.60551	17.313	0.062652	1.2484	17.309	0	0
0.098052	1.2044	15.537	-0.15665	1.2386	17.304	0.062652	1.2484	17.309	0	0
-0.62545	-0.83467	16.142	-0.8889	-0.31899	17.315	-0.29075	-0.65094	18.07	0	0
-0.62545	-0.83467	16.142	-0.29075	-0.65094	18.07	0.13693	-0.69866	17.265	0	0
-0.42971	-0.24287	16.224	-0.38725	0.43935	17.265	-0.62165	0.4732	17.91	0	0
-0.42971	-0.24287	16.224	-0.55715	-0.25834	18.062	-0.62165	0.4732	17.91	0	0
-0.42971	-0.24287	16.224	-0.55715	-0.25834	18.062	-0.29075	-0.65094	18.07	0	0
-0.38725	0.43935	16.239	0.2491	0.60551	17.313	-0.15665	1.2386	17.304	0	0
-0.38725	0.43935	16.239	-0.62165	0.4732	17.91	-0.38205	1.0578	18.07	0	0
0.19095	0.60506	15.535	0.2491	0.60551	17.313	0.14772	-0.31664	17.336	0	0
-0.8889	-0.31899	16.288	-0.9936	0.070962	17.954	-0.34635	-0.56554	18.285	0	0
-0.8889	-0.31899	16.288	-0.29075	-0.65094	18.07	-0.34635	-0.56554	18.285	0	0
0.2491	0.60551	16.286	0.062652	1.2484	17.309	0.10355	1.2579	18.077	0	0
0.2491	0.60551	16.286	0.10355	1.2579	18.077	0.21259	0.4143	18.048	0	0
0.2491	0.60551	16.286	0.21259	0.4143	18.048	0.14772	-0.31664	17.336	0	0
-0.15665	1.2386	16.278	0.062652	1.2484	17.309	-0.073448	1.5697	17.597	0	0
0.062652	1.2484	16.282	-0.073448	1.5697	17.597	0.10355	1.2579	18.077	0	0
-0.9936	0.070962	16.928	-0.55715	-0.25834	18.062	-0.62165	0.4732	17.91	0	0
-0.9936	0.070962	16.928	-0.62165	0.4732	17.91	-0.57545	0.52846	18.614	0	0
-0.073448	1.5697	16.57	0.10355	1.2579	18.077	-0.23995	1.5602	18.699	0	0
-0.62165	0.4732	16.884	-0.38205	1.0578	18.07	-0.57545	0.52846	18.614	0	0
-0.38205	1.0578	17.044	-0.57545	0.52846	18.614	-0.45155	1.1916	18.521	0	0
0.10355	1.2579	17.05	0.21259	0.4143	18.048	0.16085	1.0296	18.564	0	0
0.10355	1.2579	17.05	-0.23995	1.5602	18.699	0.16085	1.0296	18.564	0	0
0.022952	-0.076438	17.013	0.21259	0.4143	18.048	0.14772	-0.31664	17.336	0	0
0.022952	-0.076438	17.013	0.21259	0.4143	18.048	0.083602	0.26871	18.527	0	0
0.022952	-0.076438	17.013	-0.29075	-0.65094	18.07	-0.34635	-0.56554	18.285	0	0
0.022952	-0.076438	17.013	-0.29075	-0.65094	18.07	0.14772	-0.31664	17.336	0	0
0.022952	-0.076438	17.013	-0.34635	-0.56554	18.285	-0.33482	-0.38494	18.527	0	0
0.022952	-0.076438	17.013	-0.33482	-0.38494	18.527	0.083602	0.26871	18.527	0	0
0.21259	0.4143	17.022	0.083602	0.26871	18.527	0.16085	1.0296	18.564	0	0
-0.29075	-0.65094	17.044	0.14772	-0.31664	17.336	0.13693	-0.69866	17.265	0	0
-0.34635	-0.56554	17.259	-0.33482	-0.38494	18.527	-0.30967	-0.65984	19.43	0	0
-0.33482	-0.38494	17.501	0.083602	0.26871	18.527	-0.3333	-0.25534	19.303	0	0
-0.33482	-0.38494	17.501	-0.3333	-0.25534	19.303	-0.30967	-0.65984	19.43	0	0
0.083602	0.26871	17.501	0.16085	1.0296	18.564	0.012912	0.41294	19.344	0	0
0.083602	0.26871	17.501	-0.3333	-0.25534	19.303	0.012912	0.41294	19.344	0	0
-0.57545	0.52846	17.588	-0.45155	1.1916	18.521	-0.46765	1.1308	19.26	0	0
-0.57545	0.52846	17.588	-0.3333	-0.25534	19.303	-0.70147	0.45576	19.303	0	0
-0.57545	0.52846	17.588	-0.70147	0.45576	19.303	-0.46765	1.1308	19.26	0	0
-0.45155	1.1916	17.494	-0.23995	1.5602	18.699	-0.46765	1.1308	19.26	0	0
-0.23995	1.5602	17.673	0.16085	1.0296	18.564	0.26243	1.0638	19.343	0	0
-0.23995	1.5602	17.673	-0.46765	1.1308	19.26	-0.2114	1.6082	19.361	0	0
-0.23995	1.5602	17.673	0.26243	1.0638	19.343	-0.015798	1.6102	19.449	0	0
-0.23995	1.5602	17.673	-0.2114	1.6082	19.361	-0.015798	1.6102	19.449	0	0
0.16085	1.0296	17.538	0.012912	0.41294	19.344	0.26243	1.0638	19.343	0	0
-0.3333	-0.25534	18.277	-0.30967	-0.65984	19.43	-0.35305	-0.28614	20.053	0	0
-0.3333	-0.25534	18.277	-0.70147	0.45576	19.303	-0.70195	0.43951	20.061	0	0
-0.3333	-0.25534	18.277	0.012912	0.41294	19.344	-0.35305	-0.28614	20.053	0	0
-0.3333	-0.25534	18.277	-0.70195	0.43951	20.061	-0.10255	0.48991	20.051	0	0
-0.30967	-0.65984	18.403	-0.35305	-0.28614	20.053	-0.2813	-0.69894	20.021	0	0
-0.70147	0.45576	18.277	-0.46765	1.1308	19.26	-0.501	1.2706	20.018	0	0
-0.70147	0.45576	18.277	-0.70195	0.43951	20.061	-0.501	1.2706	20.018	0	0
-0.46765	1.1308	18.234	-0.2114	1.6082	19.361	-0.501	1.2706	20.018	0	0
0.012912	0.41294	18.317	0.26243	1.0638	19.343	0.28835	1.1383	19.911	0	0
0.012912	0.41294	18.317	-0.35305	-0.28614	20.053	-0.10255	0.48991	20.051	0	0
0.012912	0.41294	18.317	-0.10255	0.48991	20.051	0.28835	1.1383	19.911	0	0
0.26243	1.0638	18.316	-0.015798	1.6102	19.449	0.28835	1.1383	19.911	0	0
-0.2114	1.6082	18.335	-0.015798	1.6102	19.449	-0.26135	1.6477	20.091	0	0
-0.2114	1.6082	18.335	-0.501	1.2706	20.018	-0.26135	1.6477	20.091	0	0
-0.015798	1.6102	18.423	0.045752	1.7212	20.087	-0.26135	1.6477	20.091	0	0
-0.015798	1.6102	18.423	0.045752	1.7212	20.087	0.28835	1.1383	19.911	0	0
-0.70195	0.43951	19.035	-0.501	1.2706	20.018	-0.44551	1.2559	20.727	0	0
-0.70195	0.43951	19.035	-0.48658	0.37955	20.803	-0.44551	1.2559	20.727	0	0
-0.70195	0.43951	19.035	-0.48658	0.37955	20.803	-1.3729	0.25606	21.372	0	0
-0.35305	-0.28614	19.026	-0.2813	-0.69894	20.021	-0.30075	-0.65276	20.777	0	0
-0.35305	-0.28614	19.026	-0.10255	0.48991	20.051	-0.38382	-0.26259	20.793	0	0
-0.35305	-0.28614	19.026	-0.30075	-0.65276	20.777	-0.38382	-0.26259	20.793	0	0
-0.10255	0.48991	19.024	0.28835	1.1383	19.911	0.051352	0.73821	20.576	0	0
-0.10255	0.48991	19.024	-0.38382	-0.26259	20.793	0.051352	0.73821	20.576	0	0
-0.501	1.2706	18.992	-0.26135	1.6477	20.091	-0.44551	1.2559	20.727	0	0
0.045752	1.7212	19.061	-0.26135	1.6477	20.091	-0.44551	1.2559	20.727	0	0
0.045752	1.7212	19.061	0.28835	1.1383	19.911	0.58715	1.316	20.14	0	0
0.045752	1.7212	19.061	-0.44551	1.2559	20.727	0.34502	1.172	20.878	0	0
0.045752	1.7212	19.061	0.58715	1.316	20.14	0.34502	1.172	20.878	0	0
0.28835	1.1383	18.885	0.58715	1.316	20.14	0.051352	0.73821	20.576	0	0
-0.30075	-0.65276	19.751	-0.38382	-0.26259	20.793	-0.423	-0.26574	21.556	0	0
-0.30075	-0.65276	19.751	-0.3939	-0.77024	21.538	-0.423	-0.26574	21.556	0	0
-0.38382	-0.26259	19.767	0.051352	0.73821	20.576	0.2381	0.44926	21.314	0	0
-0.38382	-0.26259	19.767	-0.423	-0.26574	21.556	0.2381	0.44926	21.314	0	0
-0.48658	0.37955	19.777	-0.44551	1.2559	20.727	-0.54335	1.2539	21.341	0	0
-0.48658	0.37955	19.777	-0.39635	0.5562	21.475	0.2381	0.44926	21.314	0	0
-0.48658	0.37955	19.777	-0.39635	0.5562	21.475	-1.3729	0.25606	21.372	0	0
-0.44551	1.2559	19.701	0.34502	1.172	20.878	-0.54335	1.2539	21.341	0	0
0.58715	1.316	19.114	0.051352	0.73821	20.576	0.656	1.2231	20.593	0	0
0.051352	0.73821	19.55	0.34502	1.172	20.878	0.656	1.2231	20.593	0	0
0.051352	0.73821	19.55	0.34502	1.172	20.878	0.2381	0.44926	21.314	0	0
-0.3939	-0.77024	20.511	-0.423	-0.26574	21.556	-0.59085	-0.65714	22.028	0	0
0.34502	1.172	19.851	-0.54335	1.2539	21.341	0.95315	1.598	21.969	0	0
0.34502	1.172	19.851	0.656	1.2231	20.593	0.85285	1.191	21.302	0	0
0.34502	1.172	19.851	0.3645	0.98856	21.495	0.85285	1.191	21.302	0	0
0.34502	1.172	19.851	0.3645	0.98856	21.495	0.2381	0.44926	21.314	0	0
-0.54335	1.2539	20.315	-0.25505	1.1246	22.068	0.95315	1.598	21.969	0	0
0.3645	0.98856	20.468	0.19025	1.0859	22.049	0.21475	0.67251	22.012	0	0
0.3645	0.98856	20.468	0.19025	1.0859	22.049	0.95315	1.598	21.969	0	0
0.3645	0.98856	20.468	0.85285	1.191	21.302	0.95315	1.598	21.969	0	0
0.3645	0.98856	20.468	0.21475	0.67251	22.012	0.2381	0.44926	21.314	0	0
-0.39635	0.5562	20.449	-0.423	-0.26574	21.556	-0.415	0.47006	22.041	0	0
-0.39635	0.5562	20.449	-0.423	-0.26574	21.556	-1.105	-0.074787	21.691	0	0
-0.39635	0.5562	20.449	-0.415	0.47006	22.041	0.2381	0.44926	21.314	0	0
-0.39635	0.5562	20.449	-1.105	-0.074787	21.691	-1.3729	0.25606	21.372	0	0
-0.423	-0.26574	20.53	-0.415	0.47006	22.041	-0.35988	-0.3019	22.122	0	0
-0.423	-0.26574	20.53	-0.59085	-0.65714	22.028	-1.105	-0.074787	21.691	0	0
-0.423	-0.26574	20.53	-0.35988	-0.3019	22.122	0.3372	-0.36624	22.18	0	0
-0.423	-0.26574	20.53	0.2381	0.44926	21.314	0.3372	-0.36624	22.18	0	0
-0.415	0.47006	21.015	-0.35988	-0.3019	22.122	-0.47126	0.4628	22.806	0	0
-0.415	0.47006	21.015	-0.25505	1.1246	22.068	0.21475	0.67251	22.012	0	0
-0.415	0.47006	21.015	-0.25505	1.1246	22.068	-0.26585	1.0335	22.716	0	0
-0.415	0.47006	21.015	0.21475	0.67251	22.012	0.2381	0.44926	21.314	0	0
-0.415	0.47006	21.015	-0.47126	0.4628	22.806	-0.26585	1.0335	22.716	0	0
-0.59085	-0.65714	21.002	-0.35988	-0.3019	22.122	-0.6199	-0.31859	22.825	0	0
-0.59085	-0.65714	21.002	-1.105	-0.074787	21.691	-1.1567	-0.12344	22.002	0	0
-0.59085	-0.65714	21.002	-1.1567	-0.12344	22.002	-1.1862	-0.4681	22.686	0	0
-0.59085	-0.65714	21.002	-0.6199	-0.31859	22.825	-1.1862	-0.4681	22.686	0	0
-0.35988	-0.3019	21.095	-0.56622	-0.76911	22.772	0.154	-0.21294	22.793	0	0
-0.35988	-0.3019	21.095	-0.47126	0.4628	22.806	-0.6199	-0.31859	22.825	0	0
-0.35988	-0.3019	21.095	0.154	-0.21294	22.793	0.3372	-0.36624	22.18	0	0
-0.25505	1.1246	21.041	0.19025	1.0859	22.049	0.21475	0.67251	22.012	0	0
-0.25505	1.1246	21.041	0.19025	1.0859	22.049	0.011352	1.0912	22.825	0	0
-0.25505	1.1246	21.041	-0.26585	1.0335	22.716	0.011352	1.0912	22.825	0	0
0.19025	1.0859	21.022	0.95315	1.598	21.969	0.011352	1.0912	22.825	0	0
0.85285	1.191	20.275	0.2381	0.44926	21.314	0.65595	-0.22354	22.245	0	0
-0.56622	-0.76911	21.746	-0.61585	-0.67474	23.591	-0.6199	-0.31859	22.825	0	0
-0.56622	-0.76911	21.746	-0.61585	-0.67474	23.591	-1.0935	-0.92016	22.872	0	0
-0.56622	-0.76911	21.746	-0.6199	-0.31859	22.825	-1.1862	-0.4681	22.686	0	0
-0.56622	-0.76911	21.746	-1.1862	-0.4681	22.686	-1.0935	-0.92016	22.872	0	0
-0.56622	-0.76911	21.746	0.154	-0.21294	22.793	0.3931	-0.63109	22.812	0	0
-0.47126	0.4628	21.78	-0.26585	1.0335	22.716	-0.45125	0.44716	23.551	0	0
-0.47126	0.4628	21.78	-0.6199	-0.31859	22.825	-0.45125	0.44716	23.551	0	0
-0.26585	1.0335	21.69	0.011352	1.0912	22.825	-0.19085	1.1827	23.58	0	0
-0.26585	1.0335	21.69	-0.45125	0.44716	23.551	-0.19085	1.1827	23.58	0	0
-0.61585	-0.67474	22.565	0.059185	-0.32804	23.606	-0.69795	-0.32734	23.565	0	0
-0.61585	-0.67474	22.565	0.059185	-0.32804	23.606	0.34065	-0.69554	23.591	0	0
-0.61585	-0.67474	22.565	-0.6199	-0.31859	22.825	-0.69795	-0.32734	23.565	0	0
-0.61585	-0.67474	22.565	-1.0935	-0.92016	22.872	-1.2522	-1.1001	23.588	0	0
-0.61585	-0.67474	22.565	-1.2522	-1.1001	23.588	-0.88495	-0.79124	24.23	0	0
-0.61585	-0.67474	22.565	-0.65755	-0.88027	24.238	-0.88495	-0.79124	24.23	0	0
-0.61585	-0.67474	22.565	-0.65755	-0.88027	24.238	0.20085	-0.77226	24.295	0	0
-0.61585	-0.67474	22.565	0.20085	-0.77226	24.295	0.34065	-0.69554	23.591	0	0
0.059185	-0.32804	22.58	0.2188	0.55101	23.55	-0.45125	0.44716	23.551	0	0
0.059185	-0.32804	22.58	0.2188	0.55101	23.55	0.25115	-0.20677	24.211	0	0
0.059185	-0.32804	22.58	-0.45125	0.44716	23.551	-0.56201	-0.20524	24.273	0	0
0.059185	-0.32804	22.58	-0.56201	-0.20524	24.273	0.20085	-0.77226	24.295	0	0
0.059185	-0.32804	22.58	0.20085	-0.77226	24.295	0.25115	-0.20677	24.211	0	0
0.059185	-0.32804	22.58	0.34065	-0.69554	23.591	0.3931	-0.63109	22.812	0	0
0.011352	1.0912	21.799	0.036752	1.1831	23.557	-0.19085	1.1827	23.58	0	0
0.2381	0.44926	20.288	0.3372	-0.36624	22.18	0.65595	-0.22354	22.245	0	0
-1.105	-0.074787	20.664	-1.1567	-0.12344	22.002	-1.5789	-0.13094	22.108	0	0
-1.105	-0.074787	20.664	-1.3729	0.25606	21.372	-1.5789	-0.13094	22.108	0	0
-1.1567	-0.12344	20.976	-1.1862	-0.4681	22.686	-1.5789	-0.13094	22.108	0	0
0.2188	0.55101	22.524	0.036752	1.1831	23.557	0.35425	0.57406	24.307	0	0
0.2188	0.55101	22.524	0.35425	0.57406	24.307	0.25115	-0.20677	24.211	0	0
0.2188	0.55101	22.524	0.84775	-0.62624	23.106	0.88052	-0.3274	22.704	0	0
-0.6199	-0.31859	21.799	-0.69795	-0.32734	23.565	-0.45125	0.44716	23.551	0	0
-1.1862	-0.4681	21.66	-1.0935	-0.92016	22.872	-1.7044	-0.7402	22.887	0	0
-1.1862	-0.4681	21.66	-1.5789	-0.13094	22.108	-1.7044	-0.7402	22.887	0	0
-1.0935	-0.92016	21.846	-1.2522	-1.1001	23.588	-1.7044	-0.7402	22.887	0	0
-0.69795	-0.32734	22.539	-0.45125	0.44716	23.551	-0.9193	-0.076787	24.143	0	0
-0.69795	-0.32734	22.539	-0.88495	-0.79124	24.23	-0.9193	-0.076787	24.143	0	0
-0.45125	0.44716	22.525	-0.19085	1.1827	23.58	-0.48988	0.57153	24.206	0	0
-0.45125	0.44716	22.525	-0.48988	0.57153	24.206	-0.9193	-0.076787	24.143	0	0
0.036752	1.1831	22.53	-0.19085	1.1827	23.58	-0.070648	1.5571	24.502	0	0
0.036752	1.1831	22.53	0.35425	0.57406	24.307	0.092302	1.2865	24.319	0	0
0.036752	1.1831	22.53	0.092302	1.2865	24.319	-0.070648	1.5571	24.502	0	0
-1.2522	-1.1001	22.562	-0.88495	-0.79124	24.23	-1.895	-1.1264	23.905	0	0
-1.2522	-1.1001	22.562	-1.7044	-0.7402	22.887	-1.8615	-0.94627	23.51	0	0
-1.2522	-1.1001	22.562	-1.8615	-0.94627	23.51	-1.895	-1.1264	23.905	0	0
-0.65755	-0.88027	23.212	-0.88495	-0.79124	24.23	-0.56235	-0.98259	24.845	0	0
-0.65755	-0.88027	23.212	-0.56235	-0.98259	24.845	0.20085	-0.77226	24.295	0	0
-0.88495	-0.79124	23.204	-0.56235	-0.98259	24.845	-0.90285	-0.61954	24.875	0	0
-0.88495	-0.79124	23.204	-0.90285	-0.61954	24.875	-1.895	-1.1264	23.905	0	0
-0.88495	-0.79124	23.204	-0.9193	-0.076787	24.143	-0.9921	-0.30204	24.834	0	0
-0.19085	1.1827	22.553	-0.48988	0.57153	24.206	-0.22925	1.1973	24.317	0	0
-0.19085	1.1827	22.553	-0.22925	1.1973	24.317	-0.070648	1.5571	24.502	0	0
0.35425	0.57406	23.28	0.092302	1.2865	24.319	0.19245	1.2739	25.036	0	0
0.35425	0.57406	23.28	0.19245	1.2739	25.036	0.66172	0.44816	24.975	0	0
0.35425	0.57406	23.28	0.25115	-0.20677	24.211	0.6572	-0.24529	24.815	0	0
0.35425	0.57406	23.28	0.66172	0.44816	24.975	0.6572	-0.24529	24.815	0	0
-0.56201	-0.20524	23.247	-0.48988	0.57153	24.206	0.17749	-0.20924	24.888	0	0
-0.56201	-0.20524	23.247	-0.60445	-0.36564	25.114	-0.89945	0.26706	24.422	0	0
-0.56201	-0.20524	23.247	0.20085	-0.77226	24.295	0.17749	-0.20924	24.888	0	0
-0.48988	0.57153	23.179	-0.22925	1.1973	24.317	-0.44528	1.1017	24.921	0	0
-0.48988	0.57153	23.179	-0.4588	0.81476	25.072	-0.44528	1.1017	24.921	0	0
-0.48988	0.57153	23.179	-0.4588	0.81476	25.072	-0.89945	0.26706	24.422	0	0
-0.48988	0.57153	23.179	-0.9193	-0.076787	24.143	-0.89945	0.26706	24.422	0	0
-0.48988	0.57153	23.179	0.23865	0.44446	25.084	0.17749	-0.20924	24.888	0	0
-0.56235	-0.98259	23.818	-0.90285	-0.61954	24.875	-0.60445	-0.36564	25.114	0	0
-0.56235	-0.98259	23.818	-0.60445	-0.36564	25.114	0.10852	-0.74714	24.903	0	0
-0.56235	-0.98259	23.818	0.20085	-0.77226	24.295	0.10852	-0.74714	24.903	0	0
-0.90285	-0.61954	23.848	-0.60445	-0.36564	25.114	-0.9921	-0.30204	24.834	0	0
0.092302	1.2865	23.292	-0.070648	1.5571	24.502	0.19245	1.2739	25.036	0	0
-0.22925	1.1973	23.291	-0.070648	1.5571	24.502	-0.44528	1.1017	24.921	0	0
-0.070648	1.5571	23.476	0.19245	1.2739	25.036	-0.018081	1.6022	25.037	0	0
-0.070648	1.5571	23.476	-0.018081	1.6022	25.037	-0.44528	1.1017	24.921	0	0
-0.60445	-0.36564	24.087	-0.42345	-0.73714	25.519	-0.62845	-0.29764	25.565	0	0
-0.60445	-0.36564	24.087	-0.62845	-0.29764	25.565	-0.89475	-0.064838	25.368	0	0
-0.60445	-0.36564	24.087	0.10852	-0.74714	24.903	0.17749	-0.20924	24.888	0	0
-0.60445	-0.36564	24.087	-0.4588	0.81476	25.072	-0.89945	0.26706	24.422	0	0
-0.60445	-0.36564	24.087	-0.9921	-0.30204	24.834	-0.89475	-0.064838	25.368	0	0
-0.60445	-0.36564	24.087	0.10345	0.32781	25.549	0.17749	-0.20924	24.888	0	0
-0.42345	-0.73714	24.492	-0.62845	-0.29764	25.565	-0.1227	-0.41594	26.058	0	0
-0.42345	-0.73714	24.492	0.10852	-0.74714	24.903	0.15392	-0.8914	25.526	0	0
-0.42345	-0.73714	24.492	-0.1227	-0.41594	26.058	0.15392	-0.8914	25.526	0	0
-0.62845	-0.29764	24.539	-0.89475	-0.064838	25.368	-0.53875	-0.15177	26.196	0	0
-0.62845	-0.29764	24.539	-0.4519	0.44011	25.569	-0.1227	-0.41594	26.058	0	0
-0.62845	-0.29764	24.539	-0.53875	-0.15177	26.196	-0.39071	-0.69007	26.436	0	0
0.20085	-0.77226	23.269	0.10852	-0.74714	24.903	0.6572	-0.24529	24.815	0	0
0.20085	-0.77226	23.269	0.25115	-0.20677	24.211	0.6572	-0.24529	24.815	0	0
0.20085	-0.77226	23.269	0.34065	-0.69554	23.591	0.77965	-0.91354	23.662	0	0
0.10852	-0.74714	23.876	0.17749	-0.20924	24.888	0.6572	-0.24529	24.815	0	0
-0.4588	0.81476	24.045	0.23865	0.44446	25.084	0.19245	1.2739	25.036	0	0
-0.4588	0.81476	24.045	0.23865	0.44446	25.084	-0.4519	0.44011	25.569	0	0
-0.4588	0.81476	24.045	0.19245	1.2739	25.036	-0.44528	1.1017	24.921	0	0
-0.4588	0.81476	24.045	-0.4519	0.44011	25.569	-0.5612	1.2395	25.561	0	0
-0.9193	-0.076787	23.116	-0.9921	-0.30204	24.834	-0.89945	0.26706	24.422	0	0
0.23865	0.44446	24.058	0.19245	1.2739	25.036	0.3303	1.0826	25.548	0	0
0.23865	0.44446	24.058	0.10345	0.32781	25.549	-0.4519	0.44011	25.569	0	0
0.23865	0.44446	24.058	0.10345	0.32781	25.549	0.81262	0.58566	25.648	0	0
0.23865	0.44446	24.058	0.17749	-0.20924	24.888	0.66172	0.44816	24.975	0	0
0.23865	0.44446	24.058	0.66172	0.44816	24.975	0.81262	0.58566	25.648	0	0
0.19245	1.2739	24.009	-0.018081	1.6022	25.037	0.075752	1.721	25.588	0	0
0.19245	1.2739	24.009	0.075752	1.721	25.588	0.3303	1.0826	25.548	0	0
0.19245	1.2739	24.009	0.66172	0.44816	24.975	0.81262	0.58566	25.648	0	0
-0.9921	-0.30204	23.807	-0.89475	-0.064838	25.368	-1.0342	0.36408	24.889	0	0
-0.9921	-0.30204	23.807	-0.89945	0.26706	24.422	-1.0342	0.36408	24.889	0	0
-0.89475	-0.064838	24.341	-0.53875	-0.15177	26.196	-1.1659	0.45924	25.541	0	0
-0.89475	-0.064838	24.341	-1.0342	0.36408	24.889	-1.1659	0.45924	25.541	0	0
-0.018081	1.6022	24.011	0.075752	1.721	25.588	-0.20965	1.5844	25.621	0	0
-0.018081	1.6022	24.011	-0.20965	1.5844	25.621	-0.5612	1.2395	25.561	0	0
-0.018081	1.6022	24.011	-0.44528	1.1017	24.921	-0.5612	1.2395	25.561	0	0
0.075752	1.721	24.562	-0.20965	1.5844	25.621	-0.44435	1.6571	26.418	0	0
0.075752	1.721	24.562	0.3303	1.0826	25.548	0.1939	1.1617	26.29	0	0
0.075752	1.721	24.562	-0.44435	1.6571	26.418	0.37085	2.2796	26.511	0	0
-0.20965	1.5844	24.595	-0.5612	1.2395	25.561	-0.44435	1.6571	26.418	0	0
0.10345	0.32781	24.523	-0.4519	0.44011	25.569	0.11317	0.45303	26.287	0	0
0.10345	0.32781	24.523	0.17749	-0.20924	24.888	0.26805	-0.25924	25.715	0	0
0.10345	0.32781	24.523	0.26805	-0.25924	25.715	0.11317	0.45303	26.287	0	0
-0.4519	0.44011	24.542	-0.53875	-0.15177	26.196	-1.1918	0.54756	26.238	0	0
-0.4519	0.44011	24.542	-0.5612	1.2395	25.561	-0.5522	1.2715	26.074	0	0
-0.4519	0.44011	24.542	-0.5522	1.2715	26.074	0.11317	0.45303	26.287	0	0
-0.53875	-0.15177	25.169	-0.39071	-0.69007	26.436	-0.1227	-0.41594	26.058	0	0
-0.53875	-0.15177	25.169	-0.1227	-0.41594	26.058	0.11317	0.45303	26.287	0	0
-0.53875	-0.15177	25.169	0.11317	0.45303	26.287	-1.171	0.66716	27.045	0	0
-0.53875	-0.15177	25.169	-1.1918	0.54756	26.238	-1.171	0.66716	27.045	0	0
-0.44528	1.1017	23.895	-0.5612	1.2395	25.561	-1.0336	0.96496	25.703	0	0
-0.44528	1.1017	23.895	-0.89945	0.26706	24.422	-1.0342	0.36408	24.889	0	0
-0.44528	1.1017	23.895	-1.0342	0.36408	24.889	-1.0336	0.96496	25.703	0	0
-0.5612	1.2395	24.535	-0.5522	1.2715	26.074	-1.0336	0.96496	25.703	0	0
0.3303	1.0826	24.521	0.1939	1.1617	26.29	0.81262	0.58566	25.648	0	0
-0.5522	1.2715	25.047	-0.44435	1.6571	26.418	0.1939	1.1617	26.29	0	0
-0.5522	1.2715	25.047	-0.44435	1.6571	26.418	-1.0762	1.135	26.383	0	0
-0.5522	1.2715	25.047	0.11317	0.45303	26.287	0.1939	1.1617	26.29	0	0
-0.5522	1.2715	25.047	-1.0336	0.96496	25.703	-1.0762	1.135	26.383	0	0
-0.44435	1.6571	25.392	0.1939	1.1617	26.29	0.2694	1.8699	26.383	0	0
-0.44435	1.6571	25.392	0.2694	1.8699	26.383	-0.44275	1.8337	27.102	0	0
-0.44435	1.6571	25.392	-0.44275	1.8337	27.102	-1.1561	1.2942	27.092	0	0
-0.44435	1.6571	25.392	-1.1561	1.2942	27.092	-1.0762	1.135	26.383	0	0
-0.1227	-0.41594	25.032	0.15392	-0.8914	25.526	0.26805	-0.25924	25.715	0	0
-0.1227	-0.41594	25.032	0.26805	-0.25924	25.715	0.11317	0.45303	26.287	0	0
0.34065	-0.69554	22.564	0.77965	-0.91354	23.662	0.84775	-0.62624	23.106	0	0
0.34065	-0.69554	22.564	0.3931	-0.63109	22.812	0.84775	-0.62624	23.106	0	0
0.17749	-0.20924	23.862	0.15392	-0.8914	25.526	0.26805	-0.25924	25.715	0	0
0.17749	-0.20924	23.862	0.66172	0.44816	24.975	0.6572	-0.24529	24.815	0	0
0.154	-0.21294	21.767	0.3931	-0.63109	22.812	0.3372	-0.36624	22.18	0	0
0.11317	0.45303	25.26	0.1939	1.1617	26.29	0.72342	1.0219	26.401	0	0
0.11317	0.45303	25.26	-1.171	0.66716	27.045	-0.29025	1.3411	27.202	0	0
0.11317	0.45303	25.26	-0.29025	1.3411	27.202	0.8639	0.62481	26.575	0	0
0.11317	0.45303	25.26	0.72342	1.0219	26.401	0.8639	0.62481	26.575	0	0
0.1939	1.1617	25.264	0.2694	1.8699	26.383	0.72342	1.0219	26.401	0	0
0.2694	1.8699	25.357	0.37085	2.2796	26.511	0.30568	1.9962	27.098	0	0
0.2694	1.8699	25.357	0.37085	2.2796	26.511	0.72342	1.0219	26.401	0	0
0.2694	1.8699	25.357	-0.44275	1.8337	27.102	0.30568	1.9962	27.098	0	0
0.37085	2.2796	25.485	0.30568	1.9962	27.098	0.44235	2.2929	27.586	0	0
0.37085	2.2796	25.485	0.72342	1.0219	26.401	1.1543	1.0309	27.023	0	0
-1.1918	0.54756	25.212	-1.5835	0.40701	26.386	-1.1659	0.45924	25.541	0	0
-1.1918	0.54756	25.212	-1.5835	0.40701	26.386	-1.6032	0.93386	26.667	0	0
-1.1918	0.54756	25.212	-1.1659	0.45924	25.541	-1.0336	0.96496	25.703	0	0
-1.1918	0.54756	25.212	-1.6032	0.93386	26.667	-1.0762	1.135	26.383	0	0
-1.1918	0.54756	25.212	-1.0336	0.96496	25.703	-1.0762	1.135	26.383	0	0
-1.171	0.66716	26.019	-0.29025	1.3411	27.202	-1.1561	1.2942	27.092	0	0
-0.44275	1.8337	26.075	-0.40083	1.9232	27.751	0.10825	2.1963	27.576	0	0
-0.44275	1.8337	26.075	-0.40083	1.9232	27.751	-1.4209	1.5539	27.532	0	0
-0.44275	1.8337	26.075	0.30568	1.9962	27.098	0.10825	2.1963	27.576	0	0
-0.44275	1.8337	26.075	-1.1561	1.2942	27.092	-1.4209	1.5539	27.532	0	0
-0.29025	1.3411	26.176	-0.40083	1.9232	27.751	-1.3147	1.1609	27.813	0	0
-0.29025	1.3411	26.176	0.30568	1.9962	27.098	1.1543	1.0309	27.023	0	0
-0.29025	1.3411	26.176	-1.3147	1.1609	27.813	-1.1561	1.2942	27.092	0	0
-0.29025	1.3411	26.176	0.8639	0.62481	26.575	1.1543	1.0309	27.023	0	0
-0.40083	1.9232	26.724	-1.3147	1.1609	27.813	-0.71142	1.9394	28.343	0	0
-0.40083	1.9232	26.724	-0.71142	1.9394	28.343	0.11445	2.2429	28.089	0	0
-0.40083	1.9232	26.724	-1.2985	1.9022	28.368	-1.7246	2.1012	28.149	0	0
-0.40083	1.9232	26.724	0.10825	2.1963	27.576	0.11445	2.2429	28.089	0	0
-0.40083	1.9232	26.724	-1.4209	1.5539	27.532	-1.6492	1.7615	27.739	0	0
-0.40083	1.9232	26.724	-1.7246	2.1012	28.149	-1.6492	1.7615	27.739	0	0
0.30568	1.9962	26.072	0.10825	2.1963	27.576	0.44235	2.2929	27.586	0	0
-1.3147	1.1609	26.787	-0.71142	1.9394	28.343	-1.2985	1.9022	28.368	0	0
-1.3147	1.1609	26.787	-1.2985	1.9022	28.368	-1.7044	1.4623	28.538	0	0
-0.71142	1.9394	27.317	-1.2985	1.9022	28.368	-1.1185	2.4661	28.989	0	0
-0.71142	1.9394	27.317	0.11445	2.2429	28.089	-0.72875	2.4381	29.56	0	0
-0.71142	1.9394	27.317	-1.1185	2.4661	28.989	-0.72875	2.4381	29.56	0	0
-1.2985	1.9022	27.342	-1.7246	2.1012	28.149	-1.7316	2.4308	28.501	0	0
-1.2985	1.9022	27.342	-1.7316	2.4308	28.501	-1.1185	2.4661	28.989	0	0
0.3931	-0.63109	21.785	0.3372	-0.36624	22.18	0.65595	-0.22354	22.245	0	0
0.3931	-0.63109	21.785	0.84775	-0.62624	23.106	0.88052	-0.3274	22.704	0	0
0.3931	-0.63109	21.785	0.65595	-0.22354	22.245	0.88052	-0.3274	22.704	0	0
0.72342	1.0219	25.375	0.8639	0.62481	26.575	1.1543	1.0309	27.023	0	0
-1.0342	0.36408	23.863	-1.1659	0.45924	25.541	-1.0336	0.96496	25.703	0	0
-1.1561	1.2942	26.066	-1.4209	1.5539	27.532	-1.7671	1.1124	26.986	0	0
-1.1561	1.2942	26.066	-1.6032	0.93386	26.667	-1.7671	1.1124	26.986	0	0
-1.1561	1.2942	26.066	-1.6032	0.93386	26.667	-1.0762	1.135	26.383	0	0
0.10825	2.1963	26.55	0.44235	2.2929	27.586	0.11445	2.2429	28.089	0	0
-1.4209	1.5539	26.505	-1.7671	1.1124	26.986	-1.6492	1.7615	27.739	0	0
-1.7316	2.4308	27.475	-1.1185	2.4661	28.989	-1.7713	2.7764	28.897	0	0
-1.1185	2.4661	27.962	-1.7713	2.7764	28.897	-1.6864	2.9906	29.15	0	0
-1.1185	2.4661	27.962	-0.72875	2.4381	29.56	-1.1639	2.6667	29.562	0	0
-1.1185	2.4661	27.962	-1.1639	2.6667	29.562	-1.6864	2.9906	29.15	0	0
-1.1639	2.6667	28.535	-1.6947	2.9989	29.58	-1.6864	2.9906	29.15	0	0
