-0.3475	-0.70784	0.031499	-0.41155	-0.34074	1.0263	-0.22515	-0.60134	1.8261	0	0
-0.41155	-0.34074	0	-0.087748	-0.21784	1.0423	-0.37868	0.45443	1.0936	0	0
-0.41155	-0.34074	0	-0.087748	-0.21784	1.0423	-0.1292	-0.21974	1.7978	0	0
-0.41155	-0.34074	0	-0.37868	0.45443	1.0936	-0.36431	0.45368	1.7658	0	0
-0.41155	-0.34074	0	-0.22515	-0.60134	1.8261	-0.1292	-0.21974	1.7978	0	0
-0.087748	-0.21784	0.015999	-0.37868	0.45443	1.0936	0.077885	0.65153	1.042	0	0
-0.087748	-0.21784	0.015999	0.077885	0.65153	1.042	0.58995	0.54246	1.7331	0	0
-0.087748	-0.21784	0.015999	-0.1292	-0.21974	1.7978	0.58995	0.54246	1.7331	0	0
-0.37868	0.45443	0.0673	0.077885	0.65153	1.042	0.090202	1.1281	1.0615	0	0
-0.37868	0.45443	0.0673	-0.36431	0.45368	1.7658	-0.23335	1.161	2.1406	0	0
-0.37868	0.45443	0.0673	0.090202	1.1281	1.0615	-0.23335	1.161	2.1406	0	0
-0.22515	-0.60134	0.79975	-0.1292	-0.21974	1.7978	0.21832	-0.029304	2.3827	0	0
-0.22515	-0.60134	0.79975	-0.15305	-0.60444	2.5182	0.21832	-0.029304	2.3827	0	0
0.077885	0.65153	0.015633	0.090202	1.1281	1.0615	0.65045	1.0875	1.0299	0	0
0.077885	0.65153	0.015633	0.65045	1.0875	1.0299	0.58995	0.54246	1.7331	0	0
-0.1292	-0.21974	0.77145	-0.36431	0.45368	1.7658	-0.53225	-0.15794	2.129	0	0
-0.1292	-0.21974	0.77145	-0.36431	0.45368	1.7658	0.17911	0.61674	1.8577	0	0
-0.1292	-0.21974	0.77145	-0.53225	-0.15794	2.129	-0.15305	-0.60444	2.5182	0	0
-0.1292	-0.21974	0.77145	0.58995	0.54246	1.7331	0.21832	-0.029304	2.3827	0	0
-0.36431	0.45368	0.7395	-0.53225	-0.15794	2.129	-0.33152	0.41281	2.5918	0	0
-0.36431	0.45368	0.7395	-0.33152	0.41281	2.5918	-0.23335	1.161	2.1406	0	0
0.090202	1.1281	0.03515	0.65045	1.0875	1.0299	0.2262	1.2084	1.817	0	0
0.090202	1.1281	0.03515	0.2262	1.2084	1.817	-0.23335	1.161	2.1406	0	0
-0.53225	-0.15794	1.1027	-0.33152	0.41281	2.5918	-0.13415	-0.24834	3.0499	0	0
0.65045	1.0875	0.003549	0.58995	0.54246	1.7331	0.65255	1.1118	1.7913	0	0
0.65045	1.0875	0.003549	0.2262	1.2084	1.817	0.65255	1.1118	1.7913	0	0
0.58995	0.54246	0.7068	0.17911	0.61674	1.8577	0.21832	-0.029304	2.3827	0	0
0.58995	0.54246	0.7068	0.17911	0.61674	1.8577	0.65255	1.1118	1.7913	0	0
0.17911	0.61674	0.83138	0.21832	-0.029304	2.3827	0.1928	0.65786	2.5434	0	0
0.17911	0.61674	0.83138	0.2262	1.2084	1.817	0.65255	1.1118	1.7913	0	0
0.17911	0.61674	0.83138	0.2262	1.2084	1.817	-0.23335	1.161	2.1406	0	0
0.17911	0.61674	0.83138	0.1928	0.65786	2.5434	-0.23335	1.161	2.1406	0	0
-0.15305	-0.60444	1.4919	0.21832	-0.029304	2.3827	-0.13415	-0.24834	3.0499	0	0
-0.15305	-0.60444	1.4919	-0.13415	-0.24834	3.0499	-0.20925	-0.38654	3.2845	0	0
0.21832	-0.029304	1.3563	0.1928	0.65786	2.5434	0.019302	0.37346	3.2258	0	0
0.21832	-0.029304	1.3563	-0.13415	-0.24834	3.0499	0.019302	0.37346	3.2258	0	0
-0.33152	0.41281	1.5654	0.019302	0.37346	3.2258	-0.19325	0.5944	3.2322	0	0
-0.33152	0.41281	1.5654	-0.19325	0.5944	3.2322	-0.24735	1.2865	3.1824	0	0
-0.33152	0.41281	1.5654	-0.23335	1.161	2.1406	-0.24735	1.2865	3.1824	0	0
0.1928	0.65786	1.5171	0.19635	1.1336	2.5602	0.59565	1.1524	2.462	0	0
0.1928	0.65786	1.5171	0.19635	1.1336	2.5602	-0.23335	1.161	2.1406	0	0
0.1928	0.65786	1.5171	0.59565	1.1524	2.462	0.58445	0.89706	3.0215	0	0
0.1928	0.65786	1.5171	0.019302	0.37346	3.2258	0.58445	0.89706	3.0215	0	0
-0.13415	-0.24834	2.0236	-0.20925	-0.38654	3.2845	0.019302	0.37346	3.2258	0	0
0.19635	1.1336	1.5339	0.58445	0.89706	3.0215	0.088202	1.1438	3.2618	0	0
0.19635	1.1336	1.5339	0.088202	1.1438	3.2618	-0.24735	1.2865	3.1824	0	0
0.19635	1.1336	1.5339	-0.23335	1.161	2.1406	-0.24735	1.2865	3.1824	0	0
-0.20925	-0.38654	2.2582	0.019302	0.37346	3.2258	-0.16545	-0.28084	4.0561	0	0
-0.20925	-0.38654	2.2582	-0.35048	-0.63784	3.8856	-0.16545	-0.28084	4.0561	0	0
0.019302	0.37346	2.1995	-0.19325	0.5944	3.2322	0.19198	0.45409	3.8968	0	0
0.019302	0.37346	2.1995	0.58445	0.89706	3.0215	0.5727	0.89226	3.8548	0	0
0.019302	0.37346	2.1995	-0.16545	-0.28084	4.0561	0.19198	0.45409	3.8968	0	0
-0.19325	0.5944	2.2059	0.19198	0.45409	3.8968	-0.17965	0.74516	4.0608	0	0
-0.19325	0.5944	2.2059	-0.24735	1.2865	3.1824	-0.17965	0.74516	4.0608	0	0
0.58445	0.89706	1.9952	0.088202	1.1438	3.2618	0.5727	0.89226	3.8548	0	0
0.088202	1.1438	2.2354	-0.24735	1.2865	3.1824	0.11245	1.1443	4.0705	0	0
0.088202	1.1438	2.2354	0.5727	0.89226	3.8548	0.11245	1.1443	4.0705	0	0
-0.35048	-0.63784	2.8592	-0.16545	-0.28084	4.0561	-0.2666	-0.57164	4.7374	0	0
-0.16545	-0.28084	3.0298	0.19198	0.45409	3.8968	0.12835	-0.030738	4.352	0	0
-0.16545	-0.28084	3.0298	0.12835	-0.030738	4.352	-0.15805	-0.24374	4.5619	0	0
-0.16545	-0.28084	3.0298	-0.15805	-0.24374	4.5619	-0.2666	-0.57164	4.7374	0	0
0.19198	0.45409	2.8704	0.5727	0.89226	3.8548	0.2311	0.63296	4.6118	0	0
0.19198	0.45409	2.8704	-0.17965	0.74516	4.0608	-0.1763	0.49556	4.57	0	0
0.19198	0.45409	2.8704	0.12835	-0.030738	4.352	0.2311	0.63296	4.6118	0	0
-0.24735	1.2865	2.1561	-0.17965	0.74516	4.0608	-0.41335	1.134	4.6148	0	0
-0.24735	1.2865	2.1561	0.11245	1.1443	4.0705	-0.41335	1.134	4.6148	0	0
0.5727	0.89226	2.8285	0.11245	1.1443	4.0705	0.23795	1.2918	4.5479	0	0
0.5727	0.89226	2.8285	0.2311	0.63296	4.6118	0.60185	0.89616	4.6843	0	0
0.5727	0.89226	2.8285	0.23795	1.2918	4.5479	0.60185	0.89616	4.6843	0	0
-0.17965	0.74516	3.0345	-0.1763	0.49556	4.57	-0.41335	1.134	4.6148	0	0
0.12835	-0.030738	3.3257	-0.1763	0.49556	4.57	-0.15805	-0.24374	4.5619	0	0
0.12835	-0.030738	3.3257	0.2311	0.63296	4.6118	-0.13315	-0.26594	5.0635	0	0
0.11245	1.1443	3.0442	-0.41335	1.134	4.6148	0.23795	1.2918	4.5479	0	0
-0.1763	0.49556	3.5437	-0.15805	-0.24374	4.5619	-0.13315	-0.26594	5.0635	0	0
-0.1763	0.49556	3.5437	-0.13315	-0.26594	5.0635	-0.39075	0.5507	5.3515	0	0
-0.1763	0.49556	3.5437	-0.41335	1.134	4.6148	-0.39075	0.5507	5.3515	0	0
-0.15805	-0.24374	3.5356	-0.2666	-0.57164	4.7374	-0.13315	-0.26594	5.0635	0	0
-0.2666	-0.57164	3.7111	-0.13315	-0.26594	5.0635	-0.40125	-0.59064	5.3859	0	0
0.2311	0.63296	3.5854	-0.13315	-0.26594	5.0635	0.035852	0.38686	5.6041	0	0
0.2311	0.63296	3.5854	0.035852	0.38686	5.6041	0.60185	0.89616	4.6843	0	0
-0.13315	-0.26594	4.0372	-0.36955	-0.2854	5.3799	-0.40125	-0.59064	5.3859	0	0
-0.13315	-0.26594	4.0372	-0.36955	-0.2854	5.3799	0.035852	0.38686	5.6041	0	0
-0.41335	1.134	3.5884	0.23795	1.2918	4.5479	-0.40672	1.1238	5.295	0	0
-0.41335	1.134	3.5884	-0.39075	0.5507	5.3515	-0.40672	1.1238	5.295	0	0
0.23795	1.2918	3.5216	0.2735	1.0969	5.3112	0.60185	0.89616	4.6843	0	0
0.23795	1.2918	3.5216	0.2735	1.0969	5.3112	-0.40672	1.1238	5.295	0	0
-0.36955	-0.2854	4.3535	-0.40125	-0.59064	5.3859	-0.32761	-0.32944	6.058	0	0
-0.36955	-0.2854	4.3535	0.035852	0.38686	5.6041	-0.32761	-0.32944	6.058	0	0
-0.40125	-0.59064	4.3596	-0.32761	-0.32944	6.058	-0.45215	-0.71554	6.0998	0	0
-0.39075	0.5507	4.3252	0.035852	0.38686	5.6041	0.2735	1.0969	5.3112	0	0
-0.39075	0.5507	4.3252	0.2735	1.0969	5.3112	-0.40672	1.1238	5.295	0	0
0.035852	0.38686	4.5778	0.2735	1.0969	5.3112	0.32645	1.112	6.0266	0	0
0.035852	0.38686	4.5778	-0.32761	-0.32944	6.058	-0.1037	0.50781	6.0765	0	0
0.035852	0.38686	4.5778	0.32645	1.112	6.0266	-0.1037	0.50781	6.0765	0	0
0.2735	1.0969	4.2849	0.60185	0.89616	4.6843	0.32645	1.112	6.0266	0	0
-0.32761	-0.32944	5.0317	-0.45215	-0.71554	6.0998	-0.3167	-0.29826	6.6523	0	0
-0.32761	-0.32944	5.0317	-0.1037	0.50781	6.0765	-0.3167	-0.29826	6.6523	0	0
0.32645	1.112	5.0003	-0.1037	0.50781	6.0765	0.30095	1.1021	6.8031	0	0
-0.45215	-0.71554	5.0735	-0.3167	-0.29826	6.6523	-0.59195	-0.91369	6.7385	0	0
-0.1037	0.50781	5.0502	-0.3167	-0.29826	6.6523	-0.13598	0.39563	6.7364	0	0
-0.1037	0.50781	5.0502	-0.13598	0.39563	6.7364	0.30095	1.1021	6.8031	0	0
-0.3167	-0.29826	5.6259	-0.13598	0.39563	6.7364	-0.42788	-0.25034	7.4039	0	0
-0.3167	-0.29826	5.6259	-0.59195	-0.91369	6.7385	-0.42788	-0.25034	7.4039	0	0
-0.13598	0.39563	5.7101	0.30095	1.1021	6.8031	-0.11615	0.77816	7.5529	0	0
-0.13598	0.39563	5.7101	-0.42788	-0.25034	7.4039	-0.11615	0.77816	7.5529	0	0
-0.59195	-0.91369	5.7121	-0.42788	-0.25034	7.4039	-0.56585	-0.73734	7.548	0	0
-0.59195	-0.91369	5.7121	-0.94701	-1.0701	7.415	-0.56585	-0.73734	7.548	0	0
0.30095	1.1021	5.7767	-0.11615	0.77816	7.5529	0.2734	1.0952	7.5373	0	0
-0.42788	-0.25034	6.3776	-0.56585	-0.73734	7.548	-0.4124	-0.22374	8.0443	0	0
-0.42788	-0.25034	6.3776	-0.54988	0.3956	7.5862	-0.11615	0.77816	7.5529	0	0
-0.42788	-0.25034	6.3776	-0.54988	0.3956	7.5862	-0.4124	-0.22374	8.0443	0	0
-0.94701	-1.0701	6.3887	-0.56585	-0.73734	7.548	-0.62795	-0.78214	8.0021	0	0
-0.94701	-1.0701	6.3887	-0.62795	-0.78214	8.0021	-1.0538	-0.90764	8.1021	0	0
-0.56585	-0.73734	6.5217	-0.4124	-0.22374	8.0443	-0.62795	-0.78214	8.0021	0	0
-0.54988	0.3956	6.5599	-0.11615	0.77816	7.5529	-0.51378	1.1669	7.4114	0	0
-0.54988	0.3956	6.5599	-0.51378	1.1669	7.4114	-0.4791	1.2056	8.0208	0	0
-0.54988	0.3956	6.5599	-0.4124	-0.22374	8.0443	-0.4438	0.46864	8.0486	0	0
-0.54988	0.3956	6.5599	-0.4438	0.46864	8.0486	-0.4791	1.2056	8.0208	0	0
-0.11615	0.77816	6.5266	-0.51378	1.1669	7.4114	0.2734	1.0952	7.5373	0	0
-0.51378	1.1669	6.385	0.2734	1.0952	7.5373	0.026352	1.5502	7.4657	0	0
-0.51378	1.1669	6.385	0.026352	1.5502	7.4657	-0.28695	1.5502	7.7489	0	0
-0.51378	1.1669	6.385	-0.28695	1.5502	7.7489	-0.4791	1.2056	8.0208	0	0
0.2734	1.0952	6.511	-0.4124	-0.22374	8.0443	0.2581	1.0921	8.0847	0	0
0.2734	1.0952	6.511	0.026352	1.5502	7.4657	0.2581	1.0921	8.0847	0	0
-0.4124	-0.22374	7.0179	-0.62795	-0.78214	8.0021	-0.89135	-0.40644	8.3197	0	0
-0.4124	-0.22374	7.0179	-0.4438	0.46864	8.0486	-0.89135	-0.40644	8.3197	0	0
-0.4124	-0.22374	7.0179	0.2581	1.0921	8.0847	0.18565	0.81736	8.7878	0	0
-0.4124	-0.22374	7.0179	0.18565	0.81736	8.7878	-0.4245	-0.22426	8.8192	0	0
-0.62795	-0.78214	6.9758	-1.0538	-0.90764	8.1021	-0.89135	-0.40644	8.3197	0	0
-0.4438	0.46864	7.0223	-0.4791	1.2056	8.0208	-0.46324	0.48506	8.815	0	0
-0.4438	0.46864	7.0223	-0.89135	-0.40644	8.3197	-0.46324	0.48506	8.815	0	0
-1.0538	-0.90764	7.0758	-0.89135	-0.40644	8.3197	-0.54655	-0.74849	8.802	0	0
-1.0538	-0.90764	7.0758	-0.54655	-0.74849	8.802	-0.85995	-1.0273	9.7054	0	0
0.026352	1.5502	6.4394	-0.28695	1.5502	7.7489	-0.034448	1.5586	8.1141	0	0
0.026352	1.5502	6.4394	0.2581	1.0921	8.0847	-0.034448	1.5586	8.1141	0	0
-0.28695	1.5502	6.7226	-0.31265	1.5695	7.8874	-0.4791	1.2056	8.0208	0	0
-0.28695	1.5502	6.7226	-0.31265	1.5695	7.8874	-0.034448	1.5586	8.1141	0	0
0.2581	1.0921	7.0584	-0.034448	1.5586	8.1141	0.038052	1.586	8.4944	0	0
0.2581	1.0921	7.0584	0.038052	1.586	8.4944	0.15865	1.3202	8.8175	0	0
0.2581	1.0921	7.0584	0.18565	0.81736	8.7878	0.15865	1.3202	8.8175	0	0
-0.31265	1.5695	6.8611	-0.4791	1.2056	8.0208	-0.16725	1.5609	8.5345	0	0
-0.31265	1.5695	6.8611	-0.034448	1.5586	8.1141	-0.16725	1.5609	8.5345	0	0
-0.4791	1.2056	6.9945	-0.16725	1.5609	8.5345	-0.43757	1.192	8.8144	0	0
-0.4791	1.2056	6.9945	-0.46324	0.48506	8.815	-0.43757	1.192	8.8144	0	0
-0.89135	-0.40644	7.2934	-0.54655	-0.74849	8.802	-0.4245	-0.22426	8.8192	0	0
-0.89135	-0.40644	7.2934	-0.4245	-0.22426	8.8192	-0.46324	0.48506	8.815	0	0
-0.034448	1.5586	7.0878	0.038052	1.586	8.4944	-0.16725	1.5609	8.5345	0	0
0.038052	1.586	7.4681	-0.16725	1.5609	8.5345	-0.2822	1.5457	9.3801	0	0
0.038052	1.586	7.4681	0.15865	1.3202	8.8175	-0.2822	1.5457	9.3801	0	0
-0.16725	1.5609	7.5082	-0.43757	1.192	8.8144	-0.2822	1.5457	9.3801	0	0
0.18565	0.81736	7.7615	-0.4245	-0.22426	8.8192	0.099852	0.53146	9.6678	0	0
0.18565	0.81736	7.7615	0.15865	1.3202	8.8175	0.1686	1.0787	9.5365	0	0
0.18565	0.81736	7.7615	0.1686	1.0787	9.5365	0.099852	0.53146	9.6678	0	0
-0.54655	-0.74849	7.7756	-0.4245	-0.22426	8.8192	-0.54215	-0.73694	9.5497	0	0
-0.54655	-0.74849	7.7756	-0.54215	-0.73694	9.5497	-0.85995	-1.0273	9.7054	0	0
-0.4245	-0.22426	7.7929	-0.54215	-0.73694	9.5497	-0.40325	-0.23239	9.5557	0	0
-0.4245	-0.22426	7.7929	-0.40325	-0.23239	9.5557	0.099852	0.53146	9.6678	0	0
-0.46324	0.48506	7.7886	-0.43757	1.192	8.8144	-0.50717	0.49754	9.5691	0	0
-0.46324	0.48506	7.7886	-0.40325	-0.23239	9.5557	-0.50717	0.49754	9.5691	0	0
-0.43757	1.192	7.7881	-0.2822	1.5457	9.3801	-0.4315	1.1788	9.5592	0	0
-0.43757	1.192	7.7881	-0.50717	0.49754	9.5691	-0.4315	1.1788	9.5592	0	0
0.15865	1.3202	7.7912	-0.2822	1.5457	9.3801	0.1686	1.0787	9.5365	0	0
-0.54215	-0.73694	8.5234	-0.40325	-0.23239	9.5557	-0.39457	-0.35364	10.274	0	0
-0.54215	-0.73694	8.5234	-0.85995	-1.0273	9.7054	-0.65628	-0.8273	10.225	0	0
-0.54215	-0.73694	8.5234	-0.65628	-0.8273	10.225	-0.39457	-0.35364	10.274	0	0
-0.40325	-0.23239	8.5294	-0.50717	0.49754	9.5691	-0.50472	0.53016	10.263	0	0
-0.40325	-0.23239	8.5294	-0.39457	-0.35364	10.274	-0.50472	0.53016	10.263	0	0
-0.2822	1.5457	8.3537	0.1686	1.0787	9.5365	-0.016698	1.5936	10.331	0	0
-0.2822	1.5457	8.3537	-0.4315	1.1788	9.5592	-0.25145	1.5798	10.313	0	0
-0.2822	1.5457	8.3537	-0.25145	1.5798	10.313	-0.016698	1.5936	10.331	0	0
0.1686	1.0787	8.5102	0.099852	0.53146	9.6678	0.23665	0.83626	10.139	0	0
0.1686	1.0787	8.5102	0.23665	0.83626	10.139	0.10795	1.333	10.31	0	0
0.1686	1.0787	8.5102	-0.016698	1.5936	10.331	0.10795	1.333	10.31	0	0
-0.50717	0.49754	8.5427	-0.4315	1.1788	9.5592	-0.50472	0.53016	10.263	0	0
0.099852	0.53146	8.6415	-0.39457	-0.35364	10.274	0.23665	0.83626	10.139	0	0
-0.65628	-0.8273	9.1986	-0.39457	-0.35364	10.274	-0.42485	-0.68119	11.11	0	0
-0.39457	-0.35364	9.2478	0.23665	0.83626	10.139	0.17135	0.54336	11.136	0	0
-0.39457	-0.35364	9.2478	-0.50472	0.53016	10.263	-0.35848	-0.20897	10.899	0	0
-0.39457	-0.35364	9.2478	-0.35848	-0.20897	10.899	-0.42485	-0.68119	11.11	0	0
-0.4315	1.1788	8.5329	-0.50472	0.53016	10.263	-0.4806	1.1799	10.32	0	0
-0.4315	1.1788	8.5329	-0.4806	1.1799	10.32	-0.25145	1.5798	10.313	0	0
0.23665	0.83626	9.1124	0.10795	1.333	10.31	0.21739	1.0475	10.913	0	0
0.23665	0.83626	9.1124	0.21739	1.0475	10.913	0.17135	0.54336	11.136	0	0
-0.50472	0.53016	9.2364	-0.4806	1.1799	10.32	-0.40839	0.43862	10.972	0	0
-0.50472	0.53016	9.2364	-0.35848	-0.20897	10.899	-0.40839	0.43862	10.972	0	0
-0.4806	1.1799	9.2938	-0.25145	1.5798	10.313	-0.36515	1.6128	11.053	0	0
-0.4806	1.1799	9.2938	-0.36515	1.6128	11.053	-0.52258	1.2767	11.081	0	0
-0.4806	1.1799	9.2938	-0.52258	1.2767	11.081	-0.40839	0.43862	10.972	0	0
-0.35848	-0.20897	9.8729	-0.40839	0.43862	10.972	-0.3805	-0.25454	11.548	0	0
-0.35848	-0.20897	9.8729	-0.42485	-0.68119	11.11	-0.3805	-0.25454	11.548	0	0
-0.25145	1.5798	9.2866	-0.016698	1.5936	10.331	-0.36515	1.6128	11.053	0	0
-0.016698	1.5936	9.3044	0.10795	1.333	10.31	-0.012848	1.6031	11.064	0	0
-0.016698	1.5936	9.3044	-0.012848	1.6031	11.064	-0.36515	1.6128	11.053	0	0
0.10795	1.333	9.284	0.21739	1.0475	10.913	-0.012848	1.6031	11.064	0	0
0.21739	1.0475	9.8871	-0.012848	1.6031	11.064	0.2639	1.1164	11.541	0	0
0.21739	1.0475	9.8871	0.17135	0.54336	11.136	0.2639	1.1164	11.541	0	0
-0.36515	1.6128	10.026	-0.52258	1.2767	11.081	-0.51385	1.2237	11.577	0	0
-0.52258	1.2767	10.054	-0.40839	0.43862	10.972	-0.47425	0.49099	11.542	0	0
-0.52258	1.2767	10.054	-0.47425	0.49099	11.542	-0.51385	1.2237	11.577	0	0
-0.40839	0.43862	9.946	-0.3805	-0.25454	11.548	-0.47425	0.49099	11.542	0	0
0.17135	0.54336	10.11	0.14235	0.54886	11.383	0.2639	1.1164	11.541	0	0
-0.42485	-0.68119	10.083	-0.3805	-0.25454	11.548	-0.73568	-0.83094	11.678	0	0
-0.3805	-0.25454	10.522	-0.73568	-0.83094	11.678	-0.96105	-0.55514	11.959	0	0
-0.3805	-0.25454	10.522	-0.47425	0.49099	11.542	-0.45897	0.4671	12.308	0	0
-0.3805	-0.25454	10.522	-0.96105	-0.55514	11.959	-0.37735	-0.30974	12.377	0	0
-0.3805	-0.25454	10.522	-0.37735	-0.30974	12.377	-0.45897	0.4671	12.308	0	0
-0.73568	-0.83094	10.652	-0.96105	-0.55514	11.959	-0.86515	-0.80664	12.027	0	0
-0.47425	0.49099	10.516	-0.51385	1.2237	11.577	-0.46937	1.2148	12.265	0	0
-0.47425	0.49099	10.516	-0.45897	0.4671	12.308	-0.46937	1.2148	12.265	0	0
-0.96105	-0.55514	10.932	-0.86515	-0.80664	12.027	-0.37735	-0.30974	12.377	0	0
-0.86515	-0.80664	11.001	-0.68505	-0.91876	12.451	-0.37735	-0.30974	12.377	0	0
-0.68505	-0.91876	11.424	-0.37735	-0.30974	12.377	-0.6718	-0.79579	12.916	0	0
-0.37735	-0.30974	11.351	-0.45897	0.4671	12.308	-0.45517	0.47934	13.071	0	0
-0.37735	-0.30974	11.351	-0.6718	-0.79579	12.916	-0.38811	-0.35657	12.961	0	0
-0.37735	-0.30974	11.351	-0.38811	-0.35657	12.961	-0.45517	0.47934	13.071	0	0
-0.45897	0.4671	11.282	-0.46937	1.2148	12.265	-0.3675	1.1734	13.003	0	0
-0.45897	0.4671	11.282	-0.45517	0.47934	13.071	-0.3675	1.1734	13.003	0	0
-0.6718	-0.79579	11.89	-0.38811	-0.35657	12.961	-0.42152	-0.31249	13.655	0	0
-0.6718	-0.79579	11.89	-0.42152	-0.31249	13.655	-0.48425	-0.71459	13.816	0	0
-0.38811	-0.35657	11.934	-0.45517	0.47934	13.071	-0.42152	-0.31249	13.655	0	0
-0.46937	1.2148	11.239	0.3201	1.1734	12.319	0.44915	1.7967	12.608	0	0
-0.46937	1.2148	11.239	-0.3675	1.1734	13.003	0.27305	1.7982	12.942	0	0
-0.46937	1.2148	11.239	0.44915	1.7967	12.608	0.27305	1.7982	12.942	0	0
-0.45517	0.47934	12.045	-0.3675	1.1734	13.003	-0.41085	1.0843	13.778	0	0
-0.45517	0.47934	12.045	-0.42152	-0.31249	13.655	-0.4279	0.48226	13.809	0	0
-0.45517	0.47934	12.045	-0.4279	0.48226	13.809	-0.41085	1.0843	13.778	0	0
-0.3675	1.1734	11.976	0.27305	1.7982	12.942	0.2212	1.1343	13.055	0	0
-0.42152	-0.31249	12.628	-0.48425	-0.71459	13.816	-0.34132	-0.30249	14.365	0	0
-0.42152	-0.31249	12.628	-0.4279	0.48226	13.809	-0.34132	-0.30249	14.365	0	0
-0.48425	-0.71459	12.79	-0.34132	-0.30249	14.365	-0.3805	-0.66844	14.533	0	0
-0.4279	0.48226	12.782	-0.34132	-0.30249	14.365	-0.45917	0.47431	14.571	0	0
-0.4279	0.48226	12.782	-0.41085	1.0843	13.778	-0.43095	1.0746	14.544	0	0
-0.4279	0.48226	12.782	-0.45917	0.47431	14.571	-0.43095	1.0746	14.544	0	0
-0.34132	-0.30249	13.339	-0.3805	-0.66844	14.533	-0.88565	-0.52164	15.158	0	0
-0.34132	-0.30249	13.339	-0.45917	0.47431	14.571	-0.88565	-0.52164	15.158	0	0
-0.3805	-0.66844	13.506	-0.45015	-0.71134	15.077	-0.88565	-0.52164	15.158	0	0
-0.45917	0.47431	13.544	-0.88565	-0.52164	15.158	-0.42075	0.48256	15.058	0	0
-0.45917	0.47431	13.544	-0.43095	1.0746	14.544	-0.42075	0.48256	15.058	0	0
-0.45015	-0.71134	14.05	-0.88565	-0.52164	15.158	-0.96415	-0.59844	15.237	0	0
-0.45015	-0.71134	14.05	-0.96415	-0.59844	15.237	-0.41911	-0.86022	15.823	0	0
-0.88565	-0.52164	14.132	-0.96415	-0.59844	15.237	-0.9813	-0.23194	15.939	0	0
-0.88565	-0.52164	14.132	-0.42075	0.48256	15.058	-0.9813	-0.23194	15.939	0	0
-0.36742	-0.36009	14.155	-0.42075	0.48256	15.058	0.16885	0.67156	15.048	0	0
-0.96415	-0.59844	14.211	-0.41911	-0.86022	15.823	-0.88385	-0.74594	16.35	0	0
-0.96415	-0.59844	14.211	-0.88385	-0.74594	16.35	-0.9813	-0.23194	15.939	0	0
-0.43095	1.0746	13.518	-0.42075	0.48256	15.058	-0.24235	1.0866	15.056	0	0
-0.42075	0.48256	14.032	0.16885	0.67156	15.048	-0.24235	1.0866	15.056	0	0
-0.42075	0.48256	14.032	-0.2845	1.1115	15.833	-0.41087	0.47619	15.805	0	0
-0.42075	0.48256	14.032	-0.41087	0.47619	15.805	-0.9813	-0.23194	15.939	0	0
0.16885	0.67156	14.021	-0.24235	1.0866	15.056	0.038752	1.0985	14.99	0	0
-0.2845	1.1115	14.806	0.086652	1.0978	15.893	-0.40285	1.0613	16.442	0	0
-0.2845	1.1115	14.806	-0.41087	0.47619	15.805	-0.40285	1.0613	16.442	0	0
0.15923	0.66041	14.794	0.086652	1.0978	15.893	0.19095	0.60506	16.561	0	0
0.086652	1.0978	14.867	-0.40285	1.0613	16.442	0.098052	1.2044	16.563	0	0
0.086652	1.0978	14.867	0.098052	1.2044	16.563	0.19095	0.60506	16.561	0	0
-0.41087	0.47619	14.779	-0.33885	0.3976	16.548	-0.40285	1.0613	16.442	0	0
-0.41087	0.47619	14.779	-0.33885	0.3976	16.548	-0.9813	-0.23194	15.939	0	0
-0.41911	-0.86022	14.797	-0.88385	-0.74594	16.35	-0.40575	-0.89959	16.375	0	0
0.0025521	-0.12704	15.073	-0.3584	-0.28179	16.533	-0.13335	-0.68374	16.621	0	0
0.0025521	-0.12704	15.073	-0.3584	-0.28179	16.533	-0.33885	0.3976	16.548	0	0
0.0025521	-0.12704	15.073	-0.13335	-0.68374	16.621	0.14772	-0.31664	17.336	0	0
0.0025521	-0.12704	15.073	-0.33885	0.3976	16.548	0.19095	0.60506	16.561	0	0
0.0025521	-0.12704	15.073	0.19095	0.60506	16.561	0.14772	-0.31664	17.336	0	0
-0.88385	-0.74594	15.324	-0.40575	-0.89959	16.375	-0.62545	-0.83467	17.168	0	0
-0.88385	-0.74594	15.324	-0.3584	-0.28179	16.533	-0.97425	-0.35344	16.392	0	0
-0.88385	-0.74594	15.324	-0.62545	-0.83467	17.168	-0.8889	-0.31899	17.315	0	0
-0.88385	-0.74594	15.324	-0.9813	-0.23194	15.939	-0.97425	-0.35344	16.392	0	0
-0.40575	-0.89959	15.348	-0.13335	-0.68374	16.621	-0.62545	-0.83467	17.168	0	0
-0.3584	-0.28179	15.506	-0.13335	-0.68374	16.621	-0.62545	-0.83467	17.168	0	0
-0.3584	-0.28179	15.506	-0.33885	0.3976	16.548	-0.97425	-0.35344	16.392	0	0
-0.3584	-0.28179	15.506	-0.62545	-0.83467	17.168	-0.42971	-0.24287	17.25	0	0
-0.13335	-0.68374	15.594	0.14772	-0.31664	17.336	0.13693	-0.69866	17.265	0	0
-0.33885	0.3976	15.521	-0.40285	1.0613	16.442	-0.38725	0.43935	17.265	0	0
-0.33885	0.3976	15.521	-0.42971	-0.24287	17.25	-0.38725	0.43935	17.265	0	0
-0.33885	0.3976	15.521	-0.9813	-0.23194	15.939	-0.97425	-0.35344	16.392	0	0
-0.40285	1.0613	15.416	0.098052	1.2044	16.563	-0.15665	1.2386	17.304	0	0
-0.40285	1.0613	15.416	-0.38725	0.43935	17.265	-0.15665	1.2386	17.304	0	0
0.098052	1.2044	15.537	0.19095	0.60506	16.561	0.2491	0.60551	17.313	0	0
0.098052	1.2044	15.537	0.2491	0.60551	17.313	0.062652	1.2484	17.309	0	0
0.098052	1.2044	15.537	-0.15665	1.2386	17.304	0.062652	1.2484	17.309	0	0
-0.62545	-0.83467	16.142	-0.8889	-0.31899	17.315	-0.29075	-0.65094	18.07	0	0
-0.62545	-0.83467	16.142	-0.29075	-0.65094	18.07	0.13693	-0.69866	17.265	0	0
-0.42971	-0.24287	16.224	-0.38725	0.43935	17.265	-0.62165	0.4732	17.91	0	0
-0.42971	-0.24287	16.224	-0.55715	-0.25834	18.062	-0.62165	0.4732	17.91	0	0
-0.42971	-0.24287	16.224	-0.55715	-0.25834	18.062	-0.29075	-0.65094	18.07	0	0
-0.38725	0.43935	16.239	0.2491	0.60551	17.313	-0.15665	1.2386	17.304	0	0
-0.38725	0.43935	16.239	-0.62165	0.4732	17.91	-0.38205	1.0578	18.07	0	0
0.19095	0.60506	15.535	0.2491	0.60551	17.313	0.14772	-0.31664	17.336	0	0
-0.8889	-0.31899	16.288	-0.9936	0.070962	17.954	-0.34635	-0.56554	18.285	0	0
-0.8889	-0.31899	16.288	-0.29075	-0.65094	18.07	-0.34635	-0.56554	18.285	0	0
0.2491	0.60551	16.286	0.062652	1.2484	17.309	0.10355	1.2579	18.077	0	0
0.2491	0.60551	16.286	0.10355	1.2579	18.077	0.21259	0.4143	18.048	0	0
0.2491	0.60551	16.286	0.21259	0.4143	18.048	0.14772	-0.31664	17.336	0	0
-0.15665	1.2386	16.278	0.062652	1.2484	17.309	-0.073448	1.5697	17.597	0	0
0.062652	1.2484	16.282	-0.073448	1.5697	17.597	0.10355	1.2579	18.077	0	0
-0.9936	0.070962	16.928	-0.55715	-0.25834	18.062	-0.62165	0.4732	17.91	0	0
-0.9936	0.070962	16.928	-0.62165	0.4732	17.91	-0.57545	0.52846	18.614	0	0
-0.073448	1.5697	16.57	0.10355	1.2579	18.077	-0.23995	1.5602	18.699	0	0
-0.62165	0.4732	16.884	-0.38205	1.0578	18.07	-0.57545	0.52846	18.614	0	0
-0.38205	1.0578	17.044	-0.57545	0.52846	18.614	-0.45155	1.1916	18.521	0	0
0.10355	1.2579	17.05	0.21259	0.4143	18.048	0.16085	1.0296	18.564	0	0
0.10355	1.2579	17.05	-0.23995	1.5602	18.699	0.16085	1.0296	18.564	0	0
0.022952	-0.076438	17.013	0.21259	0.4143	18.048	0.14772	-0.31664	17.336	0	0
0.022952	-0.076438	17.013	0.21259	0.4143	18.048	0.083602	0.26871	18.527	0	0
0.022952	-0.076438	17.013	-0.29075	-0.65094	18.07	-0.34635	-0.56554	18.285	0	0
0.022952	-0.076438	17.013	-0.29075	-0.65094	18.07	0.14772	-0.31664	17.336	0	0
0.022952	-0.076438	17.013	-0.34635	-0.56554	18.285	-0.33482	-0.38494	18.527	0	0
0.022952	-0.076438	17.013	-0.33482	-0.38494	18.527	0.083602	0.26871	18.527	0	0
0.21259	0.4143	17.022	0.083602	0.26871	18.527	0.16085	1.0296	18.564	0	0
-0.29075	-0.65094	17.044	0.14772	-0.31664	17.336	0.13693	-0.69866	17.265	0	0
-0.34635	-0.56554	17.259	-0.33482	-0.38494	18.527	-0.30967	-0.65984	19.43	0	0
-0.33482	-0.38494	17.501	0.083602	0.26871	18.527	-0.3333	-0.25534	19.303	0	0
-0.33482	-0.38494	17.501	-0.3333	-0.25534	19.303	-0.30967	-0.65984	19.43	0	0
0.083602	0.26871	17.501	0.16085	1.0296	18.564	0.012912	0.41294	19.344	0	0
0.083602	0.26871	17.501	-0.3333	-0.25534	19.303	0.012912	0.41294	19.344	0	0
-0.57545	0.52846	17.588	-0.45155	1.1916	18.521	-0.46765	1.1308	19.26	0	0
-0.57545	0.52846	17.588	-0.3333	-0.25534	19.303	-0.70147	0.45576	19.303	0	0
-0.57545	0.52846	17.588	-0.70147	0.45576	19.303	-0.46765	1.1308	19.26	0	0
-0.45155	1.1916	17.494	-0.23995	1.5602	18.699	-0.46765	1.1308	19.26	0	0
-0.23995	1.5602	17.673	0.16085	1.0296	18.564	0.26243	1.0638	19.343	0	0
-0.23995	1.5602	17.673	-0.46765	1.1308	19.26	-0.2114	1.6082	19.361	0	0
-0.23995	1.5602	17.673	0.26243	1.0638	19.343	-0.015798	1.6102	19.449	0	0
-0.23995	1.5602	17.673	-0.2114	1.6082	19.361	-0.015798	1.6102	19.449	0	0
0.16085	1.0296	17.538	0.012912	0.41294	19.344	0.26243	1.0638	19.343	0	0
-0.3333	-0.25534	18.277	-0.30967	-0.65984	19.43	-0.35305	-0.28614	20.053	0	0
-0.3333	-0.25534	18.277	-0.70147	0.45576	19.303	-0.70195	0.43951	20.061	0	0
-0.3333	-0.25534	18.277	0.012912	0.41294	19.344	-0.35305	-0.28614	20.053	0	0
-0.3333	-0.25534	18.277	-0.70195	0.43951	20.061	-0.10255	0.48991	20.051	0	0
-0.30967	-0.65984	18.403	-0.35305	-0.28614	20.053	-0.2813	-0.69894	20.021	0	0
-0.70147	0.45576	18.277	-0.46765	1.1308	19.26	-0.501	1.2706	20.018	0	0
-0.70147	0.45576	18.277	-0.70195	0.43951	20.061	-0.501	1.2706	20.018	0	0
-0.46765	1.1308	18.234	-0.2114	1.6082	19.361	-0.501	1.2706	20.018	0	0
0.012912	0.41294	18.317	0.26243	1.0638	19.343	0.28835	1.1383	19.911	0	0
0.012912	0.41294	18.317	-0.35305	-0.28614	20.053	-0.10255	0.48991	20.051	0	0
0.012912	0.41294	18.317	-0.10255	0.48991	20.051	0.28835	1.1383	19.911	0	0
0.26243	1.0638	18.316	-0.015798	1.6102	19.449	0.28835	1.1383	19.911	0	0
-0.2114	1.6082	18.335	-0.015798	1.6102	19.449	-0.26135	1.6477	20.091	0	0
-0.2114	1.6082	18.335	-0.501	1.2706	20.018	-0.26135	1.6477	20.091	0	0
-0.015798	1.6102	18.423	0.045752	1.7212	20.087	-0.26135	1.6477	20.091	0	0
-0.015798	1.6102	18.423	0.045752	1.7212	20.087	0.28835	1.1383	19.911	0	0
-0.70195	0.43951	19.035	-0.501	1.2706	20.018	-0.44551	1.2559	20.727	0	0
-0.70195	0.43951	19.035	-0.48658	0.37955	20.803	-0.44551	1.2559	20.727	0	0
-0.70195	0.43951	19.035	-0.48658	0.37955	20.803	-1.3729	0.25606	21.372	0	0
-0.35305	-0.28614	19.026	-0.2813	-0.69894	20.021	-0.30075	-0.65276	20.777	0	0
-0.35305	-0.28614	19.026	-0.10255	0.48991	20.051	-0.38382	-0.26259	20.793	0	0
-0.35305	-0.28614	19.026	-0.30075	-0.65276	20.777	-0.38382	-0.26259	20.793	0	0
-0.10255	0.48991	19.024	0.28835	1.1383	19.911	0.051352	0.73821	20.576	0	0
-0.10255	0.48991	19.024	-0.38382	-0.26259	20.793	0.051352	0.73821	20.576	0	0
-0.501	1.2706	18.992	-0.26135	1.6477	20.091	-0.44551	1.2559	20.727	0	0
0.045752	1.7212	19.061	-0.26135	1.6477	20.091	-0.44551	1.2559	20.727	0	0
0.045752	1.7212	19.061	0.28835	1.1383	19.911	0.58715	1.316	20.14	0	0
0.045752	1.7212	19.061	-0.44551	1.2559	20.727	0.34502	1.172	20.878	0	0
0.045752	1.7212	19.061	0.58715	1.316	20.14	0.34502	1.172	20.878	0	0
0.28835	1.1383	18.885	0.58715	1.316	20.14	0.051352	0.73821	20.576	0	0
-0.30075	-0.65276	19.751	-0.38382	-0.26259	20.793	-0.423	-0.26574	21.556	0	0
-0.30075	-0.65276	19.751	-0.3939	-0.77024	21.538	-0.423	-0.26574	21.556	0	0
-0.38382	-0.26259	19.767	0.051352	0.73821	20.576	0.2381	0.44926	21.314	0	0
-0.38382	-0.26259	19.767	-0.423	-0.26574	21.556	0.2381	0.44926	21.314	0	0
-0.48658	0.37955	19.777	-0.44551	1.2559	20.727	-0.54335	1.2539	21.341	0	0
-0.48658	0.37955	19.777	-0.39635	0.5562	21.475	0.2381	0.44926	21.314	0	0
-0.48658	0.37955	19.777	-0.39635	0.5562	21.475	-1.3729	0.25606	21.372	0	0
-0.44551	1.2559	19.701	0.34502	1.172	20.878	-0.54335	1.2539	21.341	0	0
0.58715	1.316	19.114	0.051352	0.73821	20.576	0.656	1.2231	20.593	0	0
0.051352	0.73821	19.55	0.34502	1.172	20.878	0.656	1.2231	20.593	0	0
0.051352	0.73821	19.55	0.34502	1.172	20.878	0.2381	0.44926	21.314	0	0
-0.3939	-0.77024	20.511	-0.423	-0.26574	21.556	-0.59085	-0.65714	22.028	0	0
0.34502	1.172	19.851	-0.54335	1.2539	21.341	0.95315	1.598	21.969	0	0
0.34502	1.172	19.851	0.656	1.2231	20.593	0.85285	1.191	21.302	0	0
0.34502	1.172	19.851	0.3645	0.98856	21.495	0.85285	1.191	21.302	0	0
0.34502	1.172	19.851	0.3645	0.98856	21.495	0.2381	0.44926	21.314	0	0
-0.54335	1.2539	20.315	-0.25505	1.1246	22.068	0.95315	1.598	21.969	0	0
0.3645	0.98856	20.468	0.19025	1.0859	22.049	0.21475	0.67251	22.012	0	0
0.3645	0.98856	20.468	0.19025	1.0859	22.049	0.95315	1.598	21.969	0	0
0.3645	0.98856	20.468	0.85285	1.191	21.302	0.95315	1.598	21.969	0	0
0.3645	0.98856	20.468	0.21475	0.67251	22.012	0.2381	0.44926	21.314	0	0
-0.39635	0.5562	20.449	-0.423	-0.26574	21.556	-0.415	0.47006	22.041	0	0
-0.39635	0.5562	20.449	-0.423	-0.26574	21.556	-1.105	-0.074787	21.691	0	0
-0.39635	0.5562	20.449	-0.415	0.47006	22.041	0.2381	0.44926	21.314	0	0
-0.39635	0.5562	20.449	-1.105	-0.074787	21.691	-1.3729	0.25606	21.372	0	0
-0.423	-0.26574	20.53	-0.415	0.47006	22.041	-0.35988	-0.3019	22.122	0	0
-0.423	-0.26574	20.53	-0.59085	-0.65714	22.028	-1.105	-0.074787	21.691	0	0
-0.423	-0.26574	20.53	-0.35988	-0.3019	22.122	0.3372	-0.36624	22.18	0	0
-0.423	-0.26574	20.53	0.2381	0.44926	21.314	0.3372	-0.36624	22.18	0	0
-0.415	0.47006	21.015	-0.35988	-0.3019	22.122	-0.47126	0.4628	22.806	0	0
-0.415	0.47006	21.015	-0.25505	1.1246	22.068	0.21475	0.67251	22.012	0	0
-0.415	0.47006	21.015	-0.25505	1.1246	22.068	-0.26585	1.0335	22.716	0	0
-0.415	0.47006	21.015	0.21475	0.67251	22.012	0.2381	0.44926	21.314	0	0
-0.415	0.47006	21.015	-0.47126	0.4628	22.806	-0.26585	1.0335	22.716	0	0
-0.59085	-0.65714	21.002	-0.35988	-0.3019	22.122	-0.6199	-0.31859	22.825	0	0
-0.59085	-0.65714	21.002	-1.105	-0.074787	21.691	-1.1567	-0.12344	22.002	0	0
-0.59085	-0.65714	21.002	-1.1567	-0.12344	22.002	-1.1862	-0.4681	22.686	0	0
-0.59085	-0.65714	21.002	-0.6199	-0.31859	22.825	-1.1862	-0.4681	22.686	0	0
-0.35988	-0.3019	21.095	-0.56622	-0.76911	22.772	0.154	-0.21294	22.793	0	0
-0.35988	-0.3019	21.095	-0.47126	0.4628	22.806	-0.6199	-0.31859	22.825	0	0
-0.35988	-0.3019	21.095	0.154	-0.21294	22.793	0.3372	-0.36624	22.18	0	0
-0.25505	1.1246	21.041	0.19025	1.0859	22.049	0.21475	0.67251	22.012	0	0
-0.25505	1.1246	21.041	0.19025	1.0859	22.049	0.011352	1.0912	22.825	0	0
-0.25505	1.1246	21.041	-0.26585	1.0335	22.716	0.011352	1.0912	22.825	0	0
0.19025	1.0859	21.022	0.95315	1.598	21.969	0.011352	1.0912	22.825	0	0
0.85285	1.191	20.275	0.2381	0.44926	21.314	0.65595	-0.22354	22.245	0	0
-0.56622	-0.76911	21.746	-0.61585	-0.67474	23.591	-0.6199	-0.31859	22.825	0	0
-0.56622	-0.76911	21.746	-0.61585	-0.67474	23.591	-1.0935	-0.92016	22.872	0	0
-0.56622	-0.76911	21.746	-0.6199	-0.31859	22.825	-1.1862	-0.4681	22.686	0	0
-0.56622	-0.76911	21.746	-1.1862	-0.4681	22.686	-1.0935	-0.92016	22.872	0	0
-0.56622	-0.76911	21.746	0.154	-0.21294	22.793	0.3931	-0.63109	22.812	0	0
-0.47126	0.4628	21.78	-0.26585	1.0335	22.716	-0.45125	0.44716	23.551	0	0
-0.47126	0.4628	21.78	-0.6199	-0.31859	22.825	-0.45125	0.44716	23.551	0	0
-0.26585	1.0335	21.69	0.011352	1.0912	22.825	-0.19085	1.1827	23.58	0	0
-0.26585	1.0335	21.69	-0.45125	0.44716	23.551	-0.19085	1.1827	23.58	0	0
-0.61585	-0.67474	22.565	0.059185	-0.32804	23.606	-0.69795	-0.32734	23.565	0	0
-0.61585	-0.67474	22.565	0.059185	-0.32804	23.606	0.34065	-0.69554	23.591	0	0
-0.61585	-0.67474	22.565	-0.6199	-0.31859	22.825	-0.69795	-0.32734	23.565	0	0
-0.61585	-0.67474	22.565	-1.0935	-0.92016	22.872	-1.2522	-1.1001	23.588	0	0
-0.61585	-0.67474	22.565	-1.2522	-1.1001	23.588	-0.88495	-0.79124	24.23	0	0
-0.61585	-0.67474	22.565	-0.65755	-0.88027	24.238	-0.88495	-0.79124	24.23	0	0
-0.61585	-0.67474	22.565	-0.65755	-0.88027	24.238	0.20085	-0.77226	24.295	0	0
-0.61585	-0.67474	22.565	0.20085	-0.77226	24.295	0.34065	-0.69554	23.591	0	0
0.059185	-0.32804	22.58	0.2188	0.55101	23.55	-0.45125	0.44716	23.551	0	0
0.059185	-0.32804	22.58	0.2188	0.55101	23.55	0.25115	-0.20677	24.211	0	0
0.059185	-0.32804	22.58	-0.45125	0.44716	23.551	-0.56201	-0.20524	24.273	0	0
0.059185	-0.32804	22.58	-0.56201	-0.20524	24.273	0.20085	-0.77226	24.295	0	0
0.059185	-0.32804	22.58	0.20085	-0.77226	24.295	0.25115	-0.20677	24.211	0	0
0.059185	-0.32804	22.58	0.34065	-0.69554	23.591	0.3931	-0.63109	22.812	0	0
0.011352	1.0912	21.799	0.036752	1.1831	23.557	-0.19085	1.1827	23.58	0	0
0.2381	0.44926	20.288	0.3372	-0.36624	22.18	0.65595	-0.22354	22.245	0	0
-1.105	-0.074787	20.664	-1.1567	-0.12344	22.002	-1.5789	-0.13094	22.108	0	0
-1.105	-0.074787	20.664	-1.3729	0.25606	21.372	-1.5789	-0.13094	22.108	0	0
-1.1567	-0.12344	20.976	-1.1862	-0.4681	22.686	-1.5789	-0.13094	22.108	0	0
0.2188	0.55101	22.524	0.036752	1.1831	23.557	0.35425	0.57406	24.307	0	0
0.2188	0.55101	22.524	0.35425	0.57406	24.307	0.25115	-0.20677	24.211	0	0
0.2188	0.55101	22.524	0.84775	-0.62624	23.106	0.88052	-0.3274	22.704	0	0
-0.6199	-0.31859	21.799	-0.69795	-0.32734	23.565	-0.45125	0.44716	23.551	0	0
-1.1862	-0.4681	21.66	-1.0935	-0.92016	22.872	-1.7044	-0.7402	22.887	0	0
-1.1862	-0.4681	21.66	-1.5789	-0.13094	22.108	-1.7044	-0.7402	22.887	0	0
-1.0935	-0.92016	21.846	-1.2522	-1.1001	23.588	-1.7044	-0.7402	22.887	0	0
-0.69795	-0.32734	22.539	-0.45125	0.44716	23.551	-0.9193	-0.076787	24.143	0	0
-0.69795	-0.32734	22.539	-0.88495	-0.79124	24.23	-0.9193	-0.076787	24.143	0	0
-0.45125	0.44716	22.525	-0.19085	1.1827	23.58	-0.48988	0.57153	24.206	0	0
-0.45125	0.44716	22.525	-0.48988	0.57153	24.206	-0.9193	-0.076787	24.143	0	0
0.036752	1.1831	22.53	-0.19085	1.1827	23.58	-0.070648	1.5571	24.502	0	0
0.036752	1.1831	22.53	0.35425	0.57406	24.307	0.092302	1.2865	24.319	0	0
0.036752	1.1831	22.53	0.092302	1.2865	24.319	-0.070648	1.5571	24.502	0	0
-1.2522	-1.1001	22.562	-0.88495	-0.79124	24.23	-1.895	-1.1264	23.905	0	0
-1.2522	-1.1001	22.562	-1.7044	-0.7402	22.887	-1.8615	-0.94627	23.51	0	0
-1.2522	-1.1001	22.562	-1.8615	-0.94627	23.51	-1.895	-1.1264	23.905	0	0
-0.65755	-0.88027	23.212	-0.88495	-0.79124	24.23	-0.56235	-0.98259	24.845	0	0
-0.65755	-0.88027	23.212	-0.56235	-0.98259	24.845	0.20085	-0.77226	24.295	0	0
-0.88495	-0.79124	23.204	-0.56235	-0.98259	24.845	-0.90285	-0.61954	24.875	0	0
-0.88495	-0.79124	23.204	-0.90285	-0.61954	24.875	-1.895	-1.1264	23.905	0	0
-0.88495	-0.79124	23.204	-0.9193	-0.076787	24.143	-0.9921	-0.30204	24.834	0	0
-0.19085	1.1827	22.553	-0.48988	0.57153	24.206	-0.22925	1.1973	24.317	0	0
-0.19085	1.1827	22.553	-0.22925	1.1973	24.317	-0.070648	1.5571	24.502	0	0
0.35425	0.57406	23.28	0.092302	1.2865	24.319	0.19245	1.2739	25.036	0	0
0.35425	0.57406	23.28	0.19245	1.2739	25.036	0.66172	0.44816	24.975	0	0
0.35425	0.57406	23.28	0.25115	-0.20677	24.211	0.6572	-0.24529	24.815	0	0
0.35425	0.57406	23.28	0.66172	0.44816	24.975	0.6572	-0.24529	24.815	0	0
-0.56201	-0.20524	23.247	-0.48988	0.57153	24.206	0.17749	-0.20924	24.888	0	0
-0.56201	-0.20524	23.247	-0.60445	-0.36564	25.114	-0.89945	0.26706	24.422	0	0
-0.56201	-0.20524	23.247	0.20085	-0.77226	24.295	0.17749	-0.20924	24.888	0	0
-0.48988	0.57153	23.179	-0.22925	1.1973	24.317	-0.44528	1.1017	24.921	0	0
-0.48988	0.57153	23.179	-0.4588	0.81476	25.072	-0.44528	1.1017	24.921	0	0
-0.48988	0.57153	23.179	-0.4588	0.81476	25.072	-0.89945	0.26706	24.422	0	0
-0.48988	0.57153	23.179	-0.9193	-0.076787	24.143	-0.89945	0.26706	24.422	0	0
-0.48988	0.57153	23.179	0.23865	0.44446	25.084	0.17749	-0.20924	24.888	0	0
-0.56235	-0.98259	23.818	-0.90285	-0.61954	24.875	-0.60445	-0.36564	25.114	0	0
-0.56235	-0.98259	23.818	-0.60445	-0.36564	25.114	0.10852	-0.74714	24.903	0	0
-0.56235	-0.98259	23.818	0.20085	-0.77226	24.295	0.10852	-0.74714	24.903	0	0
-0.90285	-0.61954	23.848	-0.60445	-0.36564	25.114	-0.9921	-0.30204	24.834	0	0
0.092302	1.2865	23.292	-0.070648	1.5571	24.502	0.19245	1.2739	25.036	0	0
-0.22925	1.1973	23.291	-0.070648	1.5571	24.502	-0.44528	1.1017	24.921	0	0
-0.070648	1.5571	23.476	0.19245	1.2739	25.036	-0.018081	1.6022	25.037	0	0
-0.070648	1.5571	23.476	-0.018081	1.6022	25.037	-0.44528	1.1017	24.921	0	0
-0.60445	-0.36564	24.087	-0.42345	-0.73714	25.519	-0.62845	-0.29764	25.565	0	0
-0.60445	-0.36564	24.087	-0.62845	-0.29764	25.565	-0.89475	-0.064838	25.368	0	0
-0.60445	-0.36564	24.087	0.10852	-0.74714	24.903	0.17749	-0.20924	24.888	0	0
-0.60445	-0.36564	24.087	-0.4588	0.81476	25.072	-0.89945	0.26706	24.422	0	0
-0.60445	-0.36564	24.087	-0.9921	-0.30204	24.834	-0.89475	-0.064838	25.368	0	0
-0.60445	-0.36564	24.087	0.10345	0.32781	25.549	0.17749	-0.20924	24.888	0	0
-0.42345	-0.73714	24.492	-0.62845	-0.29764	25.565	-0.1227	-0.41594	26.058	0	0
-0.42345	-0.73714	24.492	0.10852	-0.74714	24.903	0.15392	-0.8914	25.526	0	0
-0.42345	-0.73714	24.492	-0.1227	-0.41594	26.058	0.15392	-0.8914	25.526	0	0
-0.62845	-0.29764	24.539	-0.89475	-0.064838	25.368	-0.53875	-0.15177	26.196	0	0
-0.62845	-0.29764	24.539	-0.4519	0.44011	25.569	-0.1227	-0.41594	26.058	0	0
-0.62845	-0.29764	24.539	-0.53875	-0.15177	26.196	-0.39071	-0.69007	26.436	0	0
0.20085	-0.77226	23.269	0.10852	-0.74714	24.903	0.6572	-0.24529	24.815	0	0
0.20085	-0.77226	23.269	0.25115	-0.20677	24.211	0.6572	-0.24529	24.815	0	0
0.20085	-0.77226	23.269	0.34065	-0.69554	23.591	0.77965	-0.91354	23.662	0	0
0.10852	-0.74714	23.876	0.17749	-0.20924	24.888	0.6572	-0.24529	24.815	0	0
-0.4588	0.81476	24.045	0.23865	0.44446	25.084	0.19245	1.2739	25.036	0	0
-0.4588	0.81476	24.045	0.23865	0.44446	25.084	-0.4519	0.44011	25.569	0	0
-0.4588	0.81476	24.045	0.19245	1.2739	25.036	-0.44528	1.1017	24.921	0	0
-0.4588	0.81476	24.045	-0.4519	0.44011	25.569	-0.5612	1.2395	25.561	0	0
-0.9193	-0.076787	23.116	-0.9921	-0.30204	24.834	-0.89945	0.26706	24.422	0	0
0.23865	0.44446	24.058	0.19245	1.2739	25.036	0.3303	1.0826	25.548	0	0
0.23865	0.44446	24.058	0.10345	0.32781	25.549	-0.4519	0.44011	25.569	0	0
0.23865	0.44446	24.058	0.10345	0.32781	25.549	0.81262	0.58566	25.648	0	0
0.23865	0.44446	24.058	0.17749	-0.20924	24.888	0.66172	0.44816	24.975	0	0
0.23865	0.44446	24.058	0.66172	0.44816	24.975	0.81262	0.58566	25.648	0	0
0.19245	1.2739	24.009	-0.018081	1.6022	25.037	0.075752	1.721	25.588	0	0
0.19245	1.2739	24.009	0.075752	1.721	25.588	0.3303	1.0826	25.548	0	0
0.19245	1.2739	24.009	0.66172	0.44816	24.975	0.81262	0.58566	25.648	0	0
-0.9921	-0.30204	23.807	-0.89475	-0.064838	25.368	-1.0342	0.36408	24.889	0	0
-0.9921	-0.30204	23.807	-0.89945	0.26706	24.422	-1.0342	0.36408	24.889	0	0
-0.89475	-0.064838	24.341	-0.53875	-0.15177	26.196	-1.1659	0.45924	25.541	0	0
-0.89475	-0.064838	24.341	-1.0342	0.36408	24.889	-1.1659	0.45924	25.541	0	0
-0.018081	1.6022	24.011	0.075752	1.721	25.588	-0.20965	1.5844	25.621	0	0
-0.018081	1.6022	24.011	-0.20965	1.5844	25.621	-0.5612	1.2395	25.561	0	0
-0.018081	1.6022	24.011	-0.44528	1.1017	24.921	-0.5612	1.2395	25.561	0	0
0.075752	1.721	24.562	-0.20965	1.5844	25.621	-0.44435	1.6571	26.418	0	0
0.075752	1.721	24.562	0.3303	1.0826	25.548	0.1939	1.1617	26.29	0	0
0.075752	1.721	24.562	-0.44435	1.6571	26.418	0.37085	2.2796	26.511	0	0
-0.20965	1.5844	24.595	-0.5612	1.2395	25.561	-0.44435	1.6571	26.418	0	0
0.10345	0.32781	24.523	-0.4519	0.44011	25.569	0.11317	0.45303	26.287	0	0
0.10345	0.32781	24.523	0.17749	-0.20924	24.888	0.26805	-0.25924	25.715	0	0
0.10345	0.32781	24.523	0.26805	-0.25924	25.715	0.11317	0.45303	26.287	0	0
-0.4519	0.44011	24.542	-0.53875	-0.15177	26.196	-1.1918	0.54756	26.238	0	0
-0.4519	0.44011	24.542	-0.5612	1.2395	25.561	-0.5522	1.2715	26.074	0	0
-0.4519	0.44011	24.542	-0.5522	1.2715	26.074	0.11317	0.45303	26.287	0	0
-0.53875	-0.15177	25.169	-0.39071	-0.69007	26.436	-0.1227	-0.41594	26.058	0	0
-0.53875	-0.15177	25.169	-0.1227	-0.41594	26.058	0.11317	0.45303	26.287	0	0
-0.53875	-0.15177	25.169	0.11317	0.45303	26.287	-1.171	0.66716	27.045	0	0
-0.53875	-0.15177	25.169	-1.1918	0.54756	26.238	-1.171	0.66716	27.045	0	0
-0.44528	1.1017	23.895	-0.5612	1.2395	25.561	-1.0336	0.96496	25.703	0	0
-0.44528	1.1017	23.895	-0.89945	0.26706	24.422	-1.0342	0.36408	24.889	0	0
-0.44528	1.1017	23.895	-1.0342	0.36408	24.889	-1.0336	0.96496	25.703	0	0
-0.5612	1.2395	24.535	-0.5522	1.2715	26.074	-1.0336	0.96496	25.703	0	0
0.3303	1.0826	24.521	0.1939	1.1617	26.29	0.81262	0.58566	25.648	0	0
-0.5522	1.2715	25.047	-0.44435	1.6571	26.418	0.1939	1.1617	26.29	0	0
-0.5522	1.2715	25.047	-0.44435	1.6571	26.418	-1.0762	1.135	26.383	0	0
-0.5522	1.2715	25.047	0.11317	0.45303	26.287	0.1939	1.1617	26.29	0	0
-0.5522	1.2715	25.047	-1.0336	0.96496	25.703	-1.0762	1.135	26.383	0	0
-0.44435	1.6571	25.392	0.1939	1.1617	26.29	0.2694	1.8699	26.383	0	0
-0.44435	1.6571	25.392	0.2694	1.8699	26.383	-0.44275	1.8337	27.102	0	0
-0.44435	1.6571	25.392	-0.44275	1.8337	27.102	-1.1561	1.2942	27.092	0	0
-0.44435	1.6571	25.392	-1.1561	1.2942	27.092	-1.0762	1.135	26.383	0	0
-0.1227	-0.41594	25.032	0.15392	-0.8914	25.526	0.26805	-0.25924	25.715	0	0
-0.1227	-0.41594	25.032	0.26805	-0.25924	25.715	0.11317	0.45303	26.287	0	0
0.34065	-0.69554	22.564	0.77965	-0.91354	23.662	0.84775	-0.62624	23.106	0	0
0.34065	-0.69554	22.564	0.3931	-0.63109	22.812	0.84775	-0.62624	23.106	0	0
0.17749	-0.20924	23.862	0.15392	-0.8914	25.526	0.26805	-0.25924	25.715	0	0
0.17749	-0.20924	23.862	0.66172	0.44816	24.975	0.6572	-0.24529	24.815	0	0
0.154	-0.21294	21.767	0.3931	-0.63109	22.812	0.3372	-0.36624	22.18	0	0
0.11317	0.45303	25.26	0.1939	1.1617	26.29	0.72342	1.0219	26.401	0	0
0.11317	0.45303	25.26	-1.171	0.66716	27.045	-0.29025	1.3411	27.202	0	0
0.11317	0.45303	25.26	-0.29025	1.3411	27.202	0.8639	0.62481	26.575	0	0
0.11317	0.45303	25.26	0.72342	1.0219	26.401	0.8639	0.62481	26.575	0	0
0.1939	1.1617	25.264	0.2694	1.8699	26.383	0.72342	1.0219	26.401	0	0
0.2694	1.8699	25.357	0.37085	2.2796	26.511	0.30568	1.9962	27.098	0	0
0.2694	1.8699	25.357	0.37085	2.2796	26.511	0.72342	1.0219	26.401	0	0
0.2694	1.8699	25.357	-0.44275	1.8337	27.102	0.30568	1.9962	27.098	0	0
0.37085	2.2796	25.485	0.30568	1.9962	27.098	0.44235	2.2929	27.586	0	0
0.37085	2.2796	25.485	0.72342	1.0219	26.401	1.1543	1.0309	27.023	0	0
-1.1918	0.54756	25.212	-1.5835	0.40701	26.386	-1.1659	0.45924	25.541	0	0
-1.1918	0.54756	25.212	-1.5835	0.40701	26.386	-1.6032	0.93386	26.667	0	0
-1.1918	0.54756	25.212	-1.1659	0.45924	25.541	-1.0336	0.96496	25.703	0	0
-1.1918	0.54756	25.212	-1.6032	0.93386	26.667	-1.0762	1.135	26.383	0	0
-1.1918	0.54756	25.212	-1.0336	0.96496	25.703	-1.0762	1.135	26.383	0	0
-1.171	0.66716	26.019	-0.29025	1.3411	27.202	-1.1561	1.2942	27.092	0	0
-0.44275	1.8337	26.075	-0.40083	1.9232	27.751	0.10825	2.1963	27.576	0	0
-0.44275	1.8337	26.075	-0.40083	1.9232	27.751	-1.4209	1.5539	27.532	0	0
-0.44275	1.8337	26.075	0.30568	1.9962	27.098	0.10825	2.1963	27.576	0	0
-0.44275	1.8337	26.075	-1.1561	1.2942	27.092	-1.4209	1.5539	27.532	0	0
-0.29025	1.3411	26.176	-0.40083	1.9232	27.751	-1.3147	1.1609	27.813	0	0
-0.29025	1.3411	26.176	0.30568	1.9962	27.098	1.1543	1.0309	27.023	0	0
-0.29025	1.3411	26.176	-1.3147	1.1609	27.813	-1.1561	1.2942	27.092	0	0
-0.29025	1.3411	26.176	0.8639	0.62481	26.575	1.1543	1.0309	27.023	0	0
-0.40083	1.9232	26.724	-1.3147	1.1609	27.813	-0.71142	1.9394	28.343	0	0
-0.40083	1.9232	26.724	-0.71142	1.9394	28.343	0.11445	2.2429	28.089	0	0
-0.40083	1.9232	26.724	-1.2985	1.9022	28.368	-1.7246	2.1012	28.149	0	0
-0.40083	1.9232	26.724	0.10825	2.1963	27.576	0.11445	2.2429	28.089	0	0
-0.40083	1.9232	26.724	-1.4209	1.5539	27.532	-1.6492	1.7615	27.739	0	0
-0.40083	1.9232	26.724	-1.7246	2.1012	28.149	-1.6492	1.7615	27.739	0	0
0.30568	1.9962	26.072	0.10825	2.1963	27.576	0.44235	2.2929	27.586	0	0
-1.3147	1.1609	26.787	-0.71142	1.9394	28.343	-1.2985	1.9022	28.368	0	0
-1.3147	1.1609	26.787	-1.2985	1.9022	28.368	-1.7044	1.4623	28.538	0	0
-0.71142	1.9394	27.317	-1.2985	1.9022	28.368	-1.1185	2.4661	28.989	0	0
-0.71142	1.9394	27.317	0.11445	2.2429	28.089	-0.72875	2.4381	29.56	0	0
-0.71142	1.9394	27.317	-1.1185	2.4661	28.989	-0.72875	2.4381	29.56	0	0
-1.2985	1.9022	27.342	-1.7246	2.1012	28.149	-1.7316	2.4308	28.501	0	0
-1.2985	1.9022	27.342	-1.7316	2.4308	28.501	-1.1185	2.4661	28.989	0	0
0.3931	-0.63109	21.785	0.3372	-0.36624	22.18	0.65595	-0.22354	22.245	0	0
0.3931	-0.63109	21.785	0.84775	-0.62624	23.106	0.88052	-0.3274	22.704	0	0
0.3931	-0.63109	21.785	0.65595	-0.22354	22.245	0.88052	-0.3274	22.704	0	0
0.72342	1.0219	25.375	0.8639	0.62481	26.575	1.1543	1.0309	27.023	0	0
-1.0342	0.36408	23.863	-1.1659	0.45924	25.541	-1.0336	0.96496	25.703	0	0
-1.1561	1.2942	26.066	-1.4209	1.5539	27.532	-1.7671	1.1124	26.986	0	0
-1.1561	1.2942	26.066	-1.6032	0.93386	26.667	-1.7671	1.1124	26.986	0	0
-1.1561	1.2942	26.066	-1.6032	0.93386	26.667	-1.0762	1.135	26.383	0	0
0.10825	2.1963	26.55	0.44235	2.2929	27.586	0.11445	2.2429	28.089	0	0
-1.4209	1.5539	26.505	-1.7671	1.1124	26.986	-1.6492	1.7615	27.739	0	0
-1.7316	2.4308	27.475	-1.1185	2.4661	28.989	-1.7713	2.7764	28.897	0	0
-1.1185	2.4661	27.962	-1.7713	2.7764	28.897	-1.6864	2.9906	29.15	0	0
-1.1185	2.4661	27.962	-0.72875	2.4381	29.56	-1.1639	2.6667	29.562	0	0
-1.1185	2.4661	27.962	-1.1639	2.6667	29.562	-1.6864	2.9906	29.15	0	0
-1.1639	2.6667	28.535	-1.6947	2.9989	29.58	-1.6864	2.9906	29.15	0	0
-0.41205	2.6872	12.111	-2.11841165512172	8.99874615924513	17.756083243332	0.180009358022197	2.40665268178278	11.7001781878728	1	1
-2.11841165512172	8.99874615924513	17.756083243332	-1.80434504095548	12.0339095705326	20.1136414692616	0.0958108976650369	7.56637477274699	18.8167863564117	1	1
-1.80434504095548	12.0339095705326	20.1136414692616	-2.09469985970375	17.1298061061975	21.5501891841072	0.0230704207079373	10.8674677223856	20.994583421205	1	1
-2.09469985970375	17.1298061061975	21.5501891841072	-1.76007526114209	20.6261616701647	21.7422250879203	-1.23701143248676	16.8673738173105	23.5956031924604	1	1
-1.76007526114209	20.6261616701647	21.7422250879203	-0.0789101589583386	26.1476588359422	19.1142658135954	-1.37171452888773	21.2720405875594	22.0122494862769	1	1
0.0958108976650369	7.56637477274699	18.8167863564117	0.180009358022197	2.40665268178278	11.7001781878728	-2.11841165512172	8.99874615924513	17.756083243332	1	1
0.0230704207079373	10.8674677223856	20.994583421205	0.0958108976650369	7.56637477274699	18.8167863564117	-1.80434504095548	12.0339095705326	20.1136414692616	1	1
-1.23701143248676	16.8673738173105	23.5956031924604	0.0230704207079373	10.8674677223856	20.994583421205	-2.09469985970375	17.1298061061975	21.5501891841072	1	1
-1.37171452888773	21.2720405875594	22.0122494862769	-1.23701143248676	16.8673738173105	23.5956031924604	-1.76007526114209	20.6261616701647	21.7422250879203	1	1
-2.11841165512172	8.99874615924513	17.756083243332	-0.41205	2.6872	12.111	-1.76784853680628	1.84980024975701	12.453483909676	1	1
-1.80434504095548	12.0339095705326	20.1136414692616	-2.11841165512172	8.99874615924513	17.756083243332	-3.22673794138417	9.04223877679754	18.1575546438055	1	1
-2.09469985970375	17.1298061061975	21.5501891841072	-1.80434504095548	12.0339095705326	20.1136414692616	-3.77211125658386	11.486970134131	20.7575900180916	1	1
-1.76007526114209	20.6261616701647	21.7422250879203	-2.09469985970375	17.1298061061975	21.5501891841072	-3.98905680888695	17.4846040801401	22.5708945807655	1	1
-0.0789101589583386	26.1476588359422	19.1142658135954	-1.76007526114209	20.6261616701647	21.7422250879203	-3.80626559116127	21.2790372917604	22.128853651353	1	1
-1.76784853680628	1.84980024975701	12.453483909676	-3.22673794138417	9.04223877679754	18.1575546438055	-2.11841165512172	8.99874615924513	17.756083243332	1	1
-3.22673794138417	9.04223877679754	18.1575546438055	-3.77211125658386	11.486970134131	20.7575900180916	-1.80434504095548	12.0339095705326	20.1136414692616	1	1
-3.77211125658386	11.486970134131	20.7575900180916	-3.98905680888695	17.4846040801401	22.5708945807655	-2.09469985970375	17.1298061061975	21.5501891841072	1	1
-3.98905680888695	17.4846040801401	22.5708945807655	-3.80626559116127	21.2790372917604	22.128853651353	-1.76007526114209	20.6261616701647	21.7422250879203	1	1
0.12035	-1.5779	16.987	-0.652218049089699	-5.43093145974802	22.4234546062041	0.714612640366845	-1.76070596577808	16.29719990893	2	1
-0.652218049089699	-5.43093145974802	22.4234546062041	-1.08635905765839	-8.54033343590508	26.1560547044532	0.67892540968387	-4.74009702551397	22.5818595513317	2	1
-1.08635905765839	-8.54033343590508	26.1560547044532	-0.86577363050694	-11.6790559714152	28.6810584741354	1.16840752336525	-8.83488380148957	26.2970474604126	2	1
-0.86577363050694	-11.6790559714152	28.6810584741354	-1.46553858575038	-15.6849346201365	32.3867220277626	0.439849025047259	-11.5359261971972	29.5930569330354	2	1
-1.46553858575038	-15.6849346201365	32.3867220277626	-1.61368846018829	-20.6254772908746	34.0368150019068	0.737988046999247	-15.5182201494217	31.8595946365967	2	1
-1.61368846018829	-20.6254772908746	34.0368150019068	-0.96798105524995	-24.1804307445064	35.1459361177995	1.31007103410105	-20.3160724599216	35.8601552554349	2	1
-0.96798105524995	-24.1804307445064	35.1459361177995	-0.659002006815178	-27.7037900912636	34.9823250431519	1.72191836125393	-24.5029307754337	36.364769994562	2	1
-0.659002006815178	-27.7037900912636	34.9823250431519	-0.295972818835878	-30.7995392237164	30.2417471661845	1.28843287231718	-27.3584827168997	35.181638894273	2	1
0.67892540968387	-4.74009702551397	22.5818595513317	0.714612640366845	-1.76070596577808	16.29719990893	-0.652218049089699	-5.43093145974802	22.4234546062041	2	1
1.16840752336525	-8.83488380148957	26.2970474604126	0.67892540968387	-4.74009702551397	22.5818595513317	-1.08635905765839	-8.54033343590508	26.1560547044532	2	1
0.439849025047259	-11.5359261971972	29.5930569330354	1.16840752336525	-8.83488380148957	26.2970474604126	-0.86577363050694	-11.6790559714152	28.6810584741354	2	1
0.737988046999247	-15.5182201494217	31.8595946365967	0.439849025047259	-11.5359261971972	29.5930569330354	-1.46553858575038	-15.6849346201365	32.3867220277626	2	1
1.31007103410105	-20.3160724599216	35.8601552554349	0.737988046999247	-15.5182201494217	31.8595946365967	-1.61368846018829	-20.6254772908746	34.0368150019068	2	1
1.72191836125393	-24.5029307754337	36.364769994562	1.31007103410105	-20.3160724599216	35.8601552554349	-0.96798105524995	-24.1804307445064	35.1459361177995	2	1
1.28843287231718	-27.3584827168997	35.181638894273	1.72191836125393	-24.5029307754337	36.364769994562	-0.659002006815178	-27.7037900912636	34.9823250431519	2	1
-0.652218049089699	-5.43093145974802	22.4234546062041	0.12035	-1.5779	16.987	-1.32100493637915	-1.69306168001251	16.3126291618611	2	1
-1.08635905765839	-8.54033343590508	26.1560547044532	-0.652218049089699	-5.43093145974802	22.4234546062041	-1.87230163364801	-4.76205731096943	23.1324642492183	2	1
-0.86577363050694	-11.6790559714152	28.6810584741354	-1.08635905765839	-8.54033343590508	26.1560547044532	-1.66645503117624	-8.49897571281883	26.7476307521846	2	1
-1.46553858575038	-15.6849346201365	32.3867220277626	-0.86577363050694	-11.6790559714152	28.6810584741354	-2.7583941289704	-9.57232579620681	30.7502146645092	2	1
-1.61368846018829	-20.6254772908746	34.0368150019068	-1.46553858575038	-15.6849346201365	32.3867220277626	-2.26264833255058	-16.2759833128316	31.9540954746946	2	1
-0.96798105524995	-24.1804307445064	35.1459361177995	-1.61368846018829	-20.6254772908746	34.0368150019068	-2.54310696195252	-20.3549101056447	33.9087282857527	2	1
-0.659002006815178	-27.7037900912636	34.9823250431519	-0.96798105524995	-24.1804307445064	35.1459361177995	-1.07890901921475	-24.71240836577	36.7722094795949	2	1
-1.32100493637915	-1.69306168001251	16.3126291618611	-1.87230163364801	-4.76205731096943	23.1324642492183	-0.652218049089699	-5.43093145974802	22.4234546062041	2	1
-1.87230163364801	-4.76205731096943	23.1324642492183	-1.66645503117624	-8.49897571281883	26.7476307521846	-1.08635905765839	-8.54033343590508	26.1560547044532	2	1
-1.66645503117624	-8.49897571281883	26.7476307521846	-2.7583941289704	-9.57232579620681	30.7502146645092	-0.86577363050694	-11.6790559714152	28.6810584741354	2	1
-2.7583941289704	-9.57232579620681	30.7502146645092	-2.26264833255058	-16.2759833128316	31.9540954746946	-1.46553858575038	-15.6849346201365	32.3867220277626	2	1
-2.26264833255058	-16.2759833128316	31.9540954746946	-2.54310696195252	-20.3549101056447	33.9087282857527	-1.61368846018829	-20.6254772908746	34.0368150019068	2	1
-2.54310696195252	-20.3549101056447	33.9087282857527	-1.07890901921475	-24.71240836577	36.7722094795949	-0.96798105524995	-24.1804307445064	35.1459361177995	2	1
0.0037021	2.3981	21.682	0.360516218110868	5.03656953943392	27.0273394690834	1.08042135436976	1.89477901305305	21.4601702958741	3	2
0.360516218110868	5.03656953943392	27.0273394690834	0.575557054515105	7.51397997129528	32.0019248923406	1.14063046508056	5.14138542358485	27.2780510206812	3	2
0.575557054515105	7.51397997129528	32.0019248923406	0.899283375925128	10.2752696011933	35.30480236375	2.3743152485183	6.50284261600829	32.2098636832133	3	2
0.899283375925128	10.2752696011933	35.30480236375	1.47399763301589	13.7804067300256	38.4951383007288	2.3727640779209	10.1269794232105	35.2974400298891	3	2
1.47399763301589	13.7804067300256	38.4951383007288	1.75460580160915	17.0603512710546	40.313857980474	3.54357348750687	12.885358853093	39.4948093318717	3	2
1.75460580160915	17.0603512710546	40.313857980474	2.4902477044971	20.6015450356323	41.9700629413504	3.64694506319043	16.4474667330155	40.5262228130397	3	2
2.4902477044971	20.6015450356323	41.9700629413504	3.62670100491522	26.024302215243	42.3984813781032	4.49110069797925	20.3168907042379	41.9520435048461	3	2
3.62670100491522	26.024302215243	42.3984813781032	4.25579778939417	29.3584707573524	41.5511828129175	5.68344198766768	26.1701588923425	41.8623218406408	3	2
4.25579778939417	29.3584707573524	41.5511828129175	5.57455516333096	32.6351137159808	40.2720495124524	7.11088026008975	29.7109662691545	41.8057869952991	3	2
5.57455516333096	32.6351137159808	40.2720495124524	5.33001276934728	35.6966637366412	38.6305189801324	6.80718178461391	32.8494793207033	40.5488021818461	3	2
5.33001276934728	35.6966637366412	38.6305189801324	5.31354107686639	40.9496525265863	34.7013024913069	7.49989619205237	35.7027952860836	38.5822299961806	3	2
1.14063046508056	5.14138542358485	27.2780510206812	1.08042135436976	1.89477901305305	21.4601702958741	0.360516218110868	5.03656953943392	27.0273394690834	3	2
2.3743152485183	6.50284261600829	32.2098636832133	1.14063046508056	5.14138542358485	27.2780510206812	0.575557054515105	7.51397997129528	32.0019248923406	3	2
2.3727640779209	10.1269794232105	35.2974400298891	2.3743152485183	6.50284261600829	32.2098636832133	0.899283375925128	10.2752696011933	35.30480236375	3	2
3.54357348750687	12.885358853093	39.4948093318717	2.3727640779209	10.1269794232105	35.2974400298891	1.47399763301589	13.7804067300256	38.4951383007288	3	2
3.64694506319043	16.4474667330155	40.5262228130397	3.54357348750687	12.885358853093	39.4948093318717	1.75460580160915	17.0603512710546	40.313857980474	3	2
4.49110069797925	20.3168907042379	41.9520435048461	3.64694506319043	16.4474667330155	40.5262228130397	2.4902477044971	20.6015450356323	41.9700629413504	3	2
5.68344198766768	26.1701588923425	41.8623218406408	4.49110069797925	20.3168907042379	41.9520435048461	3.62670100491522	26.024302215243	42.3984813781032	3	2
7.11088026008975	29.7109662691545	41.8057869952991	5.68344198766768	26.1701588923425	41.8623218406408	4.25579778939417	29.3584707573524	41.5511828129175	3	2
6.80718178461391	32.8494793207033	40.5488021818461	7.11088026008975	29.7109662691545	41.8057869952991	5.57455516333096	32.6351137159808	40.2720495124524	3	2
7.49989619205237	35.7027952860836	38.5822299961806	6.80718178461391	32.8494793207033	40.5488021818461	5.33001276934728	35.6966637366412	38.6305189801324	3	2
0.360516218110868	5.03656953943392	27.0273394690834	0.0037021	2.3981	21.682	-1.46759025063153	1.90139015715052	21.753773367303	3	2
0.575557054515105	7.51397997129528	32.0019248923406	0.360516218110868	5.03656953943392	27.0273394690834	-1.28106934843837	5.06737164398531	26.9073880286901	3	2
0.899283375925128	10.2752696011933	35.30480236375	0.575557054515105	7.51397997129528	32.0019248923406	-2.10346813675514	7.03521641655415	31.9247949001775	3	2
1.47399763301589	13.7804067300256	38.4951383007288	0.899283375925128	10.2752696011933	35.30480236375	-1.13090226191776	10.4920855258445	34.6019150749802	3	2
1.75460580160915	17.0603512710546	40.313857980474	1.47399763301589	13.7804067300256	38.4951383007288	-1.49714311251865	12.2314392799648	40.0526753015338	3	2
2.4902477044971	20.6015450356323	41.9700629413504	1.75460580160915	17.0603512710546	40.313857980474	-1.21038102008276	17.7749413632386	39.2725855342114	3	2
3.62670100491522	26.024302215243	42.3984813781032	2.4902477044971	20.6015450356323	41.9700629413504	-0.0351685467585556	20.7282286589159	41.6549702248595	3	2
4.25579778939417	29.3584707573524	41.5511828129175	3.62670100491522	26.024302215243	42.3984813781032	2.34070677650934	25.7035718326737	41.8901109361972	3	2
5.57455516333096	32.6351137159808	40.2720495124524	4.25579778939417	29.3584707573524	41.5511828129175	3.34872008728272	30.2293750767612	42.2322622493765	3	2
5.33001276934728	35.6966637366412	38.6305189801324	5.57455516333096	32.6351137159808	40.2720495124524	4.13394839825976	33.134039765989	40.8763714341582	3	2
5.31354107686639	40.9496525265863	34.7013024913069	5.33001276934728	35.6966637366412	38.6305189801324	4.82494698198373	36.8325014901316	39.9840580405886	3	2
-1.46759025063153	1.90139015715052	21.753773367303	-1.28106934843837	5.06737164398531	26.9073880286901	0.360516218110868	5.03656953943392	27.0273394690834	3	2
-1.28106934843837	5.06737164398531	26.9073880286901	-2.10346813675514	7.03521641655415	31.9247949001775	0.575557054515105	7.51397997129528	32.0019248923406	3	2
-2.10346813675514	7.03521641655415	31.9247949001775	-1.13090226191776	10.4920855258445	34.6019150749802	0.899283375925128	10.2752696011933	35.30480236375	3	2
-1.13090226191776	10.4920855258445	34.6019150749802	-1.49714311251865	12.2314392799648	40.0526753015338	1.47399763301589	13.7804067300256	38.4951383007288	3	2
-1.49714311251865	12.2314392799648	40.0526753015338	-1.21038102008276	17.7749413632386	39.2725855342114	1.75460580160915	17.0603512710546	40.313857980474	3	2
-1.21038102008276	17.7749413632386	39.2725855342114	-0.0351685467585556	20.7282286589159	41.6549702248595	2.4902477044971	20.6015450356323	41.9700629413504	3	2
-0.0351685467585556	20.7282286589159	41.6549702248595	2.34070677650934	25.7035718326737	41.8901109361972	3.62670100491522	26.024302215243	42.3984813781032	3	2
2.34070677650934	25.7035718326737	41.8901109361972	3.34872008728272	30.2293750767612	42.2322622493765	4.25579778939417	29.3584707573524	41.5511828129175	3	2
3.34872008728272	30.2293750767612	42.2322622493765	4.13394839825976	33.134039765989	40.8763714341582	5.57455516333096	32.6351137159808	40.2720495124524	3	2
4.13394839825976	33.134039765989	40.8763714341582	4.82494698198373	36.8325014901316	39.9840580405886	5.33001276934728	35.6966637366412	38.6305189801324	3	2
0.23953	-1.8413	25.174	0.687812494729753	-3.5074885185317	29.3258825785458	0.996143176711404	-2.58361791305879	25.3821942354599	4	2
0.687812494729753	-3.5074885185317	29.3258825785458	1.21592288166357	-5.20164005486861	33.8958923054107	1.25595532636929	-2.83612037811999	29.7077519349974	4	2
1.21592288166357	-5.20164005486861	33.8958923054107	2.02682608286738	-7.1308865866496	38.1841312747183	1.81648467835852	-3.0885922010119	34.2304471075913	4	2
2.02682608286738	-7.1308865866496	38.1841312747183	2.86649328143387	-9.68094129119233	41.4495404756441	3.30510428590513	-7.03606123645136	38.7651758501154	4	2
2.86649328143387	-9.68094129119233	41.4495404756441	3.1051450078101	-12.8890956747913	45.4834451057131	3.07326029426872	-9.53040078412691	41.8524121278311	4	2
3.1051450078101	-12.8890956747913	45.4834451057131	4.41563299428415	-16.025443293277	48.0979229394931	5.0746121552879	-11.8988096122175	46.9873473330131	4	2
4.41563299428415	-16.025443293277	48.0979229394931	5.86634257589696	-18.7925091924392	50.5692767849613	5.0193717567945	-15.5990839030065	48.5532953881224	4	2
5.86634257589696	-18.7925091924392	50.5692767849613	7.74189364607013	-22.2417894640816	52.0912007912212	8.26232780057445	-18.2703738790392	51.563795300439	4	2
7.74189364607013	-22.2417894640816	52.0912007912212	9.92038165790347	-25.9527412015294	52.5300612982527	10.8117568137288	-22.3128110396932	52.3426693332908	4	2
9.92038165790347	-25.9527412015294	52.5300612982527	12.1751424434382	-29.8815186722644	53.1627732275378	12.0408123229358	-26.4881662598533	51.8137039839817	4	2
12.1751424434382	-29.8815186722644	53.1627732275378	14.8206902393064	-34.7737062431887	53.8842741843431	13.4207891838635	-29.1788890423822	54.4182877839167	4	2
1.25595532636929	-2.83612037811999	29.7077519349974	0.996143176711404	-2.58361791305879	25.3821942354599	0.687812494729753	-3.5074885185317	29.3258825785458	4	2
1.81648467835852	-3.0885922010119	34.2304471075913	1.25595532636929	-2.83612037811999	29.7077519349974	1.21592288166357	-5.20164005486861	33.8958923054107	4	2
3.30510428590513	-7.03606123645136	38.7651758501154	1.81648467835852	-3.0885922010119	34.2304471075913	2.02682608286738	-7.1308865866496	38.1841312747183	4	2
3.07326029426872	-9.53040078412691	41.8524121278311	3.30510428590513	-7.03606123645136	38.7651758501154	2.86649328143387	-9.68094129119233	41.4495404756441	4	2
5.0746121552879	-11.8988096122175	46.9873473330131	3.07326029426872	-9.53040078412691	41.8524121278311	3.1051450078101	-12.8890956747913	45.4834451057131	4	2
5.0193717567945	-15.5990839030065	48.5532953881224	5.0746121552879	-11.8988096122175	46.9873473330131	4.41563299428415	-16.025443293277	48.0979229394931	4	2
8.26232780057445	-18.2703738790392	51.563795300439	5.0193717567945	-15.5990839030065	48.5532953881224	5.86634257589696	-18.7925091924392	50.5692767849613	4	2
10.8117568137288	-22.3128110396932	52.3426693332908	8.26232780057445	-18.2703738790392	51.563795300439	7.74189364607013	-22.2417894640816	52.0912007912212	4	2
12.0408123229358	-26.4881662598533	51.8137039839817	10.8117568137288	-22.3128110396932	52.3426693332908	9.92038165790347	-25.9527412015294	52.5300612982527	4	2
13.4207891838635	-29.1788890423822	54.4182877839167	12.0408123229358	-26.4881662598533	51.8137039839817	12.1751424434382	-29.8815186722644	53.1627732275378	4	2
0.687812494729753	-3.5074885185317	29.3258825785458	0.23953	-1.8413	25.174	-1.69404635831604	-2.08356749278065	24.8970042285466	4	2
1.21592288166357	-5.20164005486861	33.8958923054107	0.687812494729753	-3.5074885185317	29.3258825785458	-1.43252598546971	-2.9844307025411	29.2813682772869	4	2
2.02682608286738	-7.1308865866496	38.1841312747183	1.21592288166357	-5.20164005486861	33.8958923054107	-2.09980537907924	-4.74800673941555	33.6991805212631	4	2
2.86649328143387	-9.68094129119233	41.4495404756441	2.02682608286738	-7.1308865866496	38.1841312747183	-1.04093915811212	-7.97818969973181	37.244929973985	4	2
3.1051450078101	-12.8890956747913	45.4834451057131	2.86649328143387	-9.68094129119233	41.4495404756441	-1.36091398063408	-8.16723759840427	41.7868960314825	4	2
4.41563299428415	-16.025443293277	48.0979229394931	3.1051450078101	-12.8890956747913	45.4834451057131	0.484126086426022	-12.7787600640367	44.8407642309813	4	2
5.86634257589696	-18.7925091924392	50.5692767849613	4.41563299428415	-16.025443293277	48.0979229394931	3.26021127652075	-15.5645223842016	48.0133072807895	4	2
7.74189364607013	-22.2417894640816	52.0912007912212	5.86634257589696	-18.7925091924392	50.5692767849613	5.15565668841463	-18.8304147127302	49.9080627871778	4	2
9.92038165790347	-25.9527412015294	52.5300612982527	7.74189364607013	-22.2417894640816	52.0912007912212	5.95379361040553	-21.9555558633102	51.9360893853037	4	2
12.1751424434382	-29.8815186722644	53.1627732275378	9.92038165790347	-25.9527412015294	52.5300612982527	8.62335569521571	-25.7640724543567	52.5122288571922	4	2
14.8206902393064	-34.7737062431887	53.8842741843431	12.1751424434382	-29.8815186722644	53.1627732275378	11.3605920040091	-29.7045255430833	52.8412098374439	4	2
-1.69404635831604	-2.08356749278065	24.8970042285466	-1.43252598546971	-2.9844307025411	29.2813682772869	0.687812494729753	-3.5074885185317	29.3258825785458	4	2
-1.43252598546971	-2.9844307025411	29.2813682772869	-2.09980537907924	-4.74800673941555	33.6991805212631	1.21592288166357	-5.20164005486861	33.8958923054107	4	2
-2.09980537907924	-4.74800673941555	33.6991805212631	-1.04093915811212	-7.97818969973181	37.244929973985	2.02682608286738	-7.1308865866496	38.1841312747183	4	2
-1.04093915811212	-7.97818969973181	37.244929973985	-1.36091398063408	-8.16723759840427	41.7868960314825	2.86649328143387	-9.68094129119233	41.4495404756441	4	2
-1.36091398063408	-8.16723759840427	41.7868960314825	0.484126086426022	-12.7787600640367	44.8407642309813	3.1051450078101	-12.8890956747913	45.4834451057131	4	2
0.484126086426022	-12.7787600640367	44.8407642309813	3.26021127652075	-15.5645223842016	48.0133072807895	4.41563299428415	-16.025443293277	48.0979229394931	4	2
3.26021127652075	-15.5645223842016	48.0133072807895	5.15565668841463	-18.8304147127302	49.9080627871778	5.86634257589696	-18.7925091924392	50.5692767849613	4	2
5.15565668841463	-18.8304147127302	49.9080627871778	5.95379361040553	-21.9555558633102	51.9360893853037	7.74189364607013	-22.2417894640816	52.0912007912212	4	2
5.95379361040553	-21.9555558633102	51.9360893853037	8.62335569521571	-25.7640724543567	52.5122288571922	9.92038165790347	-25.9527412015294	52.5300612982527	4	2
8.62335569521571	-25.7640724543567	52.5122288571922	11.3605920040091	-29.7045255430833	52.8412098374439	12.1751424434382	-29.8815186722644	53.1627732275378	4	2
-0.096448	-0.21984	26.534	-0.585811976354399	0.881837861241125	30.0681676867124	0.766499989203347	1.19991695720113	26.1118652315754	5	2
-0.585811976354399	0.881837861241125	30.0681676867124	-0.894082721131713	2.77998359871818	34.3422484717715	2.32442329267083	2.5084993149288	29.2825881528596	5	2
-0.894082721131713	2.77998359871818	34.3422484717715	-1.45968839831157	4.94968655055629	38.6560849091816	0.782700275990217	2.5877822903182	33.9974742556356	5	2
-1.45968839831157	4.94968655055629	38.6560849091816	-2.07635191630682	6.92404864756228	41.8212226100534	-0.39135296670628	4.97208241229222	39.0688003163981	5	2
-2.07635191630682	6.92404864756228	41.8212226100534	-2.73250175421683	9.35807368453504	45.2048070599527	1.08968552954123	7.63719549526994	41.629230784205	5	2
-2.73250175421683	9.35807368453504	45.2048070599527	-4.44799960568809	14.1159064688407	49.0696036352182	0.499486968368483	9.24150512576224	44.8146715313386	5	2
-4.44799960568809	14.1159064688407	49.0696036352182	-5.95265585358376	16.8644977210025	50.6667572108671	-2.41206937819046	13.2868036312836	49.5352570294034	5	2
2.32442329267083	2.5084993149288	29.2825881528596	0.766499989203347	1.19991695720113	26.1118652315754	-0.585811976354399	0.881837861241125	30.0681676867124	5	2
0.782700275990217	2.5877822903182	33.9974742556356	2.32442329267083	2.5084993149288	29.2825881528596	-0.894082721131713	2.77998359871818	34.3422484717715	5	2
-0.39135296670628	4.97208241229222	39.0688003163981	0.782700275990217	2.5877822903182	33.9974742556356	-1.45968839831157	4.94968655055629	38.6560849091816	5	2
1.08968552954123	7.63719549526994	41.629230784205	-0.39135296670628	4.97208241229222	39.0688003163981	-2.07635191630682	6.92404864756228	41.8212226100534	5	2
0.499486968368483	9.24150512576224	44.8146715313386	1.08968552954123	7.63719549526994	41.629230784205	-2.73250175421683	9.35807368453504	45.2048070599527	5	2
-2.41206937819046	13.2868036312836	49.5352570294034	0.499486968368483	9.24150512576224	44.8146715313386	-4.44799960568809	14.1159064688407	49.0696036352182	5	2
-0.585811976354399	0.881837861241125	30.0681676867124	-0.096448	-0.21984	26.534	-1.22066890262145	0.400420780037825	26.6235977302161	5	2
-0.894082721131713	2.77998359871818	34.3422484717715	-0.585811976354399	0.881837861241125	30.0681676867124	-2.56890080645839	-1.23901292638458	30.6356649502689	5	2
-1.45968839831157	4.94968655055629	38.6560849091816	-0.894082721131713	2.77998359871818	34.3422484717715	-3.35877207630728	1.34077278334834	35.159845451589	5	2
-2.07635191630682	6.92404864756228	41.8212226100534	-1.45968839831157	4.94968655055629	38.6560849091816	-3.97220721896425	3.60898157697108	39.216066087142	5	2
-2.73250175421683	9.35807368453504	45.2048070599527	-2.07635191630682	6.92404864756228	41.8212226100534	-3.73635087575962	4.715944457654	43.1099307504502	5	2
-4.44799960568809	14.1159064688407	49.0696036352182	-2.73250175421683	9.35807368453504	45.2048070599527	-3.69430622025339	8.0583982888101	46.5688428530532	5	2
-5.95265585358376	16.8644977210025	50.6667572108671	-4.44799960568809	14.1159064688407	49.0696036352182	-5.0963876962832	13.9045494382323	49.000939965153	5	2
-1.22066890262145	0.400420780037825	26.6235977302161	-2.56890080645839	-1.23901292638458	30.6356649502689	-0.585811976354399	0.881837861241125	30.0681676867124	5	2
-2.56890080645839	-1.23901292638458	30.6356649502689	-3.35877207630728	1.34077278334834	35.159845451589	-0.894082721131713	2.77998359871818	34.3422484717715	5	2
-3.35877207630728	1.34077278334834	35.159845451589	-3.97220721896425	3.60898157697108	39.216066087142	-1.45968839831157	4.94968655055629	38.6560849091816	5	2
-3.97220721896425	3.60898157697108	39.216066087142	-3.73635087575962	4.715944457654	43.1099307504502	-2.07635191630682	6.92404864756228	41.8212226100534	5	2
-3.73635087575962	4.715944457654	43.1099307504502	-3.69430622025339	8.0583982888101	46.5688428530532	-2.73250175421683	9.35807368453504	45.2048070599527	5	2
-3.69430622025339	8.0583982888101	46.5688428530532	-5.0963876962832	13.9045494382323	49.000939965153	-4.44799960568809	14.1159064688407	49.0696036352182	5	2
0.66812	-1.503	30.237	0.639903484431588	-2.06867913199215	34.6712342074227	2.01332900425387	-0.874162177705711	30.5096955271479	6	2
0.639903484431588	-2.06867913199215	34.6712342074227	0.447955235483567	-2.95451226226512	38.9663782247912	2.05114489317133	-3.19623379144545	34.3775126620717	6	2
0.447955235483567	-2.95451226226512	38.9663782247912	0.549587116237445	-4.5369019657418	42.7683091265891	2.32351592252494	-3.15993136827501	39.2750610085855	6	2
0.549587116237445	-4.5369019657418	42.7683091265891	1.15620832108758	-7.17537797126689	46.6799129424292	2.10565138847401	-2.0380773844851	43.9980733083639	6	2
1.15620832108758	-7.17537797126689	46.6799129424292	2.06489599112203	-10.1276841172306	50.0658197794275	2.44650905320053	-4.81681475764673	48.8674412389471	6	2
2.06489599112203	-10.1276841172306	50.0658197794275	3.9525665235241	-13.3050075421784	53.3666685224599	4.17741576264294	-8.79599855161608	51.3324763111152	6	2
3.9525665235241	-13.3050075421784	53.3666685224599	5.54269738937937	-16.6331930021781	54.5174866068247	5.48296714318864	-12.7783717214092	54.634421122778	6	2
5.54269738937937	-16.6331930021781	54.5174866068247	10.9996358287464	-22.676899149364	55.4297327169429	7.78025738269451	-16.2183343380388	56.8937860250597	6	2
10.9996358287464	-22.676899149364	55.4297327169429	12.3074100882913	-24.2386770768801	55.4292954577552	11.514577658139	-23.1754108244985	56.9030018783986	6	2
2.05114489317133	-3.19623379144545	34.3775126620717	2.01332900425387	-0.874162177705711	30.5096955271479	0.639903484431588	-2.06867913199215	34.6712342074227	6	2
2.32351592252494	-3.15993136827501	39.2750610085855	2.05114489317133	-3.19623379144545	34.3775126620717	0.447955235483567	-2.95451226226512	38.9663782247912	6	2
2.10565138847401	-2.0380773844851	43.9980733083639	2.32351592252494	-3.15993136827501	39.2750610085855	0.549587116237445	-4.5369019657418	42.7683091265891	6	2
2.44650905320053	-4.81681475764673	48.8674412389471	2.10565138847401	-2.0380773844851	43.9980733083639	1.15620832108758	-7.17537797126689	46.6799129424292	6	2
4.17741576264294	-8.79599855161608	51.3324763111152	2.44650905320053	-4.81681475764673	48.8674412389471	2.06489599112203	-10.1276841172306	50.0658197794275	6	2
5.48296714318864	-12.7783717214092	54.634421122778	4.17741576264294	-8.79599855161608	51.3324763111152	3.9525665235241	-13.3050075421784	53.3666685224599	6	2
7.78025738269451	-16.2183343380388	56.8937860250597	5.48296714318864	-12.7783717214092	54.634421122778	5.54269738937937	-16.6331930021781	54.5174866068247	6	2
11.514577658139	-23.1754108244985	56.9030018783986	7.78025738269451	-16.2183343380388	56.8937860250597	10.9996358287464	-22.676899149364	55.4297327169429	6	2
0.639903484431588	-2.06867913199215	34.6712342074227	0.66812	-1.503	30.237	-2.93701054263982	-1.09919576441896	30.6044979812902	6	2
0.447955235483567	-2.95451226226512	38.9663782247912	0.639903484431588	-2.06867913199215	34.6712342074227	-1.3956025436984	-1.35151661281798	34.8473731597821	6	2
0.549587116237445	-4.5369019657418	42.7683091265891	0.447955235483567	-2.95451226226512	38.9663782247912	-2.84486256432227	-2.81837845229295	39.1283426652228	6	2
1.15620832108758	-7.17537797126689	46.6799129424292	0.549587116237445	-4.5369019657418	42.7683091265891	-3.39862538067527	-4.81311272078046	42.1956187844117	6	2
2.06489599112203	-10.1276841172306	50.0658197794275	1.15620832108758	-7.17537797126689	46.6799129424292	-2.19641176078856	-7.35262104502184	45.9821009266207	6	2
3.9525665235241	-13.3050075421784	53.3666685224599	2.06489599112203	-10.1276841172306	50.0658197794275	-0.875316051816913	-9.22467668839742	50.3070998004173	6	2
5.54269738937937	-16.6331930021781	54.5174866068247	3.9525665235241	-13.3050075421784	53.3666685224599	1.99318935724405	-12.8774231029439	53.3580645940041	6	2
10.9996358287464	-22.676899149364	55.4297327169429	5.54269738937937	-16.6331930021781	54.5174866068247	4.62677329915513	-16.1644882358484	54.403349570913	6	2
12.3074100882913	-24.2386770768801	55.4292954577552	10.9996358287464	-22.676899149364	55.4297327169429	9.97280784532739	-22.2544358927123	56.727372412408	6	2
-2.93701054263982	-1.09919576441896	30.6044979812902	-1.3956025436984	-1.35151661281798	34.8473731597821	0.639903484431588	-2.06867913199215	34.6712342074227	6	2
-1.3956025436984	-1.35151661281798	34.8473731597821	-2.84486256432227	-2.81837845229295	39.1283426652228	0.447955235483567	-2.95451226226512	38.9663782247912	6	2
-2.84486256432227	-2.81837845229295	39.1283426652228	-3.39862538067527	-4.81311272078046	42.1956187844117	0.549587116237445	-4.5369019657418	42.7683091265891	6	2
-3.39862538067527	-4.81311272078046	42.1956187844117	-2.19641176078856	-7.35262104502184	45.9821009266207	1.15620832108758	-7.17537797126689	46.6799129424292	6	2
-2.19641176078856	-7.35262104502184	45.9821009266207	-0.875316051816913	-9.22467668839742	50.3070998004173	2.06489599112203	-10.1276841172306	50.0658197794275	6	2
-0.875316051816913	-9.22467668839742	50.3070998004173	1.99318935724405	-12.8774231029439	53.3580645940041	3.9525665235241	-13.3050075421784	53.3666685224599	6	2
1.99318935724405	-12.8774231029439	53.3580645940041	4.62677329915513	-16.1644882358484	54.403349570913	5.54269738937937	-16.6331930021781	54.5174866068247	6	2
4.62677329915513	-16.1644882358484	54.403349570913	9.97280784532739	-22.2544358927123	56.727372412408	10.9996358287464	-22.676899149364	55.4297327169429	6	2
0.48025	-0.065238	32.487	-1.2776	-1.5731	35.774	0.80535	-0.11254	32.763	7	2
-1.2776	-1.5731	35.774	-3.7106	-3.0051	39.413	0.6961	-0.59294	36.29	7	2
0.6961	-0.59294	36.29	0.80535	-0.11254	32.763	-1.2776	-1.5731	35.774	7	2
-1.2776	-1.5731	35.774	0.48025	-0.065238	32.487	-3.3403	-1.2828	30.858	7	2
-3.7106	-3.0051	39.413	-1.2776	-1.5731	35.774	-3.4174	-1.3611	35.729	7	2
-3.3403	-1.2828	30.858	-3.4174	-1.3611	35.729	-1.2776	-1.5731	35.774	7	2
1.6541	2.9057	32.832	1.68554115937699	4.85790020330852	37.6278507837191	3.0042081320422	2.73276025549551	32.9035340937192	8	2
1.68554115937699	4.85790020330852	37.6278507837191	2.77144231296467	6.52102079258032	42.1093540092203	3.21035474378363	2.41761378738318	37.8862698059665	8	2
2.77144231296467	6.52102079258032	42.1093540092203	3.9037704251957	8.18511808307098	45.1801536288687	5.45401020764825	5.09447262924408	42.839405136262	8	2
3.9037704251957	8.18511808307098	45.1801536288687	6.43562997396388	11.4570942843747	49.7815135564785	6.63240083385952	6.94222834063902	46.4726444764465	8	2
6.43562997396388	11.4570942843747	49.7815135564785	8.68391334308175	14.1297213316767	51.9649280769436	8.78022448202813	10.5797227630442	51.1504815058159	8	2
8.68391334308175	14.1297213316767	51.9649280769436	11.6804306194379	17.5616466065022	53.2774733639766	11.9157311967537	14.1954727529074	52.874078736237	8	2
11.6804306194379	17.5616466065022	53.2774733639766	14.4999191228893	22.1147682938731	52.8211363406059	14.1070063925231	17.7816510512333	53.3402592045344	8	2
14.4999191228893	22.1147682938731	52.8211363406059	15.8896495126221	25.6883679550058	51.0353530654558	16.5510955219976	22.8092472231213	53.4643481226583	8	2
15.8896495126221	25.6883679550058	51.0353530654558	16.5552538136499	28.52605872438	49.0942330248964	17.1122995851118	25.5444662512946	51.2363533139878	8	2
3.21035474378363	2.41761378738318	37.8862698059665	3.0042081320422	2.73276025549551	32.9035340937192	1.68554115937699	4.85790020330852	37.6278507837191	8	2
5.45401020764825	5.09447262924408	42.839405136262	3.21035474378363	2.41761378738318	37.8862698059665	2.77144231296467	6.52102079258032	42.1093540092203	8	2
6.63240083385952	6.94222834063902	46.4726444764465	5.45401020764825	5.09447262924408	42.839405136262	3.9037704251957	8.18511808307098	45.1801536288687	8	2
8.78022448202813	10.5797227630442	51.1504815058159	6.63240083385952	6.94222834063902	46.4726444764465	6.43562997396388	11.4570942843747	49.7815135564785	8	2
11.9157311967537	14.1954727529074	52.874078736237	8.78022448202813	10.5797227630442	51.1504815058159	8.68391334308175	14.1297213316767	51.9649280769436	8	2
14.1070063925231	17.7816510512333	53.3402592045344	11.9157311967537	14.1954727529074	52.874078736237	11.6804306194379	17.5616466065022	53.2774733639766	8	2
16.5510955219976	22.8092472231213	53.4643481226583	14.1070063925231	17.7816510512333	53.3402592045344	14.4999191228893	22.1147682938731	52.8211363406059	8	2
17.1122995851118	25.5444662512946	51.2363533139878	16.5510955219976	22.8092472231213	53.4643481226583	15.8896495126221	25.6883679550058	51.0353530654558	8	2
1.68554115937699	4.85790020330852	37.6278507837191	1.6541	2.9057	32.832	0.366019416224437	0.570147889505443	33.7502212592643	8	2
2.77144231296467	6.52102079258032	42.1093540092203	1.68554115937699	4.85790020330852	37.6278507837191	-0.744986741577358	4.73906185324313	37.5158541224467	8	2
3.9037704251957	8.18511808307098	45.1801536288687	2.77144231296467	6.52102079258032	42.1093540092203	0.218628000436974	7.17683120763456	41.6329035550698	8	2
6.43562997396388	11.4570942843747	49.7815135564785	3.9037704251957	8.18511808307098	45.1801536288687	0.14730263577396	8.48021878408028	44.7448136630939	8	2
8.68391334308175	14.1297213316767	51.9649280769436	6.43562997396388	11.4570942843747	49.7815135564785	2.97383860879866	11.3765207667391	49.4143796676541	8	2
11.6804306194379	17.5616466065022	53.2774733639766	8.68391334308175	14.1297213316767	51.9649280769436	6.10659274027664	14.2140947469339	50.8594289466164	8	2
14.4999191228893	22.1147682938731	52.8211363406059	11.6804306194379	17.5616466065022	53.2774733639766	8.92402650515917	17.0129260688478	53.7410651783384	8	2
15.8896495126221	25.6883679550058	51.0353530654558	14.4999191228893	22.1147682938731	52.8211363406059	13.8199950976756	22.5571570271926	53.8201781458219	8	2
16.5552538136499	28.52605872438	49.0942330248964	15.8896495126221	25.6883679550058	51.0353530654558	15.6968320590891	26.3337158355506	51.2282430410621	8	2
0.366019416224437	0.570147889505443	33.7502212592643	-0.744986741577358	4.73906185324313	37.5158541224467	1.68554115937699	4.85790020330852	37.6278507837191	8	2
-0.744986741577358	4.73906185324313	37.5158541224467	0.218628000436974	7.17683120763456	41.6329035550698	2.77144231296467	6.52102079258032	42.1093540092203	8	2
0.218628000436974	7.17683120763456	41.6329035550698	0.14730263577396	8.48021878408028	44.7448136630939	3.9037704251957	8.18511808307098	45.1801536288687	8	2
0.14730263577396	8.48021878408028	44.7448136630939	2.97383860879866	11.3765207667391	49.4143796676541	6.43562997396388	11.4570942843747	49.7815135564785	8	2
2.97383860879866	11.3765207667391	49.4143796676541	6.10659274027664	14.2140947469339	50.8594289466164	8.68391334308175	14.1297213316767	51.9649280769436	8	2
6.10659274027664	14.2140947469339	50.8594289466164	8.92402650515917	17.0129260688478	53.7410651783384	11.6804306194379	17.5616466065022	53.2774733639766	8	2
8.92402650515917	17.0129260688478	53.7410651783384	13.8199950976756	22.5571570271926	53.8201781458219	14.4999191228893	22.1147682938731	52.8211363406059	8	2
13.8199950976756	22.5571570271926	53.8201781458219	15.6968320590891	26.3337158355506	51.2282430410621	15.8896495126221	25.6883679550058	51.0353530654558	8	2
