-0.3475	-0.70784	0.031499	-0.41155	-0.34074	1.0263	-0.22515	-0.60134	1.8261	0	0
-0.41155	-0.34074	0	-0.087748	-0.21784	1.0423	-0.37868	0.45443	1.0936	0	0
-0.41155	-0.34074	0	-0.087748	-0.21784	1.0423	-0.1292	-0.21974	1.7978	0	0
-0.41155	-0.34074	0	-0.37868	0.45443	1.0936	-0.36431	0.45368	1.7658	0	0
-0.41155	-0.34074	0	-0.22515	-0.60134	1.8261	-0.1292	-0.21974	1.7978	0	0
-0.087748	-0.21784	0.015999	-0.37868	0.45443	1.0936	0.077885	0.65153	1.042	0	0
-0.087748	-0.21784	0.015999	0.077885	0.65153	1.042	0.58995	0.54246	1.7331	0	0
-0.087748	-0.21784	0.015999	-0.1292	-0.21974	1.7978	0.58995	0.54246	1.7331	0	0
-0.37868	0.45443	0.0673	0.077885	0.65153	1.042	0.090202	1.1281	1.0615	0	0
-0.37868	0.45443	0.0673	-0.36431	0.45368	1.7658	-0.23335	1.161	2.1406	0	0
-0.37868	0.45443	0.0673	0.090202	1.1281	1.0615	-0.23335	1.161	2.1406	0	0
-0.22515	-0.60134	0.79975	-0.1292	-0.21974	1.7978	0.21832	-0.029304	2.3827	0	0
-0.22515	-0.60134	0.79975	-0.15305	-0.60444	2.5182	0.21832	-0.029304	2.3827	0	0
0.077885	0.65153	0.015633	0.090202	1.1281	1.0615	0.65045	1.0875	1.0299	0	0
0.077885	0.65153	0.015633	0.65045	1.0875	1.0299	0.58995	0.54246	1.7331	0	0
-0.1292	-0.21974	0.77145	-0.36431	0.45368	1.7658	-0.53225	-0.15794	2.129	0	0
-0.1292	-0.21974	0.77145	-0.36431	0.45368	1.7658	0.17911	0.61674	1.8577	0	0
-0.1292	-0.21974	0.77145	-0.53225	-0.15794	2.129	-0.15305	-0.60444	2.5182	0	0
-0.1292	-0.21974	0.77145	0.58995	0.54246	1.7331	0.21832	-0.029304	2.3827	0	0
-0.36431	0.45368	0.7395	-0.53225	-0.15794	2.129	-0.33152	0.41281	2.5918	0	0
-0.36431	0.45368	0.7395	-0.33152	0.41281	2.5918	-0.23335	1.161	2.1406	0	0
0.090202	1.1281	0.03515	0.65045	1.0875	1.0299	0.2262	1.2084	1.817	0	0
0.090202	1.1281	0.03515	0.2262	1.2084	1.817	-0.23335	1.161	2.1406	0	0
-0.53225	-0.15794	1.1027	-0.33152	0.41281	2.5918	-0.13415	-0.24834	3.0499	0	0
0.65045	1.0875	0.003549	0.58995	0.54246	1.7331	0.65255	1.1118	1.7913	0	0
0.65045	1.0875	0.003549	0.2262	1.2084	1.817	0.65255	1.1118	1.7913	0	0
0.58995	0.54246	0.7068	0.17911	0.61674	1.8577	0.21832	-0.029304	2.3827	0	0
0.58995	0.54246	0.7068	0.17911	0.61674	1.8577	0.65255	1.1118	1.7913	0	0
0.17911	0.61674	0.83138	0.21832	-0.029304	2.3827	0.1928	0.65786	2.5434	0	0
0.17911	0.61674	0.83138	0.2262	1.2084	1.817	0.65255	1.1118	1.7913	0	0
0.17911	0.61674	0.83138	0.2262	1.2084	1.817	-0.23335	1.161	2.1406	0	0
0.17911	0.61674	0.83138	0.1928	0.65786	2.5434	-0.23335	1.161	2.1406	0	0
-0.15305	-0.60444	1.4919	0.21832	-0.029304	2.3827	-0.13415	-0.24834	3.0499	0	0
-0.15305	-0.60444	1.4919	-0.13415	-0.24834	3.0499	-0.20925	-0.38654	3.2845	0	0
0.21832	-0.029304	1.3563	0.1928	0.65786	2.5434	0.019302	0.37346	3.2258	0	0
0.21832	-0.029304	1.3563	-0.13415	-0.24834	3.0499	0.019302	0.37346	3.2258	0	0
-0.33152	0.41281	1.5654	0.019302	0.37346	3.2258	-0.19325	0.5944	3.2322	0	0
-0.33152	0.41281	1.5654	-0.19325	0.5944	3.2322	-0.24735	1.2865	3.1824	0	0
-0.33152	0.41281	1.5654	-0.23335	1.161	2.1406	-0.24735	1.2865	3.1824	0	0
0.1928	0.65786	1.5171	0.19635	1.1336	2.5602	0.59565	1.1524	2.462	0	0
0.1928	0.65786	1.5171	0.19635	1.1336	2.5602	-0.23335	1.161	2.1406	0	0
0.1928	0.65786	1.5171	0.59565	1.1524	2.462	0.58445	0.89706	3.0215	0	0
0.1928	0.65786	1.5171	0.019302	0.37346	3.2258	0.58445	0.89706	3.0215	0	0
-0.13415	-0.24834	2.0236	-0.20925	-0.38654	3.2845	0.019302	0.37346	3.2258	0	0
0.19635	1.1336	1.5339	0.58445	0.89706	3.0215	0.088202	1.1438	3.2618	0	0
0.19635	1.1336	1.5339	0.088202	1.1438	3.2618	-0.24735	1.2865	3.1824	0	0
0.19635	1.1336	1.5339	-0.23335	1.161	2.1406	-0.24735	1.2865	3.1824	0	0
-0.20925	-0.38654	2.2582	0.019302	0.37346	3.2258	-0.16545	-0.28084	4.0561	0	0
-0.20925	-0.38654	2.2582	-0.35048	-0.63784	3.8856	-0.16545	-0.28084	4.0561	0	0
0.019302	0.37346	2.1995	-0.19325	0.5944	3.2322	0.19198	0.45409	3.8968	0	0
0.019302	0.37346	2.1995	0.58445	0.89706	3.0215	0.5727	0.89226	3.8548	0	0
0.019302	0.37346	2.1995	-0.16545	-0.28084	4.0561	0.19198	0.45409	3.8968	0	0
-0.19325	0.5944	2.2059	0.19198	0.45409	3.8968	-0.17965	0.74516	4.0608	0	0
-0.19325	0.5944	2.2059	-0.24735	1.2865	3.1824	-0.17965	0.74516	4.0608	0	0
0.58445	0.89706	1.9952	0.088202	1.1438	3.2618	0.5727	0.89226	3.8548	0	0
0.088202	1.1438	2.2354	-0.24735	1.2865	3.1824	0.11245	1.1443	4.0705	0	0
0.088202	1.1438	2.2354	0.5727	0.89226	3.8548	0.11245	1.1443	4.0705	0	0
-0.35048	-0.63784	2.8592	-0.16545	-0.28084	4.0561	-0.2666	-0.57164	4.7374	0	0
-0.16545	-0.28084	3.0298	0.19198	0.45409	3.8968	0.12835	-0.030738	4.352	0	0
-0.16545	-0.28084	3.0298	0.12835	-0.030738	4.352	-0.15805	-0.24374	4.5619	0	0
-0.16545	-0.28084	3.0298	-0.15805	-0.24374	4.5619	-0.2666	-0.57164	4.7374	0	0
0.19198	0.45409	2.8704	0.5727	0.89226	3.8548	0.2311	0.63296	4.6118	0	0
0.19198	0.45409	2.8704	-0.17965	0.74516	4.0608	-0.1763	0.49556	4.57	0	0
0.19198	0.45409	2.8704	0.12835	-0.030738	4.352	0.2311	0.63296	4.6118	0	0
-0.24735	1.2865	2.1561	-0.17965	0.74516	4.0608	-0.41335	1.134	4.6148	0	0
-0.24735	1.2865	2.1561	0.11245	1.1443	4.0705	-0.41335	1.134	4.6148	0	0
0.5727	0.89226	2.8285	0.11245	1.1443	4.0705	0.23795	1.2918	4.5479	0	0
0.5727	0.89226	2.8285	0.2311	0.63296	4.6118	0.60185	0.89616	4.6843	0	0
0.5727	0.89226	2.8285	0.23795	1.2918	4.5479	0.60185	0.89616	4.6843	0	0
-0.17965	0.74516	3.0345	-0.1763	0.49556	4.57	-0.41335	1.134	4.6148	0	0
0.12835	-0.030738	3.3257	-0.1763	0.49556	4.57	-0.15805	-0.24374	4.5619	0	0
0.12835	-0.030738	3.3257	0.2311	0.63296	4.6118	-0.13315	-0.26594	5.0635	0	0
0.11245	1.1443	3.0442	-0.41335	1.134	4.6148	0.23795	1.2918	4.5479	0	0
-0.1763	0.49556	3.5437	-0.15805	-0.24374	4.5619	-0.13315	-0.26594	5.0635	0	0
-0.1763	0.49556	3.5437	-0.13315	-0.26594	5.0635	-0.39075	0.5507	5.3515	0	0
-0.1763	0.49556	3.5437	-0.41335	1.134	4.6148	-0.39075	0.5507	5.3515	0	0
-0.15805	-0.24374	3.5356	-0.2666	-0.57164	4.7374	-0.13315	-0.26594	5.0635	0	0
-0.2666	-0.57164	3.7111	-0.13315	-0.26594	5.0635	-0.40125	-0.59064	5.3859	0	0
0.2311	0.63296	3.5854	-0.13315	-0.26594	5.0635	0.035852	0.38686	5.6041	0	0
0.2311	0.63296	3.5854	0.035852	0.38686	5.6041	0.60185	0.89616	4.6843	0	0
-0.13315	-0.26594	4.0372	-0.36955	-0.2854	5.3799	-0.40125	-0.59064	5.3859	0	0
-0.13315	-0.26594	4.0372	-0.36955	-0.2854	5.3799	0.035852	0.38686	5.6041	0	0
-0.41335	1.134	3.5884	0.23795	1.2918	4.5479	-0.40672	1.1238	5.295	0	0
-0.41335	1.134	3.5884	-0.39075	0.5507	5.3515	-0.40672	1.1238	5.295	0	0
0.23795	1.2918	3.5216	0.2735	1.0969	5.3112	0.60185	0.89616	4.6843	0	0
0.23795	1.2918	3.5216	0.2735	1.0969	5.3112	-0.40672	1.1238	5.295	0	0
-0.36955	-0.2854	4.3535	-0.40125	-0.59064	5.3859	-0.32761	-0.32944	6.058	0	0
-0.36955	-0.2854	4.3535	0.035852	0.38686	5.6041	-0.32761	-0.32944	6.058	0	0
-0.40125	-0.59064	4.3596	-0.32761	-0.32944	6.058	-0.45215	-0.71554	6.0998	0	0
-0.39075	0.5507	4.3252	0.035852	0.38686	5.6041	0.2735	1.0969	5.3112	0	0
-0.39075	0.5507	4.3252	0.2735	1.0969	5.3112	-0.40672	1.1238	5.295	0	0
0.035852	0.38686	4.5778	0.2735	1.0969	5.3112	0.32645	1.112	6.0266	0	0
0.035852	0.38686	4.5778	-0.32761	-0.32944	6.058	-0.1037	0.50781	6.0765	0	0
0.035852	0.38686	4.5778	0.32645	1.112	6.0266	-0.1037	0.50781	6.0765	0	0
0.2735	1.0969	4.2849	0.60185	0.89616	4.6843	0.32645	1.112	6.0266	0	0
-0.32761	-0.32944	5.0317	-0.45215	-0.71554	6.0998	-0.3167	-0.29826	6.6523	0	0
-0.32761	-0.32944	5.0317	-0.1037	0.50781	6.0765	-0.3167	-0.29826	6.6523	0	0
0.32645	1.112	5.0003	-0.1037	0.50781	6.0765	0.30095	1.1021	6.8031	0	0
-0.45215	-0.71554	5.0735	-0.3167	-0.29826	6.6523	-0.59195	-0.91369	6.7385	0	0
-0.1037	0.50781	5.0502	-0.3167	-0.29826	6.6523	-0.13598	0.39563	6.7364	0	0
-0.1037	0.50781	5.0502	-0.13598	0.39563	6.7364	0.30095	1.1021	6.8031	0	0
-0.3167	-0.29826	5.6259	-0.13598	0.39563	6.7364	-0.42788	-0.25034	7.4039	0	0
-0.3167	-0.29826	5.6259	-0.59195	-0.91369	6.7385	-0.42788	-0.25034	7.4039	0	0
-0.13598	0.39563	5.7101	0.30095	1.1021	6.8031	-0.11615	0.77816	7.5529	0	0
-0.13598	0.39563	5.7101	-0.42788	-0.25034	7.4039	-0.11615	0.77816	7.5529	0	0
-0.59195	-0.91369	5.7121	-0.42788	-0.25034	7.4039	-0.56585	-0.73734	7.548	0	0
-0.59195	-0.91369	5.7121	-0.94701	-1.0701	7.415	-0.56585	-0.73734	7.548	0	0
0.30095	1.1021	5.7767	-0.11615	0.77816	7.5529	0.2734	1.0952	7.5373	0	0
-0.42788	-0.25034	6.3776	-0.56585	-0.73734	7.548	-0.4124	-0.22374	8.0443	0	0
-0.42788	-0.25034	6.3776	-0.54988	0.3956	7.5862	-0.11615	0.77816	7.5529	0	0
-0.42788	-0.25034	6.3776	-0.54988	0.3956	7.5862	-0.4124	-0.22374	8.0443	0	0
-0.94701	-1.0701	6.3887	-0.56585	-0.73734	7.548	-0.62795	-0.78214	8.0021	0	0
-0.94701	-1.0701	6.3887	-0.62795	-0.78214	8.0021	-1.0538	-0.90764	8.1021	0	0
-0.56585	-0.73734	6.5217	-0.4124	-0.22374	8.0443	-0.62795	-0.78214	8.0021	0	0
-0.54988	0.3956	6.5599	-0.11615	0.77816	7.5529	-0.51378	1.1669	7.4114	0	0
-0.54988	0.3956	6.5599	-0.51378	1.1669	7.4114	-0.4791	1.2056	8.0208	0	0
-0.54988	0.3956	6.5599	-0.4124	-0.22374	8.0443	-0.4438	0.46864	8.0486	0	0
-0.54988	0.3956	6.5599	-0.4438	0.46864	8.0486	-0.4791	1.2056	8.0208	0	0
-0.11615	0.77816	6.5266	-0.51378	1.1669	7.4114	0.2734	1.0952	7.5373	0	0
-0.51378	1.1669	6.385	0.2734	1.0952	7.5373	0.026352	1.5502	7.4657	0	0
-0.51378	1.1669	6.385	0.026352	1.5502	7.4657	-0.28695	1.5502	7.7489	0	0
-0.51378	1.1669	6.385	-0.28695	1.5502	7.7489	-0.4791	1.2056	8.0208	0	0
0.2734	1.0952	6.511	-0.4124	-0.22374	8.0443	0.2581	1.0921	8.0847	0	0
0.2734	1.0952	6.511	0.026352	1.5502	7.4657	0.2581	1.0921	8.0847	0	0
-0.4124	-0.22374	7.0179	-0.62795	-0.78214	8.0021	-0.89135	-0.40644	8.3197	0	0
-0.4124	-0.22374	7.0179	-0.4438	0.46864	8.0486	-0.89135	-0.40644	8.3197	0	0
-0.4124	-0.22374	7.0179	0.2581	1.0921	8.0847	0.18565	0.81736	8.7878	0	0
-0.4124	-0.22374	7.0179	0.18565	0.81736	8.7878	-0.4245	-0.22426	8.8192	0	0
-0.62795	-0.78214	6.9758	-1.0538	-0.90764	8.1021	-0.89135	-0.40644	8.3197	0	0
-0.4438	0.46864	7.0223	-0.4791	1.2056	8.0208	-0.46324	0.48506	8.815	0	0
-0.4438	0.46864	7.0223	-0.89135	-0.40644	8.3197	-0.46324	0.48506	8.815	0	0
-1.0538	-0.90764	7.0758	-0.89135	-0.40644	8.3197	-0.54655	-0.74849	8.802	0	0
-1.0538	-0.90764	7.0758	-0.54655	-0.74849	8.802	-0.85995	-1.0273	9.7054	0	0
0.026352	1.5502	6.4394	-0.28695	1.5502	7.7489	-0.034448	1.5586	8.1141	0	0
0.026352	1.5502	6.4394	0.2581	1.0921	8.0847	-0.034448	1.5586	8.1141	0	0
-0.28695	1.5502	6.7226	-0.31265	1.5695	7.8874	-0.4791	1.2056	8.0208	0	0
-0.28695	1.5502	6.7226	-0.31265	1.5695	7.8874	-0.034448	1.5586	8.1141	0	0
0.2581	1.0921	7.0584	-0.034448	1.5586	8.1141	0.038052	1.586	8.4944	0	0
0.2581	1.0921	7.0584	0.038052	1.586	8.4944	0.15865	1.3202	8.8175	0	0
0.2581	1.0921	7.0584	0.18565	0.81736	8.7878	0.15865	1.3202	8.8175	0	0
-0.31265	1.5695	6.8611	-0.4791	1.2056	8.0208	-0.16725	1.5609	8.5345	0	0
-0.31265	1.5695	6.8611	-0.034448	1.5586	8.1141	-0.16725	1.5609	8.5345	0	0
-0.4791	1.2056	6.9945	-0.16725	1.5609	8.5345	-0.43757	1.192	8.8144	0	0
-0.4791	1.2056	6.9945	-0.46324	0.48506	8.815	-0.43757	1.192	8.8144	0	0
-0.89135	-0.40644	7.2934	-0.54655	-0.74849	8.802	-0.4245	-0.22426	8.8192	0	0
-0.89135	-0.40644	7.2934	-0.4245	-0.22426	8.8192	-0.46324	0.48506	8.815	0	0
-0.034448	1.5586	7.0878	0.038052	1.586	8.4944	-0.16725	1.5609	8.5345	0	0
0.038052	1.586	7.4681	-0.16725	1.5609	8.5345	-0.2822	1.5457	9.3801	0	0
0.038052	1.586	7.4681	0.15865	1.3202	8.8175	-0.2822	1.5457	9.3801	0	0
-0.16725	1.5609	7.5082	-0.43757	1.192	8.8144	-0.2822	1.5457	9.3801	0	0
0.18565	0.81736	7.7615	-0.4245	-0.22426	8.8192	0.099852	0.53146	9.6678	0	0
0.18565	0.81736	7.7615	0.15865	1.3202	8.8175	0.1686	1.0787	9.5365	0	0
0.18565	0.81736	7.7615	0.1686	1.0787	9.5365	0.099852	0.53146	9.6678	0	0
-0.54655	-0.74849	7.7756	-0.4245	-0.22426	8.8192	-0.54215	-0.73694	9.5497	0	0
-0.54655	-0.74849	7.7756	-0.54215	-0.73694	9.5497	-0.85995	-1.0273	9.7054	0	0
-0.4245	-0.22426	7.7929	-0.54215	-0.73694	9.5497	-0.40325	-0.23239	9.5557	0	0
-0.4245	-0.22426	7.7929	-0.40325	-0.23239	9.5557	0.099852	0.53146	9.6678	0	0
-0.46324	0.48506	7.7886	-0.43757	1.192	8.8144	-0.50717	0.49754	9.5691	0	0
-0.46324	0.48506	7.7886	-0.40325	-0.23239	9.5557	-0.50717	0.49754	9.5691	0	0
-0.43757	1.192	7.7881	-0.2822	1.5457	9.3801	-0.4315	1.1788	9.5592	0	0
-0.43757	1.192	7.7881	-0.50717	0.49754	9.5691	-0.4315	1.1788	9.5592	0	0
0.15865	1.3202	7.7912	-0.2822	1.5457	9.3801	0.1686	1.0787	9.5365	0	0
-0.54215	-0.73694	8.5234	-0.40325	-0.23239	9.5557	-0.39457	-0.35364	10.274	0	0
-0.54215	-0.73694	8.5234	-0.85995	-1.0273	9.7054	-0.65628	-0.8273	10.225	0	0
-0.54215	-0.73694	8.5234	-0.65628	-0.8273	10.225	-0.39457	-0.35364	10.274	0	0
-0.40325	-0.23239	8.5294	-0.50717	0.49754	9.5691	-0.50472	0.53016	10.263	0	0
-0.40325	-0.23239	8.5294	-0.39457	-0.35364	10.274	-0.50472	0.53016	10.263	0	0
-0.2822	1.5457	8.3537	0.1686	1.0787	9.5365	-0.016698	1.5936	10.331	0	0
-0.2822	1.5457	8.3537	-0.4315	1.1788	9.5592	-0.25145	1.5798	10.313	0	0
-0.2822	1.5457	8.3537	-0.25145	1.5798	10.313	-0.016698	1.5936	10.331	0	0
0.1686	1.0787	8.5102	0.099852	0.53146	9.6678	0.23665	0.83626	10.139	0	0
0.1686	1.0787	8.5102	0.23665	0.83626	10.139	0.10795	1.333	10.31	0	0
0.1686	1.0787	8.5102	-0.016698	1.5936	10.331	0.10795	1.333	10.31	0	0
-0.50717	0.49754	8.5427	-0.4315	1.1788	9.5592	-0.50472	0.53016	10.263	0	0
0.099852	0.53146	8.6415	-0.39457	-0.35364	10.274	0.23665	0.83626	10.139	0	0
-0.65628	-0.8273	9.1986	-0.39457	-0.35364	10.274	-0.42485	-0.68119	11.11	0	0
-0.39457	-0.35364	9.2478	0.23665	0.83626	10.139	0.17135	0.54336	11.136	0	0
-0.39457	-0.35364	9.2478	-0.50472	0.53016	10.263	-0.35848	-0.20897	10.899	0	0
-0.39457	-0.35364	9.2478	-0.35848	-0.20897	10.899	-0.42485	-0.68119	11.11	0	0
-0.4315	1.1788	8.5329	-0.50472	0.53016	10.263	-0.4806	1.1799	10.32	0	0
-0.4315	1.1788	8.5329	-0.4806	1.1799	10.32	-0.25145	1.5798	10.313	0	0
0.23665	0.83626	9.1124	0.10795	1.333	10.31	0.21739	1.0475	10.913	0	0
0.23665	0.83626	9.1124	0.21739	1.0475	10.913	0.17135	0.54336	11.136	0	0
-0.50472	0.53016	9.2364	-0.4806	1.1799	10.32	-0.40839	0.43862	10.972	0	0
-0.50472	0.53016	9.2364	-0.35848	-0.20897	10.899	-0.40839	0.43862	10.972	0	0
-0.4806	1.1799	9.2938	-0.25145	1.5798	10.313	-0.36515	1.6128	11.053	0	0
-0.4806	1.1799	9.2938	-0.36515	1.6128	11.053	-0.52258	1.2767	11.081	0	0
-0.4806	1.1799	9.2938	-0.52258	1.2767	11.081	-0.40839	0.43862	10.972	0	0
-0.35848	-0.20897	9.8729	-0.40839	0.43862	10.972	-0.3805	-0.25454	11.548	0	0
-0.35848	-0.20897	9.8729	-0.42485	-0.68119	11.11	-0.3805	-0.25454	11.548	0	0
-0.25145	1.5798	9.2866	-0.016698	1.5936	10.331	-0.36515	1.6128	11.053	0	0
-0.016698	1.5936	9.3044	0.10795	1.333	10.31	-0.012848	1.6031	11.064	0	0
-0.016698	1.5936	9.3044	-0.012848	1.6031	11.064	-0.36515	1.6128	11.053	0	0
0.10795	1.333	9.284	0.21739	1.0475	10.913	-0.012848	1.6031	11.064	0	0
0.21739	1.0475	9.8871	-0.012848	1.6031	11.064	0.2639	1.1164	11.541	0	0
0.21739	1.0475	9.8871	0.17135	0.54336	11.136	0.2639	1.1164	11.541	0	0
-0.36515	1.6128	10.026	-0.52258	1.2767	11.081	-0.51385	1.2237	11.577	0	0
-0.52258	1.2767	10.054	-0.40839	0.43862	10.972	-0.47425	0.49099	11.542	0	0
-0.52258	1.2767	10.054	-0.47425	0.49099	11.542	-0.51385	1.2237	11.577	0	0
-0.40839	0.43862	9.946	-0.3805	-0.25454	11.548	-0.47425	0.49099	11.542	0	0
0.17135	0.54336	10.11	0.14235	0.54886	11.383	0.2639	1.1164	11.541	0	0
-0.42485	-0.68119	10.083	-0.3805	-0.25454	11.548	-0.73568	-0.83094	11.678	0	0
-0.3805	-0.25454	10.522	-0.73568	-0.83094	11.678	-0.96105	-0.55514	11.959	0	0
-0.3805	-0.25454	10.522	-0.47425	0.49099	11.542	-0.45897	0.4671	12.308	0	0
-0.3805	-0.25454	10.522	-0.96105	-0.55514	11.959	-0.37735	-0.30974	12.377	0	0
-0.3805	-0.25454	10.522	-0.37735	-0.30974	12.377	-0.45897	0.4671	12.308	0	0
-0.73568	-0.83094	10.652	-0.96105	-0.55514	11.959	-0.86515	-0.80664	12.027	0	0
-0.47425	0.49099	10.516	-0.51385	1.2237	11.577	-0.46937	1.2148	12.265	0	0
-0.47425	0.49099	10.516	-0.45897	0.4671	12.308	-0.46937	1.2148	12.265	0	0
-0.96105	-0.55514	10.932	-0.86515	-0.80664	12.027	-0.37735	-0.30974	12.377	0	0
-0.86515	-0.80664	11.001	-0.68505	-0.91876	12.451	-0.37735	-0.30974	12.377	0	0
-0.68505	-0.91876	11.424	-0.37735	-0.30974	12.377	-0.6718	-0.79579	12.916	0	0
-0.37735	-0.30974	11.351	-0.45897	0.4671	12.308	-0.45517	0.47934	13.071	0	0
-0.37735	-0.30974	11.351	-0.6718	-0.79579	12.916	-0.38811	-0.35657	12.961	0	0
-0.37735	-0.30974	11.351	-0.38811	-0.35657	12.961	-0.45517	0.47934	13.071	0	0
-0.45897	0.4671	11.282	-0.46937	1.2148	12.265	-0.3675	1.1734	13.003	0	0
-0.45897	0.4671	11.282	-0.45517	0.47934	13.071	-0.3675	1.1734	13.003	0	0
-0.6718	-0.79579	11.89	-0.38811	-0.35657	12.961	-0.42152	-0.31249	13.655	0	0
-0.6718	-0.79579	11.89	-0.42152	-0.31249	13.655	-0.48425	-0.71459	13.816	0	0
-0.38811	-0.35657	11.934	-0.45517	0.47934	13.071	-0.42152	-0.31249	13.655	0	0
-0.46937	1.2148	11.239	0.3201	1.1734	12.319	0.44915	1.7967	12.608	0	0
-0.46937	1.2148	11.239	-0.3675	1.1734	13.003	0.27305	1.7982	12.942	0	0
-0.46937	1.2148	11.239	0.44915	1.7967	12.608	0.27305	1.7982	12.942	0	0
-0.45517	0.47934	12.045	-0.3675	1.1734	13.003	-0.41085	1.0843	13.778	0	0
-0.45517	0.47934	12.045	-0.42152	-0.31249	13.655	-0.4279	0.48226	13.809	0	0
-0.45517	0.47934	12.045	-0.4279	0.48226	13.809	-0.41085	1.0843	13.778	0	0
-0.3675	1.1734	11.976	0.27305	1.7982	12.942	0.2212	1.1343	13.055	0	0
-0.42152	-0.31249	12.628	-0.48425	-0.71459	13.816	-0.34132	-0.30249	14.365	0	0
-0.42152	-0.31249	12.628	-0.4279	0.48226	13.809	-0.34132	-0.30249	14.365	0	0
-0.48425	-0.71459	12.79	-0.34132	-0.30249	14.365	-0.3805	-0.66844	14.533	0	0
-0.4279	0.48226	12.782	-0.34132	-0.30249	14.365	-0.45917	0.47431	14.571	0	0
-0.4279	0.48226	12.782	-0.41085	1.0843	13.778	-0.43095	1.0746	14.544	0	0
-0.4279	0.48226	12.782	-0.45917	0.47431	14.571	-0.43095	1.0746	14.544	0	0
-0.34132	-0.30249	13.339	-0.3805	-0.66844	14.533	-0.88565	-0.52164	15.158	0	0
-0.34132	-0.30249	13.339	-0.45917	0.47431	14.571	-0.88565	-0.52164	15.158	0	0
-0.3805	-0.66844	13.506	-0.45015	-0.71134	15.077	-0.88565	-0.52164	15.158	0	0
-0.45917	0.47431	13.544	-0.88565	-0.52164	15.158	-0.42075	0.48256	15.058	0	0
-0.45917	0.47431	13.544	-0.43095	1.0746	14.544	-0.42075	0.48256	15.058	0	0
-0.45015	-0.71134	14.05	-0.88565	-0.52164	15.158	-0.96415	-0.59844	15.237	0	0
-0.45015	-0.71134	14.05	-0.96415	-0.59844	15.237	-0.41911	-0.86022	15.823	0	0
-0.88565	-0.52164	14.132	-0.96415	-0.59844	15.237	-0.9813	-0.23194	15.939	0	0
-0.88565	-0.52164	14.132	-0.42075	0.48256	15.058	-0.9813	-0.23194	15.939	0	0
-0.36742	-0.36009	14.155	-0.42075	0.48256	15.058	0.16885	0.67156	15.048	0	0
-0.96415	-0.59844	14.211	-0.41911	-0.86022	15.823	-0.88385	-0.74594	16.35	0	0
-0.96415	-0.59844	14.211	-0.88385	-0.74594	16.35	-0.9813	-0.23194	15.939	0	0
-0.43095	1.0746	13.518	-0.42075	0.48256	15.058	-0.24235	1.0866	15.056	0	0
-0.42075	0.48256	14.032	0.16885	0.67156	15.048	-0.24235	1.0866	15.056	0	0
-0.42075	0.48256	14.032	-0.2845	1.1115	15.833	-0.41087	0.47619	15.805	0	0
-0.42075	0.48256	14.032	-0.41087	0.47619	15.805	-0.9813	-0.23194	15.939	0	0
0.16885	0.67156	14.021	-0.24235	1.0866	15.056	0.038752	1.0985	14.99	0	0
-0.2845	1.1115	14.806	0.086652	1.0978	15.893	-0.40285	1.0613	16.442	0	0
-0.2845	1.1115	14.806	-0.41087	0.47619	15.805	-0.40285	1.0613	16.442	0	0
0.15923	0.66041	14.794	0.086652	1.0978	15.893	0.19095	0.60506	16.561	0	0
0.086652	1.0978	14.867	-0.40285	1.0613	16.442	0.098052	1.2044	16.563	0	0
0.086652	1.0978	14.867	0.098052	1.2044	16.563	0.19095	0.60506	16.561	0	0
-0.41087	0.47619	14.779	-0.33885	0.3976	16.548	-0.40285	1.0613	16.442	0	0
-0.41087	0.47619	14.779	-0.33885	0.3976	16.548	-0.9813	-0.23194	15.939	0	0
-0.41911	-0.86022	14.797	-0.88385	-0.74594	16.35	-0.40575	-0.89959	16.375	0	0
0.0025521	-0.12704	15.073	-0.3584	-0.28179	16.533	-0.13335	-0.68374	16.621	0	0
0.0025521	-0.12704	15.073	-0.3584	-0.28179	16.533	-0.33885	0.3976	16.548	0	0
0.0025521	-0.12704	15.073	-0.13335	-0.68374	16.621	0.14772	-0.31664	17.336	0	0
0.0025521	-0.12704	15.073	-0.33885	0.3976	16.548	0.19095	0.60506	16.561	0	0
0.0025521	-0.12704	15.073	0.19095	0.60506	16.561	0.14772	-0.31664	17.336	0	0
-0.88385	-0.74594	15.324	-0.40575	-0.89959	16.375	-0.62545	-0.83467	17.168	0	0
-0.88385	-0.74594	15.324	-0.3584	-0.28179	16.533	-0.97425	-0.35344	16.392	0	0
-0.88385	-0.74594	15.324	-0.62545	-0.83467	17.168	-0.8889	-0.31899	17.315	0	0
-0.88385	-0.74594	15.324	-0.9813	-0.23194	15.939	-0.97425	-0.35344	16.392	0	0
-0.40575	-0.89959	15.348	-0.13335	-0.68374	16.621	-0.62545	-0.83467	17.168	0	0
-0.3584	-0.28179	15.506	-0.13335	-0.68374	16.621	-0.62545	-0.83467	17.168	0	0
-0.3584	-0.28179	15.506	-0.33885	0.3976	16.548	-0.97425	-0.35344	16.392	0	0
-0.3584	-0.28179	15.506	-0.62545	-0.83467	17.168	-0.42971	-0.24287	17.25	0	0
-0.13335	-0.68374	15.594	0.14772	-0.31664	17.336	0.13693	-0.69866	17.265	0	0
-0.33885	0.3976	15.521	-0.40285	1.0613	16.442	-0.38725	0.43935	17.265	0	0
-0.33885	0.3976	15.521	-0.42971	-0.24287	17.25	-0.38725	0.43935	17.265	0	0
-0.33885	0.3976	15.521	-0.9813	-0.23194	15.939	-0.97425	-0.35344	16.392	0	0
-0.40285	1.0613	15.416	0.098052	1.2044	16.563	-0.15665	1.2386	17.304	0	0
-0.40285	1.0613	15.416	-0.38725	0.43935	17.265	-0.15665	1.2386	17.304	0	0
0.098052	1.2044	15.537	0.19095	0.60506	16.561	0.2491	0.60551	17.313	0	0
0.098052	1.2044	15.537	0.2491	0.60551	17.313	0.062652	1.2484	17.309	0	0
0.098052	1.2044	15.537	-0.15665	1.2386	17.304	0.062652	1.2484	17.309	0	0
-0.62545	-0.83467	16.142	-0.8889	-0.31899	17.315	-0.29075	-0.65094	18.07	0	0
-0.62545	-0.83467	16.142	-0.29075	-0.65094	18.07	0.13693	-0.69866	17.265	0	0
-0.42971	-0.24287	16.224	-0.38725	0.43935	17.265	-0.62165	0.4732	17.91	0	0
-0.42971	-0.24287	16.224	-0.55715	-0.25834	18.062	-0.62165	0.4732	17.91	0	0
-0.42971	-0.24287	16.224	-0.55715	-0.25834	18.062	-0.29075	-0.65094	18.07	0	0
-0.38725	0.43935	16.239	0.2491	0.60551	17.313	-0.15665	1.2386	17.304	0	0
-0.38725	0.43935	16.239	-0.62165	0.4732	17.91	-0.38205	1.0578	18.07	0	0
0.19095	0.60506	15.535	0.2491	0.60551	17.313	0.14772	-0.31664	17.336	0	0
-0.8889	-0.31899	16.288	-0.9936	0.070962	17.954	-0.34635	-0.56554	18.285	0	0
-0.8889	-0.31899	16.288	-0.29075	-0.65094	18.07	-0.34635	-0.56554	18.285	0	0
0.2491	0.60551	16.286	0.062652	1.2484	17.309	0.10355	1.2579	18.077	0	0
0.2491	0.60551	16.286	0.10355	1.2579	18.077	0.21259	0.4143	18.048	0	0
0.2491	0.60551	16.286	0.21259	0.4143	18.048	0.14772	-0.31664	17.336	0	0
-0.15665	1.2386	16.278	0.062652	1.2484	17.309	-0.073448	1.5697	17.597	0	0
0.062652	1.2484	16.282	-0.073448	1.5697	17.597	0.10355	1.2579	18.077	0	0
-0.9936	0.070962	16.928	-0.55715	-0.25834	18.062	-0.62165	0.4732	17.91	0	0
-0.9936	0.070962	16.928	-0.62165	0.4732	17.91	-0.57545	0.52846	18.614	0	0
-0.073448	1.5697	16.57	0.10355	1.2579	18.077	-0.23995	1.5602	18.699	0	0
-0.62165	0.4732	16.884	-0.38205	1.0578	18.07	-0.57545	0.52846	18.614	0	0
-0.38205	1.0578	17.044	-0.57545	0.52846	18.614	-0.45155	1.1916	18.521	0	0
0.10355	1.2579	17.05	0.21259	0.4143	18.048	0.16085	1.0296	18.564	0	0
0.10355	1.2579	17.05	-0.23995	1.5602	18.699	0.16085	1.0296	18.564	0	0
0.022952	-0.076438	17.013	0.21259	0.4143	18.048	0.14772	-0.31664	17.336	0	0
0.022952	-0.076438	17.013	0.21259	0.4143	18.048	0.083602	0.26871	18.527	0	0
0.022952	-0.076438	17.013	-0.29075	-0.65094	18.07	-0.34635	-0.56554	18.285	0	0
0.022952	-0.076438	17.013	-0.29075	-0.65094	18.07	0.14772	-0.31664	17.336	0	0
0.022952	-0.076438	17.013	-0.34635	-0.56554	18.285	-0.33482	-0.38494	18.527	0	0
0.022952	-0.076438	17.013	-0.33482	-0.38494	18.527	0.083602	0.26871	18.527	0	0
0.21259	0.4143	17.022	0.083602	0.26871	18.527	0.16085	1.0296	18.564	0	0
-0.29075	-0.65094	17.044	0.14772	-0.31664	17.336	0.13693	-0.69866	17.265	0	0
-0.34635	-0.56554	17.259	-0.33482	-0.38494	18.527	-0.30967	-0.65984	19.43	0	0
-0.33482	-0.38494	17.501	0.083602	0.26871	18.527	-0.3333	-0.25534	19.303	0	0
-0.33482	-0.38494	17.501	-0.3333	-0.25534	19.303	-0.30967	-0.65984	19.43	0	0
0.083602	0.26871	17.501	0.16085	1.0296	18.564	0.012912	0.41294	19.344	0	0
0.083602	0.26871	17.501	-0.3333	-0.25534	19.303	0.012912	0.41294	19.344	0	0
-0.57545	0.52846	17.588	-0.45155	1.1916	18.521	-0.46765	1.1308	19.26	0	0
-0.57545	0.52846	17.588	-0.3333	-0.25534	19.303	-0.70147	0.45576	19.303	0	0
-0.57545	0.52846	17.588	-0.70147	0.45576	19.303	-0.46765	1.1308	19.26	0	0
-0.45155	1.1916	17.494	-0.23995	1.5602	18.699	-0.46765	1.1308	19.26	0	0
-0.23995	1.5602	17.673	0.16085	1.0296	18.564	0.26243	1.0638	19.343	0	0
-0.23995	1.5602	17.673	-0.46765	1.1308	19.26	-0.2114	1.6082	19.361	0	0
-0.23995	1.5602	17.673	0.26243	1.0638	19.343	-0.015798	1.6102	19.449	0	0
-0.23995	1.5602	17.673	-0.2114	1.6082	19.361	-0.015798	1.6102	19.449	0	0
0.16085	1.0296	17.538	0.012912	0.41294	19.344	0.26243	1.0638	19.343	0	0
-0.3333	-0.25534	18.277	-0.30967	-0.65984	19.43	-0.35305	-0.28614	20.053	0	0
-0.3333	-0.25534	18.277	-0.70147	0.45576	19.303	-0.70195	0.43951	20.061	0	0
-0.3333	-0.25534	18.277	0.012912	0.41294	19.344	-0.35305	-0.28614	20.053	0	0
-0.3333	-0.25534	18.277	-0.70195	0.43951	20.061	-0.10255	0.48991	20.051	0	0
-0.30967	-0.65984	18.403	-0.35305	-0.28614	20.053	-0.2813	-0.69894	20.021	0	0
-0.70147	0.45576	18.277	-0.46765	1.1308	19.26	-0.501	1.2706	20.018	0	0
-0.70147	0.45576	18.277	-0.70195	0.43951	20.061	-0.501	1.2706	20.018	0	0
-0.46765	1.1308	18.234	-0.2114	1.6082	19.361	-0.501	1.2706	20.018	0	0
0.012912	0.41294	18.317	0.26243	1.0638	19.343	0.28835	1.1383	19.911	0	0
0.012912	0.41294	18.317	-0.35305	-0.28614	20.053	-0.10255	0.48991	20.051	0	0
0.012912	0.41294	18.317	-0.10255	0.48991	20.051	0.28835	1.1383	19.911	0	0
0.26243	1.0638	18.316	-0.015798	1.6102	19.449	0.28835	1.1383	19.911	0	0
-0.2114	1.6082	18.335	-0.015798	1.6102	19.449	-0.26135	1.6477	20.091	0	0
-0.2114	1.6082	18.335	-0.501	1.2706	20.018	-0.26135	1.6477	20.091	0	0
-0.015798	1.6102	18.423	0.045752	1.7212	20.087	-0.26135	1.6477	20.091	0	0
-0.015798	1.6102	18.423	0.045752	1.7212	20.087	0.28835	1.1383	19.911	0	0
-0.70195	0.43951	19.035	-0.501	1.2706	20.018	-0.44551	1.2559	20.727	0	0
-0.70195	0.43951	19.035	-0.48658	0.37955	20.803	-0.44551	1.2559	20.727	0	0
-0.70195	0.43951	19.035	-0.48658	0.37955	20.803	-1.3729	0.25606	21.372	0	0
-0.35305	-0.28614	19.026	-0.2813	-0.69894	20.021	-0.30075	-0.65276	20.777	0	0
-0.35305	-0.28614	19.026	-0.10255	0.48991	20.051	-0.38382	-0.26259	20.793	0	0
-0.35305	-0.28614	19.026	-0.30075	-0.65276	20.777	-0.38382	-0.26259	20.793	0	0
-0.10255	0.48991	19.024	0.28835	1.1383	19.911	0.051352	0.73821	20.576	0	0
-0.10255	0.48991	19.024	-0.38382	-0.26259	20.793	0.051352	0.73821	20.576	0	0
-0.501	1.2706	18.992	-0.26135	1.6477	20.091	-0.44551	1.2559	20.727	0	0
0.045752	1.7212	19.061	-0.26135	1.6477	20.091	-0.44551	1.2559	20.727	0	0
0.045752	1.7212	19.061	0.28835	1.1383	19.911	0.58715	1.316	20.14	0	0
0.045752	1.7212	19.061	-0.44551	1.2559	20.727	0.34502	1.172	20.878	0	0
0.045752	1.7212	19.061	0.58715	1.316	20.14	0.34502	1.172	20.878	0	0
0.28835	1.1383	18.885	0.58715	1.316	20.14	0.051352	0.73821	20.576	0	0
-0.30075	-0.65276	19.751	-0.38382	-0.26259	20.793	-0.423	-0.26574	21.556	0	0
-0.30075	-0.65276	19.751	-0.3939	-0.77024	21.538	-0.423	-0.26574	21.556	0	0
-0.38382	-0.26259	19.767	0.051352	0.73821	20.576	0.2381	0.44926	21.314	0	0
-0.38382	-0.26259	19.767	-0.423	-0.26574	21.556	0.2381	0.44926	21.314	0	0
-0.48658	0.37955	19.777	-0.44551	1.2559	20.727	-0.54335	1.2539	21.341	0	0
-0.48658	0.37955	19.777	-0.39635	0.5562	21.475	0.2381	0.44926	21.314	0	0
-0.48658	0.37955	19.777	-0.39635	0.5562	21.475	-1.3729	0.25606	21.372	0	0
-0.44551	1.2559	19.701	0.34502	1.172	20.878	-0.54335	1.2539	21.341	0	0
0.58715	1.316	19.114	0.051352	0.73821	20.576	0.656	1.2231	20.593	0	0
0.051352	0.73821	19.55	0.34502	1.172	20.878	0.656	1.2231	20.593	0	0
0.051352	0.73821	19.55	0.34502	1.172	20.878	0.2381	0.44926	21.314	0	0
-0.3939	-0.77024	20.511	-0.423	-0.26574	21.556	-0.59085	-0.65714	22.028	0	0
0.34502	1.172	19.851	-0.54335	1.2539	21.341	0.95315	1.598	21.969	0	0
0.34502	1.172	19.851	0.656	1.2231	20.593	0.85285	1.191	21.302	0	0
0.34502	1.172	19.851	0.3645	0.98856	21.495	0.85285	1.191	21.302	0	0
0.34502	1.172	19.851	0.3645	0.98856	21.495	0.2381	0.44926	21.314	0	0
-0.54335	1.2539	20.315	-0.25505	1.1246	22.068	0.95315	1.598	21.969	0	0
0.3645	0.98856	20.468	0.19025	1.0859	22.049	0.21475	0.67251	22.012	0	0
0.3645	0.98856	20.468	0.19025	1.0859	22.049	0.95315	1.598	21.969	0	0
0.3645	0.98856	20.468	0.85285	1.191	21.302	0.95315	1.598	21.969	0	0
0.3645	0.98856	20.468	0.21475	0.67251	22.012	0.2381	0.44926	21.314	0	0
-0.39635	0.5562	20.449	-0.423	-0.26574	21.556	-0.415	0.47006	22.041	0	0
-0.39635	0.5562	20.449	-0.423	-0.26574	21.556	-1.105	-0.074787	21.691	0	0
-0.39635	0.5562	20.449	-0.415	0.47006	22.041	0.2381	0.44926	21.314	0	0
-0.39635	0.5562	20.449	-1.105	-0.074787	21.691	-1.3729	0.25606	21.372	0	0
-0.423	-0.26574	20.53	-0.415	0.47006	22.041	-0.35988	-0.3019	22.122	0	0
-0.423	-0.26574	20.53	-0.59085	-0.65714	22.028	-1.105	-0.074787	21.691	0	0
-0.423	-0.26574	20.53	-0.35988	-0.3019	22.122	0.3372	-0.36624	22.18	0	0
-0.423	-0.26574	20.53	0.2381	0.44926	21.314	0.3372	-0.36624	22.18	0	0
-0.415	0.47006	21.015	-0.35988	-0.3019	22.122	-0.47126	0.4628	22.806	0	0
-0.415	0.47006	21.015	-0.25505	1.1246	22.068	0.21475	0.67251	22.012	0	0
-0.415	0.47006	21.015	-0.25505	1.1246	22.068	-0.26585	1.0335	22.716	0	0
-0.415	0.47006	21.015	0.21475	0.67251	22.012	0.2381	0.44926	21.314	0	0
-0.415	0.47006	21.015	-0.47126	0.4628	22.806	-0.26585	1.0335	22.716	0	0
-0.59085	-0.65714	21.002	-0.35988	-0.3019	22.122	-0.6199	-0.31859	22.825	0	0
-0.59085	-0.65714	21.002	-1.105	-0.074787	21.691	-1.1567	-0.12344	22.002	0	0
-0.59085	-0.65714	21.002	-1.1567	-0.12344	22.002	-1.1862	-0.4681	22.686	0	0
-0.59085	-0.65714	21.002	-0.6199	-0.31859	22.825	-1.1862	-0.4681	22.686	0	0
-0.35988	-0.3019	21.095	-0.56622	-0.76911	22.772	0.154	-0.21294	22.793	0	0
-0.35988	-0.3019	21.095	-0.47126	0.4628	22.806	-0.6199	-0.31859	22.825	0	0
-0.35988	-0.3019	21.095	0.154	-0.21294	22.793	0.3372	-0.36624	22.18	0	0
-0.25505	1.1246	21.041	0.19025	1.0859	22.049	0.21475	0.67251	22.012	0	0
-0.25505	1.1246	21.041	0.19025	1.0859	22.049	0.011352	1.0912	22.825	0	0
-0.25505	1.1246	21.041	-0.26585	1.0335	22.716	0.011352	1.0912	22.825	0	0
0.19025	1.0859	21.022	0.95315	1.598	21.969	0.011352	1.0912	22.825	0	0
0.85285	1.191	20.275	0.2381	0.44926	21.314	0.65595	-0.22354	22.245	0	0
-0.56622	-0.76911	21.746	-0.61585	-0.67474	23.591	-0.6199	-0.31859	22.825	0	0
-0.56622	-0.76911	21.746	-0.61585	-0.67474	23.591	-1.0935	-0.92016	22.872	0	0
-0.56622	-0.76911	21.746	-0.6199	-0.31859	22.825	-1.1862	-0.4681	22.686	0	0
-0.56622	-0.76911	21.746	-1.1862	-0.4681	22.686	-1.0935	-0.92016	22.872	0	0
-0.56622	-0.76911	21.746	0.154	-0.21294	22.793	0.3931	-0.63109	22.812	0	0
-0.47126	0.4628	21.78	-0.26585	1.0335	22.716	-0.45125	0.44716	23.551	0	0
-0.47126	0.4628	21.78	-0.6199	-0.31859	22.825	-0.45125	0.44716	23.551	0	0
-0.26585	1.0335	21.69	0.011352	1.0912	22.825	-0.19085	1.1827	23.58	0	0
-0.26585	1.0335	21.69	-0.45125	0.44716	23.551	-0.19085	1.1827	23.58	0	0
-0.61585	-0.67474	22.565	0.059185	-0.32804	23.606	-0.69795	-0.32734	23.565	0	0
-0.61585	-0.67474	22.565	0.059185	-0.32804	23.606	0.34065	-0.69554	23.591	0	0
-0.61585	-0.67474	22.565	-0.6199	-0.31859	22.825	-0.69795	-0.32734	23.565	0	0
-0.61585	-0.67474	22.565	-1.0935	-0.92016	22.872	-1.2522	-1.1001	23.588	0	0
-0.61585	-0.67474	22.565	-1.2522	-1.1001	23.588	-0.88495	-0.79124	24.23	0	0
-0.61585	-0.67474	22.565	-0.65755	-0.88027	24.238	-0.88495	-0.79124	24.23	0	0
-0.61585	-0.67474	22.565	-0.65755	-0.88027	24.238	0.20085	-0.77226	24.295	0	0
-0.61585	-0.67474	22.565	0.20085	-0.77226	24.295	0.34065	-0.69554	23.591	0	0
0.059185	-0.32804	22.58	0.2188	0.55101	23.55	-0.45125	0.44716	23.551	0	0
0.059185	-0.32804	22.58	0.2188	0.55101	23.55	0.25115	-0.20677	24.211	0	0
0.059185	-0.32804	22.58	-0.45125	0.44716	23.551	-0.56201	-0.20524	24.273	0	0
0.059185	-0.32804	22.58	-0.56201	-0.20524	24.273	0.20085	-0.77226	24.295	0	0
0.059185	-0.32804	22.58	0.20085	-0.77226	24.295	0.25115	-0.20677	24.211	0	0
0.059185	-0.32804	22.58	0.34065	-0.69554	23.591	0.3931	-0.63109	22.812	0	0
0.011352	1.0912	21.799	0.036752	1.1831	23.557	-0.19085	1.1827	23.58	0	0
0.2381	0.44926	20.288	0.3372	-0.36624	22.18	0.65595	-0.22354	22.245	0	0
-1.105	-0.074787	20.664	-1.1567	-0.12344	22.002	-1.5789	-0.13094	22.108	0	0
-1.105	-0.074787	20.664	-1.3729	0.25606	21.372	-1.5789	-0.13094	22.108	0	0
-1.1567	-0.12344	20.976	-1.1862	-0.4681	22.686	-1.5789	-0.13094	22.108	0	0
0.2188	0.55101	22.524	0.036752	1.1831	23.557	0.35425	0.57406	24.307	0	0
0.2188	0.55101	22.524	0.35425	0.57406	24.307	0.25115	-0.20677	24.211	0	0
0.2188	0.55101	22.524	0.84775	-0.62624	23.106	0.88052	-0.3274	22.704	0	0
-0.6199	-0.31859	21.799	-0.69795	-0.32734	23.565	-0.45125	0.44716	23.551	0	0
-1.1862	-0.4681	21.66	-1.0935	-0.92016	22.872	-1.7044	-0.7402	22.887	0	0
-1.1862	-0.4681	21.66	-1.5789	-0.13094	22.108	-1.7044	-0.7402	22.887	0	0
-1.0935	-0.92016	21.846	-1.2522	-1.1001	23.588	-1.7044	-0.7402	22.887	0	0
-0.69795	-0.32734	22.539	-0.45125	0.44716	23.551	-0.9193	-0.076787	24.143	0	0
-0.69795	-0.32734	22.539	-0.88495	-0.79124	24.23	-0.9193	-0.076787	24.143	0	0
-0.45125	0.44716	22.525	-0.19085	1.1827	23.58	-0.48988	0.57153	24.206	0	0
-0.45125	0.44716	22.525	-0.48988	0.57153	24.206	-0.9193	-0.076787	24.143	0	0
0.036752	1.1831	22.53	-0.19085	1.1827	23.58	-0.070648	1.5571	24.502	0	0
0.036752	1.1831	22.53	0.35425	0.57406	24.307	0.092302	1.2865	24.319	0	0
0.036752	1.1831	22.53	0.092302	1.2865	24.319	-0.070648	1.5571	24.502	0	0
-1.2522	-1.1001	22.562	-0.88495	-0.79124	24.23	-1.895	-1.1264	23.905	0	0
-1.2522	-1.1001	22.562	-1.7044	-0.7402	22.887	-1.8615	-0.94627	23.51	0	0
-1.2522	-1.1001	22.562	-1.8615	-0.94627	23.51	-1.895	-1.1264	23.905	0	0
-0.65755	-0.88027	23.212	-0.88495	-0.79124	24.23	-0.56235	-0.98259	24.845	0	0
-0.65755	-0.88027	23.212	-0.56235	-0.98259	24.845	0.20085	-0.77226	24.295	0	0
-0.88495	-0.79124	23.204	-0.56235	-0.98259	24.845	-0.90285	-0.61954	24.875	0	0
-0.88495	-0.79124	23.204	-0.90285	-0.61954	24.875	-1.895	-1.1264	23.905	0	0
-0.88495	-0.79124	23.204	-0.9193	-0.076787	24.143	-0.9921	-0.30204	24.834	0	0
-0.19085	1.1827	22.553	-0.48988	0.57153	24.206	-0.22925	1.1973	24.317	0	0
-0.19085	1.1827	22.553	-0.22925	1.1973	24.317	-0.070648	1.5571	24.502	0	0
0.35425	0.57406	23.28	0.092302	1.2865	24.319	0.19245	1.2739	25.036	0	0
0.35425	0.57406	23.28	0.19245	1.2739	25.036	0.66172	0.44816	24.975	0	0
0.35425	0.57406	23.28	0.25115	-0.20677	24.211	0.6572	-0.24529	24.815	0	0
0.35425	0.57406	23.28	0.66172	0.44816	24.975	0.6572	-0.24529	24.815	0	0
-0.56201	-0.20524	23.247	-0.48988	0.57153	24.206	0.17749	-0.20924	24.888	0	0
-0.56201	-0.20524	23.247	-0.60445	-0.36564	25.114	-0.89945	0.26706	24.422	0	0
-0.56201	-0.20524	23.247	0.20085	-0.77226	24.295	0.17749	-0.20924	24.888	0	0
-0.48988	0.57153	23.179	-0.22925	1.1973	24.317	-0.44528	1.1017	24.921	0	0
-0.48988	0.57153	23.179	-0.4588	0.81476	25.072	-0.44528	1.1017	24.921	0	0
-0.48988	0.57153	23.179	-0.4588	0.81476	25.072	-0.89945	0.26706	24.422	0	0
-0.48988	0.57153	23.179	-0.9193	-0.076787	24.143	-0.89945	0.26706	24.422	0	0
-0.48988	0.57153	23.179	0.23865	0.44446	25.084	0.17749	-0.20924	24.888	0	0
-0.56235	-0.98259	23.818	-0.90285	-0.61954	24.875	-0.60445	-0.36564	25.114	0	0
-0.56235	-0.98259	23.818	-0.60445	-0.36564	25.114	0.10852	-0.74714	24.903	0	0
-0.56235	-0.98259	23.818	0.20085	-0.77226	24.295	0.10852	-0.74714	24.903	0	0
-0.90285	-0.61954	23.848	-0.60445	-0.36564	25.114	-0.9921	-0.30204	24.834	0	0
0.092302	1.2865	23.292	-0.070648	1.5571	24.502	0.19245	1.2739	25.036	0	0
-0.22925	1.1973	23.291	-0.070648	1.5571	24.502	-0.44528	1.1017	24.921	0	0
-0.070648	1.5571	23.476	0.19245	1.2739	25.036	-0.018081	1.6022	25.037	0	0
-0.070648	1.5571	23.476	-0.018081	1.6022	25.037	-0.44528	1.1017	24.921	0	0
-0.60445	-0.36564	24.087	-0.42345	-0.73714	25.519	-0.62845	-0.29764	25.565	0	0
-0.60445	-0.36564	24.087	-0.62845	-0.29764	25.565	-0.89475	-0.064838	25.368	0	0
-0.60445	-0.36564	24.087	0.10852	-0.74714	24.903	0.17749	-0.20924	24.888	0	0
-0.60445	-0.36564	24.087	-0.4588	0.81476	25.072	-0.89945	0.26706	24.422	0	0
-0.60445	-0.36564	24.087	-0.9921	-0.30204	24.834	-0.89475	-0.064838	25.368	0	0
-0.60445	-0.36564	24.087	0.10345	0.32781	25.549	0.17749	-0.20924	24.888	0	0
-0.42345	-0.73714	24.492	-0.62845	-0.29764	25.565	-0.1227	-0.41594	26.058	0	0
-0.42345	-0.73714	24.492	0.10852	-0.74714	24.903	0.15392	-0.8914	25.526	0	0
-0.42345	-0.73714	24.492	-0.1227	-0.41594	26.058	0.15392	-0.8914	25.526	0	0
-0.62845	-0.29764	24.539	-0.89475	-0.064838	25.368	-0.53875	-0.15177	26.196	0	0
-0.62845	-0.29764	24.539	-0.4519	0.44011	25.569	-0.1227	-0.41594	26.058	0	0
-0.62845	-0.29764	24.539	-0.53875	-0.15177	26.196	-0.39071	-0.69007	26.436	0	0
0.20085	-0.77226	23.269	0.10852	-0.74714	24.903	0.6572	-0.24529	24.815	0	0
0.20085	-0.77226	23.269	0.25115	-0.20677	24.211	0.6572	-0.24529	24.815	0	0
0.20085	-0.77226	23.269	0.34065	-0.69554	23.591	0.77965	-0.91354	23.662	0	0
0.10852	-0.74714	23.876	0.17749	-0.20924	24.888	0.6572	-0.24529	24.815	0	0
-0.4588	0.81476	24.045	0.23865	0.44446	25.084	0.19245	1.2739	25.036	0	0
-0.4588	0.81476	24.045	0.23865	0.44446	25.084	-0.4519	0.44011	25.569	0	0
-0.4588	0.81476	24.045	0.19245	1.2739	25.036	-0.44528	1.1017	24.921	0	0
-0.4588	0.81476	24.045	-0.4519	0.44011	25.569	-0.5612	1.2395	25.561	0	0
-0.9193	-0.076787	23.116	-0.9921	-0.30204	24.834	-0.89945	0.26706	24.422	0	0
0.23865	0.44446	24.058	0.19245	1.2739	25.036	0.3303	1.0826	25.548	0	0
0.23865	0.44446	24.058	0.10345	0.32781	25.549	-0.4519	0.44011	25.569	0	0
0.23865	0.44446	24.058	0.10345	0.32781	25.549	0.81262	0.58566	25.648	0	0
0.23865	0.44446	24.058	0.17749	-0.20924	24.888	0.66172	0.44816	24.975	0	0
0.23865	0.44446	24.058	0.66172	0.44816	24.975	0.81262	0.58566	25.648	0	0
0.19245	1.2739	24.009	-0.018081	1.6022	25.037	0.075752	1.721	25.588	0	0
0.19245	1.2739	24.009	0.075752	1.721	25.588	0.3303	1.0826	25.548	0	0
0.19245	1.2739	24.009	0.66172	0.44816	24.975	0.81262	0.58566	25.648	0	0
-0.9921	-0.30204	23.807	-0.89475	-0.064838	25.368	-1.0342	0.36408	24.889	0	0
-0.9921	-0.30204	23.807	-0.89945	0.26706	24.422	-1.0342	0.36408	24.889	0	0
-0.89475	-0.064838	24.341	-0.53875	-0.15177	26.196	-1.1659	0.45924	25.541	0	0
-0.89475	-0.064838	24.341	-1.0342	0.36408	24.889	-1.1659	0.45924	25.541	0	0
-0.018081	1.6022	24.011	0.075752	1.721	25.588	-0.20965	1.5844	25.621	0	0
-0.018081	1.6022	24.011	-0.20965	1.5844	25.621	-0.5612	1.2395	25.561	0	0
-0.018081	1.6022	24.011	-0.44528	1.1017	24.921	-0.5612	1.2395	25.561	0	0
0.075752	1.721	24.562	-0.20965	1.5844	25.621	-0.44435	1.6571	26.418	0	0
0.075752	1.721	24.562	0.3303	1.0826	25.548	0.1939	1.1617	26.29	0	0
0.075752	1.721	24.562	-0.44435	1.6571	26.418	0.37085	2.2796	26.511	0	0
-0.20965	1.5844	24.595	-0.5612	1.2395	25.561	-0.44435	1.6571	26.418	0	0
0.10345	0.32781	24.523	-0.4519	0.44011	25.569	0.11317	0.45303	26.287	0	0
0.10345	0.32781	24.523	0.17749	-0.20924	24.888	0.26805	-0.25924	25.715	0	0
0.10345	0.32781	24.523	0.26805	-0.25924	25.715	0.11317	0.45303	26.287	0	0
-0.4519	0.44011	24.542	-0.53875	-0.15177	26.196	-1.1918	0.54756	26.238	0	0
-0.4519	0.44011	24.542	-0.5612	1.2395	25.561	-0.5522	1.2715	26.074	0	0
-0.4519	0.44011	24.542	-0.5522	1.2715	26.074	0.11317	0.45303	26.287	0	0
-0.53875	-0.15177	25.169	-0.39071	-0.69007	26.436	-0.1227	-0.41594	26.058	0	0
-0.53875	-0.15177	25.169	-0.1227	-0.41594	26.058	0.11317	0.45303	26.287	0	0
-0.53875	-0.15177	25.169	0.11317	0.45303	26.287	-1.171	0.66716	27.045	0	0
-0.53875	-0.15177	25.169	-1.1918	0.54756	26.238	-1.171	0.66716	27.045	0	0
-0.44528	1.1017	23.895	-0.5612	1.2395	25.561	-1.0336	0.96496	25.703	0	0
-0.44528	1.1017	23.895	-0.89945	0.26706	24.422	-1.0342	0.36408	24.889	0	0
-0.44528	1.1017	23.895	-1.0342	0.36408	24.889	-1.0336	0.96496	25.703	0	0
-0.5612	1.2395	24.535	-0.5522	1.2715	26.074	-1.0336	0.96496	25.703	0	0
0.3303	1.0826	24.521	0.1939	1.1617	26.29	0.81262	0.58566	25.648	0	0
-0.5522	1.2715	25.047	-0.44435	1.6571	26.418	0.1939	1.1617	26.29	0	0
-0.5522	1.2715	25.047	-0.44435	1.6571	26.418	-1.0762	1.135	26.383	0	0
-0.5522	1.2715	25.047	0.11317	0.45303	26.287	0.1939	1.1617	26.29	0	0
-0.5522	1.2715	25.047	-1.0336	0.96496	25.703	-1.0762	1.135	26.383	0	0
-0.44435	1.6571	25.392	0.1939	1.1617	26.29	0.2694	1.8699	26.383	0	0
-0.44435	1.6571	25.392	0.2694	1.8699	26.383	-0.44275	1.8337	27.102	0	0
-0.44435	1.6571	25.392	-0.44275	1.8337	27.102	-1.1561	1.2942	27.092	0	0
-0.44435	1.6571	25.392	-1.1561	1.2942	27.092	-1.0762	1.135	26.383	0	0
-0.1227	-0.41594	25.032	0.15392	-0.8914	25.526	0.26805	-0.25924	25.715	0	0
-0.1227	-0.41594	25.032	0.26805	-0.25924	25.715	0.11317	0.45303	26.287	0	0
0.34065	-0.69554	22.564	0.77965	-0.91354	23.662	0.84775	-0.62624	23.106	0	0
0.34065	-0.69554	22.564	0.3931	-0.63109	22.812	0.84775	-0.62624	23.106	0	0
0.17749	-0.20924	23.862	0.15392	-0.8914	25.526	0.26805	-0.25924	25.715	0	0
0.17749	-0.20924	23.862	0.66172	0.44816	24.975	0.6572	-0.24529	24.815	0	0
0.154	-0.21294	21.767	0.3931	-0.63109	22.812	0.3372	-0.36624	22.18	0	0
0.11317	0.45303	25.26	0.1939	1.1617	26.29	0.72342	1.0219	26.401	0	0
0.11317	0.45303	25.26	-1.171	0.66716	27.045	-0.29025	1.3411	27.202	0	0
0.11317	0.45303	25.26	-0.29025	1.3411	27.202	0.8639	0.62481	26.575	0	0
0.11317	0.45303	25.26	0.72342	1.0219	26.401	0.8639	0.62481	26.575	0	0
0.1939	1.1617	25.264	0.2694	1.8699	26.383	0.72342	1.0219	26.401	0	0
0.2694	1.8699	25.357	0.37085	2.2796	26.511	0.30568	1.9962	27.098	0	0
0.2694	1.8699	25.357	0.37085	2.2796	26.511	0.72342	1.0219	26.401	0	0
0.2694	1.8699	25.357	-0.44275	1.8337	27.102	0.30568	1.9962	27.098	0	0
0.37085	2.2796	25.485	0.30568	1.9962	27.098	0.44235	2.2929	27.586	0	0
0.37085	2.2796	25.485	0.72342	1.0219	26.401	1.1543	1.0309	27.023	0	0
-1.1918	0.54756	25.212	-1.5835	0.40701	26.386	-1.1659	0.45924	25.541	0	0
-1.1918	0.54756	25.212	-1.5835	0.40701	26.386	-1.6032	0.93386	26.667	0	0
-1.1918	0.54756	25.212	-1.1659	0.45924	25.541	-1.0336	0.96496	25.703	0	0
-1.1918	0.54756	25.212	-1.6032	0.93386	26.667	-1.0762	1.135	26.383	0	0
-1.1918	0.54756	25.212	-1.0336	0.96496	25.703	-1.0762	1.135	26.383	0	0
-1.171	0.66716	26.019	-0.29025	1.3411	27.202	-1.1561	1.2942	27.092	0	0
-0.44275	1.8337	26.075	-0.40083	1.9232	27.751	0.10825	2.1963	27.576	0	0
-0.44275	1.8337	26.075	-0.40083	1.9232	27.751	-1.4209	1.5539	27.532	0	0
-0.44275	1.8337	26.075	0.30568	1.9962	27.098	0.10825	2.1963	27.576	0	0
-0.44275	1.8337	26.075	-1.1561	1.2942	27.092	-1.4209	1.5539	27.532	0	0
-0.29025	1.3411	26.176	-0.40083	1.9232	27.751	-1.3147	1.1609	27.813	0	0
-0.29025	1.3411	26.176	0.30568	1.9962	27.098	1.1543	1.0309	27.023	0	0
-0.29025	1.3411	26.176	-1.3147	1.1609	27.813	-1.1561	1.2942	27.092	0	0
-0.29025	1.3411	26.176	0.8639	0.62481	26.575	1.1543	1.0309	27.023	0	0
-0.40083	1.9232	26.724	-1.3147	1.1609	27.813	-0.71142	1.9394	28.343	0	0
-0.40083	1.9232	26.724	-0.71142	1.9394	28.343	0.11445	2.2429	28.089	0	0
-0.40083	1.9232	26.724	-1.2985	1.9022	28.368	-1.7246	2.1012	28.149	0	0
-0.40083	1.9232	26.724	0.10825	2.1963	27.576	0.11445	2.2429	28.089	0	0
-0.40083	1.9232	26.724	-1.4209	1.5539	27.532	-1.6492	1.7615	27.739	0	0
-0.40083	1.9232	26.724	-1.7246	2.1012	28.149	-1.6492	1.7615	27.739	0	0
0.30568	1.9962	26.072	0.10825	2.1963	27.576	0.44235	2.2929	27.586	0	0
-1.3147	1.1609	26.787	-0.71142	1.9394	28.343	-1.2985	1.9022	28.368	0	0
-1.3147	1.1609	26.787	-1.2985	1.9022	28.368	-1.7044	1.4623	28.538	0	0
-0.71142	1.9394	27.317	-1.2985	1.9022	28.368	-1.1185	2.4661	28.989	0	0
-0.71142	1.9394	27.317	0.11445	2.2429	28.089	-0.72875	2.4381	29.56	0	0
-0.71142	1.9394	27.317	-1.1185	2.4661	28.989	-0.72875	2.4381	29.56	0	0
-1.2985	1.9022	27.342	-1.7246	2.1012	28.149	-1.7316	2.4308	28.501	0	0
-1.2985	1.9022	27.342	-1.7316	2.4308	28.501	-1.1185	2.4661	28.989	0	0
0.3931	-0.63109	21.785	0.3372	-0.36624	22.18	0.65595	-0.22354	22.245	0	0
0.3931	-0.63109	21.785	0.84775	-0.62624	23.106	0.88052	-0.3274	22.704	0	0
0.3931	-0.63109	21.785	0.65595	-0.22354	22.245	0.88052	-0.3274	22.704	0	0
0.72342	1.0219	25.375	0.8639	0.62481	26.575	1.1543	1.0309	27.023	0	0
-1.0342	0.36408	23.863	-1.1659	0.45924	25.541	-1.0336	0.96496	25.703	0	0
-1.1561	1.2942	26.066	-1.4209	1.5539	27.532	-1.7671	1.1124	26.986	0	0
-1.1561	1.2942	26.066	-1.6032	0.93386	26.667	-1.7671	1.1124	26.986	0	0
-1.1561	1.2942	26.066	-1.6032	0.93386	26.667	-1.0762	1.135	26.383	0	0
0.10825	2.1963	26.55	0.44235	2.2929	27.586	0.11445	2.2429	28.089	0	0
-1.4209	1.5539	26.505	-1.7671	1.1124	26.986	-1.6492	1.7615	27.739	0	0
-1.7316	2.4308	27.475	-1.1185	2.4661	28.989	-1.7713	2.7764	28.897	0	0
-1.1185	2.4661	27.962	-1.7713	2.7764	28.897	-1.6864	2.9906	29.15	0	0
-1.1185	2.4661	27.962	-0.72875	2.4381	29.56	-1.1639	2.6667	29.562	0	0
-1.1185	2.4661	27.962	-1.1639	2.6667	29.562	-1.6864	2.9906	29.15	0	0
-1.1639	2.6667	28.535	-1.6947	2.9989	29.58	-1.6864	2.9906	29.15	0	0
-0.41205	2.6872	12.111	-2.44183950857905	10.4996614457837	15.1866544915685	0.204771885197126	2.29245104392701	11.8625655697751	1	1
-2.44183950857905	10.4996614457837	15.1866544915685	-3.34794769585738	13.9871833040362	16.5596420374547	-0.297311325344495	10.017206228928	16.9888188101772	1	1
-3.34794769585738	13.9871833040362	16.5596420374547	-4.59394739789298	18.7829143847557	18.4476528700368	-1.47131217847627	12.9991851753294	17.5486776333281	1	1
-4.59394739789298	18.7829143847557	18.4476528700368	-5.42052537063646	21.9643322198066	19.700131633847	-3.8810915492759	18.1041222469666	20.4524711617451	1	1
-5.42052537063646	21.9643322198066	19.700131633847	-6.91077149282359	27.7001439013173	21.9582387724813	-5.39339585624299	22.2967180408738	20.4279231324249	1	1
-0.297311325344495	10.017206228928	16.9888188101772	0.204771885197126	2.29245104392701	11.8625655697751	-2.44183950857905	10.4996614457837	15.1866544915685	1	1
-1.47131217847627	12.9991851753294	17.5486776333281	-0.297311325344495	10.017206228928	16.9888188101772	-3.34794769585738	13.9871833040362	16.5596420374547	1	1
-3.8810915492759	18.1041222469666	20.4524711617451	-1.47131217847627	12.9991851753294	17.5486776333281	-4.59394739789298	18.7829143847557	18.4476528700368	1	1
-5.39339585624299	22.2967180408738	20.4279231324249	-3.8810915492759	18.1041222469666	20.4524711617451	-5.42052537063646	21.9643322198066	19.700131633847	1	1
-2.44183950857905	10.4996614457837	15.1866544915685	-0.41205	2.6872	12.111	-1.80138187440215	1.99662752397061	12.610589672252	1	1
-3.34794769585738	13.9871833040362	16.5596420374547	-2.44183950857905	10.4996614457837	15.1866544915685	-3.59780327664038	10.3406590487578	15.3596401981152	1	1
-4.59394739789298	18.7829143847557	18.4476528700368	-3.34794769585738	13.9871833040362	16.5596420374547	-5.2654780117156	13.0913628166787	16.8859846521946	1	1
-5.42052537063646	21.9643322198066	19.700131633847	-4.59394739789298	18.7829143847557	18.4476528700368	-6.58383143693566	18.2394510508013	19.155691340609	1	1
-6.91077149282359	27.7001439013173	21.9582387724813	-5.42052537063646	21.9643322198066	19.700131633847	-7.48876185562128	21.2683796994002	19.7260357168768	1	1
-1.80138187440215	1.99662752397061	12.610589672252	-3.59780327664038	10.3406590487578	15.3596401981152	-2.44183950857905	10.4996614457837	15.1866544915685	1	1
-3.59780327664038	10.3406590487578	15.3596401981152	-5.2654780117156	13.0913628166787	16.8859846521946	-3.34794769585738	13.9871833040362	16.5596420374547	1	1
-5.2654780117156	13.0913628166787	16.8859846521946	-6.58383143693566	18.2394510508013	19.155691340609	-4.59394739789298	18.7829143847557	18.4476528700368	1	1
-6.58383143693566	18.2394510508013	19.155691340609	-7.48876185562128	21.2683796994002	19.7260357168768	-5.42052537063646	21.9643322198066	19.700131633847	1	1
-0.878208597290028	-7.03758865465471	20.7542844367811	-1.46340973428933	-11.2234446111639	23.1884808336873	0.437420664287582	-6.45151549081479	21.2014143314508	2	1
-1.46340973428933	-11.2234446111639	23.1884808336873	-1.94745707536031	-14.6857626378235	25.2019189818234	0.702830471961868	-11.832128056581	23.5455789183866	2	1
-1.94745707536031	-14.6857626378235	25.2019189818234	-2.6061424428888	-19.3972402731411	27.9417795988999	-0.676189532318903	-14.7294282530112	26.1708616984273	2	1
-2.6061424428888	-19.3972402731411	27.9417795988999	-3.23135865177553	-23.8693180368548	30.5424222612898	-0.379085422696085	-19.5095873175854	27.5072893309825	2	1
-3.23135865177553	-23.8693180368548	30.5424222612898	-3.68483264900296	-27.1129495208086	32.4286878550338	-0.517830214119006	-23.8671036875407	32.688448618231	2	1
-3.68483264900296	-27.1129495208086	32.4286878550338	-4.10964803047899	-30.1515902249026	34.1957453769001	-1.17717044582519	-27.1191633072455	34.021393987254	2	1
-4.10964803047899	-30.1515902249026	34.1957453769001	-4.79036435561709	-35.0206519954981	37.0272457298606	-2.12339265004046	-30.1189737320471	34.2677976535662	2	1
0.437420664287582	-6.45151549081479	21.2014143314508	0.748796814396336	-1.52102603392024	16.3056702516714	-0.878208597290028	-7.03758865465471	20.7542844367811	2	1
0.702830471961868	-11.832128056581	23.5455789183866	0.437420664287582	-6.45151549081479	21.2014143314508	-1.46340973428933	-11.2234446111639	23.1884808336873	2	1
-0.676189532318903	-14.7294282530112	26.1708616984273	0.702830471961868	-11.832128056581	23.5455789183866	-1.94745707536031	-14.6857626378235	25.2019189818234	2	1
-0.379085422696085	-19.5095873175854	27.5072893309825	-0.676189532318903	-14.7294282530112	26.1708616984273	-2.6061424428888	-19.3972402731411	27.9417795988999	2	1
-0.517830214119006	-23.8671036875407	32.688448618231	-0.379085422696085	-19.5095873175854	27.5072893309825	-3.23135865177553	-23.8693180368548	30.5424222612898	2	1
-1.17717044582519	-27.1191633072455	34.021393987254	-0.517830214119006	-23.8671036875407	32.688448618231	-3.68483264900296	-27.1129495208086	32.4286878550338	2	1
-2.12339265004046	-30.1189737320471	34.2677976535662	-1.17717044582519	-27.1191633072455	34.021393987254	-4.10964803047899	-30.1515902249026	34.1957453769001	2	1
-0.878208597290028	-7.03758865465471	20.7542844367811	0.12035	-1.5779	16.987	-1.2857305591668	-1.44679273589014	16.2445105125789	2	1
-1.46340973428933	-11.2234446111639	23.1884808336873	-0.878208597290028	-7.03758865465471	20.7542844367811	-2.13706806150791	-6.63874701735329	21.5878847317689	2	1
-1.94745707536031	-14.6857626378235	25.2019189818234	-1.46340973428933	-11.2234446111639	23.1884808336873	-2.1099870524473	-11.1884707750113	23.7070351919068	2	1
-2.6061424428888	-19.3972402731411	27.9417795988999	-1.94745707536031	-14.6857626378235	25.2019189818234	-3.94422761780182	-13.0878942449502	27.602222238163	2	1
-3.23135865177553	-23.8693180368548	30.5424222612898	-2.6061424428888	-19.3972402731411	27.9417795988999	-3.43463977137765	-20.0021920077782	27.5960718965756	2	1
-3.68483264900296	-27.1129495208086	32.4286878550338	-3.23135865177553	-23.8693180368548	30.5424222612898	-4.03575018170302	-23.4172614081749	30.2229999216711	2	1
-4.10964803047899	-30.1515902249026	34.1957453769001	-3.68483264900296	-27.1129495208086	32.4286878550338	-3.97530540517757	-26.6458983464831	34.0527442051897	2	1
-1.2857305591668	-1.44679273589014	16.2445105125789	-2.13706806150791	-6.63874701735329	21.5878847317689	-0.878208597290028	-7.03758865465471	20.7542844367811	2	1
-2.13706806150791	-6.63874701735329	21.5878847317689	-2.1099870524473	-11.1884707750113	23.7070351919068	-1.46340973428933	-11.2234446111639	23.1884808336873	2	1
-2.1099870524473	-11.1884707750113	23.7070351919068	-3.94422761780182	-13.0878942449502	27.602222238163	-1.94745707536031	-14.6857626378235	25.2019189818234	2	1
-3.94422761780182	-13.0878942449502	27.602222238163	-3.43463977137765	-20.0021920077782	27.5960718965756	-2.6061424428888	-19.3972402731411	27.9417795988999	2	1
-3.43463977137765	-20.0021920077782	27.5960718965756	-4.03575018170302	-23.4172614081749	30.2229999216711	-3.23135865177553	-23.8693180368548	30.5424222612898	2	1
-4.03575018170302	-23.4172614081749	30.2229999216711	-3.97530540517757	-26.6458983464831	34.0527442051897	-3.68483264900296	-27.1129495208086	32.4286878550338	2	1
0.0037021	2.3981	21.682	0.548906817135262	6.69357682584978	25.7945566889887	1.07442899967944	1.84207269205784	21.6029916119018	3	2
0.548906817135262	6.69357682584978	25.7945566889887	0.939212944313642	10.7125496571754	29.6189290101224	1.33739780133982	6.87207109260808	25.9643879421859	3	2
0.939212944313642	10.7125496571754	29.6189290101224	1.37161040354547	14.4296665317785	31.7717395731517	2.75146528208234	9.8201013164103	30.0884455229497	3	2
1.37161040354547	14.4296665317785	31.7717395731517	1.84979184889708	18.5403667259849	34.1524983972817	2.84848887447339	14.3214694000644	31.7894291971849	3	2
1.84979184889708	18.5403667259849	34.1524983972817	2.2264709441686	21.7784991235051	36.0278996464322	3.90329059938066	17.5754676366752	35.1198192950255	3	2
2.2264709441686	21.7784991235051	36.0278996464322	2.62488883089225	25.2035096508917	38.0115334923902	4.14476461382426	21.2771103254718	36.2932914891209	3	2
2.62488883089225	25.2035096508917	38.0115334923902	3.18146636515668	29.9881440201934	40.7826089678057	4.63695662730019	25.0528220902694	38.1283321727414	3	2
3.18146636515668	29.9881440201934	40.7826089678057	3.53173158200808	32.9992087717252	42.5265014042669	5.25922477645892	30.4557286083503	40.839259891725	3	2
3.53173158200808	32.9992087717252	42.5265014042669	3.90797332866855	36.2335814896555	44.3997251921732	6.12340216864756	33.4220442968882	43.7285937380782	3	2
3.90797332866855	36.2335814896555	44.3997251921732	4.2567627404157	39.2319594412547	46.1362699239946	5.04004387167528	35.8179122233449	44.8327937626112	3	2
4.2567627404157	39.2319594412547	46.1362699239946	4.91378149577655	44.8800395822002	49.4074198497182	6.38477778909176	38.8785800739864	46.3759331572977	3	2
1.33739780133982	6.87207109260808	25.9643879421859	1.07442899967944	1.84207269205784	21.6029916119018	0.548906817135262	6.69357682584978	25.7945566889887	3	2
2.75146528208234	9.8201013164103	30.0884455229497	1.33739780133982	6.87207109260808	25.9643879421859	0.939212944313642	10.7125496571754	29.6189290101224	3	2
2.84848887447339	14.3214694000644	31.7894291971849	2.75146528208234	9.8201013164103	30.0884455229497	1.37161040354547	14.4296665317785	31.7717395731517	3	2
3.90329059938066	17.5754676366752	35.1198192950255	2.84848887447339	14.3214694000644	31.7894291971849	1.84979184889708	18.5403667259849	34.1524983972817	3	2
4.14476461382426	21.2771103254718	36.2932914891209	3.90329059938066	17.5754676366752	35.1198192950255	2.2264709441686	21.7784991235051	36.0278996464322	3	2
4.63695662730019	25.0528220902694	38.1283321727414	4.14476461382426	21.2771103254718	36.2932914891209	2.62488883089225	25.2035096508917	38.0115334923902	3	2
5.25922477645892	30.4557286083503	40.839259891725	4.63695662730019	25.0528220902694	38.1283321727414	3.18146636515668	29.9881440201934	40.7826089678057	3	2
6.12340216864756	33.4220442968882	43.7285937380782	5.25922477645892	30.4557286083503	40.839259891725	3.53173158200808	32.9992087717252	42.5265014042669	3	2
5.04004387167528	35.8179122233449	44.8327937626112	6.12340216864756	33.4220442968882	43.7285937380782	3.90797332866855	36.2335814896555	44.3997251921732	3	2
6.38477778909176	38.8785800739864	46.3759331572977	5.04004387167528	35.8179122233449	44.8327937626112	4.2567627404157	39.2319594412547	46.1362699239946	3	2
0.548906817135262	6.69357682584978	25.7945566889887	0.0037021	2.3981	21.682	-1.4603226288484	1.96531321016869	21.9750877908277	3	2
0.939212944313642	10.7125496571754	29.6189290101224	0.548906817135262	6.69357682584978	25.7945566889887	-1.09625839602202	6.69289381095766	25.7347967951817	3	2
1.37161040354547	14.4296665317785	31.7717395731517	0.939212944313642	10.7125496571754	29.6189290101224	-1.73748974145317	10.254213918694	29.8126572613906	3	2
1.84979184889708	18.5403667259849	34.1524983972817	1.37161040354547	14.4296665317785	31.7717395731517	-0.662651314689174	14.4412128316963	31.0476129580606	3	2
2.2264709441686	21.7784991235051	36.0278996464322	1.84979184889708	18.5403667259849	34.1524983972817	-1.14815796496225	17.0384640714984	35.7047497719074	3	2
2.62488883089225	25.2035096508917	38.0115334923902	2.2264709441686	21.7784991235051	36.0278996464322	-0.726495410359892	22.3814535941018	34.8866416670909	3	2
3.18146636515668	29.9881440201934	40.7826089678057	2.62488883089225	25.2035096508917	38.0115334923902	0.139425734629536	25.3256972352836	37.4632609380555	3	2
3.53173158200808	32.9992087717252	42.5265014042669	3.18146636515668	29.9881440201934	40.7826089678057	2.01259817564076	30.1049273472524	39.9856155863659	3	2
3.90797332866855	36.2335814896555	44.3997251921732	3.53173158200808	32.9992087717252	42.5265014042669	2.35664722076798	32.909791697618	43.336633998863	3	2
4.2567627404157	39.2319594412547	46.1362699239946	3.90797332866855	36.2335814896555	44.3997251921732	2.39099300993908	36.3518085022483	45.0115038499251	3	2
4.91378149577655	44.8800395822002	49.4074198497182	4.2567627404157	39.2319594412547	46.1362699239946	3.43514772458027	38.5718511389716	47.641757431419	3	2
-1.4603226288484	1.96531321016869	21.9750877908277	-1.09625839602202	6.69289381095766	25.7347967951817	0.548906817135262	6.69357682584978	25.7945566889887	3	2
-1.09625839602202	6.69289381095766	25.7347967951817	-1.73748974145317	10.254213918694	29.8126572613906	0.939212944313642	10.7125496571754	29.6189290101224	3	2
-1.73748974145317	10.254213918694	29.8126572613906	-0.662651314689174	14.4412128316963	31.0476129580606	1.37161040354547	14.4296665317785	31.7717395731517	3	2
-0.662651314689174	14.4412128316963	31.0476129580606	-1.14815796496225	17.0384640714984	35.7047497719074	1.84979184889708	18.5403667259849	34.1524983972817	3	2
-1.14815796496225	17.0384640714984	35.7047497719074	-0.726495410359892	22.3814535941018	34.8866416670909	2.2264709441686	21.7784991235051	36.0278996464322	3	2
-0.726495410359892	22.3814535941018	34.8866416670909	0.139425734629536	25.3256972352836	37.4632609380555	2.62488883089225	25.2035096508917	38.0115334923902	3	2
0.139425734629536	25.3256972352836	37.4632609380555	2.01259817564076	30.1049273472524	39.9856155863659	3.18146636515668	29.9881440201934	40.7826089678057	3	2
2.01259817564076	30.1049273472524	39.9856155863659	2.35664722076798	32.909791697618	43.336633998863	3.53173158200808	32.9992087717252	42.5265014042669	3	2
2.35664722076798	32.909791697618	43.336633998863	2.39099300993908	36.3518085022483	45.0115038499251	3.90797332866855	36.2335814896555	44.3997251921732	3	2
2.39099300993908	36.3518085022483	45.0115038499251	3.43514772458027	38.5718511389716	47.641757431419	4.2567627404157	39.2319594412547	46.1362699239946	3	2
0.23953	-1.8413	25.174	1.10913394634542	-4.75440911579423	28.4865299359216	1.00068508798593	-2.59705991250464	25.0462733012087	4	2
1.10913394634542	-4.75440911579423	28.4865299359216	2.10333930395089	-7.82799057904859	32.1741703207948	1.72785318470758	-4.23272422325923	29.0007060142074	4	2
2.10333930395089	-7.82799057904859	32.1741703207948	3.3434407992494	-11.0274695928557	35.4898952734358	2.77546410499018	-5.92673679306273	33.1074735475665	4	2
3.3434407992494	-11.0274695928557	35.4898952734358	4.44209378286731	-13.8620094896856	38.4274218596759	4.65218929115353	-10.9523347436173	36.0018835051059	4	2
4.44209378286731	-13.8620094896856	38.4274218596759	5.78302527369841	-17.3216312868793	42.0127413039206	4.69812675140459	-13.7176063635965	38.8033413539797	4	2
5.78302527369841	-17.3216312868793	42.0127413039206	6.89751249366031	-20.1970237325323	44.9926047252914	7.70853710177559	-16.2217324417781	43.4972668073997	4	2
6.89751249366031	-20.1970237325323	44.9926047252914	7.93280153220343	-22.8680837744735	47.7607117804859	7.49501300925741	-19.7820345697482	45.4663388475931	4	2
7.93280153220343	-22.8680837744735	47.7607117804859	9.02716610991614	-25.6915595247409	50.6867722290583	10.1319165210456	-22.1652986121083	49.0539340511762	4	2
9.02716610991614	-25.6915595247409	50.6867722290583	10.151308867026	-28.5918633898132	53.6924521707494	11.8039857361426	-25.667017286159	52.0213173957459	4	2
10.151308867026	-28.5918633898132	53.6924521707494	11.3399913198881	-31.6586805627879	56.8706953102535	12.2430506047432	-29.464332529538	54.0918117867842	4	2
11.3399913198881	-31.6586805627879	56.8706953102535	12.7975313413354	-35.4191539821689	60.7677971498271	12.2875339125978	-30.3947398764475	57.9319483321169	4	2
1.72785318470758	-4.23272422325923	29.0007060142074	1.00068508798593	-2.59705991250464	25.0462733012087	1.10913394634542	-4.75440911579423	28.4865299359216	4	2
2.77546410499018	-5.92673679306273	33.1074735475665	1.72785318470758	-4.23272422325923	29.0007060142074	2.10333930395089	-7.82799057904859	32.1741703207948	4	2
4.65218929115353	-10.9523347436173	36.0018835051059	2.77546410499018	-5.92673679306273	33.1074735475665	3.3434407992494	-11.0274695928557	35.4898952734358	4	2
4.69812675140459	-13.7176063635965	38.8033413539797	4.65218929115353	-10.9523347436173	36.0018835051059	4.44209378286731	-13.8620094896856	38.4274218596759	4	2
7.70853710177559	-16.2217324417781	43.4972668073997	4.69812675140459	-13.7176063635965	38.8033413539797	5.78302527369841	-17.3216312868793	42.0127413039206	4	2
7.49501300925741	-19.7820345697482	45.4663388475931	7.70853710177559	-16.2217324417781	43.4972668073997	6.89751249366031	-20.1970237325323	44.9926047252914	4	2
10.1319165210456	-22.1652986121083	49.0539340511762	7.49501300925741	-19.7820345697482	45.4663388475931	7.93280153220343	-22.8680837744735	47.7607117804859	4	2
11.8039857361426	-25.667017286159	52.0213173957459	10.1319165210456	-22.1652986121083	49.0539340511762	9.02716610991614	-25.6915595247409	50.6867722290583	4	2
12.2430506047432	-29.464332529538	54.0918117867842	11.8039857361426	-25.667017286159	52.0213173957459	10.151308867026	-28.5918633898132	53.6924521707494	4	2
12.2875339125978	-30.3947398764475	57.9319483321169	12.2430506047432	-29.464332529538	54.0918117867842	11.3399913198881	-31.6586805627879	56.8706953102535	4	2
1.10913394634542	-4.75440911579423	28.4865299359216	0.23953	-1.8413	25.174	-1.7168548883695	-2.01606457830078	25.0469046042109	4	2
2.10333930395089	-7.82799057904859	32.1741703207948	1.10913394634542	-4.75440911579423	28.4865299359216	-0.993408748049107	-4.28401876256765	28.846326276008	4	2
3.3434407992494	-11.0274695928557	35.4898952734358	2.10333930395089	-7.82799057904859	32.1741703207948	-1.20513891028125	-7.39581411629221	32.4993287759989	4	2
4.44209378286731	-13.8620094896856	38.4274218596759	3.3434407992494	-11.0274695928557	35.4898952734358	0.245255840442559	-11.8692743028115	34.6509554580621	4	2
5.78302527369841	-17.3216312868793	42.0127413039206	4.44209378286731	-13.8620094896856	38.4274218596759	0.192985490674409	-12.969826017142	39.6212255171244	4	2
6.89751249366031	-20.1970237325323	44.9926047252914	5.78302527369841	-17.3216312868793	42.0127413039206	3.1965206727824	-17.2246285195392	41.2410307023551	4	2
7.93280153220343	-22.8680837744735	47.7607117804859	6.89751249366031	-20.1970237325323	44.9926047252914	5.79129644024867	-19.6623451660421	44.7804441405676	4	2
9.02716610991614	-25.6915595247409	50.6867722290583	7.93280153220343	-22.8680837744735	47.7607117804859	7.36722884748915	-23.0905119894713	47.0028407904897	4	2
10.151308867026	-28.5918633898132	53.6924521707494	9.02716610991614	-25.6915595247409	50.6867722290583	7.46381676307124	-25.5058644884691	49.7786163320761	4	2
11.3399913198881	-31.6586805627879	56.8706953102535	10.151308867026	-28.5918633898132	53.6924521707494	8.97233866623516	-28.4143687662559	53.1477364978929	4	2
12.7975313413354	-35.4191539821689	60.7677971498271	11.3399913198881	-31.6586805627879	56.8706953102535	10.6904823921028	-31.6807817904151	56.2576115570317	4	2
-1.7168548883695	-2.01606457830078	25.0469046042109	-0.993408748049107	-4.28401876256765	28.846326276008	1.10913394634542	-4.75440911579423	28.4865299359216	4	2
-0.993408748049107	-4.28401876256765	28.846326276008	-1.20513891028125	-7.39581411629221	32.4993287759989	2.10333930395089	-7.82799057904859	32.1741703207948	4	2
-1.20513891028125	-7.39581411629221	32.4993287759989	0.245255840442559	-11.8692743028115	34.6509554580621	3.3434407992494	-11.0274695928557	35.4898952734358	4	2
0.245255840442559	-11.8692743028115	34.6509554580621	0.192985490674409	-12.969826017142	39.6212255171244	4.44209378286731	-13.8620094896856	38.4274218596759	4	2
0.192985490674409	-12.969826017142	39.6212255171244	3.1965206727824	-17.2246285195392	41.2410307023551	5.78302527369841	-17.3216312868793	42.0127413039206	4	2
3.1965206727824	-17.2246285195392	41.2410307023551	5.79129644024867	-19.6623451660421	44.7804441405676	6.89751249366031	-20.1970237325323	44.9926047252914	4	2
5.79129644024867	-19.6623451660421	44.7804441405676	7.36722884748915	-23.0905119894713	47.0028407904897	7.93280153220343	-22.8680837744735	47.7607117804859	4	2
7.36722884748915	-23.0905119894713	47.0028407904897	7.46381676307124	-25.5058644884691	49.7786163320761	9.02716610991614	-25.6915595247409	50.6867722290583	4	2
7.46381676307124	-25.5058644884691	49.7786163320761	8.97233866623516	-28.4143687662559	53.1477364978929	10.151308867026	-28.5918633898132	53.6924521707494	4	2
8.97233866623516	-28.4143687662559	53.1477364978929	10.6904823921028	-31.6807817904151	56.2576115570317	11.3399913198881	-31.6586805627879	56.8706953102535	4	2
-0.096448	-0.21984	26.534	-0.976738577688681	1.94711944003124	29.4448225183264	0.839930395758611	1.00518795321645	25.78494137339	5	2
-0.976738577688681	1.94711944003124	29.4448225183264	-2.08161326285304	4.66692434281094	33.098268545148	1.97710422990411	3.56314573074743	28.8156137248831	5	2
-2.08161326285304	4.66692434281094	33.098268545148	-3.22774207687758	7.48828210352145	36.8881279907925	-0.371409024418919	4.48737436597434	32.9964103537251	5	2
-3.22774207687758	7.48828210352145	36.8881279907925	-4.11910478900578	9.68249716442735	39.8355623042118	-2.19506027279493	7.56520575422339	37.3778495646274	5	2
-4.11910478900578	9.68249716442735	39.8355623042118	-5.11381032366145	12.1311051616104	43.1247162980917	-0.973566421166881	10.5030425091335	39.8746277599798	5	2
-5.11381032366145	12.1311051616104	43.1247162980917	-6.61438022875796	15.824969669184	48.0865922749383	-1.90649406043387	12.1399948286094	42.554989675968	5	2
-6.61438022875796	15.824969669184	48.0865922749383	-7.44350245332866	17.8659709896691	50.8282183957835	-4.65090956938474	14.774705164005	47.7849568510544	5	2
1.97710422990411	3.56314573074743	28.8156137248831	0.839930395758611	1.00518795321645	25.78494137339	-0.976738577688681	1.94711944003124	29.4448225183264	5	2
-0.371409024418919	4.48737436597434	32.9964103537251	1.97710422990411	3.56314573074743	28.8156137248831	-2.08161326285304	4.66692434281094	33.098268545148	5	2
-2.19506027279493	7.56520575422339	37.3778495646274	-0.371409024418919	4.48737436597434	32.9964103537251	-3.22774207687758	7.48828210352145	36.8881279907925	5	2
-0.973566421166881	10.5030425091335	39.8746277599798	-2.19506027279493	7.56520575422339	37.3778495646274	-4.11910478900578	9.68249716442735	39.8355623042118	5	2
-1.90649406043387	12.1399948286094	42.554989675968	-0.973566421166881	10.5030425091335	39.8746277599798	-5.11381032366145	12.1311051616104	43.1247162980917	5	2
-4.65090956938474	14.774705164005	47.7849568510544	-1.90649406043387	12.1399948286094	42.554989675968	-6.61438022875796	15.824969669184	48.0865922749383	5	2
-0.976738577688681	1.94711944003124	29.4448225183264	-0.096448	-0.21984	26.534	-1.21011681884148	0.375950201425845	26.2862105243777	5	2
-2.08161326285304	4.66692434281094	33.098268545148	-0.976738577688681	1.94711944003124	29.4448225183264	-2.96555384634355	-0.13548716868563	30.1231042120894	5	2
-3.22774207687758	7.48828210352145	36.8881279907925	-2.08161326285304	4.66692434281094	33.098268545148	-4.60220390560539	3.28440780910704	33.8397245827555	5	2
-4.11910478900578	9.68249716442735	39.8355623042118	-3.22774207687758	7.48828210352145	36.8881279907925	-5.7542991993551	6.13914617074798	37.3573410679309	5	2
-5.11381032366145	12.1311051616104	43.1247162980917	-4.11910478900578	9.68249716442735	39.8355623042118	-5.79717387603718	7.43301910380815	41.0255294986934	5	2
-6.61438022875796	15.824969669184	48.0865922749383	-5.11381032366145	12.1311051616104	43.1247162980917	-6.00810677671827	10.5370823327795	44.189677651952	5	2
-7.44350245332866	17.8659709896691	50.8282183957835	-6.61438022875796	15.824969669184	48.0865922749383	-7.28616457822596	15.6889724063379	48.0886275410696	5	2
-1.21011681884148	0.375950201425845	26.2862105243777	-2.96555384634355	-0.13548716868563	30.1231042120894	-0.976738577688681	1.94711944003124	29.4448225183264	5	2
-2.96555384634355	-0.13548716868563	30.1231042120894	-4.60220390560539	3.28440780910704	33.8397245827555	-2.08161326285304	4.66692434281094	33.098268545148	5	2
-4.60220390560539	3.28440780910704	33.8397245827555	-5.7542991993551	6.13914617074798	37.3573410679309	-3.22774207687758	7.48828210352145	36.8881279907925	5	2
-5.7542991993551	6.13914617074798	37.3573410679309	-5.79717387603718	7.43301910380815	41.0255294986934	-4.11910478900578	9.68249716442735	39.8355623042118	5	2
-5.79717387603718	7.43301910380815	41.0255294986934	-6.00810677671827	10.5370823327795	44.189677651952	-5.11381032366145	12.1311051616104	43.1247162980917	5	2
-6.00810677671827	10.5370823327795	44.189677651952	-7.28616457822596	15.6889724063379	48.0886275410696	-6.61438022875796	15.824969669184	48.0865922749383	5	2
0.66812	-1.503	30.237	0.482283696819071	-3.54164477604683	34.2109922501078	1.99775939439452	-1.01152458948583	30.7565172029241	6	2
0.482283696819071	-3.54164477604683	34.2109922501078	0.140290058375301	-5.83323902973791	37.939456105721	1.9116624067709	-4.50990407513338	33.6038640896105	6	2
0.140290058375301	-5.83323902973791	37.939456105721	-0.180637508920356	-7.98367601567823	41.4382546224907	1.96943936264886	-6.16350269198345	38.387059386513	6	2
-0.180637508920356	-7.98367601567823	41.4382546224907	-0.551252893614018	-10.4670557936127	45.4787568740894	1.34183645841275	-5.5653995943874	42.8566313069514	6	2
-0.551252893614018	-10.4670557936127	45.4787568740894	-0.908322589871948	-12.8596700768355	49.3715820812793	0.506341418881718	-7.90819444357373	47.5636308082766	6	2
-0.908322589871948	-12.8596700768355	49.3715820812793	-1.29437210397648	-15.446469212012	53.5803494325248	0.862564230819824	-11.6823143895788	51.1932127941254	6	2
-1.29437210397648	-15.446469212012	53.5803494325248	-1.59539888593443	-17.4635571522467	56.8621867240283	-0.299320467119538	-14.3434353836683	55.0015660287964	6	2
-1.59539888593443	-17.4635571522467	56.8621867240283	-2.23374985187472	-21.7409507670623	63.821580806721	-0.945527311289709	-15.8202021076446	59.6375484110611	6	2
-2.23374985187472	-21.7409507670623	63.821580806721	-2.39244851088719	-22.8043417023918	65.5517364223483	-2.86360111789073	-20.9322857800997	65.0996846059325	6	2
1.9116624067709	-4.50990407513338	33.6038640896105	1.99775939439452	-1.01152458948583	30.7565172029241	0.482283696819071	-3.54164477604683	34.2109922501078	6	2
1.96943936264886	-6.16350269198345	38.387059386513	1.9116624067709	-4.50990407513338	33.6038640896105	0.140290058375301	-5.83323902973791	37.939456105721	6	2
1.34183645841275	-5.5653995943874	42.8566313069514	1.96943936264886	-6.16350269198345	38.387059386513	-0.180637508920356	-7.98367601567823	41.4382546224907	6	2
0.506341418881718	-7.90819444357373	47.5636308082766	1.34183645841275	-5.5653995943874	42.8566313069514	-0.551252893614018	-10.4670557936127	45.4787568740894	6	2
0.862564230819824	-11.6823143895788	51.1932127941254	0.506341418881718	-7.90819444357373	47.5636308082766	-0.908322589871948	-12.8596700768355	49.3715820812793	6	2
-0.299320467119538	-14.3434353836683	55.0015660287964	0.862564230819824	-11.6823143895788	51.1932127941254	-1.29437210397648	-15.446469212012	53.5803494325248	6	2
-0.945527311289709	-15.8202021076446	59.6375484110611	-0.299320467119538	-14.3434353836683	55.0015660287964	-1.59539888593443	-17.4635571522467	56.8621867240283	6	2
-2.86360111789073	-20.9322857800997	65.0996846059325	-0.945527311289709	-15.8202021076446	59.6375484110611	-2.23374985187472	-21.7409507670623	63.821580806721	6	2
0.482283696819071	-3.54164477604683	34.2109922501078	0.66812	-1.503	30.237	-2.95092881026694	-1.22862710308105	30.5866914050156	6	2
0.140290058375301	-5.83323902973791	37.939456105721	0.482283696819071	-3.54164477604683	34.2109922501078	-1.56357869106922	-2.91602180279913	34.5451700249055	6	2
-0.180637508920356	-7.98367601567823	41.4382546224907	0.140290058375301	-5.83323902973791	37.939456105721	-3.14729521063562	-5.58316491655243	37.8103825073484	6	2
-0.551252893614018	-10.4670557936127	45.4787568740894	-0.180637508920356	-7.98367601567823	41.4382546224907	-3.96309504631343	-7.9581573538738	40.1401743839391	6	2
-0.908322589871948	-12.8596700768355	49.3715820812793	-0.551252893614018	-10.4670557936127	45.4787568740894	-3.63110207694926	-10.4169165668693	43.9719612025231	6	2
-1.29437210397648	-15.446469212012	53.5803494325248	-0.908322589871948	-12.8596700768355	49.3715820812793	-3.37301803059629	-11.3913345692387	48.2367902307167	6	2
-1.59539888593443	-17.4635571522467	56.8621867240283	-1.29437210397648	-15.446469212012	53.5803494325248	-2.79763864095934	-15.0026377100692	52.3292440506041	6	2
-2.23374985187472	-21.7409507670623	63.821580806721	-1.59539888593443	-17.4635571522467	56.8621867240283	-1.84484643963875	-17.0862032056033	55.9310539317245	6	2
-2.95092881026694	-1.22862710308105	30.5866914050156	-1.56357869106922	-2.91602180279913	34.5451700249055	0.482283696819071	-3.54164477604683	34.2109922501078	6	2
-1.56357869106922	-2.91602180279913	34.5451700249055	-3.14729521063562	-5.58316491655243	37.8103825073484	0.140290058375301	-5.83323902973791	37.939456105721	6	2
-3.14729521063562	-5.58316491655243	37.8103825073484	-3.96309504631343	-7.9581573538738	40.1401743839391	-0.180637508920356	-7.98367601567823	41.4382546224907	6	2
-3.96309504631343	-7.9581573538738	40.1401743839391	-3.63110207694926	-10.4169165668693	43.9719612025231	-0.551252893614018	-10.4670557936127	45.4787568740894	6	2
-3.63110207694926	-10.4169165668693	43.9719612025231	-3.37301803059629	-11.3913345692387	48.2367902307167	-0.908322589871948	-12.8596700768355	49.3715820812793	6	2
-3.37301803059629	-11.3913345692387	48.2367902307167	-2.79763864095934	-15.0026377100692	52.3292440506041	-1.29437210397648	-15.446469212012	53.5803494325248	6	2
-2.79763864095934	-15.0026377100692	52.3292440506041	-1.84484643963875	-17.0862032056033	55.9310539317245	-1.59539888593443	-17.4635571522467	56.8621867240283	6	2
0.48025	-0.065238	32.487	0.48025	-0.0652379999999998	36.5079518069164	0.89608979090416	-0.034704529059744	32.5882347008546	7	2
0.48025	-0.0652379999999998	36.5079518069164	0.48025	-0.065238	41.1136476283965	2.29652576765665	0.904610640369078	35.568272464695	7	2
2.29652576765665	0.904610640369078	35.568272464695	0.89608979090416	-0.034704529059744	32.5882347008546	0.48025	-0.0652379999999998	36.5079518069164	7	2
0.48025	-0.0652379999999998	36.5079518069164	0.48025	-0.065238	32.487	-3.54086856736165	-1.454845237716	33.2821715025393	7	2
0.48025	-0.065238	41.1136476283965	0.48025	-0.0652379999999998	36.5079518069164	-1.38131788472932	0.253580969065893	37.5368504975114	7	2
-3.54086856736165	-1.454845237716	33.2821715025393	-1.38131788472932	0.253580969065893	37.5368504975114	0.48025	-0.0652379999999998	36.5079518069164	7	2
1.6541	2.9057	32.832	2.26439381302795	6.27489031101482	36.7163734411027	3.00544130692935	2.73556185272948	32.7795888081625	8	2
2.26439381302795	6.27489031101482	36.7163734411027	3.88547422518666	9.24792350635449	40.2606920620401	3.86039711646938	4.01006778990455	37.5350229712899	8	2
3.88547422518666	9.24792350635449	40.2606920620401	5.09970359619012	11.4747989899356	42.9154744759524	6.61191802963959	8.00658090185629	41.149375098571	8	2
5.09970359619012	11.4747989899356	42.9154744759524	7.14601420802336	15.2276969531246	47.3895133646737	7.76884521669135	10.4678969065278	44.5037322050812	8	2
7.14601420802336	15.2276969531246	47.3895133646737	8.50812864592267	17.7257910694636	50.3676306313337	9.14518501741035	14.3283474355046	49.2158386259707	8	2
8.50812864592267	17.7257910694636	50.3676306313337	10.0760875594829	20.6014003631049	53.7958047876027	11.0454386856956	17.5866094231498	52.562673009375	8	2
10.0760875594829	20.6014003631049	53.7958047876027	11.8535495583516	23.8612346603155	57.6820349914516	12.0281605312734	20.2465918599218	55.2114799053025	8	2
11.8535495583516	23.8612346603155	57.6820349914516	13.2523432194445	26.4265978321042	60.7403474494121	12.8482190235626	22.8521646408701	59.4415114337017	8	2
13.2523432194445	26.4265978321042	60.7403474494121	14.4104353311579	28.5505185614898	63.2723917610452	14.0153006745681	25.5289613775133	61.1503800298991	8	2
3.86039711646938	4.01006778990455	37.5350229712899	3.00544130692935	2.73556185272948	32.7795888081625	2.26439381302795	6.27489031101482	36.7163734411027	8	2
6.61191802963959	8.00658090185629	41.149375098571	3.86039711646938	4.01006778990455	37.5350229712899	3.88547422518666	9.24792350635449	40.2606920620401	8	2
7.76884521669135	10.4678969065278	44.5037322050812	6.61191802963959	8.00658090185629	41.149375098571	5.09970359619012	11.4747989899356	42.9154744759524	8	2
9.14518501741035	14.3283474355046	49.2158386259707	7.76884521669135	10.4678969065278	44.5037322050812	7.14601420802336	15.2276969531246	47.3895133646737	8	2
11.0454386856956	17.5866094231498	52.562673009375	9.14518501741035	14.3283474355046	49.2158386259707	8.50812864592267	17.7257910694636	50.3676306313337	8	2
12.0281605312734	20.2465918599218	55.2114799053025	11.0454386856956	17.5866094231498	52.562673009375	10.0760875594829	20.6014003631049	53.7958047876027	8	2
12.8482190235626	22.8521646408701	59.4415114337017	12.0281605312734	20.2465918599218	55.2114799053025	11.8535495583516	23.8612346603155	57.6820349914516	8	2
14.0153006745681	25.5289613775133	61.1503800298991	12.8482190235626	22.8521646408701	59.4415114337017	13.2523432194445	26.4265978321042	60.7403474494121	8	2
2.26439381302795	6.27489031101482	36.7163734411027	1.6541	2.9057	32.832	0.544513217766005	1.00910205489891	34.60084678235	8	2
3.88547422518666	9.24792350635449	40.2606920620401	2.26439381302795	6.27489031101482	36.7163734411027	-0.157209927427031	6.17856041883987	36.962721891449	8	2
5.09970359619012	11.4747989899356	42.9154744759524	3.88547422518666	9.24792350635449	40.2606920620401	1.30853317992154	9.78192363875448	39.7625234582273	8	2
7.14601420802336	15.2276969531246	47.3895133646737	5.09970359619012	11.4747989899356	42.9154744759524	1.37841327068786	11.5626199313384	42.1861313755707	8	2
8.50812864592267	17.7257910694636	50.3676306313337	7.14601420802336	15.2276969531246	47.3895133646737	3.91113005254361	14.975507179065	46.1257081350256	8	2
10.0760875594829	20.6014003631049	53.7958047876027	8.50812864592267	17.7257910694636	50.3676306313337	6.6114956582949	18.0954486168085	48.3334316986004	8	2
11.8535495583516	23.8612346603155	57.6820349914516	10.0760875594829	20.6014003631049	53.7958047876027	7.63284466065756	20.4552547208441	52.3387595485701	8	2
13.2523432194445	26.4265978321042	60.7403474494121	11.8535495583516	23.8612346603155	57.6820349914516	10.6250688712564	23.6805475527572	58.0200828735573	8	2
14.4104353311579	28.5505185614898	63.2723917610452	13.2523432194445	26.4265978321042	60.7403474494121	12.8460281176197	26.6450149355412	61.26766235244	8	2
0.544513217766005	1.00910205489891	34.60084678235	-0.157209927427031	6.17856041883987	36.962721891449	2.26439381302795	6.27489031101482	36.7163734411027	8	2
-0.157209927427031	6.17856041883987	36.962721891449	1.30853317992154	9.78192363875448	39.7625234582273	3.88547422518666	9.24792350635449	40.2606920620401	8	2
1.30853317992154	9.78192363875448	39.7625234582273	1.37841327068786	11.5626199313384	42.1861313755707	5.09970359619012	11.4747989899356	42.9154744759524	8	2
1.37841327068786	11.5626199313384	42.1861313755707	3.91113005254361	14.975507179065	46.1257081350256	7.14601420802336	15.2276969531246	47.3895133646737	8	2
3.91113005254361	14.975507179065	46.1257081350256	6.6114956582949	18.0954486168085	48.3334316986004	8.50812864592267	17.7257910694636	50.3676306313337	8	2
6.6114956582949	18.0954486168085	48.3334316986004	7.63284466065756	20.4552547208441	52.3387595485701	10.0760875594829	20.6014003631049	53.7958047876027	8	2
7.63284466065756	20.4552547208441	52.3387595485701	10.6250688712564	23.6805475527572	58.0200828735573	11.8535495583516	23.8612346603155	57.6820349914516	8	2
10.6250688712564	23.6805475527572	58.0200828735573	12.8460281176197	26.6450149355412	61.26766235244	13.2523432194445	26.4265978321042	60.7403474494121	8	2
