0.22655	1.3574	0	0.1382	1.1338	0.2893	-0.12325	0.6238	0.27698	0	0
0.22655	1.3574	0	0.1382	1.1338	0.2893	0.48365	1.3635	0.9658	0	0
0.22655	1.3574	0	-0.12325	0.6238	0.27698	0.61266	-0.081976	0.33694	0	0
0.1382	1.1338	0.3648	-0.12325	0.6238	0.27698	-0.045099	0.6174	1.0396	0	0
0.1382	1.1338	0.3648	0.48365	1.3635	0.9658	0.2696	0.91225	1.0673	0	0
0.1382	1.1338	0.3648	0.2696	0.91225	1.0673	-0.045099	0.6174	1.0396	0	0
-0.12325	0.6238	0.35248	-0.045099	0.6174	1.0396	-0.85717	-0.12112	0.3146	0	0
-0.12325	0.6238	0.35248	-0.20177	0.041992	0.17146	0.61266	-0.081976	0.33694	0	0
-0.12325	0.6238	0.35248	-0.20177	0.041992	0.17146	-0.85717	-0.12112	0.3146	0	0
0.48365	1.3635	1.0413	0.2696	0.91225	1.0673	0.39405	1.2534	1.7022	0	0
0.2696	0.91225	1.1428	-0.045099	0.6174	1.0396	-0.077649	0.66885	1.6933	0	0
0.2696	0.91225	1.1428	0.46615	0.75915	1.5011	0.39405	1.2534	1.7022	0	0
0.2696	0.91225	1.1428	0.46615	0.75915	1.5011	-0.077649	0.66885	1.6933	0	0
-0.045099	0.6174	1.1151	-0.077649	0.66885	1.6933	0.072301	-0.013748	1.7606	0	0
-0.045099	0.6174	1.1151	-0.094483	-0.22318	1.0155	0.072301	-0.013748	1.7606	0	0
-0.045099	0.6174	1.1151	-0.094483	-0.22318	1.0155	-0.75055	-0.29255	1.0405	0	0
-0.045099	0.6174	1.1151	-0.85717	-0.12112	0.3146	-0.75055	-0.29255	1.0405	0	0
-0.20177	0.041992	0.24696	0.61266	-0.081976	0.33694	0.16425	-0.40535	0	0	0
-0.20177	0.041992	0.24696	0.16425	-0.40535	0	-0.64417	-0.606	0.40148	0	0
-0.20177	0.041992	0.24696	-0.64417	-0.606	0.40148	-0.85717	-0.12112	0.3146	0	0
0.61266	-0.081976	0.41244	0.6048	-0.15045	1.0184	-0.094483	-0.22318	1.0155	0	0
0.46615	0.75915	1.5766	0.39405	1.2534	1.7022	-0.077649	0.66885	1.6933	0	0
0.39405	1.2534	1.7777	-0.077649	0.66885	1.6933	0.19785	0.89159	2.2327	0	0
0.39405	1.2534	1.7777	0.19785	0.89159	2.2327	0.52655	1.3304	2.5427	0	0
0.6048	-0.15045	1.0939	-0.094483	-0.22318	1.0155	0.41708	-0.25297	1.6382	0	0
-0.077649	0.66885	1.7688	0.072301	-0.013748	1.7606	-0.014974	0.5832	2.3774	0	0
-0.077649	0.66885	1.7688	0.19785	0.89159	2.2327	-0.014974	0.5832	2.3774	0	0
-0.094483	-0.22318	1.091	0.072301	-0.013748	1.7606	0.41708	-0.25297	1.6382	0	0
-0.094483	-0.22318	1.091	-0.57735	-0.53975	0.9801	-0.75055	-0.29255	1.0405	0	0
-0.64417	-0.606	0.47698	-0.57735	-0.53975	0.9801	-0.75055	-0.29255	1.0405	0	0
-0.64417	-0.606	0.47698	-0.85717	-0.12112	0.3146	-0.75055	-0.29255	1.0405	0	0
0.072301	-0.013748	1.8361	0.41708	-0.25297	1.6382	0.46445	-0.20001	2.3536	0	0
0.072301	-0.013748	1.8361	-0.014974	0.5832	2.3774	-0.010249	-0.051148	2.5497	0	0
0.072301	-0.013748	1.8361	0.46445	-0.20001	2.3536	-0.010249	-0.051148	2.5497	0	0
0.19785	0.89159	2.3082	-0.014974	0.5832	2.3774	0.23505	0.94075	3.0425	0	0
0.19785	0.89159	2.3082	0.52655	1.3304	2.5427	0.23505	0.94075	3.0425	0	0
0.41708	-0.25297	1.7137	0.46445	-0.20001	2.3536	0.56215	-0.67165	1.9636	0	0
-0.014974	0.5832	2.4529	-0.010249	-0.051148	2.5497	0.036317	0.64872	3.0665	0	0
-0.014974	0.5832	2.4529	0.23505	0.94075	3.0425	0.036317	0.64872	3.0665	0	0
-0.014974	0.5832	2.4529	-0.026649	-0.034448	3.0183	-0.65715	-0.77805	2.7897	0	0
-0.014974	0.5832	2.4529	-0.6555	-0.70542	2.2815	-0.65715	-0.77805	2.7897	0	0
-0.014974	0.5832	2.4529	-0.6555	-0.70542	2.2815	-0.63072	-0.5188	1.5596	0	0
0.52655	1.3304	2.6182	0.23505	0.94075	3.0425	0.71725	1.4532	3.1256	0	0
0.46445	-0.20001	2.4291	-0.010249	-0.051148	2.5497	0.38532	-0.25901	3.0032	0	0
-0.010249	-0.051148	2.6252	0.036317	0.64872	3.0665	-0.026649	-0.034448	3.0183	0	0
-0.010249	-0.051148	2.6252	-0.026649	-0.034448	3.0183	0.38532	-0.25901	3.0032	0	0
0.23505	0.94075	3.118	0.036317	0.64872	3.0665	0.38245	0.8164	3.7969	0	0
0.23505	0.94075	3.118	0.71725	1.4532	3.1256	0.68205	1.1892	3.7927	0	0
0.23505	0.94075	3.118	0.68205	1.1892	3.7927	0.38245	0.8164	3.7969	0	0
0.036317	0.64872	3.142	-0.026649	-0.034448	3.0183	-0.028749	0.3782	3.783	0	0
0.036317	0.64872	3.142	0.38245	0.8164	3.7969	-0.028749	0.3782	3.783	0	0
-0.026649	-0.034448	3.0938	-0.028749	0.3782	3.783	-0.098283	-0.050614	3.8158	0	0
-0.026649	-0.034448	3.0938	-0.65715	-0.77805	2.7897	-0.098283	-0.050614	3.8158	0	0
0.38532	-0.25901	3.0787	0.37367	-0.47423	3.8383	-0.098283	-0.050614	3.8158	0	0
0.68205	1.1892	3.8682	0.38245	0.8164	3.7969	0.50075	0.84005	4.5503	0	0
0.68205	1.1892	3.8682	0.50075	0.84005	4.5503	0.68445	1.148	4.5611	0	0
0.68205	1.1892	3.8682	0.68445	1.148	4.5611	1.3205	1.0908	4.6492	0	0
0.38245	0.8164	3.8724	-0.028749	0.3782	3.783	-0.046749	0.60135	4.5328	0	0
0.38245	0.8164	3.8724	0.47065	0.039902	3.7986	0.54785	0.096052	4.5332	0	0
0.38245	0.8164	3.8724	0.50075	0.84005	4.5503	-0.046749	0.60135	4.5328	0	0
0.38245	0.8164	3.8724	0.54785	0.096052	4.5332	1.3205	1.0908	4.6492	0	0
-0.028749	0.3782	3.8585	-0.046749	0.60135	4.5328	-0.045949	-0.045048	4.5458	0	0
-0.028749	0.3782	3.8585	-0.098283	-0.050614	3.8158	-0.045949	-0.045048	4.5458	0	0
0.47065	0.039902	3.8742	0.54785	0.096052	4.5332	0.38285	-0.50718	4.5307	0	0
0.37367	-0.47423	3.9138	0.38285	-0.50718	4.5307	-0.045949	-0.045048	4.5458	0	0
0.37367	-0.47423	3.9138	-0.098283	-0.050614	3.8158	-0.045949	-0.045048	4.5458	0	0
0.50075	0.84005	4.6258	0.68445	1.148	4.5611	0.66525	1.0759	4.9892	0	0
0.50075	0.84005	4.6258	-0.046749	0.60135	4.5328	-0.083199	0.5918	4.9764	0	0
0.50075	0.84005	4.6258	0.66525	1.0759	4.9892	0.53058	0.83155	5.1369	0	0
0.50075	0.84005	4.6258	-0.083199	0.5918	4.9764	0.53058	0.83155	5.1369	0	0
0.68445	1.148	4.6366	0.66525	1.0759	4.9892	1.1591	1.4303	5.2527	0	0
0.68445	1.148	4.6366	1.1591	1.4303	5.2527	1.3205	1.0908	4.6492	0	0
-0.046749	0.60135	4.6083	-0.083199	0.5918	4.9764	-0.045949	-0.045048	4.5458	0	0
0.54785	0.096052	4.6087	0.38285	-0.50718	4.5307	0.6258	-0.16272	5.2632	0	0
0.54785	0.096052	4.6087	0.6258	-0.16272	5.2632	1.3596	1.0348	5.0043	0	0
0.54785	0.096052	4.6087	1.3205	1.0908	4.6492	1.3596	1.0348	5.0043	0	0
0.38285	-0.50718	4.6062	-0.045949	-0.045048	4.5458	0.21015	-0.44465	5.0217	0	0
0.38285	-0.50718	4.6062	0.21015	-0.44465	5.0217	0.6258	-0.16272	5.2632	0	0
0.66525	1.0759	5.0647	0.53058	0.83155	5.1369	0.71065	1.0633	5.7911	0	0
0.66525	1.0759	5.0647	1.1591	1.4303	5.2527	0.71065	1.0633	5.7911	0	0
-0.083199	0.5918	5.0519	-0.045949	-0.045048	4.5458	-0.032349	-0.041548	5.0196	0	0
-0.083199	0.5918	5.0519	-0.032349	-0.041548	5.0196	-0.089899	-0.058548	5.7843	0	0
-0.083199	0.5918	5.0519	0.53058	0.83155	5.1369	0.013851	0.71365	5.7851	0	0
-0.083199	0.5918	5.0519	0.013851	0.71365	5.7851	-0.089899	-0.058548	5.7843	0	0
-0.045949	-0.045048	4.6213	0.21015	-0.44465	5.0217	-0.032349	-0.041548	5.0196	0	0
0.21015	-0.44465	5.0972	-0.032349	-0.041548	5.0196	-0.089899	-0.058548	5.7843	0	0
0.21015	-0.44465	5.0972	0.6258	-0.16272	5.2632	0.29322	-0.53688	5.919	0	0
0.21015	-0.44465	5.0972	-0.089899	-0.058548	5.7843	0.29322	-0.53688	5.919	0	0
-0.032349	-0.041548	5.0951	0.6258	-0.16272	5.2632	0.41378	0.64809	5.889	0	0
0.53058	0.83155	5.2124	0.013851	0.71365	5.7851	0.41378	0.64809	5.889	0	0
0.53058	0.83155	5.2124	0.71065	1.0633	5.7911	0.41378	0.64809	5.889	0	0
1.1591	1.4303	5.3282	0.71065	1.0633	5.7911	1.0825	1.2599	6.0638	0	0
1.1591	1.4303	5.3282	1.0825	1.2599	6.0638	1.3706	0.84142	5.8121	0	0
1.1591	1.4303	5.3282	1.3205	1.0908	4.6492	1.3596	1.0348	5.0043	0	0
1.1591	1.4303	5.3282	1.3596	1.0348	5.0043	1.3706	0.84142	5.8121	0	0
0.6258	-0.16272	5.3387	0.41378	0.64809	5.889	0.69655	0.011112	5.9792	0	0
0.6258	-0.16272	5.3387	0.69655	0.011112	5.9792	0.29322	-0.53688	5.919	0	0
0.6258	-0.16272	5.3387	1.3596	1.0348	5.0043	1.3706	0.84142	5.8121	0	0
0.6258	-0.16272	5.3387	1.3706	0.84142	5.8121	0.89235	-0.16955	6.4974	0	0
0.013851	0.71365	5.8606	0.41378	0.64809	5.889	0.38842	0.80069	6.5143	0	0
0.013851	0.71365	5.8606	-0.089899	-0.058548	5.7843	-0.039399	0.56895	6.6183	0	0
0.013851	0.71365	5.8606	0.38842	0.80069	6.5143	-0.039399	0.56895	6.6183	0	0
0.71065	1.0633	5.8666	0.41378	0.64809	5.889	0.65225	1.0544	6.5387	0	0
0.71065	1.0633	5.8666	1.0825	1.2599	6.0638	0.65225	1.0544	6.5387	0	0
0.41378	0.64809	5.9645	0.69655	0.011112	5.9792	0.73755	0.18775	6.5382	0	0
0.41378	0.64809	5.9645	0.65225	1.0544	6.5387	0.38842	0.80069	6.5143	0	0
0.41378	0.64809	5.9645	0.73755	0.18775	6.5382	1.2595	0.92845	6.4981	0	0
0.41378	0.64809	5.9645	1.3706	0.84142	5.8121	1.2595	0.92845	6.4981	0	0
1.0825	1.2599	6.1393	0.65225	1.0544	6.5387	1.0228	1.2118	6.539	0	0
1.0825	1.2599	6.1393	1.0228	1.2118	6.539	1.2595	0.92845	6.4981	0	0
1.0825	1.2599	6.1393	1.3706	0.84142	5.8121	1.2595	0.92845	6.4981	0	0
-0.089899	-0.058548	5.8598	0.29322	-0.53688	5.919	0.12965	-0.48345	6.565	0	0
-0.089899	-0.058548	5.8598	0.12965	-0.48345	6.565	-0.098349	-0.040448	6.5495	0	0
-0.089899	-0.058548	5.8598	-0.039399	0.56895	6.6183	-0.098349	-0.040448	6.5495	0	0
0.69655	0.011112	6.0547	0.29322	-0.53688	5.919	0.5268	-0.66427	6.4845	0	0
0.69655	0.011112	6.0547	0.73755	0.18775	6.5382	0.89235	-0.16955	6.4974	0	0
0.69655	0.011112	6.0547	0.5268	-0.66427	6.4845	0.89235	-0.16955	6.4974	0	0
0.65225	1.0544	6.6142	0.38842	0.80069	6.5143	0.413	0.72027	7.2731	0	0
0.65225	1.0544	6.6142	1.0228	1.2118	6.539	1.0354	1.2301	7.105	0	0
0.65225	1.0544	6.6142	1.0354	1.2301	7.105	0.66185	1.097	7.2797	0	0
0.65225	1.0544	6.6142	0.66185	1.097	7.2797	0.413	0.72027	7.2731	0	0
0.38842	0.80069	6.5898	-0.039399	0.56895	6.6183	0.413	0.72027	7.2731	0	0
0.29322	-0.53688	5.9945	0.5268	-0.66427	6.4845	0.12965	-0.48345	6.565	0	0
1.0228	1.2118	6.6145	1.0354	1.2301	7.105	1.2595	0.92845	6.4981	0	0
0.73755	0.18775	6.6137	0.413	0.72027	7.2731	0.6618	0.090302	7.3519	0	0
0.73755	0.18775	6.6137	0.413	0.72027	7.2731	1.2595	0.92845	6.4981	0	0
0.73755	0.18775	6.6137	0.95975	0.093852	7.2882	0.6618	0.090302	7.3519	0	0
0.73755	0.18775	6.6137	0.95975	0.093852	7.2882	0.89235	-0.16955	6.4974	0	0
0.5268	-0.66427	6.56	0.12965	-0.48345	6.565	0.56853	-0.58253	7.2284	0	0
0.5268	-0.66427	6.56	0.56853	-0.58253	7.2284	0.89235	-0.16955	6.4974	0	0
0.12965	-0.48345	6.6405	-0.098349	-0.040448	6.5495	-0.051049	-0.013948	7.2865	0	0
0.12965	-0.48345	6.6405	0.56853	-0.58253	7.2284	0.1717	-0.4649	7.2801	0	0
0.12965	-0.48345	6.6405	-0.051049	-0.013948	7.2865	0.1717	-0.4649	7.2801	0	0
-0.039399	0.56895	6.6938	-0.098349	-0.040448	6.5495	-0.051049	-0.013948	7.2865	0	0
-0.039399	0.56895	6.6938	0.413	0.72027	7.2731	-0.044274	0.5931	7.2773	0	0
-0.039399	0.56895	6.6938	-0.051049	-0.013948	7.2865	-0.044274	0.5931	7.2773	0	0
1.0354	1.2301	7.1805	0.66185	1.097	7.2797	1.1316	1.2961	7.6446	0	0
1.0354	1.2301	7.1805	0.413	0.72027	7.2731	1.2595	0.92845	6.4981	0	0
0.66185	1.097	7.3552	0.413	0.72027	7.2731	0.42558	0.78109	8.0116	0	0
0.66185	1.097	7.3552	1.1316	1.2961	7.6446	0.67015	1.1329	8.0599	0	0
0.66185	1.097	7.3552	0.42558	0.78109	8.0116	0.67015	1.1329	8.0599	0	0
0.56853	-0.58253	7.3039	0.95975	0.093852	7.2882	0.89235	-0.16955	6.4974	0	0
0.56853	-0.58253	7.3039	0.95975	0.093852	7.2882	0.53312	-0.47755	7.9594	0	0
0.56853	-0.58253	7.3039	0.1717	-0.4649	7.2801	0.53312	-0.47755	7.9594	0	0
0.413	0.72027	7.3486	0.6618	0.090302	7.3519	0.64325	0.19485	8.0617	0	0
0.413	0.72027	7.3486	-0.044274	0.5931	7.2773	0.42558	0.78109	8.0116	0	0
0.413	0.72027	7.3486	-0.13045	0.41595	7.9896	0.64325	0.19485	8.0617	0	0
0.95975	0.093852	7.3637	0.95465	0.17225	7.8737	0.53312	-0.47755	7.9594	0	0
0.6618	0.090302	7.4274	0.95465	0.17225	7.8737	0.64325	0.19485	8.0617	0	0
-0.051049	-0.013948	7.362	0.1717	-0.4649	7.2801	-0.087349	-0.053648	8.0141	0	0
-0.051049	-0.013948	7.362	-0.044274	0.5931	7.2773	-0.13045	0.41595	7.9896	0	0
-0.051049	-0.013948	7.362	-0.13045	0.41595	7.9896	-0.087349	-0.053648	8.0141	0	0
0.1717	-0.4649	7.3556	-0.087349	-0.053648	8.0141	0.53312	-0.47755	7.9594	0	0
-0.044274	0.5931	7.3528	-0.13045	0.41595	7.9896	0.42558	0.78109	8.0116	0	0
0.79865	-0.77265	0.926	0.92895	-0.86855	0.6754	1.0846	-0.96345	0.6235	0	0
-0.13045	0.41595	8.0651	0.42558	0.78109	8.0116	-0.11772	0.62969	8.7799	0	0
-0.13045	0.41595	8.0651	-0.087349	-0.053648	8.0141	-0.013549	-0.012648	8.5559	0	0
-0.13045	0.41595	8.0651	-0.013549	-0.012648	8.5559	-0.11772	0.62969	8.7799	0	0
0.42558	0.78109	8.0871	0.67015	1.1329	8.0599	0.67245	1.1493	8.5375	0	0
0.42558	0.78109	8.0871	0.67245	1.1493	8.5375	0.35659	0.80623	8.727	0	0
0.42558	0.78109	8.0871	0.35659	0.80623	8.727	-0.11772	0.62969	8.7799	0	0
0.95465	0.17225	7.9492	0.64325	0.19485	8.0617	0.53312	-0.47755	7.9594	0	0
0.64325	0.19485	8.1372	-0.087349	-0.053648	8.0141	0.53312	-0.47755	7.9594	0	0
-0.087349	-0.053648	8.0896	-0.013549	-0.012648	8.5559	0.055684	-0.88715	8.7721	0	0
0.53312	-0.47755	8.0349	0.57248	-0.020748	8.6998	0.5007	-0.62125	8.5492	0	0
0.67245	1.1493	8.613	0.35659	0.80623	8.727	0.61985	1.1921	9.2822	0	0
0.35659	0.80623	8.8025	0.61985	1.1921	9.2822	0.46323	0.81363	9.4305	0	0
0.35659	0.80623	8.8025	0.46323	0.81363	9.4305	-0.083849	0.47925	9.2756	0	0
0.35659	0.80623	8.8025	-0.11772	0.62969	8.7799	-0.083849	0.47925	9.2756	0	0
-0.013549	-0.012648	8.6314	0.055684	-0.88715	8.7721	0.0094008	-0.046398	9.2749	0	0
-0.013549	-0.012648	8.6314	-0.11772	0.62969	8.7799	-0.083849	0.47925	9.2756	0	0
-0.013549	-0.012648	8.6314	-0.083849	0.47925	9.2756	0.0094008	-0.046398	9.2749	0	0
0.57248	-0.020748	8.7753	0.5007	-0.62125	8.5492	0.32542	-0.51581	9.2762	0	0
0.57248	-0.020748	8.7753	0.5772	-0.073073	9.2981	0.32542	-0.51581	9.2762	0	0
0.57248	-0.020748	8.7753	0.5772	-0.073073	9.2981	0.0094008	-0.046398	9.2749	0	0
0.5007	-0.62125	8.6247	0.23005	-1.3791	8.6142	0.055684	-0.88715	8.7721	0	0
0.5007	-0.62125	8.6247	0.055684	-0.88715	8.7721	0.32542	-0.51581	9.2762	0	0
0.23005	-1.3791	8.6897	0.055684	-0.88715	8.7721	-0.092549	-1.0578	9.5745	0	0
0.055684	-0.88715	8.8476	0.018901	-0.82725	9.4246	0.0094008	-0.046398	9.2749	0	0
0.055684	-0.88715	8.8476	0.018901	-0.82725	9.4246	-0.092549	-1.0578	9.5745	0	0
0.61985	1.1921	9.3577	0.46323	0.81363	9.4305	0.64435	1.1542	10.009	0	0
0.46323	0.81363	9.506	-0.083849	0.47925	9.2756	-0.052449	0.42075	10.027	0	0
0.46323	0.81363	9.506	0.64435	1.1542	10.009	0.43175	0.82105	10.021	0	0
0.46323	0.81363	9.506	-0.052449	0.42075	10.027	0.43175	0.82105	10.021	0	0
0.5772	-0.073073	9.3736	0.32542	-0.51581	9.2762	0.42963	-0.59057	10.069	0	0
0.5772	-0.073073	9.3736	0.0094008	-0.046398	9.2749	0.38815	0.086952	10.054	0	0
0.32542	-0.51581	9.3517	0.018901	-0.82725	9.4246	0.42963	-0.59057	10.069	0	0
0.018901	-0.82725	9.5001	0.0094008	-0.046398	9.2749	-0.021149	-0.014448	10.029	0	0
0.018901	-0.82725	9.5001	-0.021149	-0.014448	10.029	-0.092549	-1.0578	9.5745	0	0
-0.083849	0.47925	9.3511	0.0094008	-0.046398	9.2749	-0.052449	0.42075	10.027	0	0
0.0094008	-0.046398	9.3504	-0.052449	0.42075	10.027	0.38815	0.086952	10.054	0	0
0.64435	1.1542	10.085	0.43175	0.82105	10.021	0.6058	1.0915	10.772	0	0
-0.052449	0.42075	10.102	-0.021149	-0.014448	10.029	0.38815	0.086952	10.054	0	0
-0.052449	0.42075	10.102	-0.021149	-0.014448	10.029	-0.088399	0.418	10.771	0	0
-0.052449	0.42075	10.102	0.43175	0.82105	10.021	0.40881	0.79257	10.739	0	0
-0.052449	0.42075	10.102	0.40881	0.79257	10.739	-0.088399	0.418	10.771	0	0
-0.021149	-0.014448	10.104	0.38815	0.086952	10.054	0.42963	-0.59057	10.069	0	0
-0.021149	-0.014448	10.104	0.42963	-0.59057	10.069	-0.069149	-1.0758	10.034	0	0
-0.021149	-0.014448	10.104	-0.069149	-1.0758	10.034	-0.23125	-0.8693	10.654	0	0
-0.021149	-0.014448	10.104	-0.088399	0.418	10.771	-0.047749	-0.030998	10.778	0	0
-0.021149	-0.014448	10.104	-0.047749	-0.030998	10.778	-0.23125	-0.8693	10.654	0	0
0.43175	0.82105	10.097	0.6058	1.0915	10.772	0.40881	0.79257	10.739	0	0
0.38815	0.086952	10.13	0.42963	-0.59057	10.069	0.47005	0.12075	10.816	0	0
0.38815	0.086952	10.13	0.40881	0.79257	10.739	0.47005	0.12075	10.816	0	0
0.42963	-0.59057	10.145	-0.069149	-1.0758	10.034	0.33545	-1.3067	10.652	0	0
0.42963	-0.59057	10.145	0.47005	0.12075	10.816	0.41355	-0.64394	10.79	0	0
0.42963	-0.59057	10.145	0.41355	-0.64394	10.79	0.33545	-1.3067	10.652	0	0
-0.069149	-1.0758	10.11	-0.23125	-0.8693	10.654	-0.097999	-1.1156	10.751	0	0
-0.069149	-1.0758	10.11	0.33545	-1.3067	10.652	-0.097999	-1.1156	10.751	0	0
0.6058	1.0915	10.848	0.40881	0.79257	10.739	0.33735	0.81085	11.547	0	0
0.6058	1.0915	10.848	0.47005	0.12075	10.816	0.88155	0.99885	11.6	0	0
0.6058	1.0915	10.848	0.62325	1.1015	11.529	0.33735	0.81085	11.547	0	0
0.6058	1.0915	10.848	0.62325	1.1015	11.529	0.88155	0.99885	11.6	0	0
0.40881	0.79257	10.815	0.47005	0.12075	10.816	-0.062949	0.42885	11.523	0	0
0.40881	0.79257	10.815	-0.088399	0.418	10.771	0.33735	0.81085	11.547	0	0
0.47005	0.12075	10.892	-0.047749	-0.030998	10.778	-0.062949	0.42885	11.523	0	0
0.47005	0.12075	10.892	0.41355	-0.64394	10.79	0.53915	0.098052	11.528	0	0
0.47005	0.12075	10.892	0.88155	0.99885	11.6	0.53915	0.098052	11.528	0	0
-0.088399	0.418	10.846	-0.047749	-0.030998	10.778	-0.041749	-0.043648	11.527	0	0
-0.088399	0.418	10.846	0.33735	0.81085	11.547	-0.062949	0.42885	11.523	0	0
-0.088399	0.418	10.846	-0.041749	-0.043648	11.527	-0.062949	0.42885	11.523	0	0
-0.047749	-0.030998	10.854	-0.23125	-0.8693	10.654	-0.041749	-0.043648	11.527	0	0
-0.23125	-0.8693	10.73	-0.097999	-1.1156	10.751	-0.096049	-1.4099	11.593	0	0
-0.23125	-0.8693	10.73	-0.041749	-0.043648	11.527	-0.096049	-1.4099	11.593	0	0
0.41355	-0.64394	10.865	0.33545	-1.3067	10.652	0.56995	-1.5145	11.391	0	0
0.41355	-0.64394	10.865	0.56995	-1.5145	11.391	0.40735	-0.6429	11.525	0	0
0.41355	-0.64394	10.865	0.53915	0.098052	11.528	0.40735	-0.6429	11.525	0	0
0.33545	-1.3067	10.728	-0.097999	-1.1156	10.751	-0.096049	-1.4099	11.593	0	0
0.33545	-1.3067	10.728	0.56995	-1.5145	11.391	-0.096049	-1.4099	11.593	0	0
0.56995	-1.5145	11.466	0.40735	-0.6429	11.525	0.5753	-1.3358	12.014	0	0
0.56995	-1.5145	11.466	-0.096049	-1.4099	11.593	0.5753	-1.3358	12.014	0	0
0.62325	1.1015	11.605	0.33735	0.81085	11.547	0.39185	0.8435	12.158	0	0
0.62325	1.1015	11.605	0.88155	0.99885	11.6	0.95215	1.1373	11.991	0	0
0.62325	1.1015	11.605	0.95215	1.1373	11.991	0.67145	1.1364	12.288	0	0
0.62325	1.1015	11.605	0.39185	0.8435	12.158	0.67145	1.1364	12.288	0	0
0.33735	0.81085	11.622	-0.062949	0.42885	11.523	-0.032549	0.42755	12.041	0	0
0.33735	0.81085	11.622	0.39185	0.8435	12.158	-0.032549	0.42755	12.041	0	0
0.88155	0.99885	11.676	0.53915	0.098052	11.528	0.95695	0.9427	12.265	0	0
0.88155	0.99885	11.676	0.95215	1.1373	11.991	0.95695	0.9427	12.265	0	0
0.53915	0.098052	11.604	0.40735	-0.6429	11.525	0.53095	-0.12695	12.015	0	0
0.53915	0.098052	11.604	0.95695	0.9427	12.265	0.53095	-0.12695	12.015	0	0
-0.041749	-0.043648	11.602	-0.096049	-1.4099	11.593	-0.094649	-1.2207	12.248	0	0
-0.041749	-0.043648	11.602	-0.062949	0.42885	11.523	-0.032549	0.42755	12.041	0	0
-0.041749	-0.043648	11.602	-0.032549	0.42755	12.041	-0.0499	-0.014848	12.274	0	0
-0.041749	-0.043648	11.602	-0.0499	-0.014848	12.274	-0.094649	-1.2207	12.248	0	0
0.40735	-0.6429	11.6	0.53095	-0.12695	12.015	0.3572	-0.6759	12.287	0	0
0.40735	-0.6429	11.6	-0.094649	-1.2207	12.248	0.3572	-0.6759	12.287	0	0
-0.096049	-1.4099	11.669	-0.094649	-1.2207	12.248	0.5753	-1.3358	12.014	0	0
0.95215	1.1373	12.067	0.67145	1.1364	12.288	0.96775	1.1252	12.877	0	0
0.95215	1.1373	12.067	0.95695	0.9427	12.265	0.96775	1.1252	12.877	0	0
0.39185	0.8435	12.233	0.67145	1.1364	12.288	0.32932	0.71905	12.876	0	0
0.39185	0.8435	12.233	-0.032549	0.42755	12.041	-0.049999	0.41385	12.789	0	0
0.39185	0.8435	12.233	0.32932	0.71905	12.876	-0.049999	0.41385	12.789	0	0
0.67145	1.1364	12.364	0.96775	1.1252	12.877	0.62655	1.1461	13.021	0	0
0.67145	1.1364	12.364	0.32932	0.71905	12.876	0.62655	1.1461	13.021	0	0
0.95695	0.9427	12.341	0.53095	-0.12695	12.015	0.49568	-0.028014	12.874	0	0
0.95695	0.9427	12.341	0.98548	0.95685	12.826	0.96775	1.1252	12.877	0	0
0.53095	-0.12695	12.09	0.3572	-0.6759	12.287	0.49568	-0.028014	12.874	0	0
-0.032549	0.42755	12.116	-0.0499	-0.014848	12.274	-0.049999	0.41385	12.789	0	0
-0.0499	-0.014848	12.35	-0.094649	-1.2207	12.248	-0.054949	-0.030248	13.032	0	0
-0.0499	-0.014848	12.35	-0.049999	0.41385	12.789	-0.054949	-0.030248	13.032	0	0
-0.094649	-1.2207	12.324	0.5753	-1.3358	12.014	0.73672	-1.3586	12.664	0	0
-0.094649	-1.2207	12.324	0.3572	-0.6759	12.287	0.43035	-0.78192	12.86	0	0
-0.094649	-1.2207	12.324	0.43035	-0.78192	12.86	0.73672	-1.3586	12.664	0	0
0.98548	0.95685	12.902	0.32932	0.71905	12.876	0.49568	-0.028014	12.874	0	0
0.96775	1.1252	12.953	0.62655	1.1461	13.021	0.93465	1.1683	13.344	0	0
0.32932	0.71905	12.952	-0.049999	0.41385	12.789	-0.043749	0.6186	13.569	0	0
0.32932	0.71905	12.952	0.62655	1.1461	13.021	0.3135	0.79895	13.543	0	0
0.32932	0.71905	12.952	0.49568	-0.028014	12.874	-0.054949	-0.030248	13.032	0	0
0.32932	0.71905	12.952	0.3135	0.79895	13.543	-0.043749	0.6186	13.569	0	0
-0.049999	0.41385	12.865	-0.054949	-0.030248	13.032	-0.043749	0.6186	13.569	0	0
0.62655	1.1461	13.097	0.93465	1.1683	13.344	0.56195	1.1434	13.508	0	0
0.62655	1.1461	13.097	0.56195	1.1434	13.508	0.3135	0.79895	13.543	0	0
0.49568	-0.028014	12.949	0.43035	-0.78192	12.86	-0.054949	-0.030248	13.032	0	0
0.49568	-0.028014	12.949	0.43035	-0.78192	12.86	1.1697	-0.99175	12.725	0	0
0.43035	-0.78192	12.936	-0.054949	-0.030248	13.032	0.40188	-0.68508	13.522	0	0
0.43035	-0.78192	12.936	0.73672	-1.3586	12.664	0.99495	-1.3219	12.977	0	0
0.43035	-0.78192	12.936	0.99495	-1.3219	12.977	0.40188	-0.68508	13.522	0	0
-0.054949	-0.030248	13.108	0.40188	-0.68508	13.522	-0.11695	-0.079148	13.539	0	0
-0.054949	-0.030248	13.108	-0.11695	-0.079148	13.539	-0.043749	0.6186	13.569	0	0
0.99495	-1.3219	13.052	1.0838	-1.415	13.5	0.40188	-0.68508	13.522	0	0
1.0838	-1.415	13.575	0.40188	-0.68508	13.522	0.24545	-0.4181	14.27	0	0
0.40188	-0.68508	13.598	-0.11695	-0.079148	13.539	0.24545	-0.4181	14.27	0	0
0.93465	1.1683	13.42	0.56195	1.1434	13.508	0.6406	1.1469	14.293	0	0
0.56195	1.1434	13.583	0.3135	0.79895	13.543	0.6406	1.1469	14.293	0	0
0.3135	0.79895	13.619	-0.043749	0.6186	13.569	0.29195	0.74985	14.295	0	0
0.3135	0.79895	13.619	0.6406	1.1469	14.293	0.29195	0.74985	14.295	0	0
-0.11695	-0.079148	13.615	-0.043749	0.6186	13.569	-0.057849	0.4324	14.294	0	0
-0.11695	-0.079148	13.615	-0.057849	0.4324	14.294	-0.014999	-0.037998	14.289	0	0
-0.11695	-0.079148	13.615	-0.014999	-0.037998	14.289	0.24545	-0.4181	14.27	0	0
-0.043749	0.6186	13.645	0.29195	0.74985	14.295	-0.057849	0.4324	14.294	0	0
0.6406	1.1469	14.368	0.29195	0.74985	14.295	0.2677	0.79585	15.037	0	0
0.6406	1.1469	14.368	0.9646	1.1331	14.872	0.66985	1.1603	15.044	0	0
0.6406	1.1469	14.368	0.66985	1.1603	15.044	0.2677	0.79585	15.037	0	0
0.29195	0.74985	14.371	-0.057849	0.4324	14.294	-0.046683	0.67849	14.938	0	0
0.29195	0.74985	14.371	-0.046683	0.67849	14.938	0.2677	0.79585	15.037	0	0
-0.057849	0.4324	14.369	-0.014999	-0.037998	14.289	0.0017507	-0.057348	15.037	0	0
-0.057849	0.4324	14.369	-0.046683	0.67849	14.938	0.0017507	-0.057348	15.037	0	0
-0.014999	-0.037998	14.364	0.24545	-0.4181	14.27	0.0017507	-0.057348	15.037	0	0
0.24545	-0.4181	14.345	0.0017507	-0.057348	15.037	0.25105	-0.6028	15.046	0	0
0.9646	1.1331	14.947	0.9747	1.0154	15.052	0.66985	1.1603	15.044	0	0
0.9747	1.0154	15.128	0.66985	1.1603	15.044	0.67405	1.1902	15.517	0	0
0.9747	1.0154	15.128	0.67405	1.1902	15.517	0.52185	0.62085	16.3	0	0
0.66985	1.1603	15.12	0.2677	0.79585	15.037	0.35898	0.82692	15.577	0	0
0.66985	1.1603	15.12	0.67405	1.1902	15.517	0.35898	0.82692	15.577	0	0
0.42295	-0.085998	15.114	0.24175	-0.51285	15.549	0.4461	-0.090148	15.543	0	0
-0.046683	0.67849	15.013	0.2677	0.79585	15.037	-0.1055	0.59915	15.45	0	0
-0.046683	0.67849	15.013	0.0017507	-0.057348	15.037	-0.1055	0.59915	15.45	0	0
0.2677	0.79585	15.113	0.35898	0.82692	15.577	-0.1055	0.59915	15.45	0	0
0.0017507	-0.057348	15.112	0.25105	-0.6028	15.046	0.24175	-0.51285	15.549	0	0
0.0017507	-0.057348	15.112	0.24175	-0.51285	15.549	0.019651	-0.035448	15.539	0	0
0.0017507	-0.057348	15.112	0.019651	-0.035448	15.539	-0.1055	0.59915	15.45	0	0
0.67405	1.1902	15.593	0.52185	0.62085	16.3	0.53348	1.2906	16.39	0	0
0.35898	0.82692	15.653	0.4461	-0.090148	15.543	0.019651	-0.035448	15.539	0	0
0.35898	0.82692	15.653	0.4461	-0.090148	15.543	0.52185	0.62085	16.3	0	0
0.35898	0.82692	15.653	-0.1055	0.59915	15.45	-0.056049	0.70575	16.248	0	0
0.35898	0.82692	15.653	0.52185	0.62085	16.3	-0.056049	0.70575	16.248	0	0
0.25105	-0.6028	15.122	0.24175	-0.51285	15.549	0.11675	-0.90385	15.607	0	0
0.25105	-0.6028	15.122	0.11675	-0.90385	15.607	0.039851	-1.0863	15.627	0	0
0.24175	-0.51285	15.624	0.4461	-0.090148	15.543	0.4361	-0.086748	16.276	0	0
0.24175	-0.51285	15.624	0.11675	-0.90385	15.607	0.25968	-0.67207	16.287	0	0
0.24175	-0.51285	15.624	0.019651	-0.035448	15.539	-0.083916	-0.095514	16.386	0	0
0.24175	-0.51285	15.624	0.4361	-0.086748	16.276	0.25968	-0.67207	16.287	0	0
0.4461	-0.090148	15.619	0.52185	0.62085	16.3	0.4361	-0.086748	16.276	0	0
0.11675	-0.90385	15.683	0.039851	-1.0863	15.627	0.25968	-0.67207	16.287	0	0
0.019651	-0.035448	15.614	-0.1055	0.59915	15.45	-0.056049	0.70575	16.248	0	0
0.019651	-0.035448	15.614	-0.056049	0.70575	16.248	-0.083916	-0.095514	16.386	0	0
0.52185	0.62085	16.375	0.53348	1.2906	16.39	0.53585	0.7303	16.965	0	0
0.52185	0.62085	16.375	0.4361	-0.086748	16.276	0.53585	0.7303	16.965	0	0
0.53348	1.2906	16.466	-0.056049	0.70575	16.248	0.098051	1.155	16.561	0	0
0.53348	1.2906	16.466	0.53585	0.7303	16.965	0.66665	1.2338	17.074	0	0
-0.056049	0.70575	16.323	0.098051	1.155	16.561	-0.1743	0.6835	17.068	0	0
-0.056049	0.70575	16.323	-0.083916	-0.095514	16.386	-0.1743	0.6835	17.068	0	0
0.098051	1.155	16.637	0.057001	1.2256	17.039	-0.1743	0.6835	17.068	0	0
0.4361	-0.086748	16.351	0.25968	-0.67207	16.287	0.29965	-0.6545	17.014	0	0
0.4361	-0.086748	16.351	0.53585	0.7303	16.965	0.37702	-0.085114	17.161	0	0
0.4361	-0.086748	16.351	0.37702	-0.085114	17.161	0.29965	-0.6545	17.014	0	0
-0.083916	-0.095514	16.462	0.25968	-0.67207	16.287	-0.16485	-0.37285	16.649	0	0
-0.083916	-0.095514	16.462	0.040751	0.0050523	17.002	-0.16485	-0.37285	16.649	0	0
-0.083916	-0.095514	16.462	0.040751	0.0050523	17.002	-0.1743	0.6835	17.068	0	0
0.25968	-0.67207	16.362	-0.16485	-0.37285	16.649	0.29965	-0.6545	17.014	0	0
0.53585	0.7303	17.041	0.66665	1.2338	17.074	0.51585	0.7829	17.75	0	0
0.53585	0.7303	17.041	0.37702	-0.085114	17.161	0.51585	0.7829	17.75	0	0
0.66665	1.2338	17.15	0.51585	0.7829	17.75	0.4272	1.1653	17.786	0	0
0.040751	0.0050523	17.078	-0.16485	-0.37285	16.649	-0.17445	-0.56915	17.08	0	0
0.040751	0.0050523	17.078	-0.17445	-0.56915	17.08	0.034701	0.039952	17.781	0	0
0.040751	0.0050523	17.078	-0.1743	0.6835	17.068	-0.067589	0.63325	17.724	0	0
0.040751	0.0050523	17.078	-0.067589	0.63325	17.724	0.034701	0.039952	17.781	0	0
-0.16485	-0.37285	16.724	0.29965	-0.6545	17.014	-0.17445	-0.56915	17.08	0	0
0.057001	1.2256	17.114	-0.1743	0.6835	17.068	0.11565	1.1412	17.52	0	0
0.37702	-0.085114	17.236	0.29965	-0.6545	17.014	0.39043	-0.61712	17.813	0	0
0.37702	-0.085114	17.236	0.51585	0.7829	17.75	0.41685	0.10915	18.082	0	0
0.37702	-0.085114	17.236	0.39043	-0.61712	17.813	0.41685	0.10915	18.082	0	0
0.29965	-0.6545	17.089	-0.17445	-0.56915	17.08	-0.21175	-0.77125	17.558	0	0
0.29965	-0.6545	17.089	-0.21175	-0.77125	17.558	0.39043	-0.61712	17.813	0	0
-0.17445	-0.56915	17.155	0.034701	0.039952	17.781	-0.21175	-0.77125	17.558	0	0
-0.1743	0.6835	17.144	0.11565	1.1412	17.52	-0.067589	0.63325	17.724	0	0
0.11565	1.1412	17.596	0.51585	0.7829	17.75	0.4272	1.1653	17.786	0	0
0.11565	1.1412	17.596	0.51585	0.7829	17.75	-0.067589	0.63325	17.724	0	0
0.51585	0.7829	17.825	0.41685	0.10915	18.082	0.4649	0.78945	18.449	0	0
0.51585	0.7829	17.825	0.61505	1.1049	18.394	0.4649	0.78945	18.449	0	0
0.4272	1.1653	17.861	-0.067589	0.63325	17.724	-0.18835	0.57955	18.502	0	0
0.4272	1.1653	17.861	0.61505	1.1049	18.394	-0.18835	0.57955	18.502	0	0
-0.067589	0.63325	17.8	0.034701	0.039952	17.781	-0.16535	0.048452	18.377	0	0
-0.067589	0.63325	17.8	-0.16535	0.048452	18.377	-0.18835	0.57955	18.502	0	0
0.034701	0.039952	17.856	-0.21175	-0.77125	17.558	-0.5572	0.081452	18.682	0	0
0.034701	0.039952	17.856	0.39043	-0.61712	17.813	0.12195	-0.55485	18.554	0	0
0.034701	0.039952	17.856	-0.16535	0.048452	18.377	0.12195	-0.55485	18.554	0	0
-0.21175	-0.77125	17.634	0.39043	-0.61712	17.813	0.065451	-1.2052	18.071	0	0
-0.21175	-0.77125	17.634	0.065451	-1.2052	18.071	-0.151	-1.5524	18.662	0	0
0.39043	-0.61712	17.889	0.065451	-1.2052	18.071	0.47878	-0.67875	18.54	0	0
0.39043	-0.61712	17.889	0.41685	0.10915	18.082	0.47878	-0.67875	18.54	0	0
0.065451	-1.2052	18.147	0.47878	-0.67875	18.54	0.45305	-1.3236	19.157	0	0
0.065451	-1.2052	18.147	-0.151	-1.5524	18.662	0.45305	-1.3236	19.157	0	0
0.41685	0.10915	18.157	0.4649	0.78945	18.449	0.49085	0.097152	18.566	0	0
0.41685	0.10915	18.157	0.49085	0.097152	18.566	0.47878	-0.67875	18.54	0	0
0.61505	1.1049	18.47	0.4649	0.78945	18.449	0.45168	0.7095	19.085	0	0
0.61505	1.1049	18.47	-0.18835	0.57955	18.502	-0.090749	0.52262	19.192	0	0
0.4649	0.78945	18.524	0.49085	0.097152	18.566	0.45168	0.7095	19.085	0	0
-0.16535	0.048452	18.453	-0.18835	0.57955	18.502	-0.5572	0.081452	18.682	0	0
-0.16535	0.048452	18.453	-0.5572	0.081452	18.682	0.12195	-0.55485	18.554	0	0
0.49085	0.097152	18.642	0.47878	-0.67875	18.54	0.474	-0.1033	19.038	0	0
0.49085	0.097152	18.642	0.45168	0.7095	19.085	0.474	-0.1033	19.038	0	0
-0.18835	0.57955	18.578	-0.5572	0.081452	18.682	-0.59865	0.33015	19.006	0	0
-0.18835	0.57955	18.578	-0.090749	0.52262	19.192	-0.59865	0.33015	19.006	0	0
-0.5572	0.081452	18.758	0.12195	-0.55485	18.554	-0.14915	-0.83515	19.115	0	0
-0.5572	0.081452	18.758	-0.090749	0.52262	19.192	-0.33855	-0.057473	19.252	0	0
-0.5572	0.081452	18.758	-0.14915	-0.83515	19.115	-0.33855	-0.057473	19.252	0	0
-0.5572	0.081452	18.758	-0.70882	-0.67948	19.333	-0.59865	0.33015	19.006	0	0
0.47878	-0.67875	18.616	0.474	-0.1033	19.038	0.4143	-0.67482	19.122	0	0
0.47878	-0.67875	18.616	0.4143	-0.67482	19.122	0.45305	-1.3236	19.157	0	0
0.12195	-0.55485	18.629	0.4143	-0.67482	19.122	-0.14915	-0.83515	19.115	0	0
0.45168	0.7095	19.161	0.474	-0.1033	19.038	0.40605	-0.074381	19.836	0	0
0.45168	0.7095	19.161	0.38747	0.83284	19.914	0.40605	-0.074381	19.836	0	0
0.474	-0.1033	19.113	0.4143	-0.67482	19.122	0.40605	-0.074381	19.836	0	0
-0.090749	0.52262	19.267	-0.33855	-0.057473	19.252	-0.19255	-0.014973	19.919	0	0
-0.090749	0.52262	19.267	-0.10465	0.65685	19.915	-0.59865	0.33015	19.006	0	0
-0.151	-1.5524	18.738	0.45305	-1.3236	19.157	-0.2305	-1.6988	19.044	0	0
-0.151	-1.5524	18.738	-0.2305	-1.6988	19.044	-0.70882	-0.67948	19.333	0	0
0.4143	-0.67482	19.197	-0.14915	-0.83515	19.115	-0.011249	-1.119	19.752	0	0
0.4143	-0.67482	19.197	0.45305	-1.3236	19.157	0.3988	-0.73758	19.784	0	0
0.4143	-0.67482	19.197	0.40605	-0.074381	19.836	0.3988	-0.73758	19.784	0	0
-0.14915	-0.83515	19.191	-0.33855	-0.057473	19.252	-0.3422	-0.61165	19.795	0	0
-0.14915	-0.83515	19.191	-0.011249	-1.119	19.752	-0.70882	-0.67948	19.333	0	0
0.45305	-1.3236	19.233	-0.2305	-1.6988	19.044	0.53095	-1.3263	19.861	0	0
0.45305	-1.3236	19.233	0.3988	-0.73758	19.784	0.53095	-1.3263	19.861	0	0
-0.2305	-1.6988	19.12	-0.011249	-1.119	19.752	0.53095	-1.3263	19.861	0	0
-0.2305	-1.6988	19.12	-0.011249	-1.119	19.752	-0.68195	-1.2255	20.051	0	0
-0.2305	-1.6988	19.12	-0.68195	-1.2255	20.051	-0.70882	-0.67948	19.333	0	0
-0.33855	-0.057473	19.328	-0.3422	-0.61165	19.795	-0.70882	-0.67948	19.333	0	0
-0.33855	-0.057473	19.328	-0.70882	-0.67948	19.333	-0.59865	0.33015	19.006	0	0
0.38747	0.83284	19.99	-0.10465	0.65685	19.915	0.45138	0.86368	20.58	0	0
0.38747	0.83284	19.99	0.40605	-0.074381	19.836	0.41595	0.13195	20.486	0	0
0.38747	0.83284	19.99	0.45138	0.86368	20.58	0.41595	0.13195	20.486	0	0
-0.10465	0.65685	19.991	-0.19255	-0.014973	19.919	-0.12695	0.41925	20.537	0	0
-0.10465	0.65685	19.991	-0.19255	-0.014973	19.919	-0.59865	0.33015	19.006	0	0
-0.10465	0.65685	19.991	0.45138	0.86368	20.58	-0.12695	0.41925	20.537	0	0
0.40605	-0.074381	19.912	0.3988	-0.73758	19.784	0.41595	0.13195	20.486	0	0
-0.19255	-0.014973	19.995	-0.1239	-0.627	20.503	-0.13735	-0.096198	20.51	0	0
-0.19255	-0.014973	19.995	-0.13735	-0.096198	20.51	-0.12695	0.41925	20.537	0	0
-0.3422	-0.61165	19.871	0.3988	-0.73758	19.784	-0.011249	-1.119	19.752	0	0
-0.3422	-0.61165	19.871	0.3988	-0.73758	19.784	-0.1239	-0.627	20.503	0	0
-0.3422	-0.61165	19.871	-0.1239	-0.627	20.503	-0.69765	-0.90865	20.495	0	0
-0.3422	-0.61165	19.871	-0.68195	-1.2255	20.051	-0.70882	-0.67948	19.333	0	0
-0.3422	-0.61165	19.871	-0.68195	-1.2255	20.051	-0.69765	-0.90865	20.495	0	0
0.3988	-0.73758	19.86	0.53095	-1.3263	19.861	0.22035	-0.94315	20.463	0	0
0.3988	-0.73758	19.86	0.22035	-0.94315	20.463	-0.1239	-0.627	20.503	0	0
0.3988	-0.73758	19.86	0.41595	0.13195	20.486	0.66275	-1.2607	20.688	0	0
-0.011249	-1.119	19.828	0.53095	-1.3263	19.861	-0.19305	-1.1443	20.558	0	0
-0.011249	-1.119	19.828	-0.19305	-1.1443	20.558	-0.68195	-1.2255	20.051	0	0
0.53095	-1.3263	19.937	0.22035	-0.94315	20.463	0.66275	-1.2607	20.688	0	0
0.22035	-0.94315	20.538	-0.19305	-1.1443	20.558	-0.1239	-0.627	20.503	0	0
0.22035	-0.94315	20.538	-0.19305	-1.1443	20.558	0.4313	-1.2654	21.282	0	0
0.22035	-0.94315	20.538	0.41595	0.13195	20.486	-0.084524	-0.61697	21.321	0	0
0.22035	-0.94315	20.538	0.66275	-1.2607	20.688	0.4313	-1.2654	21.282	0	0
0.22035	-0.94315	20.538	-0.1863	-1.165	21.299	-0.084524	-0.61697	21.321	0	0
-0.19305	-1.1443	20.633	-0.1239	-0.627	20.503	-0.69765	-0.90865	20.495	0	0
-0.19305	-1.1443	20.633	-0.62965	-1.3181	20.517	-0.68195	-1.2255	20.051	0	0
-0.19305	-1.1443	20.633	-0.62965	-1.3181	20.517	-0.69765	-0.90865	20.495	0	0
-0.19305	-1.1443	20.633	-0.57155	-1.2171	20.939	-0.1863	-1.165	21.299	0	0
-0.19305	-1.1443	20.633	-0.1863	-1.165	21.299	0.4313	-1.2654	21.282	0	0
-0.1239	-0.627	20.579	-0.13735	-0.096198	20.51	-0.18855	-0.1763	21.271	0	0
-0.1239	-0.627	20.579	-0.18855	-0.1763	21.271	-0.084524	-0.61697	21.321	0	0
-0.1239	-0.627	20.579	-0.57155	-1.2171	20.939	-0.084524	-0.61697	21.321	0	0
0.45138	0.86368	20.655	0.41595	0.13195	20.486	0.61609	0.15439	21.296	0	0
0.45138	0.86368	20.655	-0.12695	0.41925	20.537	-0.14357	0.61173	21.296	0	0
0.45138	0.86368	20.655	0.38643	0.78782	21.293	0.5385	1.098	21.318	0	0
0.45138	0.86368	20.655	0.38643	0.78782	21.293	0.61609	0.15439	21.296	0	0
0.45138	0.86368	20.655	0.5385	1.098	21.318	0.4841	1.7731	21.302	0	0
0.41595	0.13195	20.562	0.66275	-1.2607	20.688	0.61609	0.15439	21.296	0	0
-0.13735	-0.096198	20.585	-0.12695	0.41925	20.537	-0.18855	-0.1763	21.271	0	0
-0.12695	0.41925	20.613	-0.14357	0.61173	21.296	-0.18855	-0.1763	21.271	0	0
0.66275	-1.2607	20.763	0.61609	0.15439	21.296	0.42585	-0.7443	21.511	0	0
0.66275	-1.2607	20.763	0.4313	-1.2654	21.282	0.42585	-0.7443	21.511	0	0
0.38643	0.78782	21.368	0.5385	1.098	21.318	0.4855	0.75825	21.945	0	0
0.38643	0.78782	21.368	0.61609	0.15439	21.296	0.4855	0.75825	21.945	0	0
0.38643	0.78782	21.368	-0.14357	0.61173	21.296	0.3822	1.0745	22.05	0	0
0.5385	1.098	21.393	0.4841	1.7731	21.302	0.3822	1.0745	22.05	0	0
0.5385	1.098	21.393	0.4855	0.75825	21.945	0.3822	1.0745	22.05	0	0
0.61609	0.15439	21.372	0.42585	-0.7443	21.511	0.5933	-0.7524	21.918	0	0
0.61609	0.15439	21.372	0.4855	0.75825	21.945	0.5969	0.13555	22.111	0	0
0.61609	0.15439	21.372	0.5933	-0.7524	21.918	0.5969	0.13555	22.111	0	0
-0.62965	-1.3181	20.592	-0.68195	-1.2255	20.051	-0.69765	-0.90865	20.495	0	0
-0.14357	0.61173	21.371	-0.18855	-0.1763	21.271	-0.25652	0.048552	21.987	0	0
-0.14357	0.61173	21.371	0.3822	1.0745	22.05	-0.24425	0.6641	22.068	0	0
-0.14357	0.61173	21.371	-0.25652	0.048552	21.987	-0.24425	0.6641	22.068	0	0
-0.18855	-0.1763	21.347	-0.084524	-0.61697	21.321	-0.072749	-0.59205	22.022	0	0
-0.18855	-0.1763	21.347	-0.25652	0.048552	21.987	-0.072749	-0.59205	22.022	0	0
-0.57155	-1.2171	21.014	-0.1863	-1.165	21.299	-0.63575	-1.2807	22.048	0	0
-0.1863	-1.165	21.375	0.4313	-1.2654	21.282	-0.24225	-1.1383	22.05	0	0
-0.1863	-1.165	21.375	-0.084524	-0.61697	21.321	-0.072749	-0.59205	22.022	0	0
-0.1863	-1.165	21.375	-0.24225	-1.1383	22.05	-0.63575	-1.2807	22.048	0	0
0.4313	-1.2654	21.358	0.42585	-0.7443	21.511	-0.24225	-1.1383	22.05	0	0
0.42585	-0.7443	21.586	-0.072749	-0.59205	22.022	-0.24225	-1.1383	22.05	0	0
0.42585	-0.7443	21.586	-0.072749	-0.59205	22.022	0.5969	0.13555	22.111	0	0
0.4841	1.7731	21.377	0.3822	1.0745	22.05	0.341	1.1215	22.54	0	0
0.4855	0.75825	22.021	0.3822	1.0745	22.05	0.341	1.1215	22.54	0	0
0.4855	0.75825	22.021	0.5969	0.13555	22.111	0.59192	0.69912	22.758	0	0
0.4855	0.75825	22.021	0.341	1.1215	22.54	0.59192	0.69912	22.758	0	0
-0.25652	0.048552	22.062	-0.24425	0.6641	22.068	-0.25682	0.042152	22.509	0	0
-0.25652	0.048552	22.062	-0.072749	-0.59205	22.022	0.5969	0.13555	22.111	0	0
-0.24425	0.6641	22.144	0.341	1.1215	22.54	-0.25068	0.62092	22.697	0	0
-0.24425	0.6641	22.144	-0.25682	0.042152	22.509	-0.25068	0.62092	22.697	0	0
-0.072749	-0.59205	22.098	-0.24225	-1.1383	22.05	-0.31905	-1.1071	22.371	0	0
-0.072749	-0.59205	22.098	-0.31905	-1.1071	22.371	-0.043983	-0.53828	22.673	0	0
-0.072749	-0.59205	22.098	-0.043983	-0.53828	22.673	-0.25682	0.042152	22.509	0	0
0.5933	-0.7524	21.994	0.84915	-1.3453	22.221	0.39145	-0.95205	22.486	0	0
0.5933	-0.7524	21.994	0.39145	-0.95205	22.486	0.5266	-0.077348	22.483	0	0
0.5933	-0.7524	21.994	0.5969	0.13555	22.111	0.5266	-0.077348	22.483	0	0
-0.24225	-1.1383	22.125	-0.63575	-1.2807	22.048	-0.31905	-1.1071	22.371	0	0
0.84915	-1.3453	22.296	0.39145	-0.95205	22.486	0.62655	-1.351	22.429	0	0
0.39145	-0.95205	22.561	0.62655	-1.351	22.429	-0.31905	-1.1071	22.371	0	0
0.39145	-0.95205	22.561	-0.31905	-1.1071	22.371	-0.043983	-0.53828	22.673	0	0
0.39145	-0.95205	22.561	-0.043983	-0.53828	22.673	0.5266	-0.077348	22.483	0	0
0.5969	0.13555	22.186	0.5266	-0.077348	22.483	0.59192	0.69912	22.758	0	0
-0.043983	-0.53828	22.749	0.5266	-0.077348	22.483	-0.25682	0.042152	22.509	0	0
-0.043983	-0.53828	22.749	-0.17377	-0.031408	23.243	-0.20371	-0.77045	23.357	0	0
-0.043983	-0.53828	22.749	-0.59965	-0.70665	22.859	-0.20371	-0.77045	23.357	0	0
0.341	1.1215	22.615	0.59192	0.69912	22.758	0.57405	1.1745	23.284	0	0
0.341	1.1215	22.615	0.57405	1.1745	23.284	-0.10015	1.2448	23.327	0	0
0.341	1.1215	22.615	-0.25068	0.62092	22.697	-0.10015	1.2448	23.327	0	0
0.5266	-0.077348	22.558	0.59192	0.69912	22.758	0.4506	0.21025	23.25	0	0
0.5266	-0.077348	22.558	-0.25682	0.042152	22.509	-0.25068	0.62092	22.697	0	0
0.5266	-0.077348	22.558	0.4506	0.21025	23.25	-0.17377	-0.031408	23.243	0	0
0.59192	0.69912	22.833	0.57405	1.1745	23.284	0.50645	0.61212	23.392	0	0
0.59192	0.69912	22.833	0.4506	0.21025	23.25	0.50645	0.61212	23.392	0	0
0.57405	1.1745	23.36	0.50645	0.61212	23.392	0.5469	0.6748	24.046	0	0
0.57405	1.1745	23.36	-0.10015	1.2448	23.327	0.11955	1.1533	24.11	0	0
0.57405	1.1745	23.36	0.69765	1.2217	24.045	0.11955	1.1533	24.11	0	0
0.57405	1.1745	23.36	0.69765	1.2217	24.045	1.102	1.1826	24.181	0	0
0.57405	1.1745	23.36	1.102	1.1826	24.181	1.0833	0.5177	23.394	0	0
0.4506	0.21025	23.326	0.50645	0.61212	23.392	-0.24721	0.71839	23.405	0	0
0.4506	0.21025	23.326	-0.17377	-0.031408	23.243	-0.24721	0.71839	23.405	0	0
0.50645	0.61212	23.467	-0.24721	0.71839	23.405	0.11955	1.1533	24.11	0	0
0.50645	0.61212	23.467	0.5469	0.6748	24.046	0.19205	0.22715	24.248	0	0
0.50645	0.61212	23.467	-0.21938	0.026986	24.063	0.19205	0.22715	24.248	0	0
-0.17377	-0.031408	23.318	-0.24721	0.71839	23.405	-0.21938	0.026986	24.063	0	0
-0.17377	-0.031408	23.318	-0.20371	-0.77045	23.357	-0.18168	-0.70325	23.981	0	0
-0.17377	-0.031408	23.318	-0.21938	0.026986	24.063	-0.18168	-0.70325	23.981	0	0
-0.59965	-0.70665	22.935	-0.20371	-0.77045	23.357	-0.55765	-1.0597	23.633	0	0
-0.25068	0.62092	22.773	-0.10015	1.2448	23.327	-0.63105	0.77895	23.13	0	0
-0.24721	0.71839	23.48	-0.10015	1.2448	23.327	-0.18335	0.71192	24.104	0	0
-0.24721	0.71839	23.48	-0.10015	1.2448	23.327	-0.63105	0.77895	23.13	0	0
-0.24721	0.71839	23.48	-0.18335	0.71192	24.104	-0.21938	0.026986	24.063	0	0
-0.20371	-0.77045	23.433	-0.55765	-1.0597	23.633	-0.18168	-0.70325	23.981	0	0
-0.10015	1.2448	23.403	0.11955	1.1533	24.11	-0.18335	0.71192	24.104	0	0
0.69765	1.2217	24.12	0.11955	1.1533	24.11	0.50745	1.156	24.831	0	0
0.69765	1.2217	24.12	0.5469	0.6748	24.046	0.43839	0.78339	24.706	0	0
0.69765	1.2217	24.12	0.50745	1.156	24.831	1.102	1.1826	24.181	0	0
0.11955	1.1533	24.186	-0.18335	0.71192	24.104	-0.22642	0.69733	24.719	0	0
0.11955	1.1533	24.186	-0.22642	0.69733	24.719	-0.39065	1.3022	25.708	0	0
0.11955	1.1533	24.186	0.50745	1.156	24.831	-0.39065	1.3022	25.708	0	0
0.5469	0.6748	24.122	0.19205	0.22715	24.248	0.43839	0.78339	24.706	0	0
-0.18335	0.71192	24.179	-0.21938	0.026986	24.063	-0.22642	0.69733	24.719	0	0
-0.21938	0.026986	24.139	-0.18168	-0.70325	23.981	-0.1262	-0.11127	24.78	0	0
-0.21938	0.026986	24.139	-0.1262	-0.11127	24.78	-0.22642	0.69733	24.719	0	0
-0.55765	-1.0597	23.709	-0.18168	-0.70325	23.981	-0.55935	-0.976	24.782	0	0
-0.18168	-0.70325	24.057	-0.1262	-0.11127	24.78	-0.075292	-0.75766	24.819	0	0
0.19205	0.22715	24.324	-0.1262	-0.11127	24.78	0.2469	0.15585	24.771	0	0
0.19205	0.22715	24.324	0.43839	0.78339	24.706	0.2469	0.15585	24.771	0	0
-0.1262	-0.11127	24.856	-0.075292	-0.75766	24.819	-0.55935	-0.976	24.782	0	0
-0.1262	-0.11127	24.856	-0.22642	0.69733	24.719	-0.56675	0.33125	25.049	0	0
-0.1262	-0.11127	24.856	0.2469	0.15585	24.771	0.33382	-0.11901	25.61	0	0
-0.1262	-0.11127	24.856	-0.56675	0.33125	25.049	-0.42445	-0.20985	25.577	0	0
-0.1262	-0.11127	24.856	0.33382	-0.11901	25.61	-0.42445	-0.20985	25.577	0	0
-0.075292	-0.75766	24.894	-0.55935	-0.976	24.782	0.11135	-1.1062	24.778	0	0
-0.075292	-0.75766	24.894	0.11135	-1.1062	24.778	-0.087399	-0.77057	25.543	0	0
-0.075292	-0.75766	24.894	-0.42445	-0.20985	25.577	-0.087399	-0.77057	25.543	0	0
0.43839	0.78339	24.782	0.2469	0.15585	24.771	0.3189	0.7979	25.548	0	0
-0.22642	0.69733	24.794	-0.56675	0.33125	25.049	-0.27145	0.6478	25.616	0	0
-0.22642	0.69733	24.794	-0.27145	0.6478	25.616	-0.39065	1.3022	25.708	0	0
0.50745	1.156	24.907	1.102	1.1826	24.181	1.2582	0.98485	24.46	0	0
0.50745	1.156	24.907	0.45435	1.2383	25.487	0.3189	0.7979	25.548	0	0
0.50745	1.156	24.907	0.45435	1.2383	25.487	-0.39065	1.3022	25.708	0	0
0.50745	1.156	24.907	0.3189	0.7979	25.548	1.2582	0.98485	24.46	0	0
1.102	1.1826	24.257	1.0833	0.5177	23.394	1.0878	0.65052	23.99	0	0
1.102	1.1826	24.257	1.2582	0.98485	24.46	1.0878	0.65052	23.99	0	0
0.2469	0.15585	24.847	0.3189	0.7979	25.548	0.33382	-0.11901	25.61	0	0
0.45435	1.2383	25.562	0.3189	0.7979	25.548	0.38665	1.3768	25.851	0	0
0.45435	1.2383	25.562	-0.39065	1.3022	25.708	0.38665	1.3768	25.851	0	0
0.3189	0.7979	25.623	0.38665	1.3768	25.851	-0.15535	0.77789	26.155	0	0
0.3189	0.7979	25.623	0.33382	-0.11901	25.61	0.51215	-0.10495	26.069	0	0
0.3189	0.7979	25.623	0.46908	0.59112	26.334	0.51215	-0.10495	26.069	0	0
-0.55935	-0.976	24.858	0.11135	-1.1062	24.778	-0.54345	-1.0746	25.021	0	0
0.11135	-1.1062	24.854	-0.54345	-1.0746	25.021	-0.087399	-0.77057	25.543	0	0
-0.54345	-1.0746	25.096	-0.087399	-0.77057	25.543	-0.58195	-1.1809	25.571	0	0
-0.56675	0.33125	25.125	-0.27145	0.6478	25.616	-0.42445	-0.20985	25.577	0	0
-0.27145	0.6478	25.691	-0.39065	1.3022	25.708	-0.15535	0.77789	26.155	0	0
-0.27145	0.6478	25.691	-0.42445	-0.20985	25.577	-0.18432	-0.099481	26.203	0	0
-0.27145	0.6478	25.691	-0.15535	0.77789	26.155	-0.18432	-0.099481	26.203	0	0
-0.39065	1.3022	25.784	0.38665	1.3768	25.851	-0.1998	1.3508	26.251	0	0
-0.39065	1.3022	25.784	-0.15535	0.77789	26.155	-0.1998	1.3508	26.251	0	0
0.33382	-0.11901	25.685	0.51215	-0.10495	26.069	-0.087399	-0.77057	25.543	0	0
-0.42445	-0.20985	25.652	-0.087399	-0.77057	25.543	-0.14095	-0.76085	26.125	0	0
-0.42445	-0.20985	25.652	-0.14095	-0.76085	26.125	-0.60645	-0.25085	26.33	0	0
-0.42445	-0.20985	25.652	-0.18432	-0.099481	26.203	-0.60645	-0.25085	26.33	0	0
0.46908	0.59112	26.409	0.51215	-0.10495	26.069	0.60773	0.049452	26.827	0	0
0.46908	0.59112	26.409	0.60773	0.049452	26.827	-0.11835	0.63313	26.834	0	0
0.51215	-0.10495	26.144	-0.087399	-0.77057	25.543	0.55025	-0.36145	26.515	0	0
0.51215	-0.10495	26.144	0.60773	0.049452	26.827	0.55025	-0.36145	26.515	0	0
-0.15535	0.77789	26.23	-0.1998	1.3508	26.251	-0.11835	0.63313	26.834	0	0
-0.15535	0.77789	26.23	-0.18432	-0.099481	26.203	-0.11835	0.63313	26.834	0	0
-0.1998	1.3508	26.327	-0.11835	0.63313	26.834	-0.091499	1.3164	27.058	0	0
-0.087399	-0.77057	25.619	-0.58195	-1.1809	25.571	-0.14095	-0.76085	26.125	0	0
-0.087399	-0.77057	25.619	-0.15642	-1.364	26.818	0.42655	-0.85045	26.833	0	0
-0.087399	-0.77057	25.619	0.55025	-0.36145	26.515	0.42655	-0.85045	26.833	0	0
-0.58195	-1.1809	25.647	-0.14095	-0.76085	26.125	-0.5912	-1.3694	26.125	0	0
-0.14095	-0.76085	26.201	-0.60645	-0.25085	26.33	0.0018505	-0.60225	26.838	0	0
-0.14095	-0.76085	26.201	-0.5912	-1.3694	26.125	-0.15642	-1.364	26.818	0	0
-0.14095	-0.76085	26.201	0.0018505	-0.60225	26.838	-0.15642	-1.364	26.818	0	0
-0.18432	-0.099481	26.279	-0.60645	-0.25085	26.33	-0.22365	-0.029248	27.093	0	0
-0.18432	-0.099481	26.279	-0.11835	0.63313	26.834	-0.22365	-0.029248	27.093	0	0
-0.60645	-0.25085	26.406	0.0018505	-0.60225	26.838	-0.22365	-0.029248	27.093	0	0
0.0018505	-0.60225	26.914	-0.15642	-1.364	26.818	-0.22185	-0.65285	27.532	0	0
0.0018505	-0.60225	26.914	-0.22365	-0.029248	27.093	-0.22185	-0.65285	27.532	0	0
-0.15642	-1.364	26.893	-0.56265	-1.7679	27.128	-0.13355	-1.931	27.089	0	0
-0.15642	-1.364	26.893	-0.56265	-1.7679	27.128	-0.56705	-1.1947	27.525	0	0
-0.15642	-1.364	26.893	0.28815	-1.3665	27.19	-0.13355	-1.931	27.089	0	0
-0.15642	-1.364	26.893	0.28815	-1.3665	27.19	0.42655	-0.85045	26.833	0	0
-0.15642	-1.364	26.893	-0.56705	-1.1947	27.525	-0.22185	-0.65285	27.532	0	0
0.60773	0.049452	26.903	-0.11835	0.63313	26.834	0.2232	0.030952	27.532	0	0
0.60773	0.049452	26.903	0.55025	-0.36145	26.515	0.42655	-0.85045	26.833	0	0
0.60773	0.049452	26.903	0.2232	0.030952	27.532	0.4804	-0.6664	27.535	0	0
-0.11835	0.63313	26.909	-0.091499	1.3164	27.058	-0.16367	0.68809	27.557	0	0
-0.11835	0.63313	26.909	-0.22365	-0.029248	27.093	-0.4387	0.060052	27.554	0	0
-0.11835	0.63313	26.909	-0.16367	0.68809	27.557	-0.4387	0.060052	27.554	0	0
-0.067699	1.1753	27.699	0.2232	0.030952	27.532	0.32748	-0.014481	28.272	0	0
-0.067699	1.1753	27.699	-0.091499	1.3164	27.058	-0.16367	0.68809	27.557	0	0
-0.067699	1.1753	27.699	-0.091499	1.3164	27.058	-0.24465	1.7512	28.354	0	0
-0.067699	1.1753	27.699	-0.16367	0.68809	27.557	-0.21105	0.66104	28.189	0	0
-0.067699	1.1753	27.699	-0.21105	0.66104	28.189	-0.25932	1.432	28.3	0	0
-0.067699	1.1753	27.699	-0.25932	1.432	28.3	-0.24465	1.7512	28.354	0	0
0.2232	0.030952	27.608	0.32748	-0.014481	28.272	0.4804	-0.6664	27.535	0	0
-0.22365	-0.029248	27.169	-0.4387	0.060052	27.554	-0.22185	-0.65285	27.532	0	0
-0.56265	-1.7679	27.204	-0.13355	-1.931	27.089	0.0030506	-1.9811	27.594	0	0
-0.56265	-1.7679	27.204	-0.56705	-1.1947	27.525	-0.19245	-1.4921	27.577	0	0
-0.56265	-1.7679	27.204	-0.19245	-1.4921	27.577	0.0030506	-1.9811	27.594	0	0
0.28815	-1.3665	27.266	-0.13355	-1.931	27.089	0.0030506	-1.9811	27.594	0	0
0.28815	-1.3665	27.266	0.42655	-0.85045	26.833	0.4804	-0.6664	27.535	0	0
0.28815	-1.3665	27.266	0.4804	-0.6664	27.535	0.31175	-1.4222	27.572	0	0
0.28815	-1.3665	27.266	0.0030506	-1.9811	27.594	0.31175	-1.4222	27.572	0	0
-0.56705	-1.1947	27.601	-0.22185	-0.65285	27.532	-0.33725	-0.65115	28.28	0	0
-0.56705	-1.1947	27.601	-0.19245	-1.4921	27.577	-0.61495	-1.2516	28.302	0	0
-0.56705	-1.1947	27.601	-0.33725	-0.65115	28.28	-0.61495	-1.2516	28.302	0	0
-0.16367	0.68809	27.633	-0.4387	0.060052	27.554	-0.21105	0.66104	28.189	0	0
0.42655	-0.85045	26.908	-0.22185	-0.65285	27.532	0.4804	-0.6664	27.535	0	0
-0.22185	-0.65285	27.607	-0.1899	-0.1285	28.04	-0.33725	-0.65115	28.28	0	0
-0.22185	-0.65285	27.607	-0.1899	-0.1285	28.04	0.48115	-0.6879	28.266	0	0
-0.22185	-0.65285	27.607	0.4804	-0.6664	27.535	0.48115	-0.6879	28.266	0	0
-0.21105	0.66104	28.264	-0.25932	1.432	28.3	-0.61335	0.7371	28.846	0	0
-0.21105	0.66104	28.264	0.32748	-0.014481	28.272	-0.1899	-0.1285	28.04	0	0
-0.21105	0.66104	28.264	0.32748	-0.014481	28.272	0.2208	1.093	28.745	0	0
-0.21105	0.66104	28.264	-0.1899	-0.1285	28.04	-0.57372	0.11862	28.357	0	0
-0.21105	0.66104	28.264	-0.57372	0.11862	28.357	-0.61335	0.7371	28.846	0	0
-0.25932	1.432	28.375	-0.24465	1.7512	28.354	-0.32815	1.3188	29.039	0	0
-0.25932	1.432	28.375	-0.32815	1.3188	29.039	-0.61335	0.7371	28.846	0	0
0.32748	-0.014481	28.347	-0.1899	-0.1285	28.04	0.48115	-0.6879	28.266	0	0
0.32748	-0.014481	28.347	0.2208	1.093	28.745	0.4256	0.5911	29.127	0	0
0.32748	-0.014481	28.347	0.48115	-0.6879	28.266	0.55892	-0.73845	29.066	0	0
0.32748	-0.014481	28.347	0.4256	0.5911	29.127	0.047351	-0.21815	29.121	0	0
0.32748	-0.014481	28.347	0.047351	-0.21815	29.121	0.55892	-0.73845	29.066	0	0
-0.19245	-1.4921	27.652	0.0030506	-1.9811	27.594	-0.10685	-1.4297	28.183	0	0
-0.19245	-1.4921	27.652	-0.10685	-1.4297	28.183	-0.61495	-1.2516	28.302	0	0
-0.1899	-0.1285	28.115	-0.33725	-0.65115	28.28	-0.57372	0.11862	28.357	0	0
0.4804	-0.6664	27.611	0.31175	-1.4222	27.572	1.0651	-0.91355	28.127	0	0
0.4804	-0.6664	27.611	0.48115	-0.6879	28.266	1.0651	-0.91355	28.127	0	0
-0.24465	1.7512	28.429	-0.32815	1.3188	29.039	-0.29315	1.5639	29.606	0	0
0.2208	1.093	28.821	0.4256	0.5911	29.127	0.60425	0.65665	29.816	0	0
0.2208	1.093	28.821	-0.29315	1.5639	29.606	0.60425	0.65665	29.816	0	0
0.0030506	-1.9811	27.67	-0.10685	-1.4297	28.183	0.31175	-1.4222	27.572	0	0
-0.10685	-1.4297	28.258	-0.61495	-1.2516	28.302	-0.2172	-1.1317	28.815	0	0
-0.10685	-1.4297	28.258	0.31175	-1.4222	27.572	0.62108	-1.3624	28.278	0	0
-0.10685	-1.4297	28.258	-0.2172	-1.1317	28.815	0.62108	-1.3624	28.278	0	0
-0.33725	-0.65115	28.356	-0.61495	-1.2516	28.302	-0.72895	-0.86355	28.56	0	0
-0.33725	-0.65115	28.356	-0.57372	0.11862	28.357	-0.73175	-0.59605	28.842	0	0
-0.33725	-0.65115	28.356	-0.72895	-0.86355	28.56	-0.73175	-0.59605	28.842	0	0
-0.61495	-1.2516	28.377	-0.72895	-0.86355	28.56	-0.90452	-0.66685	29.849	0	0
0.31175	-1.4222	27.647	0.62108	-1.3624	28.278	1.0651	-0.91355	28.127	0	0
-0.2172	-1.1317	28.891	0.62108	-1.3624	28.278	0.55892	-0.73845	29.066	0	0
-0.2172	-1.1317	28.891	-0.099399	-0.5292	29.101	0.55892	-0.73845	29.066	0	0
-0.2172	-1.1317	28.891	-0.099399	-0.5292	29.101	-0.73175	-0.59605	28.842	0	0
0.48115	-0.6879	28.341	0.55892	-0.73845	29.066	1.0651	-0.91355	28.127	0	0
0.62108	-1.3624	28.353	0.94545	-1.8446	28.383	1.23	-1.3415	28.474	0	0
0.62108	-1.3624	28.353	1.23	-1.3415	28.474	1.0651	-0.91355	28.127	0	0
-0.32815	1.3188	29.114	-0.29315	1.5639	29.606	-0.54675	1.051	29.502	0	0
-0.32815	1.3188	29.114	-0.54675	1.051	29.502	-0.61335	0.7371	28.846	0	0
0.4256	0.5911	29.202	0.47795	-0.060481	29.712	0.60425	0.65665	29.816	0	0
-0.29315	1.5639	29.682	-0.54675	1.051	29.502	-0.66337	1.0893	30.285	0	0
-0.29315	1.5639	29.682	-0.3295	1.5365	30.238	-0.31869	1.9446	30.342	0	0
-0.29315	1.5639	29.682	-0.3295	1.5365	30.238	-0.66337	1.0893	30.285	0	0
-0.29315	1.5639	29.682	-0.31869	1.9446	30.342	0.77075	1.3818	30.421	0	0
-0.29315	1.5639	29.682	0.60425	0.65665	29.816	0.77075	1.3818	30.421	0	0
0.047351	-0.21815	29.197	-0.099399	-0.5292	29.101	-0.096899	-0.5147	29.518	0	0
0.047351	-0.21815	29.197	0.55892	-0.73845	29.066	0.47795	-0.060481	29.712	0	0
0.047351	-0.21815	29.197	-0.096899	-0.5147	29.518	0.12515	-0.12155	29.806	0	0
0.047351	-0.21815	29.197	0.47795	-0.060481	29.712	0.12515	-0.12155	29.806	0	0
-0.099399	-0.5292	29.176	0.51195	-0.8833	29.394	-0.096899	-0.5147	29.518	0	0
-0.23075	-1.0608	29.485	-0.096899	-0.5147	29.518	-0.077562	-0.75686	30.314	0	0
-0.23075	-1.0608	29.485	-0.096899	-0.5147	29.518	-0.90452	-0.66685	29.849	0	0
-0.23075	-1.0608	29.485	-0.077562	-0.75686	30.314	-0.55555	-1.114	30.489	0	0
-0.23075	-1.0608	29.485	-0.55555	-1.114	30.489	-0.90452	-0.66685	29.849	0	0
0.94545	-1.8446	28.459	1.1658	-1.8041	28.843	1.23	-1.3415	28.474	0	0
0.55892	-0.73845	29.142	0.51195	-0.8833	29.394	1.1658	-1.8041	28.843	0	0
0.55892	-0.73845	29.142	0.51195	-0.8833	29.394	1.1373	-0.5602	29.779	0	0
0.55892	-0.73845	29.142	0.47795	-0.060481	29.712	1.1373	-0.5602	29.779	0	0
0.55892	-0.73845	29.142	1.1658	-1.8041	28.843	1.23	-1.3415	28.474	0	0
0.55892	-0.73845	29.142	1.23	-1.3415	28.474	1.0651	-0.91355	28.127	0	0
-0.57372	0.11862	28.433	-0.73175	-0.59605	28.842	-0.76622	-0.034623	29.04	0	0
-0.57372	0.11862	28.433	-0.61335	0.7371	28.846	-0.76622	-0.034623	29.04	0	0
0.51195	-0.8833	29.47	-0.096899	-0.5147	29.518	-0.077562	-0.75686	30.314	0	0
0.51195	-0.8833	29.47	-0.077562	-0.75686	30.314	1.1373	-0.5602	29.779	0	0
-0.72895	-0.86355	28.636	-0.73175	-0.59605	28.842	-0.90452	-0.66685	29.849	0	0
-0.73175	-0.59605	28.918	-0.90452	-0.66685	29.849	-0.87428	0.022752	29.542	0	0
-0.73175	-0.59605	28.918	-0.76622	-0.034623	29.04	-0.87428	0.022752	29.542	0	0
-0.54675	1.051	29.578	-0.61335	0.7371	28.846	-0.78325	0.585	29.715	0	0
-0.54675	1.051	29.578	-0.78325	0.585	29.715	-0.66337	1.0893	30.285	0	0
-0.61335	0.7371	28.922	-0.78325	0.585	29.715	-0.76622	-0.034623	29.04	0	0
-0.096899	-0.5147	29.593	0.12515	-0.12155	29.806	-0.90452	-0.66685	29.849	0	0
0.47795	-0.060481	29.787	0.12515	-0.12155	29.806	0.52818	-0.14718	30.404	0	0
0.47795	-0.060481	29.787	0.52818	-0.14718	30.404	1.1562	-0.23975	30.054	0	0
0.47795	-0.060481	29.787	0.60425	0.65665	29.816	0.71468	0.47979	30.422	0	0
0.47795	-0.060481	29.787	1.1373	-0.5602	29.779	1.1562	-0.23975	30.054	0	0
0.12515	-0.12155	29.881	0.15255	-0.18885	30.463	-0.077562	-0.75686	30.314	0	0
0.12515	-0.12155	29.881	0.15255	-0.18885	30.463	0.52818	-0.14718	30.404	0	0
0.12515	-0.12155	29.881	-0.077562	-0.75686	30.314	-0.90452	-0.66685	29.849	0	0
-0.3295	1.5365	30.314	-0.31869	1.9446	30.342	-0.72402	1.4465	31.14	0	0
-0.3295	1.5365	30.314	-0.66337	1.0893	30.285	-0.72402	1.4465	31.14	0	0
-0.31869	1.9446	30.418	-0.4719	2.0273	31.169	-0.72402	1.4465	31.14	0	0
-0.31869	1.9446	30.418	-0.4719	2.0273	31.169	0.74395	1.7086	31.12	0	0
-0.31869	1.9446	30.418	0.77075	1.3818	30.421	0.74395	1.7086	31.12	0	0
0.15255	-0.18885	30.538	-0.077562	-0.75686	30.314	0.25605	-0.71985	31.047	0	0
0.15255	-0.18885	30.538	0.52818	-0.14718	30.404	0.25605	-0.71985	31.047	0	0
-0.077562	-0.75686	30.389	-0.55555	-1.114	30.489	-0.33475	-0.88095	31.039	0	0
-0.077562	-0.75686	30.389	0.52818	-0.14718	30.404	1.1373	-0.5602	29.779	0	0
-0.077562	-0.75686	30.389	0.25605	-0.71985	31.047	-0.33475	-0.88095	31.039	0	0
-0.55555	-1.114	30.564	-0.90452	-0.66685	29.849	-0.6745	-0.52735	30.544	0	0
-0.55555	-1.114	30.564	-0.6745	-0.52735	30.544	-0.62805	-0.5071	31.062	0	0
-0.55555	-1.114	30.564	-0.33475	-0.88095	31.039	-0.62805	-0.5071	31.062	0	0
0.52818	-0.14718	30.48	0.62788	0.018019	31.023	0.25605	-0.71985	31.047	0	0
0.52818	-0.14718	30.48	0.62788	0.018019	31.023	0.71468	0.47979	30.422	0	0
-0.4719	2.0273	31.244	-0.42287	2.2216	31.722	-0.61225	1.9241	31.785	0	0
-0.4719	2.0273	31.244	-0.42287	2.2216	31.722	0.74395	1.7086	31.12	0	0
-0.4719	2.0273	31.244	-0.72402	1.4465	31.14	-0.61225	1.9241	31.785	0	0
0.60425	0.65665	29.892	0.77075	1.3818	30.421	1.0888	0.71268	30.45	0	0
0.60425	0.65665	29.892	0.71468	0.47979	30.422	1.0888	0.71268	30.45	0	0
0.77075	1.3818	30.496	1.0955	1.2938	30.573	0.74395	1.7086	31.12	0	0
0.77075	1.3818	30.496	1.0955	1.2938	30.573	1.0888	0.71268	30.45	0	0
0.6648	0.63925	31.048	0.62788	0.018019	31.023	0.5905	0.027852	31.762	0	0
0.6648	0.63925	31.048	0.62788	0.018019	31.023	0.71468	0.47979	30.422	0	0
0.6648	0.63925	31.048	0.5905	0.027852	31.762	0.7875	0.73785	31.787	0	0
0.6648	0.63925	31.048	0.71468	0.47979	30.422	1.0888	0.71268	30.45	0	0
0.6648	0.63925	31.048	0.7875	0.73785	31.787	1.26	0.84225	31.062	0	0
0.6648	0.63925	31.048	1.26	0.84225	31.062	1.0888	0.71268	30.45	0	0
-0.42287	2.2216	31.797	-0.61225	1.9241	31.785	-0.098499	1.0016	32.091	0	0
-0.42287	2.2216	31.797	-0.098499	1.0016	32.091	0.7876	1.2057	31.817	0	0
-0.42287	2.2216	31.797	0.74395	1.7086	31.12	0.7876	1.2057	31.817	0	0
0.62788	0.018019	31.098	0.25605	-0.71985	31.047	0.16645	-0.23015	31.538	0	0
0.62788	0.018019	31.098	0.16645	-0.23015	31.538	0.5905	0.027852	31.762	0	0
0.25605	-0.71985	31.122	-0.12015	-1.4865	31.285	0.43978	-0.66518	31.831	0	0
0.25605	-0.71985	31.122	-0.12015	-1.4865	31.285	-0.33475	-0.88095	31.039	0	0
0.25605	-0.71985	31.122	0.16645	-0.23015	31.538	0.43978	-0.66518	31.831	0	0
-0.12015	-1.4865	31.361	0.43978	-0.66518	31.831	-0.18458	-1.2559	31.883	0	0
-0.12015	-1.4865	31.361	-0.33475	-0.88095	31.039	-0.45055	-0.83495	31.497	0	0
-0.12015	-1.4865	31.361	-0.18458	-1.2559	31.883	-0.45055	-0.83495	31.497	0	0
-0.78325	0.585	29.791	-0.66337	1.0893	30.285	-0.97207	0.6831	30.328	0	0
-0.78325	0.585	29.791	-0.76622	-0.034623	29.04	-0.87428	0.022752	29.542	0	0
-0.78325	0.585	29.791	-0.97207	0.6831	30.328	-0.87428	0.022752	29.542	0	0
-0.90452	-0.66685	29.925	-0.6745	-0.52735	30.544	-0.97207	0.6831	30.328	0	0
-0.90452	-0.66685	29.925	-0.97207	0.6831	30.328	-0.87428	0.022752	29.542	0	0
-0.6745	-0.52735	30.62	-0.62805	-0.5071	31.062	-0.97207	0.6831	30.328	0	0
-0.66337	1.0893	30.36	-0.72402	1.4465	31.14	-1.1049	0.84288	31.142	0	0
-0.66337	1.0893	30.36	-0.97207	0.6831	30.328	-1.1049	0.84288	31.142	0	0
-0.72402	1.4465	31.215	-0.61225	1.9241	31.785	-0.92187	1.4568	31.833	0	0
-0.72402	1.4465	31.215	-0.92187	1.4568	31.833	-1.1049	0.84288	31.142	0	0
0.16645	-0.23015	31.613	0.5905	0.027852	31.762	0.43978	-0.66518	31.831	0	0
-0.61225	1.9241	31.86	-0.098499	1.0016	32.091	-0.92187	1.4568	31.833	0	0
-0.098499	1.0016	32.167	0.17485	1.0458	32.601	0.023151	0.62075	32.698	0	0
-0.098499	1.0016	32.167	0.17485	1.0458	32.601	0.78475	1.3094	32.526	0	0
-0.098499	1.0016	32.167	0.023151	0.62075	32.698	-1.1494	0.86379	31.716	0	0
-0.098499	1.0016	32.167	0.7876	1.2057	31.817	0.7875	0.73785	31.787	0	0
-0.098499	1.0016	32.167	-0.92187	1.4568	31.833	-1.1494	0.86379	31.716	0	0
0.17485	1.0458	32.677	0.24645	0.80795	32.669	0.023151	0.62075	32.698	0	0
0.17485	1.0458	32.677	0.24645	0.80795	32.669	0.6991	1.24	33.277	0	0
0.17485	1.0458	32.677	0.78475	1.3094	32.526	0.6991	1.24	33.277	0	0
0.5905	0.027852	31.838	0.43978	-0.66518	31.831	0.95685	-0.13105	32.123	0	0
0.5905	0.027852	31.838	0.95685	-0.13105	32.123	0.7875	0.73785	31.787	0	0
0.43978	-0.66518	31.907	0.95685	-0.13105	32.123	0.57578	-0.73915	32.513	0	0
0.43978	-0.66518	31.907	-0.18458	-1.2559	31.883	-0.11925	-1.2994	32.54	0	0
0.43978	-0.66518	31.907	-0.11925	-1.2994	32.54	0.57578	-0.73915	32.513	0	0
0.95685	-0.13105	32.198	0.7875	0.73785	31.787	1.0828	0.70739	32.616	0	0
0.95685	-0.13105	32.198	1.0828	0.70739	32.616	1.0296	0.024102	32.564	0	0
0.95685	-0.13105	32.198	1.0296	0.024102	32.564	0.98555	-0.53265	32.695	0	0
0.95685	-0.13105	32.198	0.57578	-0.73915	32.513	0.98555	-0.53265	32.695	0	0
-0.33475	-0.88095	31.115	-0.62805	-0.5071	31.062	-0.45055	-0.83495	31.497	0	0
-0.18458	-1.2559	31.958	-0.45055	-0.83495	31.497	-0.11925	-1.2994	32.54	0	0
-0.62805	-0.5071	31.138	-0.97207	0.6831	30.328	-1.1049	0.84288	31.142	0	0
-0.62805	-0.5071	31.138	-1.1049	0.84288	31.142	-1.1494	0.86379	31.716	0	0
-0.11925	-1.2994	32.616	0.57578	-0.73915	32.513	0.65895	-1.1756	32.771	0	0
-0.11925	-1.2994	32.616	0.65895	-1.1756	32.771	-0.037249	-1.4648	33.005	0	0
0.24645	0.80795	32.745	0.023151	0.62075	32.698	0.0058506	0.69352	33.186	0	0
0.24645	0.80795	32.745	0.0058506	0.69352	33.186	0.6991	1.24	33.277	0	0
1.0955	1.2938	30.649	1.0114	1.3805	31.129	0.74395	1.7086	31.12	0	0
1.0955	1.2938	30.649	1.0114	1.3805	31.129	1.26	0.84225	31.062	0	0
1.0955	1.2938	30.649	1.26	0.84225	31.062	1.0888	0.71268	30.45	0	0
1.0114	1.3805	31.205	0.74395	1.7086	31.12	1.032	1.779	31.358	0	0
1.0114	1.3805	31.205	1.032	1.779	31.358	1.4026	1.8108	31.626	0	0
1.0114	1.3805	31.205	1.1116	1.392	31.781	1.2711	0.9194	31.696	0	0
1.0114	1.3805	31.205	1.2711	0.9194	31.696	1.26	0.84225	31.062	0	0
0.74395	1.7086	31.196	1.032	1.779	31.358	0.7876	1.2057	31.817	0	0
1.032	1.779	31.433	1.1116	1.392	31.781	0.7876	1.2057	31.817	0	0
1.032	1.779	31.433	1.1116	1.392	31.781	1.4026	1.8108	31.626	0	0
1.1116	1.392	31.857	0.7876	1.2057	31.817	0.78475	1.3094	32.526	0	0
1.1116	1.392	31.857	1.4026	1.8108	31.626	1.3003	1.5967	32.391	0	0
1.1116	1.392	31.857	1.3003	1.5967	32.391	0.78475	1.3094	32.526	0	0
0.7876	1.2057	31.892	0.7875	0.73785	31.787	0.78475	1.3094	32.526	0	0
1.2711	0.9194	31.772	0.7875	0.73785	31.787	1.26	0.84225	31.062	0	0
0.7875	0.73785	31.862	0.78475	1.3094	32.526	1.0828	0.70739	32.616	0	0
1.3003	1.5967	32.467	0.78475	1.3094	32.526	1.0268	1.3458	33.145	0	0
0.78475	1.3094	32.601	1.0828	0.70739	32.616	1.0268	1.3458	33.145	0	0
1.0828	0.70739	32.691	1.0296	0.024102	32.564	1.2292	-0.088298	33.162	0	0
1.0828	0.70739	32.691	1.2292	-0.088298	33.162	1.1151	0.73942	33.183	0	0
1.0828	0.70739	32.691	1.1151	0.73942	33.183	1.0268	1.3458	33.145	0	0
1.0296	0.024102	32.64	0.98555	-0.53265	32.695	1.2292	-0.088298	33.162	0	0
0.57578	-0.73915	32.588	0.98555	-0.53265	32.695	0.8266	-0.6483	32.979	0	0
0.57578	-0.73915	32.588	0.65895	-1.1756	32.771	0.8266	-0.6483	32.979	0	0
0.98555	-0.53265	32.771	0.8266	-0.6483	32.979	1.2292	-0.088298	33.162	0	0
0.65895	-1.1756	32.847	0.8266	-0.6483	32.979	0.52267	-1.2162	33.25	0	0
0.8266	-0.6483	33.055	0.52267	-1.2162	33.25	0.9915	-0.7644	33.284	0	0
0.8266	-0.6483	33.055	0.9915	-0.7644	33.284	1.2292	-0.088298	33.162	0	0
-0.037249	-1.4648	33.081	0.52267	-1.2162	33.25	0.039851	-1.2069	34.072	0	0
-0.037249	-1.4648	33.081	0.52267	-1.2162	33.25	0.54213	-2.1316	33.859	0	0
-0.037249	-1.4648	33.081	0.039851	-1.2069	34.072	-0.058849	-1.0315	34.566	0	0
0.52267	-1.2162	33.325	0.9915	-0.7644	33.284	0.92615	-1.2906	34.046	0	0
0.52267	-1.2162	33.325	0.039851	-1.2069	34.072	0.68948	-1.5034	33.904	0	0
0.52267	-1.2162	33.325	0.68948	-1.5034	33.904	0.54213	-2.1316	33.859	0	0
0.9915	-0.7644	33.359	1.2292	-0.088298	33.162	1.2981	-0.71598	33.893	0	0
0.9915	-0.7644	33.359	1.2981	-0.71598	33.893	0.92615	-1.2906	34.046	0	0
-0.92187	1.4568	31.908	-1.1049	0.84288	31.142	-1.1494	0.86379	31.716	0	0
1.2292	-0.088298	33.237	0.48892	0.52285	33.762	0.75172	0.088386	34.131	0	0
1.2292	-0.088298	33.237	0.48892	0.52285	33.762	1.1151	0.73942	33.183	0	0
1.2292	-0.088298	33.237	0.75172	0.088386	34.131	1.3674	-0.13888	33.891	0	0
1.2292	-0.088298	33.237	1.2981	-0.71598	33.893	1.3674	-0.13888	33.891	0	0
0.48892	0.52285	33.838	0.80295	1.1525	33.899	0.6991	1.24	33.277	0	0
0.48892	0.52285	33.838	0.80295	1.1525	33.899	0.36115	0.59325	34.527	0	0
0.48892	0.52285	33.838	0.6991	1.24	33.277	1.1151	0.73942	33.183	0	0
0.48892	0.52285	33.838	0.75172	0.088386	34.131	0.36115	0.59325	34.527	0	0
0.80295	1.1525	33.974	0.6991	1.24	33.277	1.1195	1.2626	33.764	0	0
0.80295	1.1525	33.974	0.36115	0.59325	34.527	1.4941	0.70431	34.729	0	0
0.80295	1.1525	33.974	1.1195	1.2626	33.764	1.4941	0.70431	34.729	0	0
0.6991	1.24	33.353	1.1151	0.73942	33.183	1.0268	1.3458	33.145	0	0
0.6991	1.24	33.353	1.0268	1.3458	33.145	1.1195	1.2626	33.764	0	0
0.75172	0.088386	34.207	0.36115	0.59325	34.527	0.78625	-0.023698	34.647	0	0
0.75172	0.088386	34.207	1.3674	-0.13888	33.891	0.89975	-0.17135	34.437	0	0
0.75172	0.088386	34.207	0.89975	-0.17135	34.437	0.78625	-0.023698	34.647	0	0
0.36115	0.59325	34.602	1.4941	0.70431	34.729	1.2256	-0.18735	35.567	0	0
0.36115	0.59325	34.602	0.78625	-0.023698	34.647	0.71975	-0.051748	34.986	0	0
0.36115	0.59325	34.602	0.71975	-0.051748	34.986	-0.037399	-0.6856	35.08	0	0
1.1151	0.73942	33.258	1.2659	0.68221	33.812	1.1195	1.2626	33.764	0	0
1.2981	-0.71598	33.969	0.92615	-1.2906	34.046	0.82495	-0.69635	34.655	0	0
1.2981	-0.71598	33.969	1.3674	-0.13888	33.891	1.6326	-0.73895	34.56	0	0
1.2981	-0.71598	33.969	0.82495	-0.69635	34.655	1.2433	-0.62065	34.527	0	0
1.2981	-0.71598	33.969	1.202	-1.4456	34.657	1.6326	-0.73895	34.56	0	0
0.039851	-1.2069	34.147	0.68948	-1.5034	33.904	0.35735	-1.5773	34.528	0	0
0.039851	-1.2069	34.147	0.35735	-1.5773	34.528	0.14625	-1.0952	34.619	0	0
0.039851	-1.2069	34.147	-0.058849	-1.0315	34.566	0.14625	-1.0952	34.619	0	0
0.68948	-1.5034	33.98	0.54213	-2.1316	33.859	0.96085	-2.2508	34.206	0	0
0.68948	-1.5034	33.98	0.35735	-1.5773	34.528	0.57395	-1.9435	34.525	0	0
0.68948	-1.5034	33.98	0.57395	-1.9435	34.525	0.96085	-2.2508	34.206	0	0
0.92615	-1.2906	34.121	0.96085	-2.2508	34.206	1.202	-1.4456	34.657	0	0
0.92615	-1.2906	34.121	0.82495	-0.69635	34.655	1.202	-1.4456	34.657	0	0
0.35735	-1.5773	34.603	0.57395	-1.9435	34.525	0.29822	-1.5272	35.189	0	0
0.35735	-1.5773	34.603	0.14625	-1.0952	34.619	0.29822	-1.5272	35.189	0	0
0.57395	-1.9435	34.601	0.96085	-2.2508	34.206	0.68365	-2.6105	34.658	0	0
0.57395	-1.9435	34.601	0.68365	-2.6105	34.658	0.5956	-2.2119	35.018	0	0
0.57395	-1.9435	34.601	0.5956	-2.2119	35.018	0.29822	-1.5272	35.189	0	0
0.96085	-2.2508	34.281	1.202	-1.4456	34.657	1.3476	-1.5138	35.038	0	0
0.96085	-2.2508	34.281	1.3476	-1.5138	35.038	0.5956	-2.2119	35.018	0	0
1.3674	-0.13888	33.967	1.2659	0.68221	33.812	1.6462	0.6846	34.405	0	0
1.3674	-0.13888	33.967	1.6462	0.6846	34.405	1.7577	0.019352	34.568	0	0
1.3674	-0.13888	33.967	1.7577	0.019352	34.568	1.6326	-0.73895	34.56	0	0
0.82495	-0.69635	34.73	0.89975	-0.17135	34.437	1.2433	-0.62065	34.527	0	0
0.82495	-0.69635	34.73	0.89975	-0.17135	34.437	0.78625	-0.023698	34.647	0	0
0.82495	-0.69635	34.73	1.202	-1.4456	34.657	1.1409	-0.76545	35.3	0	0
0.82495	-0.69635	34.73	0.78625	-0.023698	34.647	0.71975	-0.051748	34.986	0	0
0.82495	-0.69635	34.73	0.71975	-0.051748	34.986	1.1409	-0.76545	35.3	0	0
0.89975	-0.17135	34.512	1.4941	0.70431	34.729	1.7577	0.019352	34.568	0	0
0.89975	-0.17135	34.512	1.7577	0.019352	34.568	1.2433	-0.62065	34.527	0	0
1.202	-1.4456	34.732	1.3476	-1.5138	35.038	1.1409	-0.76545	35.3	0	0
1.202	-1.4456	34.732	1.6326	-0.73895	34.56	1.7384	-1.9216	35.464	0	0
1.2659	0.68221	33.887	1.1195	1.2626	33.764	1.6462	0.6846	34.405	0	0
1.1195	1.2626	33.84	1.6462	0.6846	34.405	1.4941	0.70431	34.729	0	0
1.6462	0.6846	34.48	1.4941	0.70431	34.729	1.8318	0.46465	34.977	0	0
1.6462	0.6846	34.48	1.7577	0.019352	34.568	1.8318	0.46465	34.977	0	0
1.4941	0.70431	34.804	1.8318	0.46465	34.977	1.2256	-0.18735	35.567	0	0
1.7577	0.019352	34.643	1.6326	-0.73895	34.56	1.9316	-0.13231	35.299	0	0
1.7577	0.019352	34.643	1.8318	0.46465	34.977	1.9316	-0.13231	35.299	0	0
0.68365	-2.6105	34.734	0.5956	-2.2119	35.018	0.61685	-2.8436	35.107	0	0
1.3476	-1.5138	35.114	1.1409	-0.76545	35.3	1.7977	-1.3885	35.485	0	0
1.3476	-1.5138	35.114	1.7977	-1.3885	35.485	1.7384	-1.9216	35.464	0	0
1.3476	-1.5138	35.114	1.0453	-1.7796	35.518	1.7384	-1.9216	35.464	0	0
0.5956	-2.2119	35.093	0.29822	-1.5272	35.189	1.0453	-1.7796	35.518	0	0
0.5956	-2.2119	35.093	1.0453	-1.7796	35.518	0.61685	-2.8436	35.107	0	0
1.6326	-0.73895	34.636	1.7977	-1.3885	35.485	1.8564	-0.7292	35.326	0	0
1.6326	-0.73895	34.636	1.8564	-0.7292	35.326	1.9316	-0.13231	35.299	0	0
0.71975	-0.051748	35.061	1.2256	-0.18735	35.567	1.1409	-0.76545	35.3	0	0
0.71975	-0.051748	35.061	0.47955	-0.85522	35.31	-0.037399	-0.6856	35.08	0	0
1.8318	0.46465	35.052	1.9316	-0.13231	35.299	2.0061	-0.020348	35.963	0	0
1.8318	0.46465	35.052	2.0061	-0.020348	35.963	1.9709	0.39635	36.209	0	0
1.2256	-0.18735	35.642	1.1409	-0.76545	35.3	1.2713	-0.70495	36.033	0	0
1.2256	-0.18735	35.642	1.4467	-0.22495	35.89	1.2713	-0.70495	36.033	0	0
1.1409	-0.76545	35.375	1.7977	-1.3885	35.485	1.2713	-0.70495	36.033	0	0
1.4467	-0.22495	35.966	1.2713	-0.70495	36.033	1.9489	-0.66698	36.023	0	0
1.4467	-0.22495	35.966	1.9489	-0.66698	36.023	1.9722	0.073152	36.578	0	0
1.7977	-1.3885	35.56	1.8564	-0.7292	35.326	1.9489	-0.66698	36.023	0	0
1.7977	-1.3885	35.56	1.7384	-1.9216	35.464	2.07	-1.521	35.985	0	0
1.7977	-1.3885	35.56	2.07	-1.521	35.985	1.9489	-0.66698	36.023	0	0
-0.058849	-1.0315	34.641	0.14625	-1.0952	34.619	0.015151	-1.2295	35.358	0	0
-0.058849	-1.0315	34.641	0.015151	-1.2295	35.358	-0.037399	-0.6856	35.08	0	0
0.14625	-1.0952	34.695	0.29822	-1.5272	35.189	0.015151	-1.2295	35.358	0	0
0.29822	-1.5272	35.265	0.47955	-0.85522	35.31	1.0453	-1.7796	35.518	0	0
0.29822	-1.5272	35.265	0.47955	-0.85522	35.31	0.015151	-1.2295	35.358	0	0
0.47955	-0.85522	35.386	1.0453	-1.7796	35.518	1.2221	-1.3563	35.934	0	0
0.47955	-0.85522	35.386	1.2221	-1.3563	35.934	1.2713	-0.70495	36.033	0	0
0.47955	-0.85522	35.386	0.015151	-1.2295	35.358	-0.037399	-0.6856	35.08	0	0
1.0453	-1.7796	35.593	0.61685	-2.8436	35.107	1.1548	-1.7711	35.957	0	0
1.0453	-1.7796	35.593	1.2221	-1.3563	35.934	1.1548	-1.7711	35.957	0	0
1.2221	-1.3563	36.01	1.1548	-1.7711	35.957	1.3477	-1.2831	36.53	0	0
1.2221	-1.3563	36.01	1.3477	-1.2831	36.53	1.2713	-0.70495	36.033	0	0
1.8564	-0.7292	35.401	1.9316	-0.13231	35.299	1.9489	-0.66698	36.023	0	0
1.1548	-1.7711	36.033	1.7384	-1.9216	35.464	1.944	-1.9721	36.054	0	0
1.1548	-1.7711	36.033	1.944	-1.9721	36.054	1.7676	-2.4782	36.649	0	0
1.1548	-1.7711	36.033	1.3477	-1.2831	36.53	1.8623	-2.143	36.63	0	0
1.7384	-1.9216	35.539	1.944	-1.9721	36.054	2.07	-1.521	35.985	0	0
1.944	-1.9721	36.13	2.07	-1.521	35.985	2.1962	-1.6149	36.358	0	0
1.944	-1.9721	36.13	2.1962	-1.6149	36.358	1.8623	-2.143	36.63	0	0
1.944	-1.9721	36.13	1.7676	-2.4782	36.649	1.8623	-2.143	36.63	0	0
2.07	-1.521	36.061	2.1962	-1.6149	36.358	2.4041	-1.5065	36.157	0	0
2.07	-1.521	36.061	1.9489	-0.66698	36.023	2.4401	-0.6438	36.084	0	0
2.07	-1.521	36.061	2.4401	-0.6438	36.084	2.4041	-1.5065	36.157	0	0
1.3477	-1.2831	36.606	1.2713	-0.70495	36.033	1.9489	-0.66698	36.023	0	0
1.3477	-1.2831	36.606	2.1962	-1.6149	36.358	1.9489	-0.66698	36.023	0	0
1.9316	-0.13231	35.374	1.9489	-0.66698	36.023	2.0061	-0.020348	35.963	0	0
2.1962	-1.6149	36.434	1.9489	-0.66698	36.023	2.5067	-0.8373	36.511	0	0
2.1962	-1.6149	36.434	1.8623	-2.143	36.63	2.5149	-1.9194	36.835	0	0
2.1962	-1.6149	36.434	2.4041	-1.5065	36.157	2.792	-1.4549	36.763	0	0
2.1962	-1.6149	36.434	2.5149	-1.9194	36.835	2.792	-1.4549	36.763	0	0
1.9489	-0.66698	36.099	2.0061	-0.020348	35.963	2.4401	-0.6438	36.084	0	0
1.9489	-0.66698	36.099	1.9722	0.073152	36.578	2.0289	-0.6669	36.798	0	0
1.9489	-0.66698	36.099	2.5067	-0.8373	36.511	2.0289	-0.6669	36.798	0	0
2.0061	-0.020348	36.038	2.4401	-0.6438	36.084	1.9722	0.073152	36.578	0	0
2.0061	-0.020348	36.038	1.9709	0.39635	36.209	1.9722	0.073152	36.578	0	0
2.4401	-0.6438	36.159	1.9722	0.073152	36.578	2.5067	-0.8373	36.511	0	0
2.4401	-0.6438	36.159	2.4041	-1.5065	36.157	2.5067	-0.8373	36.511	0	0
1.9709	0.39635	36.285	1.9722	0.073152	36.578	1.9897	0.35895	36.666	0	0
2.4041	-1.5065	36.232	2.5067	-0.8373	36.511	2.792	-1.4549	36.763	0	0
2.5067	-0.8373	36.586	2.0289	-0.6669	36.798	3.0604	-0.82525	37.014	0	0
2.5067	-0.8373	36.586	2.792	-1.4549	36.763	3.0604	-0.82525	37.014	0	0
0.10135	-2.5016	12.802	1.04392235044305	-6.46934896582625	18.4401379701871	1.71155671872395	-1.79277673035678	13.3904615432537	1	1
1.04392235044305	-6.46934896582625	18.4401379701871	1.58244662076821	-10.3874458707603	21.6615197705667	2.69494522784844	-5.46026186264026	19.3025226850723	1	1
1.58244662076821	-10.3874458707603	21.6615197705667	2.38424660809247	-14.8509342654582	23.3824061528488	4.29042771326586	-10.2312829577546	22.2039138959744	1	1
2.38424660809247	-14.8509342654582	23.3824061528488	2.39251103849187	-21.4145072355637	23.3652141404574	5.06285790223436	-15.2777688909579	23.7706857265711	1	1
2.39251103849187	-21.4145072355637	23.3652141404574	1.76466667565942	-25.4316138570254	20.4998522352405	4.5127811045839	-21.4566860315354	23.0315318274642	1	1
2.69494522784844	-5.46026186264026	19.3025226850723	1.71155671872395	-1.79277673035678	13.3904615432537	1.04392235044305	-6.46934896582625	18.4401379701871	1	1
4.29042771326586	-10.2312829577546	22.2039138959744	2.69494522784844	-5.46026186264026	19.3025226850723	1.58244662076821	-10.3874458707603	21.6615197705667	1	1
5.06285790223436	-15.2777688909579	23.7706857265711	4.29042771326586	-10.2312829577546	22.2039138959744	2.38424660809247	-14.8509342654582	23.3824061528488	1	1
4.5127811045839	-21.4566860315354	23.0315318274642	5.06285790223436	-15.2777688909579	23.7706857265711	2.39251103849187	-21.4145072355637	23.3652141404574	1	1
1.04392235044305	-6.46934896582625	18.4401379701871	0.10135	-2.5016	12.802	-0.380609850226523	-2.07830655648174	12.5065937484682	1	1
1.58244662076821	-10.3874458707603	21.6615197705667	1.04392235044305	-6.46934896582625	18.4401379701871	0.987550803584278	-5.85609813204771	18.4077348287548	1	1
2.38424660809247	-14.8509342654582	23.3824061528488	1.58244662076821	-10.3874458707603	21.6615197705667	0.517579716057351	-10.9452057820095	21.5755675794677	1	1
2.39251103849187	-21.4145072355637	23.3652141404574	2.38424660809247	-14.8509342654582	23.3824061528488	1.53488724845134	-15.0305697211943	23.9845026494608	1	1
1.76466667565942	-25.4316138570254	20.4998522352405	2.39251103849187	-21.4145072355637	23.3652141404574	2.39035479066884	-21.402843008182	23.4392701759637	1	1
-0.380609850226523	-2.07830655648174	12.5065937484682	0.987550803584278	-5.85609813204771	18.4077348287548	1.04392235044305	-6.46934896582625	18.4401379701871	1	1
0.987550803584278	-5.85609813204771	18.4077348287548	0.517579716057351	-10.9452057820095	21.5755675794677	1.58244662076821	-10.3874458707603	21.6615197705667	1	1
0.517579716057351	-10.9452057820095	21.5755675794677	1.53488724845134	-15.0305697211943	23.9845026494608	2.38424660809247	-14.8509342654582	23.3824061528488	1	1
1.53488724845134	-15.0305697211943	23.9845026494608	2.39035479066884	-21.402843008182	23.4392701759637	2.39251103849187	-21.4145072355637	23.3652141404574	1	1
0.2661	1.5949	17.904	0.737274156630051	4.1407552312124	22.7276774517304	1.42024773287601	1.59881517075062	18.0050223843272	2	1
0.737274156630051	4.1407552312124	22.7276774517304	1.06213033318452	6.63023779597244	25.843967896604	1.44869576592612	3.60268036814693	23.1626770587	2	1
1.06213033318452	6.63023779597244	25.843967896604	1.41408554152602	10.200345196559	30.3679513403842	1.89250023227737	6.81984236662887	26.2420684711661	2	1
1.41408554152602	10.200345196559	30.3679513403842	1.90514091046701	14.6677825343436	34.0843532222591	2.59183205387876	8.86185653298832	32.280823876685	2	1
1.90514091046701	14.6677825343436	34.0843532222591	1.75654876873784	19.2092637978454	36.5684760289412	1.89726114632774	14.5509930973934	34.8008980057402	2	1
1.75654876873784	19.2092637978454	36.5684760289412	1.59289219903887	22.37891256016	37.7184305022799	2.93349416908498	18.87881732931	36.0983692155103	2	1
1.59289219903887	22.37891256016	37.7184305022799	1.16060118879801	25.4202566735382	38.2832885609859	3.04245509448537	23.1317469215149	36.0973639871399	2	1
0.014643894045237	28.4654389119611	36.8071345807398	1.88357672139936	29.9112744319443	31.8707525912669	2.00954791412187	28.9360395390038	37.7353126943092	2	1
1.44869576592612	3.60268036814693	23.1626770587	1.42024773287601	1.59881517075062	18.0050223843272	0.737274156630051	4.1407552312124	22.7276774517304	2	1
1.89250023227737	6.81984236662887	26.2420684711661	1.44869576592612	3.60268036814693	23.1626770587	1.06213033318452	6.63023779597244	25.843967896604	2	1
2.59183205387876	8.86185653298832	32.280823876685	1.89250023227737	6.81984236662887	26.2420684711661	1.41408554152602	10.200345196559	30.3679513403842	2	1
1.89726114632774	14.5509930973934	34.8008980057402	2.59183205387876	8.86185653298832	32.280823876685	1.90514091046701	14.6677825343436	34.0843532222591	2	1
2.93349416908498	18.87881732931	36.0983692155103	1.89726114632774	14.5509930973934	34.8008980057402	1.75654876873784	19.2092637978454	36.5684760289412	2	1
3.04245509448537	23.1317469215149	36.0973639871399	2.93349416908498	18.87881732931	36.0983692155103	1.59289219903887	22.37891256016	37.7184305022799	2	1
2.00954791412187	28.9360395390038	37.7353126943092	2.95850606545814	24.4847273853892	37.415301916217	0.014643894045237	28.4654389119611	36.8071345807398	2	1
0.737274156630051	4.1407552312124	22.7276774517304	0.2661	1.5949	17.904	-0.952696773322365	1.57066109620616	17.7274893394668	2	1
1.06213033318452	6.63023779597244	25.843967896604	0.737274156630051	4.1407552312124	22.7276774517304	-2.06187295503927	4.18717223467874	22.6443660388117	2	1
1.41408554152602	10.200345196559	30.3679513403842	1.06213033318452	6.63023779597244	25.843967896604	-1.14291842686103	5.45862846365852	26.1155993578828	2	1
1.90514091046701	14.6677825343436	34.0843532222591	1.41408554152602	10.200345196559	30.3679513403842	-0.659658329411333	9.97237100020745	30.0792088494904	2	1
1.75654876873784	19.2092637978454	36.5684760289412	1.90514091046701	14.6677825343436	34.0843532222591	-0.168509432279497	14.0688217955127	34.531718187211	2	1
1.59289219903887	22.37891256016	37.7184305022799	1.75654876873784	19.2092637978454	36.5684760289412	-0.653305973560733	18.9642122792422	37.8700430707226	2	1
1.16060118879801	25.4202566735382	38.2832885609859	1.59289219903887	22.37891256016	37.7184305022799	-0.315917300884124	22.6134650753335	37.7324580437091	2	1
0.014643894045237	28.4654389119611	36.8071345807398	1.16060118879801	25.4202566735382	38.2832885609859	-0.533344022087248	26.07333440379	38.8331658411749	2	1
1.88357672139936	29.9112744319443	31.8707525912669	0.014643894045237	28.4654389119611	36.8071345807398	-0.820505256029419	28.5669490372335	36.2353863322101	2	1
-0.952696773322365	1.57066109620616	17.7274893394668	-2.06187295503927	4.18717223467874	22.6443660388117	0.737274156630051	4.1407552312124	22.7276774517304	2	1
-2.06187295503927	4.18717223467874	22.6443660388117	-1.14291842686103	5.45862846365852	26.1155993578828	1.06213033318452	6.63023779597244	25.843967896604	2	1
-1.14291842686103	5.45862846365852	26.1155993578828	-0.659658329411333	9.97237100020745	30.0792088494904	1.41408554152602	10.200345196559	30.3679513403842	2	1
-0.659658329411333	9.97237100020745	30.0792088494904	-0.168509432279497	14.0688217955127	34.531718187211	1.90514091046701	14.6677825343436	34.0843532222591	2	1
-0.168509432279497	14.0688217955127	34.531718187211	-0.653305973560733	18.9642122792422	37.8700430707226	1.75654876873784	19.2092637978454	36.5684760289412	2	1
-0.653305973560733	18.9642122792422	37.8700430707226	-0.315917300884124	22.6134650753335	37.7324580437091	1.59289219903887	22.37891256016	37.7184305022799	2	1
-0.315917300884124	22.6134650753335	37.7324580437091	-0.533344022087248	26.07333440379	38.8331658411749	1.16060118879801	25.4202566735382	38.2832885609859	2	1
-0.533344022087248	26.07333440379	38.8331658411749	-0.820505256029419	28.5669490372335	36.2353863322101	0.014643894045237	28.4654389119611	36.8071345807398	2	1
-0.43895	-1.7309	21.465	-0.565196864453661	-3.29974831841024	24.7090265488952	0.500740249283793	-2.31963446720727	21.5153675741239	3	1
-0.565196864453661	-3.29974831841024	24.7090265488952	-1.18553974103703	-5.52624905432389	29.0751267168767	0.920883651608625	-2.81465012444141	24.5525336273676	3	1
-1.18553974103703	-5.52624905432389	29.0751267168767	-1.26528191379267	-6.95153336370509	31.8435912720618	0.545611943978823	-4.86929943612019	29.7704498612555	3	1
-1.26528191379267	-6.95153336370509	31.8435912720618	-1.58686231089609	-8.45798301346708	35.2912632040952	1.1500068544035	-5.66044406152718	32.3809493486989	3	1
-1.58686231089609	-8.45798301346708	35.2912632040952	-2.21503551994462	-10.5372200738881	37.8295471826928	0.438871696795864	-9.14177400416938	35.2059185287215	3	1
-2.21503551994462	-10.5372200738881	37.8295471826928	-2.85872624668977	-13.5038196846946	40.6595037702512	-0.126766351640782	-10.2641977735194	37.9102795443144	3	1
-2.85872624668977	-13.5038196846946	40.6595037702512	-3.45019341776466	-16.2181622185044	42.4911988553273	-0.132372974152786	-12.8325398866758	41.323588064749	3	1
-3.45019341776466	-16.2181622185044	42.4911988553273	-4.22674683859571	-20.5986193815601	44.6346636829438	-1.13114793367339	-16.3228712490398	41.5058134121426	3	1
-4.22674683859571	-20.5986193815601	44.6346636829438	-4.86392651453025	-23.7745143608782	44.4319846733793	-2.13591246217646	-20.2137821045174	44.3533083194232	3	1
-4.86392651453025	-23.7745143608782	44.4319846733793	-5.99078408172498	-27.9876612601602	43.8608079333711	-4.29104104786311	-23.4402961340078	44.284757267951	3	1
-8.40580087954288	-33.0301052910899	41.7749653047916	-9.20333173932157	-39.0736309468005	37.8139096454417	-7.80334160593305	-33.7292498625925	43.0057759855139	3	1
0.920883651608625	-2.81465012444141	24.5525336273676	0.500740249283793	-2.31963446720727	21.5153675741239	-0.565196864453661	-3.29974831841024	24.7090265488952	3	1
0.545611943978823	-4.86929943612019	29.7704498612555	0.920883651608625	-2.81465012444141	24.5525336273676	-1.18553974103703	-5.52624905432389	29.0751267168767	3	1
1.1500068544035	-5.66044406152718	32.3809493486989	0.545611943978823	-4.86929943612019	29.7704498612555	-1.26528191379267	-6.95153336370509	31.8435912720618	3	1
0.438871696795864	-9.14177400416938	35.2059185287215	1.1500068544035	-5.66044406152718	32.3809493486989	-1.58686231089609	-8.45798301346708	35.2912632040952	3	1
-0.126766351640782	-10.2641977735194	37.9102795443144	0.438871696795864	-9.14177400416938	35.2059185287215	-2.21503551994462	-10.5372200738881	37.8295471826928	3	1
-0.132372974152786	-12.8325398866758	41.323588064749	-0.126766351640782	-10.2641977735194	37.9102795443144	-2.85872624668977	-13.5038196846946	40.6595037702512	3	1
-1.13114793367339	-16.3228712490398	41.5058134121426	-0.132372974152786	-12.8325398866758	41.323588064749	-3.45019341776466	-16.2181622185044	42.4911988553273	3	1
-2.13591246217646	-20.2137821045174	44.3533083194232	-1.13114793367339	-16.3228712490398	41.5058134121426	-4.22674683859571	-20.5986193815601	44.6346636829438	3	1
-4.29104104786311	-23.4402961340078	44.284757267951	-2.13591246217646	-20.2137821045174	44.3533083194232	-4.86392651453025	-23.7745143608782	44.4319846733793	3	1
-7.80334160593305	-33.7292498625925	43.0057759855139	-5.99078408172498	-27.9876612601602	43.8608079333711	-8.40580087954288	-33.0301052910899	41.7749653047916	3	1
-0.565196864453661	-3.29974831841024	24.7090265488952	-0.43895	-1.7309	21.465	-1.2199215209818	-2.16428784250323	21.7303508317036	3	1
-1.18553974103703	-5.52624905432389	29.0751267168767	-0.565196864453661	-3.29974831841024	24.7090265488952	-1.20385694073148	-3.15897267426659	25.2729241879972	3	1
-1.26528191379267	-6.95153336370509	31.8435912720618	-1.18553974103703	-5.52624905432389	29.0751267168767	-2.31510962429242	-4.449903613939	29.4708979030501	3	1
-1.58686231089609	-8.45798301346708	35.2912632040952	-1.26528191379267	-6.95153336370509	31.8435912720618	-2.87108512162145	-5.20313324892197	32.542975098264	3	1
-2.21503551994462	-10.5372200738881	37.8295471826928	-1.58686231089609	-8.45798301346708	35.2912632040952	-3.58556532867674	-8.1604632512977	35.5393282718359	3	1
-2.85872624668977	-13.5038196846946	40.6595037702512	-2.21503551994462	-10.5372200738881	37.8295471826928	-4.31846006809893	-9.52517337508927	38.6406696701582	3	1
-3.45019341776466	-16.2181622185044	42.4911988553273	-2.85872624668977	-13.5038196846946	40.6595037702512	-5.04248811081293	-12.9584351279572	41.4016432827916	3	1
-4.22674683859571	-20.5986193815601	44.6346636829438	-3.45019341776466	-16.2181622185044	42.4911988553273	-5.37555651685888	-16.3082625141384	42.1759115048469	3	1
-4.86392651453025	-23.7745143608782	44.4319846733793	-4.22674683859571	-20.5986193815601	44.6346636829438	-6.86730902102989	-21.2423684754117	45.9936198540044	3	1
-5.99078408172498	-27.9876612601602	43.8608079333711	-4.86392651453025	-23.7745143608782	44.4319846733793	-7.16983076484938	-24.2570293774391	45.2506794255021	3	1
-8.40580087954288	-33.0301052910899	41.7749653047916	-5.99078408172498	-27.9876612601602	43.8608079333711	-9.10363002639175	-28.1680172065039	44.6924161749068	3	1
-9.20333173932157	-39.0736309468005	37.8139096454417	-8.40580087954288	-33.0301052910899	41.7749653047916	-11.6204250353142	-31.7888279094642	40.8549659085982	3	1
-1.2199215209818	-2.16428784250323	21.7303508317036	-1.20385694073148	-3.15897267426659	25.2729241879972	-0.565196864453661	-3.29974831841024	24.7090265488952	3	1
-1.20385694073148	-3.15897267426659	25.2729241879972	-2.31510962429242	-4.449903613939	29.4708979030501	-1.18553974103703	-5.52624905432389	29.0751267168767	3	1
-2.31510962429242	-4.449903613939	29.4708979030501	-2.87108512162145	-5.20313324892197	32.542975098264	-1.26528191379267	-6.95153336370509	31.8435912720618	3	1
-2.87108512162145	-5.20313324892197	32.542975098264	-3.58556532867674	-8.1604632512977	35.5393282718359	-1.58686231089609	-8.45798301346708	35.2912632040952	3	1
-3.58556532867674	-8.1604632512977	35.5393282718359	-4.31846006809893	-9.52517337508927	38.6406696701582	-2.21503551994462	-10.5372200738881	37.8295471826928	3	1
-4.31846006809893	-9.52517337508927	38.6406696701582	-5.04248811081293	-12.9584351279572	41.4016432827916	-2.85872624668977	-13.5038196846946	40.6595037702512	3	1
-5.04248811081293	-12.9584351279572	41.4016432827916	-5.37555651685888	-16.3082625141384	42.1759115048469	-3.45019341776466	-16.2181622185044	42.4911988553273	3	1
-5.37555651685888	-16.3082625141384	42.1759115048469	-6.86730902102989	-21.2423684754117	45.9936198540044	-4.22674683859571	-20.5986193815601	44.6346636829438	3	1
-6.86730902102989	-21.2423684754117	45.9936198540044	-7.16983076484938	-24.2570293774391	45.2506794255021	-4.86392651453025	-23.7745143608782	44.4319846733793	3	1
-7.16983076484938	-24.2570293774391	45.2506794255021	-9.10363002639175	-28.1680172065039	44.6924161749068	-5.99078408172498	-27.9876612601602	43.8608079333711	3	1
-9.10363002639175	-28.1680172065039	44.6924161749068	-11.6204250353142	-31.7888279094642	40.8549659085982	-8.40580087954288	-33.0301052910899	41.7749653047916	3	1
-0.26663	1.7798	26.306	-0.84958	4.2296	31.329	1.0692	2.5398	25.863	4	2
-0.84958	4.2296	31.329	-1.406	6.2649	35.596	1.2974	3.4655	31.254	4	2
-1.406	6.2649	35.596	-2.3758	8.5343	39.103	1.0178	6.4662	35.425	4	2
-2.3758	8.5343	39.103	-3.4998	11.588	42.901	-0.4286	9.3778	38.344	4	2
-3.4998	11.588	42.901	-5.0182	15.541	46.638	0.10035	10.977	43.755	4	2
-5.0182	15.541	46.638	-6.4194	19.05	48.911	-2.6581	16.408	45.456	4	2
-6.4194	19.05	48.911	-8.6438	23.441	51.048	-4.9672	19.935	46.827	4	2
-8.6438	23.441	51.048	-10.683	26.826	51.708	-6.5753	23.31	50.315	4	2
-10.683	26.826	51.708	-12.203	29.67	51.699	-8.6618	26.798	52.332	4	2
-12.203	29.67	51.699	-14.279	34.524	51.196	-10.766	29.507	51.124	4	2
-14.279	34.524	51.196	-17.184	41.496	49.755	-14.123	34.532	51.509	4	2
1.2974	3.4655	31.254	1.0692	2.5398	25.863	-0.84958	4.2296	31.329	4	2
1.0178	6.4662	35.425	1.2974	3.4655	31.254	-1.406	6.2649	35.596	4	2
-0.4286	9.3778	38.344	1.0178	6.4662	35.425	-2.3758	8.5343	39.103	4	2
0.10035	10.977	43.755	-0.4286	9.3778	38.344	-3.4998	11.588	42.901	4	2
-2.6581	16.408	45.456	0.10035	10.977	43.755	-5.0182	15.541	46.638	4	2
-4.9672	19.935	46.827	-2.6581	16.408	45.456	-6.4194	19.05	48.911	4	2
-6.5753	23.31	50.315	-4.9672	19.935	46.827	-8.6438	23.441	51.048	4	2
-8.6618	26.798	52.332	-6.5753	23.31	50.315	-10.683	26.826	51.708	4	2
-10.766	29.507	51.124	-8.6618	26.798	52.332	-12.203	29.67	51.699	4	2
-14.123	34.532	51.509	-10.766	29.507	51.124	-14.279	34.524	51.196	4	2
-0.84958	4.2296	31.329	-0.26663	1.7798	26.306	-1.6408	2.4631	26.33	4	2
-1.406	6.2649	35.596	-0.84958	4.2296	31.329	-2.22	4.3324	31.337	4	2
-2.3758	8.5343	39.103	-1.406	6.2649	35.596	-3.9129	5.2724	36.334	4	2
-3.4998	11.588	42.901	-2.3758	8.5343	39.103	-4.3397	8.7603	39.528	4	2
-5.0182	15.541	46.638	-3.4998	11.588	42.901	-4.5024	12.817	42.507	4	2
-6.4194	19.05	48.911	-5.0182	15.541	46.638	-6.4199	14.658	48.238	4	2
-8.6438	23.441	51.048	-6.4194	19.05	48.911	-7.1194	18.769	50.134	4	2
-10.683	26.826	51.708	-8.6438	23.441	51.048	-11.367	23.294	52.398	4	2
-12.203	29.67	51.699	-10.683	26.826	51.708	-12.844	26.94	51.175	4	2
-14.279	34.524	51.196	-12.203	29.67	51.699	-14.296	30.076	51.346	4	2
-17.184	41.496	49.755	-14.279	34.524	51.196	-16.258	34.887	51.327	4	2
-1.6408	2.4631	26.33	-2.22	4.3324	31.337	-0.84958	4.2296	31.329	4	2
-2.22	4.3324	31.337	-3.9129	5.2724	36.334	-1.406	6.2649	35.596	4	2
-3.9129	5.2724	36.334	-4.3397	8.7603	39.528	-2.3758	8.5343	39.103	4	2
-4.3397	8.7603	39.528	-4.5024	12.817	42.507	-3.4998	11.588	42.901	4	2
-4.5024	12.817	42.507	-6.4199	14.658	48.238	-5.0182	15.541	46.638	4	2
-6.4199	14.658	48.238	-7.1194	18.769	50.134	-6.4194	19.05	48.911	4	2
-7.1194	18.769	50.134	-11.367	23.294	52.398	-8.6438	23.441	51.048	4	2
-11.367	23.294	52.398	-12.844	26.94	51.175	-10.683	26.826	51.708	4	2
-12.844	26.94	51.175	-14.296	30.076	51.346	-12.203	29.67	51.699	4	2
-14.296	30.076	51.346	-16.258	34.887	51.327	-14.279	34.524	51.196	4	2
-0.5701	-2.0891	29.062	-1.064	-3.2216	32.557	1.0259	-2.19	28.886	5	2
-1.064	-3.2216	32.557	-1.8184	-4.8383	36.088	0.23165	-3.5223	32.597	5	2
-1.8184	-4.8383	36.088	-2.5488	-6.1774	38.867	0.36602	-4.9924	35.817	5	2
-2.5488	-6.1774	38.867	-3.9576	-8.2985	43.032	-0.26875	-7.6606	37.914	5	2
-3.9576	-8.2985	43.032	-5.42	-11.186	46.548	-1.8775	-9.4686	42.727	5	2
-5.42	-11.186	46.548	-6.872	-13.625	48.699	-1.6989	-11.657	46.63	5	2
-6.872	-13.625	48.699	-9.5746	-17.486	51.424	-3.3242	-13.242	48.681	5	2
-9.5746	-17.486	51.424	-11.704	-20.28	52.307	-7.4668	-17.957	49.477	5	2
-11.704	-20.28	52.307	-13.949	-22.9	52.33	-9.063	-20.244	50.954	5	2
-13.949	-22.9	52.33	-16.955	-26.822	50.683	-11.001	-22.201	51.571	5	2
-16.955	-26.822	50.683	-19.588	-30.68	48.475	-14.955	-27.819	52.267	5	2
0.23165	-3.5223	32.597	1.0259	-2.19	28.886	-1.064	-3.2216	32.557	5	2
0.36602	-4.9924	35.817	0.23165	-3.5223	32.597	-1.8184	-4.8383	36.088	5	2
-0.26875	-7.6606	37.914	0.36602	-4.9924	35.817	-2.5488	-6.1774	38.867	5	2
-1.8775	-9.4686	42.727	-0.26875	-7.6606	37.914	-3.9576	-8.2985	43.032	5	2
-1.6989	-11.657	46.63	-1.8775	-9.4686	42.727	-5.42	-11.186	46.548	5	2
-3.3242	-13.242	48.681	-1.6989	-11.657	46.63	-6.872	-13.625	48.699	5	2
-7.4668	-17.957	49.477	-3.3242	-13.242	48.681	-9.5746	-17.486	51.424	5	2
-9.063	-20.244	50.954	-7.4668	-17.957	49.477	-11.704	-20.28	52.307	5	2
-11.001	-22.201	51.571	-9.063	-20.244	50.954	-13.949	-22.9	52.33	5	2
-14.955	-27.819	52.267	-11.001	-22.201	51.571	-16.955	-26.822	50.683	5	2
-1.064	-3.2216	32.557	-0.5701	-2.0891	29.062	-2.4596	-1.367	29.252	5	2
-1.8184	-4.8383	36.088	-1.064	-3.2216	32.557	-2.4951	-4.07	32.526	5	2
-2.5488	-6.1774	38.867	-1.8184	-4.8383	36.088	-3.8802	-4.2174	36.819	5	2
-3.9576	-8.2985	43.032	-2.5488	-6.1774	38.867	-4.7446	-4.9516	39.07	5	2
-5.42	-11.186	46.548	-3.9576	-8.2985	43.032	-6.4801	-6.2774	44.823	5	2
-6.872	-13.625	48.699	-5.42	-11.186	46.548	-8.1467	-9.9394	47.268	5	2
-9.5746	-17.486	51.424	-6.872	-13.625	48.699	-8.7334	-11.977	50.601	5	2
-11.704	-20.28	52.307	-9.5746	-17.486	51.424	-12.862	-17.484	52.27	5	2
-13.949	-22.9	52.33	-11.704	-20.28	52.307	-14.341	-20.459	53.361	5	2
-16.955	-26.822	50.683	-13.949	-22.9	52.33	-15.69	-22.991	52.31	5	2
-19.588	-30.68	48.475	-16.955	-26.822	50.683	-17.301	-27.212	50.887	5	2
-2.4596	-1.367	29.252	-2.4951	-4.07	32.526	-1.064	-3.2216	32.557	5	2
-2.4951	-4.07	32.526	-3.8802	-4.2174	36.819	-1.8184	-4.8383	36.088	5	2
-3.8802	-4.2174	36.819	-4.7446	-4.9516	39.07	-2.5488	-6.1774	38.867	5	2
-4.7446	-4.9516	39.07	-6.4801	-6.2774	44.823	-3.9576	-8.2985	43.032	5	2
-6.4801	-6.2774	44.823	-8.1467	-9.9394	47.268	-5.42	-11.186	46.548	5	2
-8.1467	-9.9394	47.268	-8.7334	-11.977	50.601	-6.872	-13.625	48.699	5	2
-8.7334	-11.977	50.601	-12.862	-17.484	52.27	-9.5746	-17.486	51.424	5	2
-12.862	-17.484	52.27	-14.341	-20.459	53.361	-11.704	-20.28	52.307	5	2
-14.341	-20.459	53.361	-15.69	-22.991	52.31	-13.949	-22.9	52.33	5	2
-15.69	-22.991	52.31	-17.301	-27.212	50.887	-16.955	-26.822	50.683	5	2
-1.8852	0.43245	34.725	-1.6152	2.7503	38.144	2.2505	2.2712	32.857	6	2
-1.6152	2.7503	38.144	-1.4854	4.5344	41.038	2.0189	3.9905	37.572	6	2
-1.4854	4.5344	41.038	-2.0808	6.4466	44.59	0.31825	4.2663	41.563	6	2
-2.0808	6.4466	44.59	-2.9636	8.7239	48.666	1.1546	6.6804	44.569	6	2
-2.9636	8.7239	48.666	-4.3978	10.824	51.619	0.17135	10.684	48.099	6	2
-4.3978	10.824	51.619	-6.4003	13.708	54.28	-1.7906	12.444	50.222	6	2
-6.4003	13.708	54.28	-8.7068	16.13	55.996	-3.5703	13.809	53.529	6	2
-8.7068	16.13	55.996	-12.782	20.102	57.134	-6.1768	16.428	54.758	6	2
-12.782	20.102	57.134	-14.993	22.501	57.08	-10.699	19.825	56.638	6	2
-14.993	22.501	57.08	-19.058	26.472	55.28	-14.742	22.09	57.207	6	2
-19.058	26.472	55.28	-19.443	26.813	55.203	-17.988	26.143	55.814	6	2
2.0189	3.9905	37.572	2.2505	2.2712	32.857	-1.6152	2.7503	38.144	6	2
0.31825	4.2663	41.563	2.0189	3.9905	37.572	-1.4854	4.5344	41.038	6	2
1.1546	6.6804	44.569	0.31825	4.2663	41.563	-2.0808	6.4466	44.59	6	2
0.17135	10.684	48.099	1.1546	6.6804	44.569	-2.9636	8.7239	48.666	6	2
-1.7906	12.444	50.222	0.17135	10.684	48.099	-4.3978	10.824	51.619	6	2
-3.5703	13.809	53.529	-1.7906	12.444	50.222	-6.4003	13.708	54.28	6	2
-6.1768	16.428	54.758	-3.5703	13.809	53.529	-8.7068	16.13	55.996	6	2
-10.699	19.825	56.638	-6.1768	16.428	54.758	-12.782	20.102	57.134	6	2
-14.742	22.09	57.207	-10.699	19.825	56.638	-14.993	22.501	57.08	6	2
-17.988	26.143	55.814	-14.742	22.09	57.207	-19.058	26.472	55.28	6	2
-1.6152	2.7503	38.144	-1.8852	0.43245	34.725	-3.0745	-0.98535	36.231	6	2
-1.4854	4.5344	41.038	-1.6152	2.7503	38.144	-5.2292	5.0266	36.638	6	2
-2.0808	6.4466	44.59	-1.4854	4.5344	41.038	-3.5812	5.4126	41.15	6	2
-2.9636	8.7239	48.666	-2.0808	6.4466	44.59	-4.6934	5.1229	45.257	6	2
-4.3978	10.824	51.619	-2.9636	8.7239	48.666	-4.0882	6.8363	50.224	6	2
-6.4003	13.708	54.28	-4.3978	10.824	51.619	-6.3878	9.1002	53.798	6	2
-8.7068	16.13	55.996	-6.4003	13.708	54.28	-9.0621	12.519	55.729	6	2
-12.782	20.102	57.134	-8.7068	16.13	55.996	-10.642	15.209	57.21	6	2
-14.993	22.501	57.08	-12.782	20.102	57.134	-15.63	20.294	57.327	6	2
-19.058	26.472	55.28	-14.993	22.501	57.08	-17.649	22.856	56.896	6	2
-19.443	26.813	55.203	-19.058	26.472	55.28	-19.482	26.804	55.431	6	2
-3.0745	-0.98535	36.231	-5.2292	5.0266	36.638	-1.6152	2.7503	38.144	6	2
-5.2292	5.0266	36.638	-3.5812	5.4126	41.15	-1.4854	4.5344	41.038	6	2
-3.5812	5.4126	41.15	-4.6934	5.1229	45.257	-2.0808	6.4466	44.59	6	2
-4.6934	5.1229	45.257	-4.0882	6.8363	50.224	-2.9636	8.7239	48.666	6	2
-4.0882	6.8363	50.224	-6.3878	9.1002	53.798	-4.3978	10.824	51.619	6	2
-6.3878	9.1002	53.798	-9.0621	12.519	55.729	-6.4003	13.708	54.28	6	2
-9.0621	12.519	55.729	-10.642	15.209	57.21	-8.7068	16.13	55.996	6	2
-10.642	15.209	57.21	-15.63	20.294	57.327	-12.782	20.102	57.134	6	2
-15.63	20.294	57.327	-17.649	22.856	56.896	-14.993	22.501	57.08	6	2
-17.649	22.856	56.896	-19.482	26.804	55.431	-19.058	26.472	55.28	6	2
0.57045	-0.097181	35.401	1.8037	2.619	41.113	1.0358	-0.91461	36.817	7	2
1.8037	2.619	41.113	2.1739	3.8815	43.876	2.2642	2.0995	42.007	7	2
2.1739	3.8815	43.876	2.8596	5.1983	46.684	2.3525	3.4354	44.385	7	2
3.5302	6.7177	49.299	4.2164	7.7373	50.908	3.5302	6.7177	49.374	7	2
2.2642	2.0995	42.007	1.0358	-0.91461	36.817	1.8037	2.619	41.113	7	2
2.3525	3.4354	44.385	2.2642	2.0995	42.007	2.1739	3.8815	43.876	7	2
3.5302	6.7177	49.374	2.8596	5.1983	46.684	3.5302	6.7177	49.299	7	2
1.8037	2.619	41.113	0.57045	-0.097181	35.401	-0.36255	-0.20915	35.54	7	2
2.1739	3.8815	43.876	1.8037	2.619	41.113	-0.44165	2.6689	41.097	7	2
2.8596	5.1983	46.684	2.1739	3.8815	43.876	-0.28819	3.8727	43.811	7	2
3.5302	6.7177	49.299	2.8596	5.1983	46.684	0.62935	5.1615	45.989	7	2
4.2164	7.7373	50.908	3.5302	6.7177	49.299	1.9535	7.1559	48.114	7	2
-0.36255	-0.20915	35.54	-0.44165	2.6689	41.097	1.8037	2.619	41.113	7	2
-0.44165	2.6689	41.097	-0.28819	3.8727	43.811	2.1739	3.8815	43.876	7	2
-0.28819	3.8727	43.811	0.62935	5.1615	45.989	2.8596	5.1983	46.684	7	2
0.62935	5.1615	45.989	1.9535	7.1559	48.114	3.5302	6.7177	49.299	7	2
-0.060583	-0.93521	36.634	0.057751	-3.3042	39.36	1.1782	-2.3637	36.12	8	2
0.057751	-3.3042	39.36	0.1688	-5.3766	42.167	2.4327	-2.8796	39.648	8	2
0.1688	-5.3766	42.167	0.56299	-7.9719	45.024	2.0533	-3.7419	42.955	8	2
0.56299	-7.9719	45.024	1.2419	-10.542	47.64	2.4943	-7.0969	45.722	8	2
1.2419	-10.542	47.64	2.1326	-14.256	50.661	1.8385	-10.033	48.345	8	2
2.1326	-14.256	50.661	3.3772	-17.047	52.745	2.6385	-13.751	51.723	8	2
3.3772	-17.047	52.745	5.1049	-20.586	54.733	3.5499	-17.117	53.273	8	2
2.4327	-2.8796	39.648	1.1782	-2.3637	36.12	0.057751	-3.3042	39.36	8	2
2.0533	-3.7419	42.955	2.4327	-2.8796	39.648	0.1688	-5.3766	42.167	8	2
2.4943	-7.0969	45.722	2.0533	-3.7419	42.955	0.56299	-7.9719	45.024	8	2
1.8385	-10.033	48.345	2.4943	-7.0969	45.722	1.2419	-10.542	47.64	8	2
2.6385	-13.751	51.723	1.8385	-10.033	48.345	2.1326	-14.256	50.661	8	2
3.5499	-17.117	53.273	2.6385	-13.751	51.723	3.3772	-17.047	52.745	8	2
0.057751	-3.3042	39.36	-0.060583	-0.93521	36.634	-0.48745	-0.1631	37.359	8	2
0.1688	-5.3766	42.167	0.057751	-3.3042	39.36	-2.7636	-3.0366	39.058	8	2
0.56299	-7.9719	45.024	0.1688	-5.3766	42.167	-2.1484	-5.6175	42.232	8	2
1.2419	-10.542	47.64	0.56299	-7.9719	45.024	-2.6252	-7.9964	44.43	8	2
2.1326	-14.256	50.661	1.2419	-10.542	47.64	-1.2195	-11.355	46.378	8	2
3.3772	-17.047	52.745	2.1326	-14.256	50.661	0.66865	-14.835	50.583	8	2
5.1049	-20.586	54.733	3.3772	-17.047	52.745	2.0906	-17.161	52.153	8	2
-0.48745	-0.1631	37.359	-2.7636	-3.0366	39.058	0.057751	-3.3042	39.36	8	2
-2.7636	-3.0366	39.058	-2.1484	-5.6175	42.232	0.1688	-5.3766	42.167	8	2
-2.1484	-5.6175	42.232	-2.6252	-7.9964	44.43	0.56299	-7.9719	45.024	8	2
-1.2195	-11.355	46.378	0.66865	-14.835	50.583	2.1326	-14.256	50.661	8	2
0.66865	-14.835	50.583	2.0906	-17.161	52.153	3.3772	-17.047	52.745	8	2
