-0.3475	-0.70784	0.031499	-0.41155	-0.34074	1.0263	-0.22515	-0.60134	1.8261	0	0
-0.41155	-0.34074	0	-0.087748	-0.21784	1.0423	-0.37868	0.45443	1.0936	0	0
-0.41155	-0.34074	0	-0.087748	-0.21784	1.0423	-0.1292	-0.21974	1.7978	0	0
-0.41155	-0.34074	0	-0.37868	0.45443	1.0936	-0.36431	0.45368	1.7658	0	0
-0.41155	-0.34074	0	-0.22515	-0.60134	1.8261	-0.1292	-0.21974	1.7978	0	0
-0.087748	-0.21784	0.015999	-0.37868	0.45443	1.0936	0.077885	0.65153	1.042	0	0
-0.087748	-0.21784	0.015999	0.077885	0.65153	1.042	0.58995	0.54246	1.7331	0	0
-0.087748	-0.21784	0.015999	-0.1292	-0.21974	1.7978	0.58995	0.54246	1.7331	0	0
-0.37868	0.45443	0.0673	0.077885	0.65153	1.042	0.090202	1.1281	1.0615	0	0
-0.37868	0.45443	0.0673	-0.36431	0.45368	1.7658	-0.23335	1.161	2.1406	0	0
-0.37868	0.45443	0.0673	0.090202	1.1281	1.0615	-0.23335	1.161	2.1406	0	0
-0.22515	-0.60134	0.79975	-0.1292	-0.21974	1.7978	0.21832	-0.029304	2.3827	0	0
-0.22515	-0.60134	0.79975	-0.15305	-0.60444	2.5182	0.21832	-0.029304	2.3827	0	0
0.077885	0.65153	0.015633	0.090202	1.1281	1.0615	0.65045	1.0875	1.0299	0	0
0.077885	0.65153	0.015633	0.65045	1.0875	1.0299	0.58995	0.54246	1.7331	0	0
-0.1292	-0.21974	0.77145	-0.36431	0.45368	1.7658	-0.53225	-0.15794	2.129	0	0
-0.1292	-0.21974	0.77145	-0.36431	0.45368	1.7658	0.17911	0.61674	1.8577	0	0
-0.1292	-0.21974	0.77145	-0.53225	-0.15794	2.129	-0.15305	-0.60444	2.5182	0	0
-0.1292	-0.21974	0.77145	0.58995	0.54246	1.7331	0.21832	-0.029304	2.3827	0	0
-0.36431	0.45368	0.7395	-0.53225	-0.15794	2.129	-0.33152	0.41281	2.5918	0	0
-0.36431	0.45368	0.7395	-0.33152	0.41281	2.5918	-0.23335	1.161	2.1406	0	0
0.090202	1.1281	0.03515	0.65045	1.0875	1.0299	0.2262	1.2084	1.817	0	0
0.090202	1.1281	0.03515	0.2262	1.2084	1.817	-0.23335	1.161	2.1406	0	0
-0.53225	-0.15794	1.1027	-0.33152	0.41281	2.5918	-0.13415	-0.24834	3.0499	0	0
0.65045	1.0875	0.003549	0.58995	0.54246	1.7331	0.65255	1.1118	1.7913	0	0
0.65045	1.0875	0.003549	0.2262	1.2084	1.817	0.65255	1.1118	1.7913	0	0
0.58995	0.54246	0.7068	0.17911	0.61674	1.8577	0.21832	-0.029304	2.3827	0	0
0.58995	0.54246	0.7068	0.17911	0.61674	1.8577	0.65255	1.1118	1.7913	0	0
0.17911	0.61674	0.83138	0.21832	-0.029304	2.3827	0.1928	0.65786	2.5434	0	0
0.17911	0.61674	0.83138	0.2262	1.2084	1.817	0.65255	1.1118	1.7913	0	0
0.17911	0.61674	0.83138	0.2262	1.2084	1.817	-0.23335	1.161	2.1406	0	0
0.17911	0.61674	0.83138	0.1928	0.65786	2.5434	-0.23335	1.161	2.1406	0	0
-0.15305	-0.60444	1.4919	0.21832	-0.029304	2.3827	-0.13415	-0.24834	3.0499	0	0
-0.15305	-0.60444	1.4919	-0.13415	-0.24834	3.0499	-0.20925	-0.38654	3.2845	0	0
0.21832	-0.029304	1.3563	0.1928	0.65786	2.5434	0.019302	0.37346	3.2258	0	0
0.21832	-0.029304	1.3563	-0.13415	-0.24834	3.0499	0.019302	0.37346	3.2258	0	0
-0.33152	0.41281	1.5654	0.019302	0.37346	3.2258	-0.19325	0.5944	3.2322	0	0
-0.33152	0.41281	1.5654	-0.19325	0.5944	3.2322	-0.24735	1.2865	3.1824	0	0
-0.33152	0.41281	1.5654	-0.23335	1.161	2.1406	-0.24735	1.2865	3.1824	0	0
0.1928	0.65786	1.5171	0.19635	1.1336	2.5602	0.59565	1.1524	2.462	0	0
0.1928	0.65786	1.5171	0.19635	1.1336	2.5602	-0.23335	1.161	2.1406	0	0
0.1928	0.65786	1.5171	0.59565	1.1524	2.462	0.58445	0.89706	3.0215	0	0
0.1928	0.65786	1.5171	0.019302	0.37346	3.2258	0.58445	0.89706	3.0215	0	0
-0.13415	-0.24834	2.0236	-0.20925	-0.38654	3.2845	0.019302	0.37346	3.2258	0	0
0.19635	1.1336	1.5339	0.58445	0.89706	3.0215	0.088202	1.1438	3.2618	0	0
0.19635	1.1336	1.5339	0.088202	1.1438	3.2618	-0.24735	1.2865	3.1824	0	0
0.19635	1.1336	1.5339	-0.23335	1.161	2.1406	-0.24735	1.2865	3.1824	0	0
-0.20925	-0.38654	2.2582	0.019302	0.37346	3.2258	-0.16545	-0.28084	4.0561	0	0
-0.20925	-0.38654	2.2582	-0.35048	-0.63784	3.8856	-0.16545	-0.28084	4.0561	0	0
0.019302	0.37346	2.1995	-0.19325	0.5944	3.2322	0.19198	0.45409	3.8968	0	0
0.019302	0.37346	2.1995	0.58445	0.89706	3.0215	0.5727	0.89226	3.8548	0	0
0.019302	0.37346	2.1995	-0.16545	-0.28084	4.0561	0.19198	0.45409	3.8968	0	0
-0.19325	0.5944	2.2059	0.19198	0.45409	3.8968	-0.17965	0.74516	4.0608	0	0
-0.19325	0.5944	2.2059	-0.24735	1.2865	3.1824	-0.17965	0.74516	4.0608	0	0
0.58445	0.89706	1.9952	0.088202	1.1438	3.2618	0.5727	0.89226	3.8548	0	0
0.088202	1.1438	2.2354	-0.24735	1.2865	3.1824	0.11245	1.1443	4.0705	0	0
0.088202	1.1438	2.2354	0.5727	0.89226	3.8548	0.11245	1.1443	4.0705	0	0
-0.35048	-0.63784	2.8592	-0.16545	-0.28084	4.0561	-0.2666	-0.57164	4.7374	0	0
-0.16545	-0.28084	3.0298	0.19198	0.45409	3.8968	0.12835	-0.030738	4.352	0	0
-0.16545	-0.28084	3.0298	0.12835	-0.030738	4.352	-0.15805	-0.24374	4.5619	0	0
-0.16545	-0.28084	3.0298	-0.15805	-0.24374	4.5619	-0.2666	-0.57164	4.7374	0	0
0.19198	0.45409	2.8704	0.5727	0.89226	3.8548	0.2311	0.63296	4.6118	0	0
0.19198	0.45409	2.8704	-0.17965	0.74516	4.0608	-0.1763	0.49556	4.57	0	0
0.19198	0.45409	2.8704	0.12835	-0.030738	4.352	0.2311	0.63296	4.6118	0	0
-0.24735	1.2865	2.1561	-0.17965	0.74516	4.0608	-0.41335	1.134	4.6148	0	0
-0.24735	1.2865	2.1561	0.11245	1.1443	4.0705	-0.41335	1.134	4.6148	0	0
0.5727	0.89226	2.8285	0.11245	1.1443	4.0705	0.23795	1.2918	4.5479	0	0
0.5727	0.89226	2.8285	0.2311	0.63296	4.6118	0.60185	0.89616	4.6843	0	0
0.5727	0.89226	2.8285	0.23795	1.2918	4.5479	0.60185	0.89616	4.6843	0	0
-0.17965	0.74516	3.0345	-0.1763	0.49556	4.57	-0.41335	1.134	4.6148	0	0
0.12835	-0.030738	3.3257	-0.1763	0.49556	4.57	-0.15805	-0.24374	4.5619	0	0
0.12835	-0.030738	3.3257	0.2311	0.63296	4.6118	-0.13315	-0.26594	5.0635	0	0
0.11245	1.1443	3.0442	-0.41335	1.134	4.6148	0.23795	1.2918	4.5479	0	0
-0.1763	0.49556	3.5437	-0.15805	-0.24374	4.5619	-0.13315	-0.26594	5.0635	0	0
-0.1763	0.49556	3.5437	-0.13315	-0.26594	5.0635	-0.39075	0.5507	5.3515	0	0
-0.1763	0.49556	3.5437	-0.41335	1.134	4.6148	-0.39075	0.5507	5.3515	0	0
-0.15805	-0.24374	3.5356	-0.2666	-0.57164	4.7374	-0.13315	-0.26594	5.0635	0	0
-0.2666	-0.57164	3.7111	-0.13315	-0.26594	5.0635	-0.40125	-0.59064	5.3859	0	0
0.2311	0.63296	3.5854	-0.13315	-0.26594	5.0635	0.035852	0.38686	5.6041	0	0
0.2311	0.63296	3.5854	0.035852	0.38686	5.6041	0.60185	0.89616	4.6843	0	0
-0.13315	-0.26594	4.0372	-0.36955	-0.2854	5.3799	-0.40125	-0.59064	5.3859	0	0
-0.13315	-0.26594	4.0372	-0.36955	-0.2854	5.3799	0.035852	0.38686	5.6041	0	0
-0.41335	1.134	3.5884	0.23795	1.2918	4.5479	-0.40672	1.1238	5.295	0	0
-0.41335	1.134	3.5884	-0.39075	0.5507	5.3515	-0.40672	1.1238	5.295	0	0
0.23795	1.2918	3.5216	0.2735	1.0969	5.3112	0.60185	0.89616	4.6843	0	0
0.23795	1.2918	3.5216	0.2735	1.0969	5.3112	-0.40672	1.1238	5.295	0	0
-0.36955	-0.2854	4.3535	-0.40125	-0.59064	5.3859	-0.32761	-0.32944	6.058	0	0
-0.36955	-0.2854	4.3535	0.035852	0.38686	5.6041	-0.32761	-0.32944	6.058	0	0
-0.40125	-0.59064	4.3596	-0.32761	-0.32944	6.058	-0.45215	-0.71554	6.0998	0	0
-0.39075	0.5507	4.3252	0.035852	0.38686	5.6041	0.2735	1.0969	5.3112	0	0
-0.39075	0.5507	4.3252	0.2735	1.0969	5.3112	-0.40672	1.1238	5.295	0	0
0.035852	0.38686	4.5778	0.2735	1.0969	5.3112	0.32645	1.112	6.0266	0	0
0.035852	0.38686	4.5778	-0.32761	-0.32944	6.058	-0.1037	0.50781	6.0765	0	0
0.035852	0.38686	4.5778	0.32645	1.112	6.0266	-0.1037	0.50781	6.0765	0	0
0.2735	1.0969	4.2849	0.60185	0.89616	4.6843	0.32645	1.112	6.0266	0	0
-0.32761	-0.32944	5.0317	-0.45215	-0.71554	6.0998	-0.3167	-0.29826	6.6523	0	0
-0.32761	-0.32944	5.0317	-0.1037	0.50781	6.0765	-0.3167	-0.29826	6.6523	0	0
0.32645	1.112	5.0003	-0.1037	0.50781	6.0765	0.30095	1.1021	6.8031	0	0
-0.45215	-0.71554	5.0735	-0.3167	-0.29826	6.6523	-0.59195	-0.91369	6.7385	0	0
-0.1037	0.50781	5.0502	-0.3167	-0.29826	6.6523	-0.13598	0.39563	6.7364	0	0
-0.1037	0.50781	5.0502	-0.13598	0.39563	6.7364	0.30095	1.1021	6.8031	0	0
-0.3167	-0.29826	5.6259	-0.13598	0.39563	6.7364	-0.42788	-0.25034	7.4039	0	0
-0.3167	-0.29826	5.6259	-0.59195	-0.91369	6.7385	-0.42788	-0.25034	7.4039	0	0
-0.13598	0.39563	5.7101	0.30095	1.1021	6.8031	-0.11615	0.77816	7.5529	0	0
-0.13598	0.39563	5.7101	-0.42788	-0.25034	7.4039	-0.11615	0.77816	7.5529	0	0
-0.59195	-0.91369	5.7121	-0.42788	-0.25034	7.4039	-0.56585	-0.73734	7.548	0	0
-0.59195	-0.91369	5.7121	-0.94701	-1.0701	7.415	-0.56585	-0.73734	7.548	0	0
0.30095	1.1021	5.7767	-0.11615	0.77816	7.5529	0.2734	1.0952	7.5373	0	0
-0.42788	-0.25034	6.3776	-0.56585	-0.73734	7.548	-0.4124	-0.22374	8.0443	0	0
-0.42788	-0.25034	6.3776	-0.54988	0.3956	7.5862	-0.11615	0.77816	7.5529	0	0
-0.42788	-0.25034	6.3776	-0.54988	0.3956	7.5862	-0.4124	-0.22374	8.0443	0	0
-0.94701	-1.0701	6.3887	-0.56585	-0.73734	7.548	-0.62795	-0.78214	8.0021	0	0
-0.94701	-1.0701	6.3887	-0.62795	-0.78214	8.0021	-1.0538	-0.90764	8.1021	0	0
-0.56585	-0.73734	6.5217	-0.4124	-0.22374	8.0443	-0.62795	-0.78214	8.0021	0	0
-0.54988	0.3956	6.5599	-0.11615	0.77816	7.5529	-0.51378	1.1669	7.4114	0	0
-0.54988	0.3956	6.5599	-0.51378	1.1669	7.4114	-0.4791	1.2056	8.0208	0	0
-0.54988	0.3956	6.5599	-0.4124	-0.22374	8.0443	-0.4438	0.46864	8.0486	0	0
-0.54988	0.3956	6.5599	-0.4438	0.46864	8.0486	-0.4791	1.2056	8.0208	0	0
-0.11615	0.77816	6.5266	-0.51378	1.1669	7.4114	0.2734	1.0952	7.5373	0	0
-0.51378	1.1669	6.385	0.2734	1.0952	7.5373	0.026352	1.5502	7.4657	0	0
-0.51378	1.1669	6.385	0.026352	1.5502	7.4657	-0.28695	1.5502	7.7489	0	0
-0.51378	1.1669	6.385	-0.28695	1.5502	7.7489	-0.4791	1.2056	8.0208	0	0
0.2734	1.0952	6.511	-0.4124	-0.22374	8.0443	0.2581	1.0921	8.0847	0	0
0.2734	1.0952	6.511	0.026352	1.5502	7.4657	0.2581	1.0921	8.0847	0	0
-0.4124	-0.22374	7.0179	-0.62795	-0.78214	8.0021	-0.89135	-0.40644	8.3197	0	0
-0.4124	-0.22374	7.0179	-0.4438	0.46864	8.0486	-0.89135	-0.40644	8.3197	0	0
-0.4124	-0.22374	7.0179	0.2581	1.0921	8.0847	0.18565	0.81736	8.7878	0	0
-0.4124	-0.22374	7.0179	0.18565	0.81736	8.7878	-0.4245	-0.22426	8.8192	0	0
-0.62795	-0.78214	6.9758	-1.0538	-0.90764	8.1021	-0.89135	-0.40644	8.3197	0	0
-0.4438	0.46864	7.0223	-0.4791	1.2056	8.0208	-0.46324	0.48506	8.815	0	0
-0.4438	0.46864	7.0223	-0.89135	-0.40644	8.3197	-0.46324	0.48506	8.815	0	0
-1.0538	-0.90764	7.0758	-0.89135	-0.40644	8.3197	-0.54655	-0.74849	8.802	0	0
-1.0538	-0.90764	7.0758	-0.54655	-0.74849	8.802	-0.85995	-1.0273	9.7054	0	0
0.026352	1.5502	6.4394	-0.28695	1.5502	7.7489	-0.034448	1.5586	8.1141	0	0
0.026352	1.5502	6.4394	0.2581	1.0921	8.0847	-0.034448	1.5586	8.1141	0	0
-0.28695	1.5502	6.7226	-0.31265	1.5695	7.8874	-0.4791	1.2056	8.0208	0	0
-0.28695	1.5502	6.7226	-0.31265	1.5695	7.8874	-0.034448	1.5586	8.1141	0	0
0.2581	1.0921	7.0584	-0.034448	1.5586	8.1141	0.038052	1.586	8.4944	0	0
0.2581	1.0921	7.0584	0.038052	1.586	8.4944	0.15865	1.3202	8.8175	0	0
0.2581	1.0921	7.0584	0.18565	0.81736	8.7878	0.15865	1.3202	8.8175	0	0
-0.31265	1.5695	6.8611	-0.4791	1.2056	8.0208	-0.16725	1.5609	8.5345	0	0
-0.31265	1.5695	6.8611	-0.034448	1.5586	8.1141	-0.16725	1.5609	8.5345	0	0
-0.4791	1.2056	6.9945	-0.16725	1.5609	8.5345	-0.43757	1.192	8.8144	0	0
-0.4791	1.2056	6.9945	-0.46324	0.48506	8.815	-0.43757	1.192	8.8144	0	0
-0.89135	-0.40644	7.2934	-0.54655	-0.74849	8.802	-0.4245	-0.22426	8.8192	0	0
-0.89135	-0.40644	7.2934	-0.4245	-0.22426	8.8192	-0.46324	0.48506	8.815	0	0
-0.034448	1.5586	7.0878	0.038052	1.586	8.4944	-0.16725	1.5609	8.5345	0	0
0.038052	1.586	7.4681	-0.16725	1.5609	8.5345	-0.2822	1.5457	9.3801	0	0
0.038052	1.586	7.4681	0.15865	1.3202	8.8175	-0.2822	1.5457	9.3801	0	0
-0.16725	1.5609	7.5082	-0.43757	1.192	8.8144	-0.2822	1.5457	9.3801	0	0
0.18565	0.81736	7.7615	-0.4245	-0.22426	8.8192	0.099852	0.53146	9.6678	0	0
0.18565	0.81736	7.7615	0.15865	1.3202	8.8175	0.1686	1.0787	9.5365	0	0
0.18565	0.81736	7.7615	0.1686	1.0787	9.5365	0.099852	0.53146	9.6678	0	0
-0.54655	-0.74849	7.7756	-0.4245	-0.22426	8.8192	-0.54215	-0.73694	9.5497	0	0
-0.54655	-0.74849	7.7756	-0.54215	-0.73694	9.5497	-0.85995	-1.0273	9.7054	0	0
-0.4245	-0.22426	7.7929	-0.54215	-0.73694	9.5497	-0.40325	-0.23239	9.5557	0	0
-0.4245	-0.22426	7.7929	-0.40325	-0.23239	9.5557	0.099852	0.53146	9.6678	0	0
-0.46324	0.48506	7.7886	-0.43757	1.192	8.8144	-0.50717	0.49754	9.5691	0	0
-0.46324	0.48506	7.7886	-0.40325	-0.23239	9.5557	-0.50717	0.49754	9.5691	0	0
-0.43757	1.192	7.7881	-0.2822	1.5457	9.3801	-0.4315	1.1788	9.5592	0	0
-0.43757	1.192	7.7881	-0.50717	0.49754	9.5691	-0.4315	1.1788	9.5592	0	0
0.15865	1.3202	7.7912	-0.2822	1.5457	9.3801	0.1686	1.0787	9.5365	0	0
-0.54215	-0.73694	8.5234	-0.40325	-0.23239	9.5557	-0.39457	-0.35364	10.274	0	0
-0.54215	-0.73694	8.5234	-0.85995	-1.0273	9.7054	-0.65628	-0.8273	10.225	0	0
-0.54215	-0.73694	8.5234	-0.65628	-0.8273	10.225	-0.39457	-0.35364	10.274	0	0
-0.40325	-0.23239	8.5294	-0.50717	0.49754	9.5691	-0.50472	0.53016	10.263	0	0
-0.40325	-0.23239	8.5294	-0.39457	-0.35364	10.274	-0.50472	0.53016	10.263	0	0
-0.2822	1.5457	8.3537	0.1686	1.0787	9.5365	-0.016698	1.5936	10.331	0	0
-0.2822	1.5457	8.3537	-0.4315	1.1788	9.5592	-0.25145	1.5798	10.313	0	0
-0.2822	1.5457	8.3537	-0.25145	1.5798	10.313	-0.016698	1.5936	10.331	0	0
0.1686	1.0787	8.5102	0.099852	0.53146	9.6678	0.23665	0.83626	10.139	0	0
0.1686	1.0787	8.5102	0.23665	0.83626	10.139	0.10795	1.333	10.31	0	0
0.1686	1.0787	8.5102	-0.016698	1.5936	10.331	0.10795	1.333	10.31	0	0
-0.50717	0.49754	8.5427	-0.4315	1.1788	9.5592	-0.50472	0.53016	10.263	0	0
0.099852	0.53146	8.6415	-0.39457	-0.35364	10.274	0.23665	0.83626	10.139	0	0
-0.65628	-0.8273	9.1986	-0.39457	-0.35364	10.274	-0.42485	-0.68119	11.11	0	0
-0.39457	-0.35364	9.2478	0.23665	0.83626	10.139	0.17135	0.54336	11.136	0	0
-0.39457	-0.35364	9.2478	-0.50472	0.53016	10.263	-0.35848	-0.20897	10.899	0	0
-0.39457	-0.35364	9.2478	-0.35848	-0.20897	10.899	-0.42485	-0.68119	11.11	0	0
-0.4315	1.1788	8.5329	-0.50472	0.53016	10.263	-0.4806	1.1799	10.32	0	0
-0.4315	1.1788	8.5329	-0.4806	1.1799	10.32	-0.25145	1.5798	10.313	0	0
0.23665	0.83626	9.1124	0.10795	1.333	10.31	0.21739	1.0475	10.913	0	0
0.23665	0.83626	9.1124	0.21739	1.0475	10.913	0.17135	0.54336	11.136	0	0
-0.50472	0.53016	9.2364	-0.4806	1.1799	10.32	-0.40839	0.43862	10.972	0	0
-0.50472	0.53016	9.2364	-0.35848	-0.20897	10.899	-0.40839	0.43862	10.972	0	0
-0.4806	1.1799	9.2938	-0.25145	1.5798	10.313	-0.36515	1.6128	11.053	0	0
-0.4806	1.1799	9.2938	-0.36515	1.6128	11.053	-0.52258	1.2767	11.081	0	0
-0.4806	1.1799	9.2938	-0.52258	1.2767	11.081	-0.40839	0.43862	10.972	0	0
-0.35848	-0.20897	9.8729	-0.40839	0.43862	10.972	-0.3805	-0.25454	11.548	0	0
-0.35848	-0.20897	9.8729	-0.42485	-0.68119	11.11	-0.3805	-0.25454	11.548	0	0
-0.25145	1.5798	9.2866	-0.016698	1.5936	10.331	-0.36515	1.6128	11.053	0	0
-0.016698	1.5936	9.3044	0.10795	1.333	10.31	-0.012848	1.6031	11.064	0	0
-0.016698	1.5936	9.3044	-0.012848	1.6031	11.064	-0.36515	1.6128	11.053	0	0
0.10795	1.333	9.284	0.21739	1.0475	10.913	-0.012848	1.6031	11.064	0	0
0.21739	1.0475	9.8871	-0.012848	1.6031	11.064	0.2639	1.1164	11.541	0	0
0.21739	1.0475	9.8871	0.17135	0.54336	11.136	0.2639	1.1164	11.541	0	0
-0.36515	1.6128	10.026	-0.52258	1.2767	11.081	-0.51385	1.2237	11.577	0	0
-0.52258	1.2767	10.054	-0.40839	0.43862	10.972	-0.47425	0.49099	11.542	0	0
-0.52258	1.2767	10.054	-0.47425	0.49099	11.542	-0.51385	1.2237	11.577	0	0
-0.40839	0.43862	9.946	-0.3805	-0.25454	11.548	-0.47425	0.49099	11.542	0	0
0.17135	0.54336	10.11	0.14235	0.54886	11.383	0.2639	1.1164	11.541	0	0
-0.42485	-0.68119	10.083	-0.3805	-0.25454	11.548	-0.73568	-0.83094	11.678	0	0
-0.3805	-0.25454	10.522	-0.73568	-0.83094	11.678	-0.96105	-0.55514	11.959	0	0
-0.3805	-0.25454	10.522	-0.47425	0.49099	11.542	-0.45897	0.4671	12.308	0	0
-0.3805	-0.25454	10.522	-0.96105	-0.55514	11.959	-0.37735	-0.30974	12.377	0	0
-0.3805	-0.25454	10.522	-0.37735	-0.30974	12.377	-0.45897	0.4671	12.308	0	0
-0.73568	-0.83094	10.652	-0.96105	-0.55514	11.959	-0.86515	-0.80664	12.027	0	0
-0.47425	0.49099	10.516	-0.51385	1.2237	11.577	-0.46937	1.2148	12.265	0	0
-0.47425	0.49099	10.516	-0.45897	0.4671	12.308	-0.46937	1.2148	12.265	0	0
-0.96105	-0.55514	10.932	-0.86515	-0.80664	12.027	-0.37735	-0.30974	12.377	0	0
-0.86515	-0.80664	11.001	-0.68505	-0.91876	12.451	-0.37735	-0.30974	12.377	0	0
-0.68505	-0.91876	11.424	-0.37735	-0.30974	12.377	-0.6718	-0.79579	12.916	0	0
-0.37735	-0.30974	11.351	-0.45897	0.4671	12.308	-0.45517	0.47934	13.071	0	0
-0.37735	-0.30974	11.351	-0.6718	-0.79579	12.916	-0.38811	-0.35657	12.961	0	0
-0.37735	-0.30974	11.351	-0.38811	-0.35657	12.961	-0.45517	0.47934	13.071	0	0
-0.45897	0.4671	11.282	-0.46937	1.2148	12.265	-0.3675	1.1734	13.003	0	0
-0.45897	0.4671	11.282	-0.45517	0.47934	13.071	-0.3675	1.1734	13.003	0	0
-0.6718	-0.79579	11.89	-0.38811	-0.35657	12.961	-0.42152	-0.31249	13.655	0	0
-0.6718	-0.79579	11.89	-0.42152	-0.31249	13.655	-0.48425	-0.71459	13.816	0	0
-0.38811	-0.35657	11.934	-0.45517	0.47934	13.071	-0.42152	-0.31249	13.655	0	0
-0.46937	1.2148	11.239	0.3201	1.1734	12.319	0.44915	1.7967	12.608	0	0
-0.46937	1.2148	11.239	-0.3675	1.1734	13.003	0.27305	1.7982	12.942	0	0
-0.46937	1.2148	11.239	0.44915	1.7967	12.608	0.27305	1.7982	12.942	0	0
-0.45517	0.47934	12.045	-0.3675	1.1734	13.003	-0.41085	1.0843	13.778	0	0
-0.45517	0.47934	12.045	-0.42152	-0.31249	13.655	-0.4279	0.48226	13.809	0	0
-0.45517	0.47934	12.045	-0.4279	0.48226	13.809	-0.41085	1.0843	13.778	0	0
-0.3675	1.1734	11.976	0.27305	1.7982	12.942	0.2212	1.1343	13.055	0	0
-0.42152	-0.31249	12.628	-0.48425	-0.71459	13.816	-0.34132	-0.30249	14.365	0	0
-0.42152	-0.31249	12.628	-0.4279	0.48226	13.809	-0.34132	-0.30249	14.365	0	0
-0.48425	-0.71459	12.79	-0.34132	-0.30249	14.365	-0.3805	-0.66844	14.533	0	0
-0.4279	0.48226	12.782	-0.34132	-0.30249	14.365	-0.45917	0.47431	14.571	0	0
-0.4279	0.48226	12.782	-0.41085	1.0843	13.778	-0.43095	1.0746	14.544	0	0
-0.4279	0.48226	12.782	-0.45917	0.47431	14.571	-0.43095	1.0746	14.544	0	0
-0.34132	-0.30249	13.339	-0.3805	-0.66844	14.533	-0.88565	-0.52164	15.158	0	0
-0.34132	-0.30249	13.339	-0.45917	0.47431	14.571	-0.88565	-0.52164	15.158	0	0
-0.3805	-0.66844	13.506	-0.45015	-0.71134	15.077	-0.88565	-0.52164	15.158	0	0
-0.45917	0.47431	13.544	-0.88565	-0.52164	15.158	-0.42075	0.48256	15.058	0	0
-0.45917	0.47431	13.544	-0.43095	1.0746	14.544	-0.42075	0.48256	15.058	0	0
-0.45015	-0.71134	14.05	-0.88565	-0.52164	15.158	-0.96415	-0.59844	15.237	0	0
-0.45015	-0.71134	14.05	-0.96415	-0.59844	15.237	-0.41911	-0.86022	15.823	0	0
-0.88565	-0.52164	14.132	-0.96415	-0.59844	15.237	-0.9813	-0.23194	15.939	0	0
-0.88565	-0.52164	14.132	-0.42075	0.48256	15.058	-0.9813	-0.23194	15.939	0	0
-0.36742	-0.36009	14.155	-0.42075	0.48256	15.058	0.16885	0.67156	15.048	0	0
-0.96415	-0.59844	14.211	-0.41911	-0.86022	15.823	-0.88385	-0.74594	16.35	0	0
-0.96415	-0.59844	14.211	-0.88385	-0.74594	16.35	-0.9813	-0.23194	15.939	0	0
-0.43095	1.0746	13.518	-0.42075	0.48256	15.058	-0.24235	1.0866	15.056	0	0
-0.42075	0.48256	14.032	0.16885	0.67156	15.048	-0.24235	1.0866	15.056	0	0
-0.42075	0.48256	14.032	-0.2845	1.1115	15.833	-0.41087	0.47619	15.805	0	0
-0.42075	0.48256	14.032	-0.41087	0.47619	15.805	-0.9813	-0.23194	15.939	0	0
0.16885	0.67156	14.021	-0.24235	1.0866	15.056	0.038752	1.0985	14.99	0	0
-0.2845	1.1115	14.806	0.086652	1.0978	15.893	-0.40285	1.0613	16.442	0	0
-0.2845	1.1115	14.806	-0.41087	0.47619	15.805	-0.40285	1.0613	16.442	0	0
0.15923	0.66041	14.794	0.086652	1.0978	15.893	0.19095	0.60506	16.561	0	0
0.086652	1.0978	14.867	-0.40285	1.0613	16.442	0.098052	1.2044	16.563	0	0
0.086652	1.0978	14.867	0.098052	1.2044	16.563	0.19095	0.60506	16.561	0	0
-0.41087	0.47619	14.779	-0.33885	0.3976	16.548	-0.40285	1.0613	16.442	0	0
-0.41087	0.47619	14.779	-0.33885	0.3976	16.548	-0.9813	-0.23194	15.939	0	0
-0.41911	-0.86022	14.797	-0.88385	-0.74594	16.35	-0.40575	-0.89959	16.375	0	0
0.0025521	-0.12704	15.073	-0.3584	-0.28179	16.533	-0.13335	-0.68374	16.621	0	0
0.0025521	-0.12704	15.073	-0.3584	-0.28179	16.533	-0.33885	0.3976	16.548	0	0
0.0025521	-0.12704	15.073	-0.13335	-0.68374	16.621	0.14772	-0.31664	17.336	0	0
0.0025521	-0.12704	15.073	-0.33885	0.3976	16.548	0.19095	0.60506	16.561	0	0
0.0025521	-0.12704	15.073	0.19095	0.60506	16.561	0.14772	-0.31664	17.336	0	0
-0.88385	-0.74594	15.324	-0.40575	-0.89959	16.375	-0.62545	-0.83467	17.168	0	0
-0.88385	-0.74594	15.324	-0.3584	-0.28179	16.533	-0.97425	-0.35344	16.392	0	0
-0.88385	-0.74594	15.324	-0.62545	-0.83467	17.168	-0.8889	-0.31899	17.315	0	0
-0.88385	-0.74594	15.324	-0.9813	-0.23194	15.939	-0.97425	-0.35344	16.392	0	0
-0.40575	-0.89959	15.348	-0.13335	-0.68374	16.621	-0.62545	-0.83467	17.168	0	0
-0.3584	-0.28179	15.506	-0.13335	-0.68374	16.621	-0.62545	-0.83467	17.168	0	0
-0.3584	-0.28179	15.506	-0.33885	0.3976	16.548	-0.97425	-0.35344	16.392	0	0
-0.3584	-0.28179	15.506	-0.62545	-0.83467	17.168	-0.42971	-0.24287	17.25	0	0
-0.13335	-0.68374	15.594	0.14772	-0.31664	17.336	0.13693	-0.69866	17.265	0	0
-0.33885	0.3976	15.521	-0.40285	1.0613	16.442	-0.38725	0.43935	17.265	0	0
-0.33885	0.3976	15.521	-0.42971	-0.24287	17.25	-0.38725	0.43935	17.265	0	0
-0.33885	0.3976	15.521	-0.9813	-0.23194	15.939	-0.97425	-0.35344	16.392	0	0
-0.40285	1.0613	15.416	0.098052	1.2044	16.563	-0.15665	1.2386	17.304	0	0
-0.40285	1.0613	15.416	-0.38725	0.43935	17.265	-0.15665	1.2386	17.304	0	0
0.098052	1.2044	15.537	0.19095	0.60506	16.561	0.2491	0.60551	17.313	0	0
0.098052	1.2044	15.537	0.2491	0.60551	17.313	0.062652	1.2484	17.309	0	0
0.098052	1.2044	15.537	-0.15665	1.2386	17.304	0.062652	1.2484	17.309	0	0
-0.62545	-0.83467	16.142	-0.8889	-0.31899	17.315	-0.29075	-0.65094	18.07	0	0
-0.62545	-0.83467	16.142	-0.29075	-0.65094	18.07	0.13693	-0.69866	17.265	0	0
-0.42971	-0.24287	16.224	-0.38725	0.43935	17.265	-0.62165	0.4732	17.91	0	0
-0.42971	-0.24287	16.224	-0.55715	-0.25834	18.062	-0.62165	0.4732	17.91	0	0
-0.42971	-0.24287	16.224	-0.55715	-0.25834	18.062	-0.29075	-0.65094	18.07	0	0
-0.38725	0.43935	16.239	0.2491	0.60551	17.313	-0.15665	1.2386	17.304	0	0
-0.38725	0.43935	16.239	-0.62165	0.4732	17.91	-0.38205	1.0578	18.07	0	0
0.19095	0.60506	15.535	0.2491	0.60551	17.313	0.14772	-0.31664	17.336	0	0
-0.8889	-0.31899	16.288	-0.9936	0.070962	17.954	-0.34635	-0.56554	18.285	0	0
-0.8889	-0.31899	16.288	-0.29075	-0.65094	18.07	-0.34635	-0.56554	18.285	0	0
0.2491	0.60551	16.286	0.062652	1.2484	17.309	0.10355	1.2579	18.077	0	0
0.2491	0.60551	16.286	0.10355	1.2579	18.077	0.21259	0.4143	18.048	0	0
0.2491	0.60551	16.286	0.21259	0.4143	18.048	0.14772	-0.31664	17.336	0	0
-0.15665	1.2386	16.278	0.062652	1.2484	17.309	-0.073448	1.5697	17.597	0	0
0.062652	1.2484	16.282	-0.073448	1.5697	17.597	0.10355	1.2579	18.077	0	0
-0.9936	0.070962	16.928	-0.55715	-0.25834	18.062	-0.62165	0.4732	17.91	0	0
-0.9936	0.070962	16.928	-0.62165	0.4732	17.91	-0.57545	0.52846	18.614	0	0
-0.073448	1.5697	16.57	0.10355	1.2579	18.077	-0.23995	1.5602	18.699	0	0
-0.62165	0.4732	16.884	-0.38205	1.0578	18.07	-0.57545	0.52846	18.614	0	0
-0.38205	1.0578	17.044	-0.57545	0.52846	18.614	-0.45155	1.1916	18.521	0	0
0.10355	1.2579	17.05	0.21259	0.4143	18.048	0.16085	1.0296	18.564	0	0
0.10355	1.2579	17.05	-0.23995	1.5602	18.699	0.16085	1.0296	18.564	0	0
0.022952	-0.076438	17.013	0.21259	0.4143	18.048	0.14772	-0.31664	17.336	0	0
0.022952	-0.076438	17.013	0.21259	0.4143	18.048	0.083602	0.26871	18.527	0	0
0.022952	-0.076438	17.013	-0.29075	-0.65094	18.07	-0.34635	-0.56554	18.285	0	0
0.022952	-0.076438	17.013	-0.29075	-0.65094	18.07	0.14772	-0.31664	17.336	0	0
0.022952	-0.076438	17.013	-0.34635	-0.56554	18.285	-0.33482	-0.38494	18.527	0	0
0.022952	-0.076438	17.013	-0.33482	-0.38494	18.527	0.083602	0.26871	18.527	0	0
0.21259	0.4143	17.022	0.083602	0.26871	18.527	0.16085	1.0296	18.564	0	0
-0.29075	-0.65094	17.044	0.14772	-0.31664	17.336	0.13693	-0.69866	17.265	0	0
-0.34635	-0.56554	17.259	-0.33482	-0.38494	18.527	-0.30967	-0.65984	19.43	0	0
-0.33482	-0.38494	17.501	0.083602	0.26871	18.527	-0.3333	-0.25534	19.303	0	0
-0.33482	-0.38494	17.501	-0.3333	-0.25534	19.303	-0.30967	-0.65984	19.43	0	0
0.083602	0.26871	17.501	0.16085	1.0296	18.564	0.012912	0.41294	19.344	0	0
0.083602	0.26871	17.501	-0.3333	-0.25534	19.303	0.012912	0.41294	19.344	0	0
-0.57545	0.52846	17.588	-0.45155	1.1916	18.521	-0.46765	1.1308	19.26	0	0
-0.57545	0.52846	17.588	-0.3333	-0.25534	19.303	-0.70147	0.45576	19.303	0	0
-0.57545	0.52846	17.588	-0.70147	0.45576	19.303	-0.46765	1.1308	19.26	0	0
-0.45155	1.1916	17.494	-0.23995	1.5602	18.699	-0.46765	1.1308	19.26	0	0
-0.23995	1.5602	17.673	0.16085	1.0296	18.564	0.26243	1.0638	19.343	0	0
-0.23995	1.5602	17.673	-0.46765	1.1308	19.26	-0.2114	1.6082	19.361	0	0
-0.23995	1.5602	17.673	0.26243	1.0638	19.343	-0.015798	1.6102	19.449	0	0
-0.23995	1.5602	17.673	-0.2114	1.6082	19.361	-0.015798	1.6102	19.449	0	0
0.16085	1.0296	17.538	0.012912	0.41294	19.344	0.26243	1.0638	19.343	0	0
-0.3333	-0.25534	18.277	-0.30967	-0.65984	19.43	-0.35305	-0.28614	20.053	0	0
-0.3333	-0.25534	18.277	-0.70147	0.45576	19.303	-0.70195	0.43951	20.061	0	0
-0.3333	-0.25534	18.277	0.012912	0.41294	19.344	-0.35305	-0.28614	20.053	0	0
-0.3333	-0.25534	18.277	-0.70195	0.43951	20.061	-0.10255	0.48991	20.051	0	0
-0.30967	-0.65984	18.403	-0.35305	-0.28614	20.053	-0.2813	-0.69894	20.021	0	0
-0.70147	0.45576	18.277	-0.46765	1.1308	19.26	-0.501	1.2706	20.018	0	0
-0.70147	0.45576	18.277	-0.70195	0.43951	20.061	-0.501	1.2706	20.018	0	0
-0.46765	1.1308	18.234	-0.2114	1.6082	19.361	-0.501	1.2706	20.018	0	0
0.012912	0.41294	18.317	0.26243	1.0638	19.343	0.28835	1.1383	19.911	0	0
0.012912	0.41294	18.317	-0.35305	-0.28614	20.053	-0.10255	0.48991	20.051	0	0
0.012912	0.41294	18.317	-0.10255	0.48991	20.051	0.28835	1.1383	19.911	0	0
0.26243	1.0638	18.316	-0.015798	1.6102	19.449	0.28835	1.1383	19.911	0	0
-0.2114	1.6082	18.335	-0.015798	1.6102	19.449	-0.26135	1.6477	20.091	0	0
-0.2114	1.6082	18.335	-0.501	1.2706	20.018	-0.26135	1.6477	20.091	0	0
-0.015798	1.6102	18.423	0.045752	1.7212	20.087	-0.26135	1.6477	20.091	0	0
-0.015798	1.6102	18.423	0.045752	1.7212	20.087	0.28835	1.1383	19.911	0	0
-0.70195	0.43951	19.035	-0.501	1.2706	20.018	-0.44551	1.2559	20.727	0	0
-0.70195	0.43951	19.035	-0.48658	0.37955	20.803	-0.44551	1.2559	20.727	0	0
-0.70195	0.43951	19.035	-0.48658	0.37955	20.803	-1.3729	0.25606	21.372	0	0
-0.35305	-0.28614	19.026	-0.2813	-0.69894	20.021	-0.30075	-0.65276	20.777	0	0
-0.35305	-0.28614	19.026	-0.10255	0.48991	20.051	-0.38382	-0.26259	20.793	0	0
-0.35305	-0.28614	19.026	-0.30075	-0.65276	20.777	-0.38382	-0.26259	20.793	0	0
-0.10255	0.48991	19.024	0.28835	1.1383	19.911	0.051352	0.73821	20.576	0	0
-0.10255	0.48991	19.024	-0.38382	-0.26259	20.793	0.051352	0.73821	20.576	0	0
-0.501	1.2706	18.992	-0.26135	1.6477	20.091	-0.44551	1.2559	20.727	0	0
0.045752	1.7212	19.061	-0.26135	1.6477	20.091	-0.44551	1.2559	20.727	0	0
0.045752	1.7212	19.061	0.28835	1.1383	19.911	0.58715	1.316	20.14	0	0
0.045752	1.7212	19.061	-0.44551	1.2559	20.727	0.34502	1.172	20.878	0	0
0.045752	1.7212	19.061	0.58715	1.316	20.14	0.34502	1.172	20.878	0	0
0.28835	1.1383	18.885	0.58715	1.316	20.14	0.051352	0.73821	20.576	0	0
-0.30075	-0.65276	19.751	-0.38382	-0.26259	20.793	-0.423	-0.26574	21.556	0	0
-0.30075	-0.65276	19.751	-0.3939	-0.77024	21.538	-0.423	-0.26574	21.556	0	0
-0.38382	-0.26259	19.767	0.051352	0.73821	20.576	0.2381	0.44926	21.314	0	0
-0.38382	-0.26259	19.767	-0.423	-0.26574	21.556	0.2381	0.44926	21.314	0	0
-0.48658	0.37955	19.777	-0.44551	1.2559	20.727	-0.54335	1.2539	21.341	0	0
-0.48658	0.37955	19.777	-0.39635	0.5562	21.475	0.2381	0.44926	21.314	0	0
-0.48658	0.37955	19.777	-0.39635	0.5562	21.475	-1.3729	0.25606	21.372	0	0
-0.44551	1.2559	19.701	0.34502	1.172	20.878	-0.54335	1.2539	21.341	0	0
0.58715	1.316	19.114	0.051352	0.73821	20.576	0.656	1.2231	20.593	0	0
0.051352	0.73821	19.55	0.34502	1.172	20.878	0.656	1.2231	20.593	0	0
0.051352	0.73821	19.55	0.34502	1.172	20.878	0.2381	0.44926	21.314	0	0
-0.3939	-0.77024	20.511	-0.423	-0.26574	21.556	-0.59085	-0.65714	22.028	0	0
0.34502	1.172	19.851	-0.54335	1.2539	21.341	0.95315	1.598	21.969	0	0
0.34502	1.172	19.851	0.656	1.2231	20.593	0.85285	1.191	21.302	0	0
0.34502	1.172	19.851	0.3645	0.98856	21.495	0.85285	1.191	21.302	0	0
0.34502	1.172	19.851	0.3645	0.98856	21.495	0.2381	0.44926	21.314	0	0
-0.54335	1.2539	20.315	-0.25505	1.1246	22.068	0.95315	1.598	21.969	0	0
0.3645	0.98856	20.468	0.19025	1.0859	22.049	0.21475	0.67251	22.012	0	0
0.3645	0.98856	20.468	0.19025	1.0859	22.049	0.95315	1.598	21.969	0	0
0.3645	0.98856	20.468	0.85285	1.191	21.302	0.95315	1.598	21.969	0	0
0.3645	0.98856	20.468	0.21475	0.67251	22.012	0.2381	0.44926	21.314	0	0
-0.39635	0.5562	20.449	-0.423	-0.26574	21.556	-0.415	0.47006	22.041	0	0
-0.39635	0.5562	20.449	-0.423	-0.26574	21.556	-1.105	-0.074787	21.691	0	0
-0.39635	0.5562	20.449	-0.415	0.47006	22.041	0.2381	0.44926	21.314	0	0
-0.39635	0.5562	20.449	-1.105	-0.074787	21.691	-1.3729	0.25606	21.372	0	0
-0.423	-0.26574	20.53	-0.415	0.47006	22.041	-0.35988	-0.3019	22.122	0	0
-0.423	-0.26574	20.53	-0.59085	-0.65714	22.028	-1.105	-0.074787	21.691	0	0
-0.423	-0.26574	20.53	-0.35988	-0.3019	22.122	0.3372	-0.36624	22.18	0	0
-0.423	-0.26574	20.53	0.2381	0.44926	21.314	0.3372	-0.36624	22.18	0	0
-0.415	0.47006	21.015	-0.35988	-0.3019	22.122	-0.47126	0.4628	22.806	0	0
-0.415	0.47006	21.015	-0.25505	1.1246	22.068	0.21475	0.67251	22.012	0	0
-0.415	0.47006	21.015	-0.25505	1.1246	22.068	-0.26585	1.0335	22.716	0	0
-0.415	0.47006	21.015	0.21475	0.67251	22.012	0.2381	0.44926	21.314	0	0
-0.415	0.47006	21.015	-0.47126	0.4628	22.806	-0.26585	1.0335	22.716	0	0
-0.59085	-0.65714	21.002	-0.35988	-0.3019	22.122	-0.6199	-0.31859	22.825	0	0
-0.59085	-0.65714	21.002	-1.105	-0.074787	21.691	-1.1567	-0.12344	22.002	0	0
-0.59085	-0.65714	21.002	-1.1567	-0.12344	22.002	-1.1862	-0.4681	22.686	0	0
-0.59085	-0.65714	21.002	-0.6199	-0.31859	22.825	-1.1862	-0.4681	22.686	0	0
-0.35988	-0.3019	21.095	-0.56622	-0.76911	22.772	0.154	-0.21294	22.793	0	0
-0.35988	-0.3019	21.095	-0.47126	0.4628	22.806	-0.6199	-0.31859	22.825	0	0
-0.35988	-0.3019	21.095	0.154	-0.21294	22.793	0.3372	-0.36624	22.18	0	0
-0.25505	1.1246	21.041	0.19025	1.0859	22.049	0.21475	0.67251	22.012	0	0
-0.25505	1.1246	21.041	0.19025	1.0859	22.049	0.011352	1.0912	22.825	0	0
-0.25505	1.1246	21.041	-0.26585	1.0335	22.716	0.011352	1.0912	22.825	0	0
0.19025	1.0859	21.022	0.95315	1.598	21.969	0.011352	1.0912	22.825	0	0
0.85285	1.191	20.275	0.2381	0.44926	21.314	0.65595	-0.22354	22.245	0	0
-0.56622	-0.76911	21.746	-0.61585	-0.67474	23.591	-0.6199	-0.31859	22.825	0	0
-0.56622	-0.76911	21.746	-0.61585	-0.67474	23.591	-1.0935	-0.92016	22.872	0	0
-0.56622	-0.76911	21.746	-0.6199	-0.31859	22.825	-1.1862	-0.4681	22.686	0	0
-0.56622	-0.76911	21.746	-1.1862	-0.4681	22.686	-1.0935	-0.92016	22.872	0	0
-0.56622	-0.76911	21.746	0.154	-0.21294	22.793	0.3931	-0.63109	22.812	0	0
-0.47126	0.4628	21.78	-0.26585	1.0335	22.716	-0.45125	0.44716	23.551	0	0
-0.47126	0.4628	21.78	-0.6199	-0.31859	22.825	-0.45125	0.44716	23.551	0	0
-0.26585	1.0335	21.69	0.011352	1.0912	22.825	-0.19085	1.1827	23.58	0	0
-0.26585	1.0335	21.69	-0.45125	0.44716	23.551	-0.19085	1.1827	23.58	0	0
-0.61585	-0.67474	22.565	0.059185	-0.32804	23.606	-0.69795	-0.32734	23.565	0	0
-0.61585	-0.67474	22.565	0.059185	-0.32804	23.606	0.34065	-0.69554	23.591	0	0
-0.61585	-0.67474	22.565	-0.6199	-0.31859	22.825	-0.69795	-0.32734	23.565	0	0
-0.61585	-0.67474	22.565	-1.0935	-0.92016	22.872	-1.2522	-1.1001	23.588	0	0
-0.61585	-0.67474	22.565	-1.2522	-1.1001	23.588	-0.88495	-0.79124	24.23	0	0
-0.61585	-0.67474	22.565	-0.65755	-0.88027	24.238	-0.88495	-0.79124	24.23	0	0
-0.61585	-0.67474	22.565	-0.65755	-0.88027	24.238	0.20085	-0.77226	24.295	0	0
-0.61585	-0.67474	22.565	0.20085	-0.77226	24.295	0.34065	-0.69554	23.591	0	0
0.059185	-0.32804	22.58	0.2188	0.55101	23.55	-0.45125	0.44716	23.551	0	0
0.059185	-0.32804	22.58	0.2188	0.55101	23.55	0.25115	-0.20677	24.211	0	0
0.059185	-0.32804	22.58	-0.45125	0.44716	23.551	-0.56201	-0.20524	24.273	0	0
0.059185	-0.32804	22.58	-0.56201	-0.20524	24.273	0.20085	-0.77226	24.295	0	0
0.059185	-0.32804	22.58	0.20085	-0.77226	24.295	0.25115	-0.20677	24.211	0	0
0.059185	-0.32804	22.58	0.34065	-0.69554	23.591	0.3931	-0.63109	22.812	0	0
0.011352	1.0912	21.799	0.036752	1.1831	23.557	-0.19085	1.1827	23.58	0	0
0.2381	0.44926	20.288	0.3372	-0.36624	22.18	0.65595	-0.22354	22.245	0	0
-1.105	-0.074787	20.664	-1.1567	-0.12344	22.002	-1.5789	-0.13094	22.108	0	0
-1.105	-0.074787	20.664	-1.3729	0.25606	21.372	-1.5789	-0.13094	22.108	0	0
-1.1567	-0.12344	20.976	-1.1862	-0.4681	22.686	-1.5789	-0.13094	22.108	0	0
0.2188	0.55101	22.524	0.036752	1.1831	23.557	0.35425	0.57406	24.307	0	0
0.2188	0.55101	22.524	0.35425	0.57406	24.307	0.25115	-0.20677	24.211	0	0
0.2188	0.55101	22.524	0.84775	-0.62624	23.106	0.88052	-0.3274	22.704	0	0
-0.6199	-0.31859	21.799	-0.69795	-0.32734	23.565	-0.45125	0.44716	23.551	0	0
-1.1862	-0.4681	21.66	-1.0935	-0.92016	22.872	-1.7044	-0.7402	22.887	0	0
-1.1862	-0.4681	21.66	-1.5789	-0.13094	22.108	-1.7044	-0.7402	22.887	0	0
-1.0935	-0.92016	21.846	-1.2522	-1.1001	23.588	-1.7044	-0.7402	22.887	0	0
-0.69795	-0.32734	22.539	-0.45125	0.44716	23.551	-0.9193	-0.076787	24.143	0	0
-0.69795	-0.32734	22.539	-0.88495	-0.79124	24.23	-0.9193	-0.076787	24.143	0	0
-0.45125	0.44716	22.525	-0.19085	1.1827	23.58	-0.48988	0.57153	24.206	0	0
-0.45125	0.44716	22.525	-0.48988	0.57153	24.206	-0.9193	-0.076787	24.143	0	0
0.036752	1.1831	22.53	-0.19085	1.1827	23.58	-0.070648	1.5571	24.502	0	0
0.036752	1.1831	22.53	0.35425	0.57406	24.307	0.092302	1.2865	24.319	0	0
0.036752	1.1831	22.53	0.092302	1.2865	24.319	-0.070648	1.5571	24.502	0	0
-1.2522	-1.1001	22.562	-0.88495	-0.79124	24.23	-1.895	-1.1264	23.905	0	0
-1.2522	-1.1001	22.562	-1.7044	-0.7402	22.887	-1.8615	-0.94627	23.51	0	0
-1.2522	-1.1001	22.562	-1.8615	-0.94627	23.51	-1.895	-1.1264	23.905	0	0
-0.65755	-0.88027	23.212	-0.88495	-0.79124	24.23	-0.56235	-0.98259	24.845	0	0
-0.65755	-0.88027	23.212	-0.56235	-0.98259	24.845	0.20085	-0.77226	24.295	0	0
-0.88495	-0.79124	23.204	-0.56235	-0.98259	24.845	-0.90285	-0.61954	24.875	0	0
-0.88495	-0.79124	23.204	-0.90285	-0.61954	24.875	-1.895	-1.1264	23.905	0	0
-0.88495	-0.79124	23.204	-0.9193	-0.076787	24.143	-0.9921	-0.30204	24.834	0	0
-0.19085	1.1827	22.553	-0.48988	0.57153	24.206	-0.22925	1.1973	24.317	0	0
-0.19085	1.1827	22.553	-0.22925	1.1973	24.317	-0.070648	1.5571	24.502	0	0
0.35425	0.57406	23.28	0.092302	1.2865	24.319	0.19245	1.2739	25.036	0	0
0.35425	0.57406	23.28	0.19245	1.2739	25.036	0.66172	0.44816	24.975	0	0
0.35425	0.57406	23.28	0.25115	-0.20677	24.211	0.6572	-0.24529	24.815	0	0
0.35425	0.57406	23.28	0.66172	0.44816	24.975	0.6572	-0.24529	24.815	0	0
-0.56201	-0.20524	23.247	-0.48988	0.57153	24.206	0.17749	-0.20924	24.888	0	0
-0.56201	-0.20524	23.247	-0.60445	-0.36564	25.114	-0.89945	0.26706	24.422	0	0
-0.56201	-0.20524	23.247	0.20085	-0.77226	24.295	0.17749	-0.20924	24.888	0	0
-0.48988	0.57153	23.179	-0.22925	1.1973	24.317	-0.44528	1.1017	24.921	0	0
-0.48988	0.57153	23.179	-0.4588	0.81476	25.072	-0.44528	1.1017	24.921	0	0
-0.48988	0.57153	23.179	-0.4588	0.81476	25.072	-0.89945	0.26706	24.422	0	0
-0.48988	0.57153	23.179	-0.9193	-0.076787	24.143	-0.89945	0.26706	24.422	0	0
-0.48988	0.57153	23.179	0.23865	0.44446	25.084	0.17749	-0.20924	24.888	0	0
-0.56235	-0.98259	23.818	-0.90285	-0.61954	24.875	-0.60445	-0.36564	25.114	0	0
-0.56235	-0.98259	23.818	-0.60445	-0.36564	25.114	0.10852	-0.74714	24.903	0	0
-0.56235	-0.98259	23.818	0.20085	-0.77226	24.295	0.10852	-0.74714	24.903	0	0
-0.90285	-0.61954	23.848	-0.60445	-0.36564	25.114	-0.9921	-0.30204	24.834	0	0
0.092302	1.2865	23.292	-0.070648	1.5571	24.502	0.19245	1.2739	25.036	0	0
-0.22925	1.1973	23.291	-0.070648	1.5571	24.502	-0.44528	1.1017	24.921	0	0
-0.070648	1.5571	23.476	0.19245	1.2739	25.036	-0.018081	1.6022	25.037	0	0
-0.070648	1.5571	23.476	-0.018081	1.6022	25.037	-0.44528	1.1017	24.921	0	0
-0.60445	-0.36564	24.087	-0.42345	-0.73714	25.519	-0.62845	-0.29764	25.565	0	0
-0.60445	-0.36564	24.087	-0.62845	-0.29764	25.565	-0.89475	-0.064838	25.368	0	0
-0.60445	-0.36564	24.087	0.10852	-0.74714	24.903	0.17749	-0.20924	24.888	0	0
-0.60445	-0.36564	24.087	-0.4588	0.81476	25.072	-0.89945	0.26706	24.422	0	0
-0.60445	-0.36564	24.087	-0.9921	-0.30204	24.834	-0.89475	-0.064838	25.368	0	0
-0.60445	-0.36564	24.087	0.10345	0.32781	25.549	0.17749	-0.20924	24.888	0	0
-0.42345	-0.73714	24.492	-0.62845	-0.29764	25.565	-0.1227	-0.41594	26.058	0	0
-0.42345	-0.73714	24.492	0.10852	-0.74714	24.903	0.15392	-0.8914	25.526	0	0
-0.42345	-0.73714	24.492	-0.1227	-0.41594	26.058	0.15392	-0.8914	25.526	0	0
-0.62845	-0.29764	24.539	-0.89475	-0.064838	25.368	-0.53875	-0.15177	26.196	0	0
-0.62845	-0.29764	24.539	-0.4519	0.44011	25.569	-0.1227	-0.41594	26.058	0	0
-0.62845	-0.29764	24.539	-0.53875	-0.15177	26.196	-0.39071	-0.69007	26.436	0	0
0.20085	-0.77226	23.269	0.10852	-0.74714	24.903	0.6572	-0.24529	24.815	0	0
0.20085	-0.77226	23.269	0.25115	-0.20677	24.211	0.6572	-0.24529	24.815	0	0
0.20085	-0.77226	23.269	0.34065	-0.69554	23.591	0.77965	-0.91354	23.662	0	0
0.10852	-0.74714	23.876	0.17749	-0.20924	24.888	0.6572	-0.24529	24.815	0	0
-0.4588	0.81476	24.045	0.23865	0.44446	25.084	0.19245	1.2739	25.036	0	0
-0.4588	0.81476	24.045	0.23865	0.44446	25.084	-0.4519	0.44011	25.569	0	0
-0.4588	0.81476	24.045	0.19245	1.2739	25.036	-0.44528	1.1017	24.921	0	0
-0.4588	0.81476	24.045	-0.4519	0.44011	25.569	-0.5612	1.2395	25.561	0	0
-0.9193	-0.076787	23.116	-0.9921	-0.30204	24.834	-0.89945	0.26706	24.422	0	0
0.23865	0.44446	24.058	0.19245	1.2739	25.036	0.3303	1.0826	25.548	0	0
0.23865	0.44446	24.058	0.10345	0.32781	25.549	-0.4519	0.44011	25.569	0	0
0.23865	0.44446	24.058	0.10345	0.32781	25.549	0.81262	0.58566	25.648	0	0
0.23865	0.44446	24.058	0.17749	-0.20924	24.888	0.66172	0.44816	24.975	0	0
0.23865	0.44446	24.058	0.66172	0.44816	24.975	0.81262	0.58566	25.648	0	0
0.19245	1.2739	24.009	-0.018081	1.6022	25.037	0.075752	1.721	25.588	0	0
0.19245	1.2739	24.009	0.075752	1.721	25.588	0.3303	1.0826	25.548	0	0
0.19245	1.2739	24.009	0.66172	0.44816	24.975	0.81262	0.58566	25.648	0	0
-0.9921	-0.30204	23.807	-0.89475	-0.064838	25.368	-1.0342	0.36408	24.889	0	0
-0.9921	-0.30204	23.807	-0.89945	0.26706	24.422	-1.0342	0.36408	24.889	0	0
-0.89475	-0.064838	24.341	-0.53875	-0.15177	26.196	-1.1659	0.45924	25.541	0	0
-0.89475	-0.064838	24.341	-1.0342	0.36408	24.889	-1.1659	0.45924	25.541	0	0
-0.018081	1.6022	24.011	0.075752	1.721	25.588	-0.20965	1.5844	25.621	0	0
-0.018081	1.6022	24.011	-0.20965	1.5844	25.621	-0.5612	1.2395	25.561	0	0
-0.018081	1.6022	24.011	-0.44528	1.1017	24.921	-0.5612	1.2395	25.561	0	0
0.075752	1.721	24.562	-0.20965	1.5844	25.621	-0.44435	1.6571	26.418	0	0
0.075752	1.721	24.562	0.3303	1.0826	25.548	0.1939	1.1617	26.29	0	0
0.075752	1.721	24.562	-0.44435	1.6571	26.418	0.37085	2.2796	26.511	0	0
-0.20965	1.5844	24.595	-0.5612	1.2395	25.561	-0.44435	1.6571	26.418	0	0
0.10345	0.32781	24.523	-0.4519	0.44011	25.569	0.11317	0.45303	26.287	0	0
0.10345	0.32781	24.523	0.17749	-0.20924	24.888	0.26805	-0.25924	25.715	0	0
0.10345	0.32781	24.523	0.26805	-0.25924	25.715	0.11317	0.45303	26.287	0	0
-0.4519	0.44011	24.542	-0.53875	-0.15177	26.196	-1.1918	0.54756	26.238	0	0
-0.4519	0.44011	24.542	-0.5612	1.2395	25.561	-0.5522	1.2715	26.074	0	0
-0.4519	0.44011	24.542	-0.5522	1.2715	26.074	0.11317	0.45303	26.287	0	0
-0.53875	-0.15177	25.169	-0.39071	-0.69007	26.436	-0.1227	-0.41594	26.058	0	0
-0.53875	-0.15177	25.169	-0.1227	-0.41594	26.058	0.11317	0.45303	26.287	0	0
-0.53875	-0.15177	25.169	0.11317	0.45303	26.287	-1.171	0.66716	27.045	0	0
-0.53875	-0.15177	25.169	-1.1918	0.54756	26.238	-1.171	0.66716	27.045	0	0
-0.44528	1.1017	23.895	-0.5612	1.2395	25.561	-1.0336	0.96496	25.703	0	0
-0.44528	1.1017	23.895	-0.89945	0.26706	24.422	-1.0342	0.36408	24.889	0	0
-0.44528	1.1017	23.895	-1.0342	0.36408	24.889	-1.0336	0.96496	25.703	0	0
-0.5612	1.2395	24.535	-0.5522	1.2715	26.074	-1.0336	0.96496	25.703	0	0
0.3303	1.0826	24.521	0.1939	1.1617	26.29	0.81262	0.58566	25.648	0	0
-0.5522	1.2715	25.047	-0.44435	1.6571	26.418	0.1939	1.1617	26.29	0	0
-0.5522	1.2715	25.047	-0.44435	1.6571	26.418	-1.0762	1.135	26.383	0	0
-0.5522	1.2715	25.047	0.11317	0.45303	26.287	0.1939	1.1617	26.29	0	0
-0.5522	1.2715	25.047	-1.0336	0.96496	25.703	-1.0762	1.135	26.383	0	0
-0.44435	1.6571	25.392	0.1939	1.1617	26.29	0.2694	1.8699	26.383	0	0
-0.44435	1.6571	25.392	0.2694	1.8699	26.383	-0.44275	1.8337	27.102	0	0
-0.44435	1.6571	25.392	-0.44275	1.8337	27.102	-1.1561	1.2942	27.092	0	0
-0.44435	1.6571	25.392	-1.1561	1.2942	27.092	-1.0762	1.135	26.383	0	0
-0.1227	-0.41594	25.032	0.15392	-0.8914	25.526	0.26805	-0.25924	25.715	0	0
-0.1227	-0.41594	25.032	0.26805	-0.25924	25.715	0.11317	0.45303	26.287	0	0
0.34065	-0.69554	22.564	0.77965	-0.91354	23.662	0.84775	-0.62624	23.106	0	0
0.34065	-0.69554	22.564	0.3931	-0.63109	22.812	0.84775	-0.62624	23.106	0	0
0.17749	-0.20924	23.862	0.15392	-0.8914	25.526	0.26805	-0.25924	25.715	0	0
0.17749	-0.20924	23.862	0.66172	0.44816	24.975	0.6572	-0.24529	24.815	0	0
0.154	-0.21294	21.767	0.3931	-0.63109	22.812	0.3372	-0.36624	22.18	0	0
0.11317	0.45303	25.26	0.1939	1.1617	26.29	0.72342	1.0219	26.401	0	0
0.11317	0.45303	25.26	-1.171	0.66716	27.045	-0.29025	1.3411	27.202	0	0
0.11317	0.45303	25.26	-0.29025	1.3411	27.202	0.8639	0.62481	26.575	0	0
0.11317	0.45303	25.26	0.72342	1.0219	26.401	0.8639	0.62481	26.575	0	0
0.1939	1.1617	25.264	0.2694	1.8699	26.383	0.72342	1.0219	26.401	0	0
0.2694	1.8699	25.357	0.37085	2.2796	26.511	0.30568	1.9962	27.098	0	0
0.2694	1.8699	25.357	0.37085	2.2796	26.511	0.72342	1.0219	26.401	0	0
0.2694	1.8699	25.357	-0.44275	1.8337	27.102	0.30568	1.9962	27.098	0	0
0.37085	2.2796	25.485	0.30568	1.9962	27.098	0.44235	2.2929	27.586	0	0
0.37085	2.2796	25.485	0.72342	1.0219	26.401	1.1543	1.0309	27.023	0	0
-1.1918	0.54756	25.212	-1.5835	0.40701	26.386	-1.1659	0.45924	25.541	0	0
-1.1918	0.54756	25.212	-1.5835	0.40701	26.386	-1.6032	0.93386	26.667	0	0
-1.1918	0.54756	25.212	-1.1659	0.45924	25.541	-1.0336	0.96496	25.703	0	0
-1.1918	0.54756	25.212	-1.6032	0.93386	26.667	-1.0762	1.135	26.383	0	0
-1.1918	0.54756	25.212	-1.0336	0.96496	25.703	-1.0762	1.135	26.383	0	0
-1.171	0.66716	26.019	-0.29025	1.3411	27.202	-1.1561	1.2942	27.092	0	0
-0.44275	1.8337	26.075	-0.40083	1.9232	27.751	0.10825	2.1963	27.576	0	0
-0.44275	1.8337	26.075	-0.40083	1.9232	27.751	-1.4209	1.5539	27.532	0	0
-0.44275	1.8337	26.075	0.30568	1.9962	27.098	0.10825	2.1963	27.576	0	0
-0.44275	1.8337	26.075	-1.1561	1.2942	27.092	-1.4209	1.5539	27.532	0	0
-0.29025	1.3411	26.176	-0.40083	1.9232	27.751	-1.3147	1.1609	27.813	0	0
-0.29025	1.3411	26.176	0.30568	1.9962	27.098	1.1543	1.0309	27.023	0	0
-0.29025	1.3411	26.176	-1.3147	1.1609	27.813	-1.1561	1.2942	27.092	0	0
-0.29025	1.3411	26.176	0.8639	0.62481	26.575	1.1543	1.0309	27.023	0	0
-0.40083	1.9232	26.724	-1.3147	1.1609	27.813	-0.71142	1.9394	28.343	0	0
-0.40083	1.9232	26.724	-0.71142	1.9394	28.343	0.11445	2.2429	28.089	0	0
-0.40083	1.9232	26.724	-1.2985	1.9022	28.368	-1.7246	2.1012	28.149	0	0
-0.40083	1.9232	26.724	0.10825	2.1963	27.576	0.11445	2.2429	28.089	0	0
-0.40083	1.9232	26.724	-1.4209	1.5539	27.532	-1.6492	1.7615	27.739	0	0
-0.40083	1.9232	26.724	-1.7246	2.1012	28.149	-1.6492	1.7615	27.739	0	0
0.30568	1.9962	26.072	0.10825	2.1963	27.576	0.44235	2.2929	27.586	0	0
-1.3147	1.1609	26.787	-0.71142	1.9394	28.343	-1.2985	1.9022	28.368	0	0
-1.3147	1.1609	26.787	-1.2985	1.9022	28.368	-1.7044	1.4623	28.538	0	0
-0.71142	1.9394	27.317	-1.2985	1.9022	28.368	-1.1185	2.4661	28.989	0	0
-0.71142	1.9394	27.317	0.11445	2.2429	28.089	-0.72875	2.4381	29.56	0	0
-0.71142	1.9394	27.317	-1.1185	2.4661	28.989	-0.72875	2.4381	29.56	0	0
-1.2985	1.9022	27.342	-1.7246	2.1012	28.149	-1.7316	2.4308	28.501	0	0
-1.2985	1.9022	27.342	-1.7316	2.4308	28.501	-1.1185	2.4661	28.989	0	0
0.3931	-0.63109	21.785	0.3372	-0.36624	22.18	0.65595	-0.22354	22.245	0	0
0.3931	-0.63109	21.785	0.84775	-0.62624	23.106	0.88052	-0.3274	22.704	0	0
0.3931	-0.63109	21.785	0.65595	-0.22354	22.245	0.88052	-0.3274	22.704	0	0
0.72342	1.0219	25.375	0.8639	0.62481	26.575	1.1543	1.0309	27.023	0	0
-1.0342	0.36408	23.863	-1.1659	0.45924	25.541	-1.0336	0.96496	25.703	0	0
-1.1561	1.2942	26.066	-1.4209	1.5539	27.532	-1.7671	1.1124	26.986	0	0
-1.1561	1.2942	26.066	-1.6032	0.93386	26.667	-1.7671	1.1124	26.986	0	0
-1.1561	1.2942	26.066	-1.6032	0.93386	26.667	-1.0762	1.135	26.383	0	0
0.10825	2.1963	26.55	0.44235	2.2929	27.586	0.11445	2.2429	28.089	0	0
-1.4209	1.5539	26.505	-1.7671	1.1124	26.986	-1.6492	1.7615	27.739	0	0
-1.7316	2.4308	27.475	-1.1185	2.4661	28.989	-1.7713	2.7764	28.897	0	0
-1.1185	2.4661	27.962	-1.7713	2.7764	28.897	-1.6864	2.9906	29.15	0	0
-1.1185	2.4661	27.962	-0.72875	2.4381	29.56	-1.1639	2.6667	29.562	0	0
-1.1185	2.4661	27.962	-1.1639	2.6667	29.562	-1.6864	2.9906	29.15	0	0
-1.1639	2.6667	28.535	-1.6947	2.9989	29.58	-1.6864	2.9906	29.15	0	0
-0.41205	2.6872	12.111	-2.36324621540288	11.1002226458312	12.2787293421825	0.201169010874572	2.22503407008626	12.0194536159699	1	1
-2.36324621540288	11.1002226458312	12.2787293421825	-2.14390944254908	14.9484760631518	12.1702278391781	-0.273381540724426	10.7352461420908	14.1705058061109	1	1
-2.14390944254908	14.9484760631518	12.1702278391781	-2.40317296623069	19.7775082090629	9.9955168884893	-0.419116908403693	14.6628725611767	13.7257386656094	1	1
-2.40317296623069	19.7775082090629	9.9955168884893	-1.98985678480018	22.5984341649664	7.9352013482195	-1.70737819752649	20.9046498279663	11.7937493597732	1	1
-1.98985678480018	22.5984341649664	7.9352013482195	0.0300081815401833	25.212785379953	2.52181698698586	-1.60542961256565	23.2780758153706	7.75856673585904	1	1
-0.273381540724426	10.7352461420908	14.1705058061109	0.201169010874572	2.22503407008626	12.0194536159699	-2.36324621540288	11.1002226458312	12.2787293421825	1	1
-0.419116908403693	14.6628725611767	13.7257386656094	-0.273381540724426	10.7352461420908	14.1705058061109	-2.14390944254908	14.9484760631518	12.1702278391781	1	1
-1.70737819752649	20.9046498279663	11.7937493597732	-0.419116908403693	14.6628725611767	13.7257386656094	-2.40317296623069	19.7775082090629	9.9955168884893	1	1
-1.60542961256565	23.2780758153706	7.75856673585904	-1.70737819752649	20.9046498279663	11.7937493597732	-1.98985678480018	22.5984341649664	7.9352013482195	1	1
-2.36324621540288	11.1002226458312	12.2787293421825	-0.41205	2.6872	12.111	-1.81159602145722	2.22529589153109	12.8071600181731	1	1
-2.14390944254908	14.9484760631518	12.1702278391781	-2.36324621540288	11.1002226458312	12.2787293421825	-3.49679402444142	11.3601979242016	12.4760622316361	1	1
-2.40317296623069	19.7775082090629	9.9955168884893	-2.14390944254908	14.9484760631518	12.1702278391781	-4.16811925551375	14.8860061905419	12.8663517563895	1	1
-1.98985678480018	22.5984341649664	7.9352013482195	-2.40317296623069	19.7775082090629	9.9955168884893	-4.35797904350024	20.6511562226495	10.4099824583816	1	1
0.0300081815401833	25.212785379953	2.52181698698586	-1.98985678480018	22.5984341649664	7.9352013482195	-4.04083847710887	23.2924352517683	7.66232833868489	1	1
-1.81159602145722	2.22529589153109	12.8071600181731	-3.49679402444142	11.3601979242016	12.4760622316361	-2.36324621540288	11.1002226458312	12.2787293421825	1	1
-3.49679402444142	11.3601979242016	12.4760622316361	-4.16811925551375	14.8860061905419	12.8663517563895	-2.14390944254908	14.9484760631518	12.1702278391781	1	1
-4.16811925551375	14.8860061905419	12.8663517563895	-4.35797904350024	20.6511562226495	10.4099824583816	-2.40317296623069	19.7775082090629	9.9955168884893	1	1
-4.35797904350024	20.6511562226495	10.4099824583816	-4.04083847710887	23.2924352517683	7.66232833868489	-1.98985678480018	22.5984341649664	7.9352013482195	1	1
0.12035	-1.5779	16.987	-0.902874165063629	-7.99847618164077	18.6383525696765	0.760517493753181	-1.29048897720237	16.378747785523	2	1
-0.902874165063629	-7.99847618164077	18.6383525696765	-1.49882839166619	-12.7653788027793	19.481347539102	0.399806402936507	-7.59919555486593	19.2847932621125	2	1
-1.49882839166619	-12.7653788027793	19.481347539102	-1.36541834118916	-16.7970645017444	19.4214033509594	0.74881637387056	-13.1328800305145	19.5417384785578	2	1
-1.36541834118916	-16.7970645017444	19.4214033509594	-2.10466626661936	-22.231708463075	19.6599020738499	-0.122876575142492	-17.3000909335222	20.2931442577445	2	1
-2.10466626661936	-22.231708463075	19.6599020738499	-2.24376961190512	-27.0795848603978	17.7540002438466	0.123143476728748	-21.8162549093101	19.5003755412373	2	1
-2.24376961190512	-27.0795848603978	17.7540002438466	-1.58833051422343	-30.5348537073279	16.3696958897881	0.55265522433599	-28.0745065882262	19.5313042416896	2	1
-1.58833051422343	-30.5348537073279	16.3696958897881	-1.19010219751495	-33.1440064056712	14.0096039155212	1.02680165863612	-31.6232167256536	17.2650566097305	2	1
-1.19010219751495	-33.1440064056712	14.0096039155212	-0.461762474565326	-32.4977716959567	8.42028969659114	0.732770914616177	-33.0502924742974	14.5048235599312	2	1
0.399806402936507	-7.59919555486593	19.2847932621125	0.760517493753181	-1.29048897720237	16.378747785523	-0.902874165063629	-7.99847618164077	18.6383525696765	2	1
0.74881637387056	-13.1328800305145	19.5417384785578	0.399806402936507	-7.59919555486593	19.2847932621125	-1.49882839166619	-12.7653788027793	19.481347539102	2	1
-0.122876575142492	-17.3000909335222	20.2931442577445	0.74881637387056	-13.1328800305145	19.5417384785578	-1.36541834118916	-16.7970645017444	19.4214033509594	2	1
0.123143476728748	-21.8162549093101	19.5003755412373	-0.122876575142492	-17.3000909335222	20.2931442577445	-2.10466626661936	-22.231708463075	19.6599020738499	2	1
0.55265522433599	-28.0745065882262	19.5313042416896	0.123143476728748	-21.8162549093101	19.5003755412373	-2.24376961190512	-27.0795848603978	17.7540002438466	2	1
1.02680165863612	-31.6232167256536	17.2650566097305	0.55265522433599	-28.0745065882262	19.5313042416896	-1.58833051422343	-30.5348537073279	16.3696958897881	2	1
0.732770914616177	-33.0502924742974	14.5048235599312	1.02680165863612	-31.6232167256536	17.2650566097305	-1.19010219751495	-33.1440064056712	14.0096039155212	2	1
-0.902874165063629	-7.99847618164077	18.6383525696765	0.12035	-1.5779	16.987	-1.27309807500757	-1.2023375315946	16.3067077193714	2	1
-1.49882839166619	-12.7653788027793	19.481347539102	-0.902874165063629	-7.99847618164077	18.6383525696765	-2.17967702177794	-7.91059431101939	19.5331947322964	2	1
-1.36541834118916	-16.7970645017444	19.4214033509594	-1.49882839166619	-12.7653788027793	19.481347539102	-2.11552575380704	-13.0989399274052	19.9247495684916	2	1
-2.10466626661936	-22.231708463075	19.6599020738499	-1.36541834118916	-16.7970645017444	19.4214033509594	-3.4307512139349	-16.459478252153	22.2360378514483	2	1
-2.24376961190512	-27.0795848603978	17.7540002438466	-2.10466626661936	-22.231708463075	19.6599020738499	-2.85962367097241	-22.3909782464661	18.9005861358432	2	1
-1.58833051422343	-30.5348537073279	16.3696958897881	-2.24376961190512	-27.0795848603978	17.7540002438466	-3.16925702594208	-26.7687503810459	17.7709275267107	2	1
-1.19010219751495	-33.1440064056712	14.0096039155212	-1.58833051422343	-30.5348537073279	16.3696958897881	-1.78854697532324	-31.9814398098327	17.2682348520733	2	1
-1.27309807500757	-1.2023375315946	16.3067077193714	-2.17967702177794	-7.91059431101939	19.5331947322964	-0.902874165063629	-7.99847618164077	18.6383525696765	2	1
-2.17967702177794	-7.91059431101939	19.5331947322964	-2.11552575380704	-13.0989399274052	19.9247495684916	-1.49882839166619	-12.7653788027793	19.481347539102	2	1
-2.11552575380704	-13.0989399274052	19.9247495684916	-3.4307512139349	-16.459478252153	22.2360378514483	-1.36541834118916	-16.7970645017444	19.4214033509594	2	1
-3.4307512139349	-16.459478252153	22.2360378514483	-2.85962367097241	-22.3909782464661	18.9005861358432	-2.10466626661936	-22.231708463075	19.6599020738499	2	1
-2.85962367097241	-22.3909782464661	18.9005861358432	-3.16925702594208	-26.7687503810459	17.7709275267107	-2.24376961190512	-27.0795848603978	17.7540002438466	2	1
-3.16925702594208	-26.7687503810459	17.7709275267107	-1.78854697532324	-31.9814398098327	17.2682348520733	-1.58833051422343	-30.5348537073279	16.3696958897881	2	1
0.0037021	2.3981	21.682	0.678305680553069	7.83171673648022	24.0657388773294	1.07431614170501	1.84108003909678	21.7553425055738	3	2
0.678305680553069	7.83171673648022	24.0657388773294	1.18886711789297	12.9084064931713	26.2786223526866	1.47154329255843	8.05196041585552	24.1342056765482	3	2
1.18886711789297	12.9084064931713	26.2786223526866	1.67894750158176	17.1328789716206	27.0217052813344	3.02390624648331	12.216381520775	26.9530859666958	3	2
1.67894750158176	17.1328789716206	27.0217052813344	2.39156128197003	21.8509243670042	27.1852760828249	3.15138850593996	16.9754440349818	27.0037807336365	3	2
2.39156128197003	21.8509243670042	27.1852760828249	2.71726359316001	25.5274986934067	26.4633081909325	4.55105097548645	21.746722143657	28.3724337177857	3	2
2.71726359316001	25.5274986934067	26.4633081909325	3.47798011896511	29.2892386693826	25.4169526679327	4.63546777072171	25.1421114639597	26.8800138143215	3	2
3.47798011896511	29.2892386693826	25.4169526679327	4.49974897155481	33.7032779688316	22.1992501700629	5.47902595984467	29.0062805454653	25.439662419314	3	2
4.49974897155481	33.7032779688316	22.1992501700629	4.97788840731597	35.7096869090354	19.3750576598682	6.50758721555755	33.4190059937924	21.5460276045255	3	2
4.97788840731597	35.7096869090354	19.3750576598682	6.11378327339677	37.3779454286375	16.2067223785278	7.83367796250005	36.0684016491622	19.1376507481799	3	2
6.11378327339677	37.3779454286375	16.2067223785278	5.67037928290924	38.6903895167216	13.0116644108419	7.35719643129862	37.6871850337894	16.1923131675147	3	2
5.67037928290924	38.6903895167216	13.0116644108419	5.23070309878667	40.2210432754831	6.64796354704381	7.830116984501	38.6072834189684	12.8131954539762	3	2
1.47154329255843	8.05196041585552	24.1342056765482	1.07431614170501	1.84108003909678	21.7553425055738	0.678305680553069	7.83171673648022	24.0657388773294	3	2
3.02390624648331	12.216381520775	26.9530859666958	1.47154329255843	8.05196041585552	24.1342056765482	1.18886711789297	12.9084064931713	26.2786223526866	3	2
3.15138850593996	16.9754440349818	27.0037807336365	3.02390624648331	12.216381520775	26.9530859666958	1.67894750158176	17.1328789716206	27.0217052813344	3	2
4.55105097548645	21.746722143657	28.3724337177857	3.15138850593996	16.9754440349818	27.0037807336365	2.39156128197003	21.8509243670042	27.1852760828249	3	2
4.63546777072171	25.1421114639597	26.8800138143215	4.55105097548645	21.746722143657	28.3724337177857	2.71726359316001	25.5274986934067	26.4633081909325	3	2
5.47902595984467	29.0062805454653	25.439662419314	4.63546777072171	25.1421114639597	26.8800138143215	3.47798011896511	29.2892386693826	25.4169526679327	3	2
6.50758721555755	33.4190059937924	21.5460276045255	5.47902595984467	29.0062805454653	25.439662419314	4.49974897155481	33.7032779688316	22.1992501700629	3	2
7.83367796250005	36.0684016491622	19.1376507481799	6.50758721555755	33.4190059937924	21.5460276045255	4.97788840731597	35.7096869090354	19.3750576598682	3	2
7.35719643129862	37.6871850337894	16.1923131675147	7.83367796250005	36.0684016491622	19.1376507481799	6.11378327339677	37.3779454286375	16.2067223785278	3	2
7.830116984501	38.6072834189684	12.8131954539762	7.35719643129862	37.6871850337894	16.1923131675147	5.67037928290924	38.6903895167216	13.0116644108419	3	2
0.678305680553069	7.83171673648022	24.0657388773294	0.0037021	2.3981	21.682	-1.44494248707731	2.10059069807295	22.1610515012636	3	2
1.18886711789297	12.9084064931713	26.2786223526866	0.678305680553069	7.83171673648022	24.0657388773294	-0.967897710372757	7.82190233108355	24.073378455264	3	2
1.67894750158176	17.1328789716206	27.0217052813344	1.18886711789297	12.9084064931713	26.2786223526866	-1.47518811636847	12.5613126075611	26.7198423611588	3	2
2.39156128197003	21.8509243670042	27.1852760828249	1.67894750158176	17.1328789716206	27.0217052813344	-0.401909073928493	16.9040138837416	26.4922054289209	3	2
2.71726359316001	25.5274986934067	26.4633081909325	2.39156128197003	21.8509243670042	27.1852760828249	-0.416936295969047	21.7325002412233	29.5834454015227	3	2
3.47798011896511	29.2892386693826	25.4169526679327	2.71726359316001	25.5274986934067	26.4633081909325	-0.333245790850003	25.4898670205562	25.4245538815478	3	2
4.49974897155481	33.7032779688316	22.1992501700629	3.47798011896511	29.2892386693826	25.4169526679327	0.933897183750796	29.2517377129	25.2780458663922	3	2
4.97788840731597	35.7096869090354	19.3750576598682	4.49974897155481	33.7032779688316	22.1992501700629	3.18910222587151	33.1657140448398	22.1080373658502	3	2
6.11378327339677	37.3779454286375	16.2067223785278	4.97788840731597	35.7096869090354	19.3750576598682	4.10010422805802	36.8382451722418	19.4064371307534	3	2
5.67037928290924	38.6903895167216	13.0116644108419	6.11378327339677	37.3779454286375	16.2067223785278	4.70825738280373	38.1854286196347	16.4556157435048	3	2
5.23070309878667	40.2210432754831	6.64796354704381	5.67037928290924	38.6903895167216	13.0116644108419	5.23527890865122	40.441614661692	13.3597807648731	3	2
-1.44494248707731	2.10059069807295	22.1610515012636	-0.967897710372757	7.82190233108355	24.073378455264	0.678305680553069	7.83171673648022	24.0657388773294	3	2
-0.967897710372757	7.82190233108355	24.073378455264	-1.47518811636847	12.5613126075611	26.7198423611588	1.18886711789297	12.9084064931713	26.2786223526866	3	2
-1.47518811636847	12.5613126075611	26.7198423611588	-0.401909073928493	16.9040138837416	26.4922054289209	1.67894750158176	17.1328789716206	27.0217052813344	3	2
-0.401909073928493	16.9040138837416	26.4922054289209	-0.416936295969047	21.7325002412233	29.5834454015227	2.39156128197003	21.8509243670042	27.1852760828249	3	2
-0.416936295969047	21.7325002412233	29.5834454015227	-0.333245790850003	25.4898670205562	25.4245538815478	2.71726359316001	25.5274986934067	26.4633081909325	3	2
-0.333245790850003	25.4898670205562	25.4245538815478	0.933897183750796	29.2517377129	25.2780458663922	3.47798011896511	29.2892386693826	25.4169526679327	3	2
0.933897183750796	29.2517377129	25.2780458663922	3.18910222587151	33.1657140448398	22.1080373658502	4.49974897155481	33.7032779688316	22.1992501700629	3	2
3.18910222587151	33.1657140448398	22.1080373658502	4.10010422805802	36.8382451722418	19.4064371307534	4.97788840731597	35.7096869090354	19.3750576598682	3	2
4.10010422805802	36.8382451722418	19.4064371307534	4.70825738280373	38.1854286196347	16.4556157435048	6.11378327339677	37.3779454286375	16.2067223785278	3	2
4.70825738280373	38.1854286196347	16.4556157435048	5.23527890865122	40.441614661692	13.3597807648731	5.67037928290924	38.6903895167216	13.0116644108419	3	2
0.23953	-1.8413	25.174	1.41315087897081	-5.65416148718065	27.2476372952902	0.968175104235725	-2.50084509078278	24.7257580918771	4	2
1.41315087897081	-5.65416148718065	27.2476372952902	2.74873687221391	-9.73807495335292	29.6081244839802	2.09388186922434	-5.31600328290037	27.8321028719381	4	2
2.74873687221391	-9.73807495335292	29.6081244839802	4.28567806439733	-13.8160649727392	31.5514100557775	3.55366230262955	-8.22985085874356	31.0276059921056	4	2
4.28567806439733	-13.8160649727392	31.5514100557775	5.59618665850203	-17.7595968712132	32.3271939435297	5.65959668027551	-14.0042919101568	31.7912393012288	4	2
5.59618665850203	-17.7595968712132	32.3271939435297	6.43152327420424	-22.7336681710355	33.4145867900905	5.89157366156985	-17.8713313817784	32.6849404006294	4	2
6.43152327420424	-22.7336681710355	33.4145867900905	8.02603011098423	-26.7105828983147	33.2378194588008	8.73348389541439	-22.7274121388871	34.7644487832066	4	2
8.02603011098423	-26.7105828983147	33.2378194588008	9.7541481704191	-30.2986521988587	33.1474398308474	8.73924431567391	-26.6082212138918	33.7220657533565	4	2
9.7541481704191	-30.2986521988587	33.1474398308474	11.6531619064114	-33.8173713304606	31.8268939613633	12.334373918026	-30.3217853544866	33.7342426158589	4	2
11.6531619064114	-33.8173713304606	31.8268939613633	13.6064302591987	-36.8617749235019	29.4549915888621	14.6961334802448	-33.8088059728521	31.3446170746158	4	2
13.6064302591987	-36.8617749235019	29.4549915888621	15.658575355741	-40.1909017593969	27.0832458155422	15.4906383250549	-36.6980881200348	28.1438697047747	4	2
15.658575355741	-40.1909017593969	27.0832458155422	18.0420537358569	-44.3074826025817	24.1124245531563	17.1825497324163	-40.3119958233747	28.2165945380926	4	2
2.09388186922434	-5.31600328290037	27.8321028719381	0.968175104235725	-2.50084509078278	24.7257580918771	1.41315087897081	-5.65416148718065	27.2476372952902	4	2
3.55366230262955	-8.22985085874356	31.0276059921056	2.09388186922434	-5.31600328290037	27.8321028719381	2.74873687221391	-9.73807495335292	29.6081244839802	4	2
5.65959668027551	-14.0042919101568	31.7912393012288	3.55366230262955	-8.22985085874356	31.0276059921056	4.28567806439733	-13.8160649727392	31.5514100557775	4	2
5.89157366156985	-17.8713313817784	32.6849404006294	5.65959668027551	-14.0042919101568	31.7912393012288	5.59618665850203	-17.7595968712132	32.3271939435297	4	2
8.73348389541439	-22.7274121388871	34.7644487832066	5.89157366156985	-17.8713313817784	32.6849404006294	6.43152327420424	-22.7336681710355	33.4145867900905	4	2
8.73924431567391	-26.6082212138918	33.7220657533565	8.73348389541439	-22.7274121388871	34.7644487832066	8.02603011098423	-26.7105828983147	33.2378194588008	4	2
12.334373918026	-30.3217853544866	33.7342426158589	8.73924431567391	-26.6082212138918	33.7220657533565	9.7541481704191	-30.2986521988587	33.1474398308474	4	2
14.6961334802448	-33.8088059728521	31.3446170746158	12.334373918026	-30.3217853544866	33.7342426158589	11.6531619064114	-33.8173713304606	31.8268939613633	4	2
15.4906383250549	-36.6980881200348	28.1438697047747	14.6961334802448	-33.8088059728521	31.3446170746158	13.6064302591987	-36.8617749235019	29.4549915888621	4	2
17.1825497324163	-40.3119958233747	28.2165945380926	15.4906383250549	-36.6980881200348	28.1438697047747	15.658575355741	-40.1909017593969	27.0832458155422	4	2
1.41315087897081	-5.65416148718065	27.2476372952902	0.23953	-1.8413	25.174	-1.7218761955732	-2.00120378411749	25.2121345603356	4	2
2.74873687221391	-9.73807495335292	29.6081244839802	1.41315087897081	-5.65416148718065	27.2476372952902	-0.628403680472485	-5.36426837986382	27.968347528079	4	2
4.28567806439733	-13.8160649727392	31.5514100557775	2.74873687221391	-9.73807495335292	29.6081244839802	-0.495792059592299	-9.4951593913441	30.4159342700105	4	2
5.59618665850203	-17.7595968712132	32.3271939435297	4.28567806439733	-13.8160649727392	31.5514100557775	1.03808855217141	-14.1311697207844	30.9471943820817	4	2
6.43152327420424	-22.7336681710355	33.4145867900905	5.59618665850203	-17.7595968712132	32.3271939435297	1.64693879426241	-17.0691189627858	34.377257690044	4	2
8.02603011098423	-26.7105828983147	33.2378194588008	6.43152327420424	-22.7336681710355	33.4145867900905	3.74892802393038	-22.441094526822	33.5287630832507	4	2
9.7541481704191	-30.2986521988587	33.1474398308474	8.02603011098423	-26.7105828983147	33.2378194588008	6.91359984480645	-26.3768972066316	33.6914272211435	4	2
11.6531619064114	-33.8173713304606	31.8268939613633	9.7541481704191	-30.2986521988587	33.1474398308474	8.92175731428155	-29.9763661560964	32.7640700625307	4	2
13.6064302591987	-36.8617749235019	29.4549915888621	11.6531619064114	-33.8173713304606	31.8268939613633	9.89632125544687	-33.6236513448652	32.2503021028761	4	2
15.658575355741	-40.1909017593969	27.0832458155422	13.6064302591987	-36.8617749235019	29.4549915888621	12.3502155028071	-36.7938888555275	29.8231032670239	4	2
18.0420537358569	-44.3074826025817	24.1124245531563	15.658575355741	-40.1909017593969	27.0832458155422	14.8099445926996	-39.9130463140181	27.1123005826739	4	2
-1.7218761955732	-2.00120378411749	25.2121345603356	-0.628403680472485	-5.36426837986382	27.968347528079	1.41315087897081	-5.65416148718065	27.2476372952902	4	2
-0.628403680472485	-5.36426837986382	27.968347528079	-0.495792059592299	-9.4951593913441	30.4159342700105	2.74873687221391	-9.73807495335292	29.6081244839802	4	2
-0.495792059592299	-9.4951593913441	30.4159342700105	1.03808855217141	-14.1311697207844	30.9471943820817	4.28567806439733	-13.8160649727392	31.5514100557775	4	2
1.03808855217141	-14.1311697207844	30.9471943820817	1.64693879426241	-17.0691189627858	34.377257690044	5.59618665850203	-17.7595968712132	32.3271939435297	4	2
1.64693879426241	-17.0691189627858	34.377257690044	3.74892802393038	-22.441094526822	33.5287630832507	6.43152327420424	-22.7336681710355	33.4145867900905	4	2
3.74892802393038	-22.441094526822	33.5287630832507	6.91359984480645	-26.3768972066316	33.6914272211435	8.02603011098423	-26.7105828983147	33.2378194588008	4	2
6.91359984480645	-26.3768972066316	33.6914272211435	8.92175731428155	-29.9763661560964	32.7640700625307	9.7541481704191	-30.2986521988587	33.1474398308474	4	2
8.92175731428155	-29.9763661560964	32.7640700625307	9.89632125544687	-33.6236513448652	32.2503021028761	11.6531619064114	-33.8173713304606	31.8268939613633	4	2
9.89632125544687	-33.6236513448652	32.2503021028761	12.3502155028071	-36.7938888555275	29.8231032670239	13.6064302591987	-36.8617749235019	29.4549915888621	4	2
12.3502155028071	-36.7938888555275	29.8231032670239	14.8099445926996	-39.9130463140181	27.1123005826739	15.658575355741	-40.1909017593969	27.0832458155422	4	2
-0.096448	-0.21984	26.534	-1.0940837245299	2.8092486835328	28.4763844000453	0.904460402521901	0.676759031086778	25.4696319435837	5	2
-1.0940837245299	2.8092486835328	28.4763844000453	-1.98871223578114	6.93091423869286	30.5202208730204	1.99447443944192	3.75969415862989	27.3405614047549	5	2
-1.98871223578114	6.93091423869286	30.5202208730204	-3.12761270673813	11.2746010758363	32.3835501160906	-0.292013052195086	6.66318901327895	30.6504011579928	5	2
-3.12761270673813	11.2746010758363	32.3835501160906	-4.13978576034555	14.7487698451487	33.4799685224874	-2.14188246997078	11.6102430447574	32.8608933316299	5	2
-4.13978576034555	14.7487698451487	33.4799685224874	-5.20013351784822	18.7155486646544	34.4515562181071	-0.949303630910405	15.3692203195828	33.4085725378002	5	2
-5.20013351784822	18.7155486646544	34.4515562181071	-7.24854032787048	24.7358012703496	34.1738038926889	-1.96008827142376	18.5684290644489	34.7548839070141	5	2
-7.24854032787048	24.7358012703496	34.1738038926889	-8.83353798358503	27.7890541517759	33.4423169731604	-5.3677289538691	24.494922661354	35.3795329506266	5	2
1.99447443944192	3.75969415862989	27.3405614047549	0.904460402521901	0.676759031086778	25.4696319435837	-1.0940837245299	2.8092486835328	28.4763844000453	5	2
-0.292013052195086	6.66318901327895	30.6504011579928	1.99447443944192	3.75969415862989	27.3405614047549	-1.98871223578114	6.93091423869286	30.5202208730204	5	2
-2.14188246997078	11.6102430447574	32.8608933316299	-0.292013052195086	6.66318901327895	30.6504011579928	-3.12761270673813	11.2746010758363	32.3835501160906	5	2
-0.949303630910405	15.3692203195828	33.4085725378002	-2.14188246997078	11.6102430447574	32.8608933316299	-4.13978576034555	14.7487698451487	33.4799685224874	5	2
-1.96008827142376	18.5684290644489	34.7548839070141	-0.949303630910405	15.3692203195828	33.4085725378002	-5.20013351784822	18.7155486646544	34.4515562181071	5	2
-5.3677289538691	24.494922661354	35.3795329506266	-1.96008827142376	18.5684290644489	34.7548839070141	-7.24854032787048	24.7358012703496	34.1738038926889	5	2
-1.0940837245299	2.8092486835328	28.4763844000453	-0.096448	-0.21984	26.534	-1.18247369759123	0.255581229543111	26.0328546467588	5	2
-1.98871223578114	6.93091423869286	30.5202208730204	-1.0940837245299	2.8092486835328	28.4763844000453	-3.26236129738969	1.39064976852319	29.9042681491533	5	2
-3.12761270673813	11.2746010758363	32.3835501160906	-1.98871223578114	6.93091423869286	30.5202208730204	-4.63293686114084	6.17251683460957	31.6370895842489	5	2
-4.13978576034555	14.7487698451487	33.4799685224874	-3.12761270673813	11.2746010758363	32.3835501160906	-5.7710326491095	10.4302845786053	33.23400895153	5	2
-5.20013351784822	18.7155486646544	34.4515562181071	-4.13978576034555	14.7487698451487	33.4799685224874	-6.11313094548203	13.7289018864984	35.5675191104294	5	2
-7.24854032787048	24.7358012703496	34.1738038926889	-5.20013351784822	18.7155486646544	34.4515562181071	-6.44584943791444	18.4924902775152	36.1466238900366	5	2
-8.83353798358503	27.7890541517759	33.4423169731604	-7.24854032787048	24.7358012703496	34.1738038926889	-7.88800300795774	24.4905983042392	34.1462975991129	5	2
-1.18247369759123	0.255581229543111	26.0328546467588	-3.26236129738969	1.39064976852319	29.9042681491533	-1.0940837245299	2.8092486835328	28.4763844000453	5	2
-3.26236129738969	1.39064976852319	29.9042681491533	-4.63293686114084	6.17251683460957	31.6370895842489	-1.98871223578114	6.93091423869286	30.5202208730204	5	2
-4.63293686114084	6.17251683460957	31.6370895842489	-5.7710326491095	10.4302845786053	33.23400895153	-3.12761270673813	11.2746010758363	32.3835501160906	5	2
-5.7710326491095	10.4302845786053	33.23400895153	-6.11313094548203	13.7289018864984	35.5675191104294	-4.13978576034555	14.7487698451487	33.4799685224874	5	2
-6.11313094548203	13.7289018864984	35.5675191104294	-6.44584943791444	18.4924902775152	36.1466238900366	-5.20013351784822	18.7155486646544	34.4515562181071	5	2
-6.44584943791444	18.4924902775152	36.1466238900366	-7.88800300795774	24.4905983042392	34.1462975991129	-7.24854032787048	24.7358012703496	34.1738038926889	5	2
0.66812	-1.503	30.237	0.533802641431827	-4.78437747599486	33.269778060726	2.00026712102358	-1.20848689799202	30.8835548724542	6	2
0.533802641431827	-4.78437747599486	33.269778060726	0.242224202807914	-8.22028969580067	35.9862639942104	1.96220227670767	-5.4727596833479	32.3559626589387	6	2
0.242224202807914	-8.22028969580067	35.9862639942104	0.262855189485483	-11.8759333686758	37.8848973169605	2.11124474289311	-8.59310677675852	36.1378542504465	6	2
0.262855189485483	-11.8759333686758	37.8848973169605	0.795181740784789	-16.4160141297512	39.2018955917105	1.76469891656593	-10.7649077956866	40.4709885461311	6	2
0.795181740784789	-16.4160141297512	39.2018955917105	1.64552319892685	-20.8617175620622	39.9221943953352	2.00860246067691	-16.0252290786051	42.424918033509	6	2
1.64552319892685	-20.8617175620622	39.9221943953352	3.47868654804163	-25.4341766259406	40.4573736686809	3.71335021747746	-20.6739629191324	41.8008600429187	6	2
3.47868654804163	-25.4341766259406	40.4573736686809	5.06974650913652	-28.7385814793746	39.2411690580983	4.9719218305599	-25.858804166412	41.8051896215898	6	2
5.06974650913652	-28.7385814793746	39.2411690580983	10.5570054578863	-34.0062206812663	36.195069821688	7.24309104552827	-29.9673460428718	41.3841325514014	6	2
10.5570054578863	-34.0062206812663	36.195069821688	11.8785780738388	-35.2148235294251	35.2244262330384	11.039342851187	-35.3392574232949	37.016388689988	6	2
1.96220227670767	-5.4727596833479	32.3559626589387	2.00026712102358	-1.20848689799202	30.8835548724542	0.533802641431827	-4.78437747599486	33.269778060726	6	2
2.11124474289311	-8.59310677675852	36.1378542504465	1.96220227670767	-5.4727596833479	32.3559626589387	0.242224202807914	-8.22028969580067	35.9862639942104	6	2
1.76469891656593	-10.7649077956866	40.4709885461311	2.11124474289311	-8.59310677675852	36.1378542504465	0.262855189485483	-11.8759333686758	37.8848973169605	6	2
2.00860246067691	-16.0252290786051	42.424918033509	1.76469891656593	-10.7649077956866	40.4709885461311	0.795181740784789	-16.4160141297512	39.2018955917105	6	2
3.71335021747746	-20.6739629191324	41.8008600429187	2.00860246067691	-16.0252290786051	42.424918033509	1.64552319892685	-20.8617175620622	39.9221943953352	6	2
4.9719218305599	-25.858804166412	41.8051896215898	3.71335021747746	-20.6739629191324	41.8008600429187	3.47868654804163	-25.4341766259406	40.4573736686809	6	2
7.24309104552827	-29.9673460428718	41.3841325514014	4.9719218305599	-25.858804166412	41.8051896215898	5.06974650913652	-28.7385814793746	39.2411690580983	6	2
11.039342851187	-35.3392574232949	37.016388689988	7.24309104552827	-29.9673460428718	41.3841325514014	10.5570054578863	-34.0062206812663	36.195069821688	6	2
0.533802641431827	-4.78437747599486	33.269778060726	0.66812	-1.503	30.237	-2.94863248530063	-1.39666456434302	30.6874143554499	6	2
0.242224202807914	-8.22028969580067	35.9862639942104	0.533802641431827	-4.78437747599486	33.269778060726	-1.51194289766048	-4.32929980155509	33.8142606587127	6	2
0.262855189485483	-11.8759333686758	37.8848973169605	0.242224202807914	-8.22028969580067	35.9862639942104	-3.0547262818866	-8.18993379664571	36.1151436968758	6	2
0.795181740784789	-16.4160141297512	39.2018955917105	0.262855189485483	-11.8759333686758	37.8848973169605	-3.66705741609004	-11.6837502524241	37.1697042714361	6	2
1.64552319892685	-20.8617175620622	39.9221943953352	0.795181740784789	-16.4160141297512	39.2018955917105	-2.53711422732367	-16.0730524573256	38.4693664099196	6	2
3.47868654804163	-25.4341766259406	40.4573736686809	1.64552319892685	-20.8617175620622	39.9221943953352	-1.30793655650117	-20.29779123618	40.6132427977964	6	2
5.06974650913652	-28.7385814793746	39.2411690580983	3.47868654804163	-25.4341766259406	40.4573736686809	1.5163215615831	-25.083066775234	40.676250101077	6	2
10.5570054578863	-34.0062206812663	36.195069821688	5.06974650913652	-28.7385814793746	39.2411690580983	4.15273551627764	-28.2976964701883	39.4317985617193	6	2
11.8785780738388	-35.2148235294251	35.2244262330384	10.5570054578863	-34.0062206812663	36.195069821688	9.4941247164397	-34.5065438276632	37.4346991891368	6	2
-2.94863248530063	-1.39666456434302	30.6874143554499	-1.51194289766048	-4.32929980155509	33.8142606587127	0.533802641431827	-4.78437747599486	33.269778060726	6	2
-1.51194289766048	-4.32929980155509	33.8142606587127	-3.0547262818866	-8.18993379664571	36.1151436968758	0.242224202807914	-8.22028969580067	35.9862639942104	6	2
-3.0547262818866	-8.18993379664571	36.1151436968758	-3.66705741609004	-11.6837502524241	37.1697042714361	0.262855189485483	-11.8759333686758	37.8848973169605	6	2
-3.66705741609004	-11.6837502524241	37.1697042714361	-2.53711422732367	-16.0730524573256	38.4693664099196	0.795181740784789	-16.4160141297512	39.2018955917105	6	2
-2.53711422732367	-16.0730524573256	38.4693664099196	-1.30793655650117	-20.29779123618	40.6132427977964	1.64552319892685	-20.8617175620622	39.9221943953352	6	2
-1.30793655650117	-20.29779123618	40.6132427977964	1.5163215615831	-25.083066775234	40.676250101077	3.47868654804163	-25.4341766259406	40.4573736686809	6	2
1.5163215615831	-25.083066775234	40.676250101077	4.15273551627764	-28.2976964701883	39.4317985617193	5.06974650913652	-28.7385814793746	39.2411690580983	6	2
4.15273551627764	-28.2976964701883	39.4317985617193	9.4941247164397	-34.5065438276632	37.4346991891368	10.5570054578863	-34.0062206812663	36.195069821688	6	2
0.48025	-0.065238	32.487	-1.2776	-1.5731	35.774	0.80535	-0.11254	32.763	7	2
-1.2776	-1.5731	35.774	-3.7106	-3.0051	39.413	0.6961	-0.59294	36.29	7	2
0.6961	-0.59294	36.29	0.80535	-0.11254	32.763	-1.2776	-1.5731	35.774	7	2
-1.2776	-1.5731	35.774	0.48025	-0.065238	32.487	-3.3403	-1.2828	30.858	7	2
-3.7106	-3.0051	39.413	-1.2776	-1.5731	35.774	-3.4174	-1.3611	35.729	7	2
-3.3403	-1.2828	30.858	-3.4174	-1.3611	35.729	-1.2776	-1.5731	35.774	7	2
1.6541	2.9057	32.832	2.72816428484744	7.30467788273586	35.3435012281932	2.98828429030488	2.69539095149505	32.6488617090267	8	2
2.72816428484744	7.30467788273586	35.3435012281932	4.7639581517634	11.1969608913369	37.5194375513384	4.46916721820019	5.37173420706732	36.6002717652245	8	2
4.7639581517634	11.1969608913369	37.5194375513384	6.48895592414947	14.2519067639428	38.6024359126998	7.65440106504895	10.258243798692	38.2463039799302	8	2
6.48895592414947	14.2519067639428	38.6024359126998	9.81317924269249	19.383364055307	39.5544546180625	9.55003395269284	13.7891890664508	39.6399449707792	8	2
9.81317924269249	19.383364055307	39.5544546180625	12.3053127761223	22.6282469106643	39.0800938728877	12.4924596128482	19.2914171778195	40.5311735693574	8	2
12.3053127761223	22.6282469106643	39.0800938728877	15.2352715459505	25.9039758915745	37.3010651320484	15.6444784358964	22.9459169873416	38.9233034746817	8	2
15.2352715459505	25.9039758915745	37.3010651320484	17.4542416606541	29.0478299790055	33.5485953977273	17.5718628591602	25.9128091445872	36.6076121713696	8	2
17.4542416606541	29.0478299790055	33.5485953977273	18.0425070022555	30.7405901088605	29.7172126146262	19.5351542378136	29.8120923371356	33.1137932655283	8	2
18.0425070022555	30.7405901088605	29.7172126146262	17.9556296438585	31.812393201776	26.3844726825861	19.2839888165307	30.6408818287747	29.6481969373764	8	2
4.46916721820019	5.37173420706732	36.6002717652245	2.98828429030488	2.69539095149505	32.6488617090267	2.72816428484744	7.30467788273586	35.3435012281932	8	2
7.65440106504895	10.258243798692	38.2463039799302	4.46916721820019	5.37173420706732	36.6002717652245	4.7639581517634	11.1969608913369	37.5194375513384	8	2
9.55003395269284	13.7891890664508	39.6399449707792	7.65440106504895	10.258243798692	38.2463039799302	6.48895592414947	14.2519067639428	38.6024359126998	8	2
12.4924596128482	19.2914171778195	40.5311735693574	9.55003395269284	13.7891890664508	39.6399449707792	9.81317924269249	19.383364055307	39.5544546180625	8	2
15.6444784358964	22.9459169873416	38.9233034746817	12.4924596128482	19.2914171778195	40.5311735693574	12.3053127761223	22.6282469106643	39.0800938728877	8	2
17.5718628591602	25.9128091445872	36.6076121713696	15.6444784358964	22.9459169873416	38.9233034746817	15.2352715459505	25.9039758915745	37.3010651320484	8	2
19.5351542378136	29.8120923371356	33.1137932655283	17.5718628591602	25.9128091445872	36.6076121713696	17.4542416606541	29.0478299790055	33.5485953977273	8	2
19.2839888165307	30.6408818287747	29.6481969373764	19.5351542378136	29.8120923371356	33.1137932655283	18.0425070022555	30.7405901088605	29.7172126146262	8	2
2.72816428484744	7.30467788273586	35.3435012281932	1.6541	2.9057	32.832	0.840762339756915	1.68425169210547	35.2410727290125	8	2
4.7639581517634	11.1969608913369	37.5194375513384	2.72816428484744	7.30467788273586	35.3435012281932	0.366827024332297	7.34821279153671	35.9404289765166	8	2
6.48895592414947	14.2519067639428	38.6024359126998	4.7639581517634	11.1969608913369	37.5194375513384	2.12753594686503	11.6565643358387	37.4099118405626	8	2
9.81317924269249	19.383364055307	39.5544546180625	6.48895592414947	14.2519067639428	38.6024359126998	2.73294855600263	14.5480879594002	39.0410027974324	8	2
12.3053127761223	22.6282469106643	39.0800938728877	9.81317924269249	19.383364055307	39.5544546180625	6.39013720743142	19.3937255967412	40.1931679366138	8	2
15.2352715459505	25.9039758915745	37.3010651320484	12.3053127761223	22.6282469106643	39.0800938728877	9.53497046845701	22.2596462957474	38.8327767181199	8	2
17.4542416606541	29.0478299790055	33.5485953977273	15.2352715459505	25.9039758915745	37.3010651320484	12.7410825219036	25.9706090846355	38.6752399280283	8	2
18.0425070022555	30.7405901088605	29.7172126146262	17.4542416606541	29.0478299790055	33.5485953977273	17.0131775729149	30.0507636966483	34.2236327511545	8	2
17.9556296438585	31.812393201776	26.3844726825861	18.0425070022555	30.7405901088605	29.7172126146262	17.8507767418369	31.3884893617859	29.5319423652644	8	2
0.840762339756915	1.68425169210547	35.2410727290125	0.366827024332297	7.34821279153671	35.9404289765166	2.72816428484744	7.30467788273586	35.3435012281932	8	2
0.366827024332297	7.34821279153671	35.9404289765166	2.12753594686503	11.6565643358387	37.4099118405626	4.7639581517634	11.1969608913369	37.5194375513384	8	2
2.12753594686503	11.6565643358387	37.4099118405626	2.73294855600263	14.5480879594002	39.0410027974324	6.48895592414947	14.2519067639428	38.6024359126998	8	2
2.73294855600263	14.5480879594002	39.0410027974324	6.39013720743142	19.3937255967412	40.1931679366138	9.81317924269249	19.383364055307	39.5544546180625	8	2
6.39013720743142	19.3937255967412	40.1931679366138	9.53497046845701	22.2596462957474	38.8327767181199	12.3053127761223	22.6282469106643	39.0800938728877	8	2
9.53497046845701	22.2596462957474	38.8327767181199	12.7410825219036	25.9706090846355	38.6752399280283	15.2352715459505	25.9039758915745	37.3010651320484	8	2
12.7410825219036	25.9706090846355	38.6752399280283	17.0131775729149	30.0507636966483	34.2236327511545	17.4542416606541	29.0478299790055	33.5485953977273	8	2
17.0131775729149	30.0507636966483	34.2236327511545	17.8507767418369	31.3884893617859	29.5319423652644	18.0425070022555	30.7405901088605	29.7172126146262	8	2
