-0.3475	-0.70784	0.031499	-0.41155	-0.34074	1.0263	-0.22515	-0.60134	1.8261	0	0
-0.41155	-0.34074	0	-0.087748	-0.21784	1.0423	-0.37868	0.45443	1.0936	0	0
-0.41155	-0.34074	0	-0.087748	-0.21784	1.0423	-0.1292	-0.21974	1.7978	0	0
-0.41155	-0.34074	0	-0.37868	0.45443	1.0936	-0.36431	0.45368	1.7658	0	0
-0.41155	-0.34074	0	-0.22515	-0.60134	1.8261	-0.1292	-0.21974	1.7978	0	0
-0.087748	-0.21784	0.015999	-0.37868	0.45443	1.0936	0.077885	0.65153	1.042	0	0
-0.087748	-0.21784	0.015999	0.077885	0.65153	1.042	0.58995	0.54246	1.7331	0	0
-0.087748	-0.21784	0.015999	-0.1292	-0.21974	1.7978	0.58995	0.54246	1.7331	0	0
-0.37868	0.45443	0.0673	0.077885	0.65153	1.042	0.090202	1.1281	1.0615	0	0
-0.37868	0.45443	0.0673	-0.36431	0.45368	1.7658	-0.23335	1.161	2.1406	0	0
-0.37868	0.45443	0.0673	0.090202	1.1281	1.0615	-0.23335	1.161	2.1406	0	0
-0.22515	-0.60134	0.79975	-0.1292	-0.21974	1.7978	0.21832	-0.029304	2.3827	0	0
-0.22515	-0.60134	0.79975	-0.15305	-0.60444	2.5182	0.21832	-0.029304	2.3827	0	0
0.077885	0.65153	0.015633	0.090202	1.1281	1.0615	0.65045	1.0875	1.0299	0	0
0.077885	0.65153	0.015633	0.65045	1.0875	1.0299	0.58995	0.54246	1.7331	0	0
-0.1292	-0.21974	0.77145	-0.36431	0.45368	1.7658	-0.53225	-0.15794	2.129	0	0
-0.1292	-0.21974	0.77145	-0.36431	0.45368	1.7658	0.17911	0.61674	1.8577	0	0
-0.1292	-0.21974	0.77145	-0.53225	-0.15794	2.129	-0.15305	-0.60444	2.5182	0	0
-0.1292	-0.21974	0.77145	0.58995	0.54246	1.7331	0.21832	-0.029304	2.3827	0	0
-0.36431	0.45368	0.7395	-0.53225	-0.15794	2.129	-0.33152	0.41281	2.5918	0	0
-0.36431	0.45368	0.7395	-0.33152	0.41281	2.5918	-0.23335	1.161	2.1406	0	0
0.090202	1.1281	0.03515	0.65045	1.0875	1.0299	0.2262	1.2084	1.817	0	0
0.090202	1.1281	0.03515	0.2262	1.2084	1.817	-0.23335	1.161	2.1406	0	0
-0.53225	-0.15794	1.1027	-0.33152	0.41281	2.5918	-0.13415	-0.24834	3.0499	0	0
0.65045	1.0875	0.003549	0.58995	0.54246	1.7331	0.65255	1.1118	1.7913	0	0
0.65045	1.0875	0.003549	0.2262	1.2084	1.817	0.65255	1.1118	1.7913	0	0
0.58995	0.54246	0.7068	0.17911	0.61674	1.8577	0.21832	-0.029304	2.3827	0	0
0.58995	0.54246	0.7068	0.17911	0.61674	1.8577	0.65255	1.1118	1.7913	0	0
0.17911	0.61674	0.83138	0.21832	-0.029304	2.3827	0.1928	0.65786	2.5434	0	0
0.17911	0.61674	0.83138	0.2262	1.2084	1.817	0.65255	1.1118	1.7913	0	0
0.17911	0.61674	0.83138	0.2262	1.2084	1.817	-0.23335	1.161	2.1406	0	0
0.17911	0.61674	0.83138	0.1928	0.65786	2.5434	-0.23335	1.161	2.1406	0	0
-0.15305	-0.60444	1.4919	0.21832	-0.029304	2.3827	-0.13415	-0.24834	3.0499	0	0
-0.15305	-0.60444	1.4919	-0.13415	-0.24834	3.0499	-0.20925	-0.38654	3.2845	0	0
0.21832	-0.029304	1.3563	0.1928	0.65786	2.5434	0.019302	0.37346	3.2258	0	0
0.21832	-0.029304	1.3563	-0.13415	-0.24834	3.0499	0.019302	0.37346	3.2258	0	0
-0.33152	0.41281	1.5654	0.019302	0.37346	3.2258	-0.19325	0.5944	3.2322	0	0
-0.33152	0.41281	1.5654	-0.19325	0.5944	3.2322	-0.24735	1.2865	3.1824	0	0
-0.33152	0.41281	1.5654	-0.23335	1.161	2.1406	-0.24735	1.2865	3.1824	0	0
0.1928	0.65786	1.5171	0.19635	1.1336	2.5602	0.59565	1.1524	2.462	0	0
0.1928	0.65786	1.5171	0.19635	1.1336	2.5602	-0.23335	1.161	2.1406	0	0
0.1928	0.65786	1.5171	0.59565	1.1524	2.462	0.58445	0.89706	3.0215	0	0
0.1928	0.65786	1.5171	0.019302	0.37346	3.2258	0.58445	0.89706	3.0215	0	0
-0.13415	-0.24834	2.0236	-0.20925	-0.38654	3.2845	0.019302	0.37346	3.2258	0	0
0.19635	1.1336	1.5339	0.58445	0.89706	3.0215	0.088202	1.1438	3.2618	0	0
0.19635	1.1336	1.5339	0.088202	1.1438	3.2618	-0.24735	1.2865	3.1824	0	0
0.19635	1.1336	1.5339	-0.23335	1.161	2.1406	-0.24735	1.2865	3.1824	0	0
-0.20925	-0.38654	2.2582	0.019302	0.37346	3.2258	-0.16545	-0.28084	4.0561	0	0
-0.20925	-0.38654	2.2582	-0.35048	-0.63784	3.8856	-0.16545	-0.28084	4.0561	0	0
0.019302	0.37346	2.1995	-0.19325	0.5944	3.2322	0.19198	0.45409	3.8968	0	0
0.019302	0.37346	2.1995	0.58445	0.89706	3.0215	0.5727	0.89226	3.8548	0	0
0.019302	0.37346	2.1995	-0.16545	-0.28084	4.0561	0.19198	0.45409	3.8968	0	0
-0.19325	0.5944	2.2059	0.19198	0.45409	3.8968	-0.17965	0.74516	4.0608	0	0
-0.19325	0.5944	2.2059	-0.24735	1.2865	3.1824	-0.17965	0.74516	4.0608	0	0
0.58445	0.89706	1.9952	0.088202	1.1438	3.2618	0.5727	0.89226	3.8548	0	0
0.088202	1.1438	2.2354	-0.24735	1.2865	3.1824	0.11245	1.1443	4.0705	0	0
0.088202	1.1438	2.2354	0.5727	0.89226	3.8548	0.11245	1.1443	4.0705	0	0
-0.35048	-0.63784	2.8592	-0.16545	-0.28084	4.0561	-0.2666	-0.57164	4.7374	0	0
-0.16545	-0.28084	3.0298	0.19198	0.45409	3.8968	0.12835	-0.030738	4.352	0	0
-0.16545	-0.28084	3.0298	0.12835	-0.030738	4.352	-0.15805	-0.24374	4.5619	0	0
-0.16545	-0.28084	3.0298	-0.15805	-0.24374	4.5619	-0.2666	-0.57164	4.7374	0	0
0.19198	0.45409	2.8704	0.5727	0.89226	3.8548	0.2311	0.63296	4.6118	0	0
0.19198	0.45409	2.8704	-0.17965	0.74516	4.0608	-0.1763	0.49556	4.57	0	0
0.19198	0.45409	2.8704	0.12835	-0.030738	4.352	0.2311	0.63296	4.6118	0	0
-0.24735	1.2865	2.1561	-0.17965	0.74516	4.0608	-0.41335	1.134	4.6148	0	0
-0.24735	1.2865	2.1561	0.11245	1.1443	4.0705	-0.41335	1.134	4.6148	0	0
0.5727	0.89226	2.8285	0.11245	1.1443	4.0705	0.23795	1.2918	4.5479	0	0
0.5727	0.89226	2.8285	0.2311	0.63296	4.6118	0.60185	0.89616	4.6843	0	0
0.5727	0.89226	2.8285	0.23795	1.2918	4.5479	0.60185	0.89616	4.6843	0	0
-0.17965	0.74516	3.0345	-0.1763	0.49556	4.57	-0.41335	1.134	4.6148	0	0
0.12835	-0.030738	3.3257	-0.1763	0.49556	4.57	-0.15805	-0.24374	4.5619	0	0
0.12835	-0.030738	3.3257	0.2311	0.63296	4.6118	-0.13315	-0.26594	5.0635	0	0
0.11245	1.1443	3.0442	-0.41335	1.134	4.6148	0.23795	1.2918	4.5479	0	0
-0.1763	0.49556	3.5437	-0.15805	-0.24374	4.5619	-0.13315	-0.26594	5.0635	0	0
-0.1763	0.49556	3.5437	-0.13315	-0.26594	5.0635	-0.39075	0.5507	5.3515	0	0
-0.1763	0.49556	3.5437	-0.41335	1.134	4.6148	-0.39075	0.5507	5.3515	0	0
-0.15805	-0.24374	3.5356	-0.2666	-0.57164	4.7374	-0.13315	-0.26594	5.0635	0	0
-0.2666	-0.57164	3.7111	-0.13315	-0.26594	5.0635	-0.40125	-0.59064	5.3859	0	0
0.2311	0.63296	3.5854	-0.13315	-0.26594	5.0635	0.035852	0.38686	5.6041	0	0
0.2311	0.63296	3.5854	0.035852	0.38686	5.6041	0.60185	0.89616	4.6843	0	0
-0.13315	-0.26594	4.0372	-0.36955	-0.2854	5.3799	-0.40125	-0.59064	5.3859	0	0
-0.13315	-0.26594	4.0372	-0.36955	-0.2854	5.3799	0.035852	0.38686	5.6041	0	0
-0.41335	1.134	3.5884	0.23795	1.2918	4.5479	-0.40672	1.1238	5.295	0	0
-0.41335	1.134	3.5884	-0.39075	0.5507	5.3515	-0.40672	1.1238	5.295	0	0
0.23795	1.2918	3.5216	0.2735	1.0969	5.3112	0.60185	0.89616	4.6843	0	0
0.23795	1.2918	3.5216	0.2735	1.0969	5.3112	-0.40672	1.1238	5.295	0	0
-0.36955	-0.2854	4.3535	-0.40125	-0.59064	5.3859	-0.32761	-0.32944	6.058	0	0
-0.36955	-0.2854	4.3535	0.035852	0.38686	5.6041	-0.32761	-0.32944	6.058	0	0
-0.40125	-0.59064	4.3596	-0.32761	-0.32944	6.058	-0.45215	-0.71554	6.0998	0	0
-0.39075	0.5507	4.3252	0.035852	0.38686	5.6041	0.2735	1.0969	5.3112	0	0
-0.39075	0.5507	4.3252	0.2735	1.0969	5.3112	-0.40672	1.1238	5.295	0	0
0.035852	0.38686	4.5778	0.2735	1.0969	5.3112	0.32645	1.112	6.0266	0	0
0.035852	0.38686	4.5778	-0.32761	-0.32944	6.058	-0.1037	0.50781	6.0765	0	0
0.035852	0.38686	4.5778	0.32645	1.112	6.0266	-0.1037	0.50781	6.0765	0	0
0.2735	1.0969	4.2849	0.60185	0.89616	4.6843	0.32645	1.112	6.0266	0	0
-0.32761	-0.32944	5.0317	-0.45215	-0.71554	6.0998	-0.3167	-0.29826	6.6523	0	0
-0.32761	-0.32944	5.0317	-0.1037	0.50781	6.0765	-0.3167	-0.29826	6.6523	0	0
0.32645	1.112	5.0003	-0.1037	0.50781	6.0765	0.30095	1.1021	6.8031	0	0
-0.45215	-0.71554	5.0735	-0.3167	-0.29826	6.6523	-0.59195	-0.91369	6.7385	0	0
-0.1037	0.50781	5.0502	-0.3167	-0.29826	6.6523	-0.13598	0.39563	6.7364	0	0
-0.1037	0.50781	5.0502	-0.13598	0.39563	6.7364	0.30095	1.1021	6.8031	0	0
-0.3167	-0.29826	5.6259	-0.13598	0.39563	6.7364	-0.42788	-0.25034	7.4039	0	0
-0.3167	-0.29826	5.6259	-0.59195	-0.91369	6.7385	-0.42788	-0.25034	7.4039	0	0
-0.13598	0.39563	5.7101	0.30095	1.1021	6.8031	-0.11615	0.77816	7.5529	0	0
-0.13598	0.39563	5.7101	-0.42788	-0.25034	7.4039	-0.11615	0.77816	7.5529	0	0
-0.59195	-0.91369	5.7121	-0.42788	-0.25034	7.4039	-0.56585	-0.73734	7.548	0	0
-0.59195	-0.91369	5.7121	-0.94701	-1.0701	7.415	-0.56585	-0.73734	7.548	0	0
0.30095	1.1021	5.7767	-0.11615	0.77816	7.5529	0.2734	1.0952	7.5373	0	0
-0.42788	-0.25034	6.3776	-0.56585	-0.73734	7.548	-0.4124	-0.22374	8.0443	0	0
-0.42788	-0.25034	6.3776	-0.54988	0.3956	7.5862	-0.11615	0.77816	7.5529	0	0
-0.42788	-0.25034	6.3776	-0.54988	0.3956	7.5862	-0.4124	-0.22374	8.0443	0	0
-0.94701	-1.0701	6.3887	-0.56585	-0.73734	7.548	-0.62795	-0.78214	8.0021	0	0
-0.94701	-1.0701	6.3887	-0.62795	-0.78214	8.0021	-1.0538	-0.90764	8.1021	0	0
-0.56585	-0.73734	6.5217	-0.4124	-0.22374	8.0443	-0.62795	-0.78214	8.0021	0	0
-0.54988	0.3956	6.5599	-0.11615	0.77816	7.5529	-0.51378	1.1669	7.4114	0	0
-0.54988	0.3956	6.5599	-0.51378	1.1669	7.4114	-0.4791	1.2056	8.0208	0	0
-0.54988	0.3956	6.5599	-0.4124	-0.22374	8.0443	-0.4438	0.46864	8.0486	0	0
-0.54988	0.3956	6.5599	-0.4438	0.46864	8.0486	-0.4791	1.2056	8.0208	0	0
-0.11615	0.77816	6.5266	-0.51378	1.1669	7.4114	0.2734	1.0952	7.5373	0	0
-0.51378	1.1669	6.385	0.2734	1.0952	7.5373	0.026352	1.5502	7.4657	0	0
-0.51378	1.1669	6.385	0.026352	1.5502	7.4657	-0.28695	1.5502	7.7489	0	0
-0.51378	1.1669	6.385	-0.28695	1.5502	7.7489	-0.4791	1.2056	8.0208	0	0
0.2734	1.0952	6.511	-0.4124	-0.22374	8.0443	0.2581	1.0921	8.0847	0	0
0.2734	1.0952	6.511	0.026352	1.5502	7.4657	0.2581	1.0921	8.0847	0	0
-0.4124	-0.22374	7.0179	-0.62795	-0.78214	8.0021	-0.89135	-0.40644	8.3197	0	0
-0.4124	-0.22374	7.0179	-0.4438	0.46864	8.0486	-0.89135	-0.40644	8.3197	0	0
-0.4124	-0.22374	7.0179	0.2581	1.0921	8.0847	0.18565	0.81736	8.7878	0	0
-0.4124	-0.22374	7.0179	0.18565	0.81736	8.7878	-0.4245	-0.22426	8.8192	0	0
-0.62795	-0.78214	6.9758	-1.0538	-0.90764	8.1021	-0.89135	-0.40644	8.3197	0	0
-0.4438	0.46864	7.0223	-0.4791	1.2056	8.0208	-0.46324	0.48506	8.815	0	0
-0.4438	0.46864	7.0223	-0.89135	-0.40644	8.3197	-0.46324	0.48506	8.815	0	0
-1.0538	-0.90764	7.0758	-0.89135	-0.40644	8.3197	-0.54655	-0.74849	8.802	0	0
-1.0538	-0.90764	7.0758	-0.54655	-0.74849	8.802	-0.85995	-1.0273	9.7054	0	0
0.026352	1.5502	6.4394	-0.28695	1.5502	7.7489	-0.034448	1.5586	8.1141	0	0
0.026352	1.5502	6.4394	0.2581	1.0921	8.0847	-0.034448	1.5586	8.1141	0	0
-0.28695	1.5502	6.7226	-0.31265	1.5695	7.8874	-0.4791	1.2056	8.0208	0	0
-0.28695	1.5502	6.7226	-0.31265	1.5695	7.8874	-0.034448	1.5586	8.1141	0	0
0.2581	1.0921	7.0584	-0.034448	1.5586	8.1141	0.038052	1.586	8.4944	0	0
0.2581	1.0921	7.0584	0.038052	1.586	8.4944	0.15865	1.3202	8.8175	0	0
0.2581	1.0921	7.0584	0.18565	0.81736	8.7878	0.15865	1.3202	8.8175	0	0
-0.31265	1.5695	6.8611	-0.4791	1.2056	8.0208	-0.16725	1.5609	8.5345	0	0
-0.31265	1.5695	6.8611	-0.034448	1.5586	8.1141	-0.16725	1.5609	8.5345	0	0
-0.4791	1.2056	6.9945	-0.16725	1.5609	8.5345	-0.43757	1.192	8.8144	0	0
-0.4791	1.2056	6.9945	-0.46324	0.48506	8.815	-0.43757	1.192	8.8144	0	0
-0.89135	-0.40644	7.2934	-0.54655	-0.74849	8.802	-0.4245	-0.22426	8.8192	0	0
-0.89135	-0.40644	7.2934	-0.4245	-0.22426	8.8192	-0.46324	0.48506	8.815	0	0
-0.034448	1.5586	7.0878	0.038052	1.586	8.4944	-0.16725	1.5609	8.5345	0	0
0.038052	1.586	7.4681	-0.16725	1.5609	8.5345	-0.2822	1.5457	9.3801	0	0
0.038052	1.586	7.4681	0.15865	1.3202	8.8175	-0.2822	1.5457	9.3801	0	0
-0.16725	1.5609	7.5082	-0.43757	1.192	8.8144	-0.2822	1.5457	9.3801	0	0
0.18565	0.81736	7.7615	-0.4245	-0.22426	8.8192	0.099852	0.53146	9.6678	0	0
0.18565	0.81736	7.7615	0.15865	1.3202	8.8175	0.1686	1.0787	9.5365	0	0
0.18565	0.81736	7.7615	0.1686	1.0787	9.5365	0.099852	0.53146	9.6678	0	0
-0.54655	-0.74849	7.7756	-0.4245	-0.22426	8.8192	-0.54215	-0.73694	9.5497	0	0
-0.54655	-0.74849	7.7756	-0.54215	-0.73694	9.5497	-0.85995	-1.0273	9.7054	0	0
-0.4245	-0.22426	7.7929	-0.54215	-0.73694	9.5497	-0.40325	-0.23239	9.5557	0	0
-0.4245	-0.22426	7.7929	-0.40325	-0.23239	9.5557	0.099852	0.53146	9.6678	0	0
-0.46324	0.48506	7.7886	-0.43757	1.192	8.8144	-0.50717	0.49754	9.5691	0	0
-0.46324	0.48506	7.7886	-0.40325	-0.23239	9.5557	-0.50717	0.49754	9.5691	0	0
-0.43757	1.192	7.7881	-0.2822	1.5457	9.3801	-0.4315	1.1788	9.5592	0	0
-0.43757	1.192	7.7881	-0.50717	0.49754	9.5691	-0.4315	1.1788	9.5592	0	0
0.15865	1.3202	7.7912	-0.2822	1.5457	9.3801	0.1686	1.0787	9.5365	0	0
-0.54215	-0.73694	8.5234	-0.40325	-0.23239	9.5557	-0.39457	-0.35364	10.274	0	0
-0.54215	-0.73694	8.5234	-0.85995	-1.0273	9.7054	-0.65628	-0.8273	10.225	0	0
-0.54215	-0.73694	8.5234	-0.65628	-0.8273	10.225	-0.39457	-0.35364	10.274	0	0
-0.40325	-0.23239	8.5294	-0.50717	0.49754	9.5691	-0.50472	0.53016	10.263	0	0
-0.40325	-0.23239	8.5294	-0.39457	-0.35364	10.274	-0.50472	0.53016	10.263	0	0
-0.2822	1.5457	8.3537	0.1686	1.0787	9.5365	-0.016698	1.5936	10.331	0	0
-0.2822	1.5457	8.3537	-0.4315	1.1788	9.5592	-0.25145	1.5798	10.313	0	0
-0.2822	1.5457	8.3537	-0.25145	1.5798	10.313	-0.016698	1.5936	10.331	0	0
0.1686	1.0787	8.5102	0.099852	0.53146	9.6678	0.23665	0.83626	10.139	0	0
0.1686	1.0787	8.5102	0.23665	0.83626	10.139	0.10795	1.333	10.31	0	0
0.1686	1.0787	8.5102	-0.016698	1.5936	10.331	0.10795	1.333	10.31	0	0
-0.50717	0.49754	8.5427	-0.4315	1.1788	9.5592	-0.50472	0.53016	10.263	0	0
0.099852	0.53146	8.6415	-0.39457	-0.35364	10.274	0.23665	0.83626	10.139	0	0
-0.65628	-0.8273	9.1986	-0.39457	-0.35364	10.274	-0.42485	-0.68119	11.11	0	0
-0.39457	-0.35364	9.2478	0.23665	0.83626	10.139	0.17135	0.54336	11.136	0	0
-0.39457	-0.35364	9.2478	-0.50472	0.53016	10.263	-0.35848	-0.20897	10.899	0	0
-0.39457	-0.35364	9.2478	-0.35848	-0.20897	10.899	-0.42485	-0.68119	11.11	0	0
-0.4315	1.1788	8.5329	-0.50472	0.53016	10.263	-0.4806	1.1799	10.32	0	0
-0.4315	1.1788	8.5329	-0.4806	1.1799	10.32	-0.25145	1.5798	10.313	0	0
0.23665	0.83626	9.1124	0.10795	1.333	10.31	0.21739	1.0475	10.913	0	0
0.23665	0.83626	9.1124	0.21739	1.0475	10.913	0.17135	0.54336	11.136	0	0
-0.50472	0.53016	9.2364	-0.4806	1.1799	10.32	-0.40839	0.43862	10.972	0	0
-0.50472	0.53016	9.2364	-0.35848	-0.20897	10.899	-0.40839	0.43862	10.972	0	0
-0.4806	1.1799	9.2938	-0.25145	1.5798	10.313	-0.36515	1.6128	11.053	0	0
-0.4806	1.1799	9.2938	-0.36515	1.6128	11.053	-0.52258	1.2767	11.081	0	0
-0.4806	1.1799	9.2938	-0.52258	1.2767	11.081	-0.40839	0.43862	10.972	0	0
-0.35848	-0.20897	9.8729	-0.40839	0.43862	10.972	-0.3805	-0.25454	11.548	0	0
-0.35848	-0.20897	9.8729	-0.42485	-0.68119	11.11	-0.3805	-0.25454	11.548	0	0
-0.25145	1.5798	9.2866	-0.016698	1.5936	10.331	-0.36515	1.6128	11.053	0	0
-0.016698	1.5936	9.3044	0.10795	1.333	10.31	-0.012848	1.6031	11.064	0	0
-0.016698	1.5936	9.3044	-0.012848	1.6031	11.064	-0.36515	1.6128	11.053	0	0
0.10795	1.333	9.284	0.21739	1.0475	10.913	-0.012848	1.6031	11.064	0	0
0.21739	1.0475	9.8871	-0.012848	1.6031	11.064	0.2639	1.1164	11.541	0	0
0.21739	1.0475	9.8871	0.17135	0.54336	11.136	0.2639	1.1164	11.541	0	0
-0.36515	1.6128	10.026	-0.52258	1.2767	11.081	-0.51385	1.2237	11.577	0	0
-0.52258	1.2767	10.054	-0.40839	0.43862	10.972	-0.47425	0.49099	11.542	0	0
-0.52258	1.2767	10.054	-0.47425	0.49099	11.542	-0.51385	1.2237	11.577	0	0
-0.40839	0.43862	9.946	-0.3805	-0.25454	11.548	-0.47425	0.49099	11.542	0	0
0.17135	0.54336	10.11	0.14235	0.54886	11.383	0.2639	1.1164	11.541	0	0
-0.42485	-0.68119	10.083	-0.3805	-0.25454	11.548	-0.73568	-0.83094	11.678	0	0
-0.3805	-0.25454	10.522	-0.73568	-0.83094	11.678	-0.96105	-0.55514	11.959	0	0
-0.3805	-0.25454	10.522	-0.47425	0.49099	11.542	-0.45897	0.4671	12.308	0	0
-0.3805	-0.25454	10.522	-0.96105	-0.55514	11.959	-0.37735	-0.30974	12.377	0	0
-0.3805	-0.25454	10.522	-0.37735	-0.30974	12.377	-0.45897	0.4671	12.308	0	0
-0.73568	-0.83094	10.652	-0.96105	-0.55514	11.959	-0.86515	-0.80664	12.027	0	0
-0.47425	0.49099	10.516	-0.51385	1.2237	11.577	-0.46937	1.2148	12.265	0	0
-0.47425	0.49099	10.516	-0.45897	0.4671	12.308	-0.46937	1.2148	12.265	0	0
-0.96105	-0.55514	10.932	-0.86515	-0.80664	12.027	-0.37735	-0.30974	12.377	0	0
-0.86515	-0.80664	11.001	-0.68505	-0.91876	12.451	-0.37735	-0.30974	12.377	0	0
-0.68505	-0.91876	11.424	-0.37735	-0.30974	12.377	-0.6718	-0.79579	12.916	0	0
-0.37735	-0.30974	11.351	-0.45897	0.4671	12.308	-0.45517	0.47934	13.071	0	0
-0.37735	-0.30974	11.351	-0.6718	-0.79579	12.916	-0.38811	-0.35657	12.961	0	0
-0.37735	-0.30974	11.351	-0.38811	-0.35657	12.961	-0.45517	0.47934	13.071	0	0
-0.45897	0.4671	11.282	-0.46937	1.2148	12.265	-0.3675	1.1734	13.003	0	0
-0.45897	0.4671	11.282	-0.45517	0.47934	13.071	-0.3675	1.1734	13.003	0	0
-0.6718	-0.79579	11.89	-0.38811	-0.35657	12.961	-0.42152	-0.31249	13.655	0	0
-0.6718	-0.79579	11.89	-0.42152	-0.31249	13.655	-0.48425	-0.71459	13.816	0	0
-0.38811	-0.35657	11.934	-0.45517	0.47934	13.071	-0.42152	-0.31249	13.655	0	0
-0.46937	1.2148	11.239	0.3201	1.1734	12.319	0.44915	1.7967	12.608	0	0
-0.46937	1.2148	11.239	-0.3675	1.1734	13.003	0.27305	1.7982	12.942	0	0
-0.46937	1.2148	11.239	0.44915	1.7967	12.608	0.27305	1.7982	12.942	0	0
-0.45517	0.47934	12.045	-0.3675	1.1734	13.003	-0.41085	1.0843	13.778	0	0
-0.45517	0.47934	12.045	-0.42152	-0.31249	13.655	-0.4279	0.48226	13.809	0	0
-0.45517	0.47934	12.045	-0.4279	0.48226	13.809	-0.41085	1.0843	13.778	0	0
-0.3675	1.1734	11.976	0.27305	1.7982	12.942	0.2212	1.1343	13.055	0	0
-0.42152	-0.31249	12.628	-0.48425	-0.71459	13.816	-0.34132	-0.30249	14.365	0	0
-0.42152	-0.31249	12.628	-0.4279	0.48226	13.809	-0.34132	-0.30249	14.365	0	0
-0.48425	-0.71459	12.79	-0.34132	-0.30249	14.365	-0.3805	-0.66844	14.533	0	0
-0.4279	0.48226	12.782	-0.34132	-0.30249	14.365	-0.45917	0.47431	14.571	0	0
-0.4279	0.48226	12.782	-0.41085	1.0843	13.778	-0.43095	1.0746	14.544	0	0
-0.4279	0.48226	12.782	-0.45917	0.47431	14.571	-0.43095	1.0746	14.544	0	0
-0.34132	-0.30249	13.339	-0.3805	-0.66844	14.533	-0.88565	-0.52164	15.158	0	0
-0.34132	-0.30249	13.339	-0.45917	0.47431	14.571	-0.88565	-0.52164	15.158	0	0
-0.3805	-0.66844	13.506	-0.45015	-0.71134	15.077	-0.88565	-0.52164	15.158	0	0
-0.45917	0.47431	13.544	-0.88565	-0.52164	15.158	-0.42075	0.48256	15.058	0	0
-0.45917	0.47431	13.544	-0.43095	1.0746	14.544	-0.42075	0.48256	15.058	0	0
-0.45015	-0.71134	14.05	-0.88565	-0.52164	15.158	-0.96415	-0.59844	15.237	0	0
-0.45015	-0.71134	14.05	-0.96415	-0.59844	15.237	-0.41911	-0.86022	15.823	0	0
-0.88565	-0.52164	14.132	-0.96415	-0.59844	15.237	-0.9813	-0.23194	15.939	0	0
-0.88565	-0.52164	14.132	-0.42075	0.48256	15.058	-0.9813	-0.23194	15.939	0	0
-0.36742	-0.36009	14.155	-0.42075	0.48256	15.058	0.16885	0.67156	15.048	0	0
-0.96415	-0.59844	14.211	-0.41911	-0.86022	15.823	-0.88385	-0.74594	16.35	0	0
-0.96415	-0.59844	14.211	-0.88385	-0.74594	16.35	-0.9813	-0.23194	15.939	0	0
-0.43095	1.0746	13.518	-0.42075	0.48256	15.058	-0.24235	1.0866	15.056	0	0
-0.42075	0.48256	14.032	0.16885	0.67156	15.048	-0.24235	1.0866	15.056	0	0
-0.42075	0.48256	14.032	-0.2845	1.1115	15.833	-0.41087	0.47619	15.805	0	0
-0.42075	0.48256	14.032	-0.41087	0.47619	15.805	-0.9813	-0.23194	15.939	0	0
0.16885	0.67156	14.021	-0.24235	1.0866	15.056	0.038752	1.0985	14.99	0	0
-0.2845	1.1115	14.806	0.086652	1.0978	15.893	-0.40285	1.0613	16.442	0	0
-0.2845	1.1115	14.806	-0.41087	0.47619	15.805	-0.40285	1.0613	16.442	0	0
0.15923	0.66041	14.794	0.086652	1.0978	15.893	0.19095	0.60506	16.561	0	0
0.086652	1.0978	14.867	-0.40285	1.0613	16.442	0.098052	1.2044	16.563	0	0
0.086652	1.0978	14.867	0.098052	1.2044	16.563	0.19095	0.60506	16.561	0	0
-0.41087	0.47619	14.779	-0.33885	0.3976	16.548	-0.40285	1.0613	16.442	0	0
-0.41087	0.47619	14.779	-0.33885	0.3976	16.548	-0.9813	-0.23194	15.939	0	0
-0.41911	-0.86022	14.797	-0.88385	-0.74594	16.35	-0.40575	-0.89959	16.375	0	0
0.0025521	-0.12704	15.073	-0.3584	-0.28179	16.533	-0.13335	-0.68374	16.621	0	0
0.0025521	-0.12704	15.073	-0.3584	-0.28179	16.533	-0.33885	0.3976	16.548	0	0
0.0025521	-0.12704	15.073	-0.13335	-0.68374	16.621	0.14772	-0.31664	17.336	0	0
0.0025521	-0.12704	15.073	-0.33885	0.3976	16.548	0.19095	0.60506	16.561	0	0
0.0025521	-0.12704	15.073	0.19095	0.60506	16.561	0.14772	-0.31664	17.336	0	0
-0.88385	-0.74594	15.324	-0.40575	-0.89959	16.375	-0.62545	-0.83467	17.168	0	0
-0.88385	-0.74594	15.324	-0.3584	-0.28179	16.533	-0.97425	-0.35344	16.392	0	0
-0.88385	-0.74594	15.324	-0.62545	-0.83467	17.168	-0.8889	-0.31899	17.315	0	0
-0.88385	-0.74594	15.324	-0.9813	-0.23194	15.939	-0.97425	-0.35344	16.392	0	0
-0.40575	-0.89959	15.348	-0.13335	-0.68374	16.621	-0.62545	-0.83467	17.168	0	0
-0.3584	-0.28179	15.506	-0.13335	-0.68374	16.621	-0.62545	-0.83467	17.168	0	0
-0.3584	-0.28179	15.506	-0.33885	0.3976	16.548	-0.97425	-0.35344	16.392	0	0
-0.3584	-0.28179	15.506	-0.62545	-0.83467	17.168	-0.42971	-0.24287	17.25	0	0
-0.13335	-0.68374	15.594	0.14772	-0.31664	17.336	0.13693	-0.69866	17.265	0	0
-0.33885	0.3976	15.521	-0.40285	1.0613	16.442	-0.38725	0.43935	17.265	0	0
-0.33885	0.3976	15.521	-0.42971	-0.24287	17.25	-0.38725	0.43935	17.265	0	0
-0.33885	0.3976	15.521	-0.9813	-0.23194	15.939	-0.97425	-0.35344	16.392	0	0
-0.40285	1.0613	15.416	0.098052	1.2044	16.563	-0.15665	1.2386	17.304	0	0
-0.40285	1.0613	15.416	-0.38725	0.43935	17.265	-0.15665	1.2386	17.304	0	0
0.098052	1.2044	15.537	0.19095	0.60506	16.561	0.2491	0.60551	17.313	0	0
0.098052	1.2044	15.537	0.2491	0.60551	17.313	0.062652	1.2484	17.309	0	0
0.098052	1.2044	15.537	-0.15665	1.2386	17.304	0.062652	1.2484	17.309	0	0
-0.62545	-0.83467	16.142	-0.8889	-0.31899	17.315	-0.29075	-0.65094	18.07	0	0
-0.62545	-0.83467	16.142	-0.29075	-0.65094	18.07	0.13693	-0.69866	17.265	0	0
-0.42971	-0.24287	16.224	-0.38725	0.43935	17.265	-0.62165	0.4732	17.91	0	0
-0.42971	-0.24287	16.224	-0.55715	-0.25834	18.062	-0.62165	0.4732	17.91	0	0
-0.42971	-0.24287	16.224	-0.55715	-0.25834	18.062	-0.29075	-0.65094	18.07	0	0
-0.38725	0.43935	16.239	0.2491	0.60551	17.313	-0.15665	1.2386	17.304	0	0
-0.38725	0.43935	16.239	-0.62165	0.4732	17.91	-0.38205	1.0578	18.07	0	0
0.19095	0.60506	15.535	0.2491	0.60551	17.313	0.14772	-0.31664	17.336	0	0
-0.8889	-0.31899	16.288	-0.9936	0.070962	17.954	-0.34635	-0.56554	18.285	0	0
-0.8889	-0.31899	16.288	-0.29075	-0.65094	18.07	-0.34635	-0.56554	18.285	0	0
0.2491	0.60551	16.286	0.062652	1.2484	17.309	0.10355	1.2579	18.077	0	0
0.2491	0.60551	16.286	0.10355	1.2579	18.077	0.21259	0.4143	18.048	0	0
0.2491	0.60551	16.286	0.21259	0.4143	18.048	0.14772	-0.31664	17.336	0	0
-0.15665	1.2386	16.278	0.062652	1.2484	17.309	-0.073448	1.5697	17.597	0	0
0.062652	1.2484	16.282	-0.073448	1.5697	17.597	0.10355	1.2579	18.077	0	0
-0.9936	0.070962	16.928	-0.55715	-0.25834	18.062	-0.62165	0.4732	17.91	0	0
-0.9936	0.070962	16.928	-0.62165	0.4732	17.91	-0.57545	0.52846	18.614	0	0
-0.073448	1.5697	16.57	0.10355	1.2579	18.077	-0.23995	1.5602	18.699	0	0
-0.62165	0.4732	16.884	-0.38205	1.0578	18.07	-0.57545	0.52846	18.614	0	0
-0.38205	1.0578	17.044	-0.57545	0.52846	18.614	-0.45155	1.1916	18.521	0	0
0.10355	1.2579	17.05	0.21259	0.4143	18.048	0.16085	1.0296	18.564	0	0
0.10355	1.2579	17.05	-0.23995	1.5602	18.699	0.16085	1.0296	18.564	0	0
0.022952	-0.076438	17.013	0.21259	0.4143	18.048	0.14772	-0.31664	17.336	0	0
0.022952	-0.076438	17.013	0.21259	0.4143	18.048	0.083602	0.26871	18.527	0	0
0.022952	-0.076438	17.013	-0.29075	-0.65094	18.07	-0.34635	-0.56554	18.285	0	0
0.022952	-0.076438	17.013	-0.29075	-0.65094	18.07	0.14772	-0.31664	17.336	0	0
0.022952	-0.076438	17.013	-0.34635	-0.56554	18.285	-0.33482	-0.38494	18.527	0	0
0.022952	-0.076438	17.013	-0.33482	-0.38494	18.527	0.083602	0.26871	18.527	0	0
0.21259	0.4143	17.022	0.083602	0.26871	18.527	0.16085	1.0296	18.564	0	0
-0.29075	-0.65094	17.044	0.14772	-0.31664	17.336	0.13693	-0.69866	17.265	0	0
-0.34635	-0.56554	17.259	-0.33482	-0.38494	18.527	-0.30967	-0.65984	19.43	0	0
-0.33482	-0.38494	17.501	0.083602	0.26871	18.527	-0.3333	-0.25534	19.303	0	0
-0.33482	-0.38494	17.501	-0.3333	-0.25534	19.303	-0.30967	-0.65984	19.43	0	0
0.083602	0.26871	17.501	0.16085	1.0296	18.564	0.012912	0.41294	19.344	0	0
0.083602	0.26871	17.501	-0.3333	-0.25534	19.303	0.012912	0.41294	19.344	0	0
-0.57545	0.52846	17.588	-0.45155	1.1916	18.521	-0.46765	1.1308	19.26	0	0
-0.57545	0.52846	17.588	-0.3333	-0.25534	19.303	-0.70147	0.45576	19.303	0	0
-0.57545	0.52846	17.588	-0.70147	0.45576	19.303	-0.46765	1.1308	19.26	0	0
-0.45155	1.1916	17.494	-0.23995	1.5602	18.699	-0.46765	1.1308	19.26	0	0
-0.23995	1.5602	17.673	0.16085	1.0296	18.564	0.26243	1.0638	19.343	0	0
-0.23995	1.5602	17.673	-0.46765	1.1308	19.26	-0.2114	1.6082	19.361	0	0
-0.23995	1.5602	17.673	0.26243	1.0638	19.343	-0.015798	1.6102	19.449	0	0
-0.23995	1.5602	17.673	-0.2114	1.6082	19.361	-0.015798	1.6102	19.449	0	0
0.16085	1.0296	17.538	0.012912	0.41294	19.344	0.26243	1.0638	19.343	0	0
-0.3333	-0.25534	18.277	-0.30967	-0.65984	19.43	-0.35305	-0.28614	20.053	0	0
-0.3333	-0.25534	18.277	-0.70147	0.45576	19.303	-0.70195	0.43951	20.061	0	0
-0.3333	-0.25534	18.277	0.012912	0.41294	19.344	-0.35305	-0.28614	20.053	0	0
-0.3333	-0.25534	18.277	-0.70195	0.43951	20.061	-0.10255	0.48991	20.051	0	0
-0.30967	-0.65984	18.403	-0.35305	-0.28614	20.053	-0.2813	-0.69894	20.021	0	0
-0.70147	0.45576	18.277	-0.46765	1.1308	19.26	-0.501	1.2706	20.018	0	0
-0.70147	0.45576	18.277	-0.70195	0.43951	20.061	-0.501	1.2706	20.018	0	0
-0.46765	1.1308	18.234	-0.2114	1.6082	19.361	-0.501	1.2706	20.018	0	0
0.012912	0.41294	18.317	0.26243	1.0638	19.343	0.28835	1.1383	19.911	0	0
0.012912	0.41294	18.317	-0.35305	-0.28614	20.053	-0.10255	0.48991	20.051	0	0
0.012912	0.41294	18.317	-0.10255	0.48991	20.051	0.28835	1.1383	19.911	0	0
0.26243	1.0638	18.316	-0.015798	1.6102	19.449	0.28835	1.1383	19.911	0	0
-0.2114	1.6082	18.335	-0.015798	1.6102	19.449	-0.26135	1.6477	20.091	0	0
-0.2114	1.6082	18.335	-0.501	1.2706	20.018	-0.26135	1.6477	20.091	0	0
-0.015798	1.6102	18.423	0.045752	1.7212	20.087	-0.26135	1.6477	20.091	0	0
-0.015798	1.6102	18.423	0.045752	1.7212	20.087	0.28835	1.1383	19.911	0	0
-0.70195	0.43951	19.035	-0.501	1.2706	20.018	-0.44551	1.2559	20.727	0	0
-0.70195	0.43951	19.035	-0.48658	0.37955	20.803	-0.44551	1.2559	20.727	0	0
-0.70195	0.43951	19.035	-0.48658	0.37955	20.803	-1.3729	0.25606	21.372	0	0
-0.35305	-0.28614	19.026	-0.2813	-0.69894	20.021	-0.30075	-0.65276	20.777	0	0
-0.35305	-0.28614	19.026	-0.10255	0.48991	20.051	-0.38382	-0.26259	20.793	0	0
-0.35305	-0.28614	19.026	-0.30075	-0.65276	20.777	-0.38382	-0.26259	20.793	0	0
-0.10255	0.48991	19.024	0.28835	1.1383	19.911	0.051352	0.73821	20.576	0	0
-0.10255	0.48991	19.024	-0.38382	-0.26259	20.793	0.051352	0.73821	20.576	0	0
-0.501	1.2706	18.992	-0.26135	1.6477	20.091	-0.44551	1.2559	20.727	0	0
0.045752	1.7212	19.061	-0.26135	1.6477	20.091	-0.44551	1.2559	20.727	0	0
0.045752	1.7212	19.061	0.28835	1.1383	19.911	0.58715	1.316	20.14	0	0
0.045752	1.7212	19.061	-0.44551	1.2559	20.727	0.34502	1.172	20.878	0	0
0.045752	1.7212	19.061	0.58715	1.316	20.14	0.34502	1.172	20.878	0	0
0.28835	1.1383	18.885	0.58715	1.316	20.14	0.051352	0.73821	20.576	0	0
-0.30075	-0.65276	19.751	-0.38382	-0.26259	20.793	-0.423	-0.26574	21.556	0	0
-0.30075	-0.65276	19.751	-0.3939	-0.77024	21.538	-0.423	-0.26574	21.556	0	0
-0.38382	-0.26259	19.767	0.051352	0.73821	20.576	0.2381	0.44926	21.314	0	0
-0.38382	-0.26259	19.767	-0.423	-0.26574	21.556	0.2381	0.44926	21.314	0	0
-0.48658	0.37955	19.777	-0.44551	1.2559	20.727	-0.54335	1.2539	21.341	0	0
-0.48658	0.37955	19.777	-0.39635	0.5562	21.475	0.2381	0.44926	21.314	0	0
-0.48658	0.37955	19.777	-0.39635	0.5562	21.475	-1.3729	0.25606	21.372	0	0
-0.44551	1.2559	19.701	0.34502	1.172	20.878	-0.54335	1.2539	21.341	0	0
0.58715	1.316	19.114	0.051352	0.73821	20.576	0.656	1.2231	20.593	0	0
0.051352	0.73821	19.55	0.34502	1.172	20.878	0.656	1.2231	20.593	0	0
0.051352	0.73821	19.55	0.34502	1.172	20.878	0.2381	0.44926	21.314	0	0
-0.3939	-0.77024	20.511	-0.423	-0.26574	21.556	-0.59085	-0.65714	22.028	0	0
0.34502	1.172	19.851	-0.54335	1.2539	21.341	0.95315	1.598	21.969	0	0
0.34502	1.172	19.851	0.656	1.2231	20.593	0.85285	1.191	21.302	0	0
0.34502	1.172	19.851	0.3645	0.98856	21.495	0.85285	1.191	21.302	0	0
0.34502	1.172	19.851	0.3645	0.98856	21.495	0.2381	0.44926	21.314	0	0
-0.54335	1.2539	20.315	-0.25505	1.1246	22.068	0.95315	1.598	21.969	0	0
0.3645	0.98856	20.468	0.19025	1.0859	22.049	0.21475	0.67251	22.012	0	0
0.3645	0.98856	20.468	0.19025	1.0859	22.049	0.95315	1.598	21.969	0	0
0.3645	0.98856	20.468	0.85285	1.191	21.302	0.95315	1.598	21.969	0	0
0.3645	0.98856	20.468	0.21475	0.67251	22.012	0.2381	0.44926	21.314	0	0
-0.39635	0.5562	20.449	-0.423	-0.26574	21.556	-0.415	0.47006	22.041	0	0
-0.39635	0.5562	20.449	-0.423	-0.26574	21.556	-1.105	-0.074787	21.691	0	0
-0.39635	0.5562	20.449	-0.415	0.47006	22.041	0.2381	0.44926	21.314	0	0
-0.39635	0.5562	20.449	-1.105	-0.074787	21.691	-1.3729	0.25606	21.372	0	0
-0.423	-0.26574	20.53	-0.415	0.47006	22.041	-0.35988	-0.3019	22.122	0	0
-0.423	-0.26574	20.53	-0.59085	-0.65714	22.028	-1.105	-0.074787	21.691	0	0
-0.423	-0.26574	20.53	-0.35988	-0.3019	22.122	0.3372	-0.36624	22.18	0	0
-0.423	-0.26574	20.53	0.2381	0.44926	21.314	0.3372	-0.36624	22.18	0	0
-0.415	0.47006	21.015	-0.35988	-0.3019	22.122	-0.47126	0.4628	22.806	0	0
-0.415	0.47006	21.015	-0.25505	1.1246	22.068	0.21475	0.67251	22.012	0	0
-0.415	0.47006	21.015	-0.25505	1.1246	22.068	-0.26585	1.0335	22.716	0	0
-0.415	0.47006	21.015	0.21475	0.67251	22.012	0.2381	0.44926	21.314	0	0
-0.415	0.47006	21.015	-0.47126	0.4628	22.806	-0.26585	1.0335	22.716	0	0
-0.59085	-0.65714	21.002	-0.35988	-0.3019	22.122	-0.6199	-0.31859	22.825	0	0
-0.59085	-0.65714	21.002	-1.105	-0.074787	21.691	-1.1567	-0.12344	22.002	0	0
-0.59085	-0.65714	21.002	-1.1567	-0.12344	22.002	-1.1862	-0.4681	22.686	0	0
-0.59085	-0.65714	21.002	-0.6199	-0.31859	22.825	-1.1862	-0.4681	22.686	0	0
-0.35988	-0.3019	21.095	-0.56622	-0.76911	22.772	0.154	-0.21294	22.793	0	0
-0.35988	-0.3019	21.095	-0.47126	0.4628	22.806	-0.6199	-0.31859	22.825	0	0
-0.35988	-0.3019	21.095	0.154	-0.21294	22.793	0.3372	-0.36624	22.18	0	0
-0.25505	1.1246	21.041	0.19025	1.0859	22.049	0.21475	0.67251	22.012	0	0
-0.25505	1.1246	21.041	0.19025	1.0859	22.049	0.011352	1.0912	22.825	0	0
-0.25505	1.1246	21.041	-0.26585	1.0335	22.716	0.011352	1.0912	22.825	0	0
0.19025	1.0859	21.022	0.95315	1.598	21.969	0.011352	1.0912	22.825	0	0
0.85285	1.191	20.275	0.2381	0.44926	21.314	0.65595	-0.22354	22.245	0	0
-0.56622	-0.76911	21.746	-0.61585	-0.67474	23.591	-0.6199	-0.31859	22.825	0	0
-0.56622	-0.76911	21.746	-0.61585	-0.67474	23.591	-1.0935	-0.92016	22.872	0	0
-0.56622	-0.76911	21.746	-0.6199	-0.31859	22.825	-1.1862	-0.4681	22.686	0	0
-0.56622	-0.76911	21.746	-1.1862	-0.4681	22.686	-1.0935	-0.92016	22.872	0	0
-0.56622	-0.76911	21.746	0.154	-0.21294	22.793	0.3931	-0.63109	22.812	0	0
-0.47126	0.4628	21.78	-0.26585	1.0335	22.716	-0.45125	0.44716	23.551	0	0
-0.47126	0.4628	21.78	-0.6199	-0.31859	22.825	-0.45125	0.44716	23.551	0	0
-0.26585	1.0335	21.69	0.011352	1.0912	22.825	-0.19085	1.1827	23.58	0	0
-0.26585	1.0335	21.69	-0.45125	0.44716	23.551	-0.19085	1.1827	23.58	0	0
-0.61585	-0.67474	22.565	0.059185	-0.32804	23.606	-0.69795	-0.32734	23.565	0	0
-0.61585	-0.67474	22.565	0.059185	-0.32804	23.606	0.34065	-0.69554	23.591	0	0
-0.61585	-0.67474	22.565	-0.6199	-0.31859	22.825	-0.69795	-0.32734	23.565	0	0
-0.61585	-0.67474	22.565	-1.0935	-0.92016	22.872	-1.2522	-1.1001	23.588	0	0
-0.61585	-0.67474	22.565	-1.2522	-1.1001	23.588	-0.88495	-0.79124	24.23	0	0
-0.61585	-0.67474	22.565	-0.65755	-0.88027	24.238	-0.88495	-0.79124	24.23	0	0
-0.61585	-0.67474	22.565	-0.65755	-0.88027	24.238	0.20085	-0.77226	24.295	0	0
-0.61585	-0.67474	22.565	0.20085	-0.77226	24.295	0.34065	-0.69554	23.591	0	0
0.059185	-0.32804	22.58	0.2188	0.55101	23.55	-0.45125	0.44716	23.551	0	0
0.059185	-0.32804	22.58	0.2188	0.55101	23.55	0.25115	-0.20677	24.211	0	0
0.059185	-0.32804	22.58	-0.45125	0.44716	23.551	-0.56201	-0.20524	24.273	0	0
0.059185	-0.32804	22.58	-0.56201	-0.20524	24.273	0.20085	-0.77226	24.295	0	0
0.059185	-0.32804	22.58	0.20085	-0.77226	24.295	0.25115	-0.20677	24.211	0	0
0.059185	-0.32804	22.58	0.34065	-0.69554	23.591	0.3931	-0.63109	22.812	0	0
0.011352	1.0912	21.799	0.036752	1.1831	23.557	-0.19085	1.1827	23.58	0	0
0.2381	0.44926	20.288	0.3372	-0.36624	22.18	0.65595	-0.22354	22.245	0	0
-1.105	-0.074787	20.664	-1.1567	-0.12344	22.002	-1.5789	-0.13094	22.108	0	0
-1.105	-0.074787	20.664	-1.3729	0.25606	21.372	-1.5789	-0.13094	22.108	0	0
-1.1567	-0.12344	20.976	-1.1862	-0.4681	22.686	-1.5789	-0.13094	22.108	0	0
0.2188	0.55101	22.524	0.036752	1.1831	23.557	0.35425	0.57406	24.307	0	0
0.2188	0.55101	22.524	0.35425	0.57406	24.307	0.25115	-0.20677	24.211	0	0
0.2188	0.55101	22.524	0.84775	-0.62624	23.106	0.88052	-0.3274	22.704	0	0
-0.6199	-0.31859	21.799	-0.69795	-0.32734	23.565	-0.45125	0.44716	23.551	0	0
-1.1862	-0.4681	21.66	-1.0935	-0.92016	22.872	-1.7044	-0.7402	22.887	0	0
-1.1862	-0.4681	21.66	-1.5789	-0.13094	22.108	-1.7044	-0.7402	22.887	0	0
-1.0935	-0.92016	21.846	-1.2522	-1.1001	23.588	-1.7044	-0.7402	22.887	0	0
-0.69795	-0.32734	22.539	-0.45125	0.44716	23.551	-0.9193	-0.076787	24.143	0	0
-0.69795	-0.32734	22.539	-0.88495	-0.79124	24.23	-0.9193	-0.076787	24.143	0	0
-0.45125	0.44716	22.525	-0.19085	1.1827	23.58	-0.48988	0.57153	24.206	0	0
-0.45125	0.44716	22.525	-0.48988	0.57153	24.206	-0.9193	-0.076787	24.143	0	0
0.036752	1.1831	22.53	-0.19085	1.1827	23.58	-0.070648	1.5571	24.502	0	0
0.036752	1.1831	22.53	0.35425	0.57406	24.307	0.092302	1.2865	24.319	0	0
0.036752	1.1831	22.53	0.092302	1.2865	24.319	-0.070648	1.5571	24.502	0	0
-1.2522	-1.1001	22.562	-0.88495	-0.79124	24.23	-1.895	-1.1264	23.905	0	0
-1.2522	-1.1001	22.562	-1.7044	-0.7402	22.887	-1.8615	-0.94627	23.51	0	0
-1.2522	-1.1001	22.562	-1.8615	-0.94627	23.51	-1.895	-1.1264	23.905	0	0
-0.65755	-0.88027	23.212	-0.88495	-0.79124	24.23	-0.56235	-0.98259	24.845	0	0
-0.65755	-0.88027	23.212	-0.56235	-0.98259	24.845	0.20085	-0.77226	24.295	0	0
-0.88495	-0.79124	23.204	-0.56235	-0.98259	24.845	-0.90285	-0.61954	24.875	0	0
-0.88495	-0.79124	23.204	-0.90285	-0.61954	24.875	-1.895	-1.1264	23.905	0	0
-0.88495	-0.79124	23.204	-0.9193	-0.076787	24.143	-0.9921	-0.30204	24.834	0	0
-0.19085	1.1827	22.553	-0.48988	0.57153	24.206	-0.22925	1.1973	24.317	0	0
-0.19085	1.1827	22.553	-0.22925	1.1973	24.317	-0.070648	1.5571	24.502	0	0
0.35425	0.57406	23.28	0.092302	1.2865	24.319	0.19245	1.2739	25.036	0	0
0.35425	0.57406	23.28	0.19245	1.2739	25.036	0.66172	0.44816	24.975	0	0
0.35425	0.57406	23.28	0.25115	-0.20677	24.211	0.6572	-0.24529	24.815	0	0
0.35425	0.57406	23.28	0.66172	0.44816	24.975	0.6572	-0.24529	24.815	0	0
-0.56201	-0.20524	23.247	-0.48988	0.57153	24.206	0.17749	-0.20924	24.888	0	0
-0.56201	-0.20524	23.247	-0.60445	-0.36564	25.114	-0.89945	0.26706	24.422	0	0
-0.56201	-0.20524	23.247	0.20085	-0.77226	24.295	0.17749	-0.20924	24.888	0	0
-0.48988	0.57153	23.179	-0.22925	1.1973	24.317	-0.44528	1.1017	24.921	0	0
-0.48988	0.57153	23.179	-0.4588	0.81476	25.072	-0.44528	1.1017	24.921	0	0
-0.48988	0.57153	23.179	-0.4588	0.81476	25.072	-0.89945	0.26706	24.422	0	0
-0.48988	0.57153	23.179	-0.9193	-0.076787	24.143	-0.89945	0.26706	24.422	0	0
-0.48988	0.57153	23.179	0.23865	0.44446	25.084	0.17749	-0.20924	24.888	0	0
-0.56235	-0.98259	23.818	-0.90285	-0.61954	24.875	-0.60445	-0.36564	25.114	0	0
-0.56235	-0.98259	23.818	-0.60445	-0.36564	25.114	0.10852	-0.74714	24.903	0	0
-0.56235	-0.98259	23.818	0.20085	-0.77226	24.295	0.10852	-0.74714	24.903	0	0
-0.90285	-0.61954	23.848	-0.60445	-0.36564	25.114	-0.9921	-0.30204	24.834	0	0
0.092302	1.2865	23.292	-0.070648	1.5571	24.502	0.19245	1.2739	25.036	0	0
-0.22925	1.1973	23.291	-0.070648	1.5571	24.502	-0.44528	1.1017	24.921	0	0
-0.070648	1.5571	23.476	0.19245	1.2739	25.036	-0.018081	1.6022	25.037	0	0
-0.070648	1.5571	23.476	-0.018081	1.6022	25.037	-0.44528	1.1017	24.921	0	0
-0.60445	-0.36564	24.087	-0.42345	-0.73714	25.519	-0.62845	-0.29764	25.565	0	0
-0.60445	-0.36564	24.087	-0.62845	-0.29764	25.565	-0.89475	-0.064838	25.368	0	0
-0.60445	-0.36564	24.087	0.10852	-0.74714	24.903	0.17749	-0.20924	24.888	0	0
-0.60445	-0.36564	24.087	-0.4588	0.81476	25.072	-0.89945	0.26706	24.422	0	0
-0.60445	-0.36564	24.087	-0.9921	-0.30204	24.834	-0.89475	-0.064838	25.368	0	0
-0.60445	-0.36564	24.087	0.10345	0.32781	25.549	0.17749	-0.20924	24.888	0	0
-0.42345	-0.73714	24.492	-0.62845	-0.29764	25.565	-0.1227	-0.41594	26.058	0	0
-0.42345	-0.73714	24.492	0.10852	-0.74714	24.903	0.15392	-0.8914	25.526	0	0
-0.42345	-0.73714	24.492	-0.1227	-0.41594	26.058	0.15392	-0.8914	25.526	0	0
-0.62845	-0.29764	24.539	-0.89475	-0.064838	25.368	-0.53875	-0.15177	26.196	0	0
-0.62845	-0.29764	24.539	-0.4519	0.44011	25.569	-0.1227	-0.41594	26.058	0	0
-0.62845	-0.29764	24.539	-0.53875	-0.15177	26.196	-0.39071	-0.69007	26.436	0	0
0.20085	-0.77226	23.269	0.10852	-0.74714	24.903	0.6572	-0.24529	24.815	0	0
0.20085	-0.77226	23.269	0.25115	-0.20677	24.211	0.6572	-0.24529	24.815	0	0
0.20085	-0.77226	23.269	0.34065	-0.69554	23.591	0.77965	-0.91354	23.662	0	0
0.10852	-0.74714	23.876	0.17749	-0.20924	24.888	0.6572	-0.24529	24.815	0	0
-0.4588	0.81476	24.045	0.23865	0.44446	25.084	0.19245	1.2739	25.036	0	0
-0.4588	0.81476	24.045	0.23865	0.44446	25.084	-0.4519	0.44011	25.569	0	0
-0.4588	0.81476	24.045	0.19245	1.2739	25.036	-0.44528	1.1017	24.921	0	0
-0.4588	0.81476	24.045	-0.4519	0.44011	25.569	-0.5612	1.2395	25.561	0	0
-0.9193	-0.076787	23.116	-0.9921	-0.30204	24.834	-0.89945	0.26706	24.422	0	0
0.23865	0.44446	24.058	0.19245	1.2739	25.036	0.3303	1.0826	25.548	0	0
0.23865	0.44446	24.058	0.10345	0.32781	25.549	-0.4519	0.44011	25.569	0	0
0.23865	0.44446	24.058	0.10345	0.32781	25.549	0.81262	0.58566	25.648	0	0
0.23865	0.44446	24.058	0.17749	-0.20924	24.888	0.66172	0.44816	24.975	0	0
0.23865	0.44446	24.058	0.66172	0.44816	24.975	0.81262	0.58566	25.648	0	0
0.19245	1.2739	24.009	-0.018081	1.6022	25.037	0.075752	1.721	25.588	0	0
0.19245	1.2739	24.009	0.075752	1.721	25.588	0.3303	1.0826	25.548	0	0
0.19245	1.2739	24.009	0.66172	0.44816	24.975	0.81262	0.58566	25.648	0	0
-0.9921	-0.30204	23.807	-0.89475	-0.064838	25.368	-1.0342	0.36408	24.889	0	0
-0.9921	-0.30204	23.807	-0.89945	0.26706	24.422	-1.0342	0.36408	24.889	0	0
-0.89475	-0.064838	24.341	-0.53875	-0.15177	26.196	-1.1659	0.45924	25.541	0	0
-0.89475	-0.064838	24.341	-1.0342	0.36408	24.889	-1.1659	0.45924	25.541	0	0
-0.018081	1.6022	24.011	0.075752	1.721	25.588	-0.20965	1.5844	25.621	0	0
-0.018081	1.6022	24.011	-0.20965	1.5844	25.621	-0.5612	1.2395	25.561	0	0
-0.018081	1.6022	24.011	-0.44528	1.1017	24.921	-0.5612	1.2395	25.561	0	0
0.075752	1.721	24.562	-0.20965	1.5844	25.621	-0.44435	1.6571	26.418	0	0
0.075752	1.721	24.562	0.3303	1.0826	25.548	0.1939	1.1617	26.29	0	0
0.075752	1.721	24.562	-0.44435	1.6571	26.418	0.37085	2.2796	26.511	0	0
-0.20965	1.5844	24.595	-0.5612	1.2395	25.561	-0.44435	1.6571	26.418	0	0
0.10345	0.32781	24.523	-0.4519	0.44011	25.569	0.11317	0.45303	26.287	0	0
0.10345	0.32781	24.523	0.17749	-0.20924	24.888	0.26805	-0.25924	25.715	0	0
0.10345	0.32781	24.523	0.26805	-0.25924	25.715	0.11317	0.45303	26.287	0	0
-0.4519	0.44011	24.542	-0.53875	-0.15177	26.196	-1.1918	0.54756	26.238	0	0
-0.4519	0.44011	24.542	-0.5612	1.2395	25.561	-0.5522	1.2715	26.074	0	0
-0.4519	0.44011	24.542	-0.5522	1.2715	26.074	0.11317	0.45303	26.287	0	0
-0.53875	-0.15177	25.169	-0.39071	-0.69007	26.436	-0.1227	-0.41594	26.058	0	0
-0.53875	-0.15177	25.169	-0.1227	-0.41594	26.058	0.11317	0.45303	26.287	0	0
-0.53875	-0.15177	25.169	0.11317	0.45303	26.287	-1.171	0.66716	27.045	0	0
-0.53875	-0.15177	25.169	-1.1918	0.54756	26.238	-1.171	0.66716	27.045	0	0
-0.44528	1.1017	23.895	-0.5612	1.2395	25.561	-1.0336	0.96496	25.703	0	0
-0.44528	1.1017	23.895	-0.89945	0.26706	24.422	-1.0342	0.36408	24.889	0	0
-0.44528	1.1017	23.895	-1.0342	0.36408	24.889	-1.0336	0.96496	25.703	0	0
-0.5612	1.2395	24.535	-0.5522	1.2715	26.074	-1.0336	0.96496	25.703	0	0
0.3303	1.0826	24.521	0.1939	1.1617	26.29	0.81262	0.58566	25.648	0	0
-0.5522	1.2715	25.047	-0.44435	1.6571	26.418	0.1939	1.1617	26.29	0	0
-0.5522	1.2715	25.047	-0.44435	1.6571	26.418	-1.0762	1.135	26.383	0	0
-0.5522	1.2715	25.047	0.11317	0.45303	26.287	0.1939	1.1617	26.29	0	0
-0.5522	1.2715	25.047	-1.0336	0.96496	25.703	-1.0762	1.135	26.383	0	0
-0.44435	1.6571	25.392	0.1939	1.1617	26.29	0.2694	1.8699	26.383	0	0
-0.44435	1.6571	25.392	0.2694	1.8699	26.383	-0.44275	1.8337	27.102	0	0
-0.44435	1.6571	25.392	-0.44275	1.8337	27.102	-1.1561	1.2942	27.092	0	0
-0.44435	1.6571	25.392	-1.1561	1.2942	27.092	-1.0762	1.135	26.383	0	0
-0.1227	-0.41594	25.032	0.15392	-0.8914	25.526	0.26805	-0.25924	25.715	0	0
-0.1227	-0.41594	25.032	0.26805	-0.25924	25.715	0.11317	0.45303	26.287	0	0
0.34065	-0.69554	22.564	0.77965	-0.91354	23.662	0.84775	-0.62624	23.106	0	0
0.34065	-0.69554	22.564	0.3931	-0.63109	22.812	0.84775	-0.62624	23.106	0	0
0.17749	-0.20924	23.862	0.15392	-0.8914	25.526	0.26805	-0.25924	25.715	0	0
0.17749	-0.20924	23.862	0.66172	0.44816	24.975	0.6572	-0.24529	24.815	0	0
0.154	-0.21294	21.767	0.3931	-0.63109	22.812	0.3372	-0.36624	22.18	0	0
0.11317	0.45303	25.26	0.1939	1.1617	26.29	0.72342	1.0219	26.401	0	0
0.11317	0.45303	25.26	-1.171	0.66716	27.045	-0.29025	1.3411	27.202	0	0
0.11317	0.45303	25.26	-0.29025	1.3411	27.202	0.8639	0.62481	26.575	0	0
0.11317	0.45303	25.26	0.72342	1.0219	26.401	0.8639	0.62481	26.575	0	0
0.1939	1.1617	25.264	0.2694	1.8699	26.383	0.72342	1.0219	26.401	0	0
0.2694	1.8699	25.357	0.37085	2.2796	26.511	0.30568	1.9962	27.098	0	0
0.2694	1.8699	25.357	0.37085	2.2796	26.511	0.72342	1.0219	26.401	0	0
0.2694	1.8699	25.357	-0.44275	1.8337	27.102	0.30568	1.9962	27.098	0	0
0.37085	2.2796	25.485	0.30568	1.9962	27.098	0.44235	2.2929	27.586	0	0
0.37085	2.2796	25.485	0.72342	1.0219	26.401	1.1543	1.0309	27.023	0	0
-1.1918	0.54756	25.212	-1.5835	0.40701	26.386	-1.1659	0.45924	25.541	0	0
-1.1918	0.54756	25.212	-1.5835	0.40701	26.386	-1.6032	0.93386	26.667	0	0
-1.1918	0.54756	25.212	-1.1659	0.45924	25.541	-1.0336	0.96496	25.703	0	0
-1.1918	0.54756	25.212	-1.6032	0.93386	26.667	-1.0762	1.135	26.383	0	0
-1.1918	0.54756	25.212	-1.0336	0.96496	25.703	-1.0762	1.135	26.383	0	0
-1.171	0.66716	26.019	-0.29025	1.3411	27.202	-1.1561	1.2942	27.092	0	0
-0.44275	1.8337	26.075	-0.40083	1.9232	27.751	0.10825	2.1963	27.576	0	0
-0.44275	1.8337	26.075	-0.40083	1.9232	27.751	-1.4209	1.5539	27.532	0	0
-0.44275	1.8337	26.075	0.30568	1.9962	27.098	0.10825	2.1963	27.576	0	0
-0.44275	1.8337	26.075	-1.1561	1.2942	27.092	-1.4209	1.5539	27.532	0	0
-0.29025	1.3411	26.176	-0.40083	1.9232	27.751	-1.3147	1.1609	27.813	0	0
-0.29025	1.3411	26.176	0.30568	1.9962	27.098	1.1543	1.0309	27.023	0	0
-0.29025	1.3411	26.176	-1.3147	1.1609	27.813	-1.1561	1.2942	27.092	0	0
-0.29025	1.3411	26.176	0.8639	0.62481	26.575	1.1543	1.0309	27.023	0	0
-0.40083	1.9232	26.724	-1.3147	1.1609	27.813	-0.71142	1.9394	28.343	0	0
-0.40083	1.9232	26.724	-0.71142	1.9394	28.343	0.11445	2.2429	28.089	0	0
-0.40083	1.9232	26.724	-1.2985	1.9022	28.368	-1.7246	2.1012	28.149	0	0
-0.40083	1.9232	26.724	0.10825	2.1963	27.576	0.11445	2.2429	28.089	0	0
-0.40083	1.9232	26.724	-1.4209	1.5539	27.532	-1.6492	1.7615	27.739	0	0
-0.40083	1.9232	26.724	-1.7246	2.1012	28.149	-1.6492	1.7615	27.739	0	0
0.30568	1.9962	26.072	0.10825	2.1963	27.576	0.44235	2.2929	27.586	0	0
-1.3147	1.1609	26.787	-0.71142	1.9394	28.343	-1.2985	1.9022	28.368	0	0
-1.3147	1.1609	26.787	-1.2985	1.9022	28.368	-1.7044	1.4623	28.538	0	0
-0.71142	1.9394	27.317	-1.2985	1.9022	28.368	-1.1185	2.4661	28.989	0	0
-0.71142	1.9394	27.317	0.11445	2.2429	28.089	-0.72875	2.4381	29.56	0	0
-0.71142	1.9394	27.317	-1.1185	2.4661	28.989	-0.72875	2.4381	29.56	0	0
-1.2985	1.9022	27.342	-1.7246	2.1012	28.149	-1.7316	2.4308	28.501	0	0
-1.2985	1.9022	27.342	-1.7316	2.4308	28.501	-1.1185	2.4661	28.989	0	0
0.3931	-0.63109	21.785	0.3372	-0.36624	22.18	0.65595	-0.22354	22.245	0	0
0.3931	-0.63109	21.785	0.84775	-0.62624	23.106	0.88052	-0.3274	22.704	0	0
0.3931	-0.63109	21.785	0.65595	-0.22354	22.245	0.88052	-0.3274	22.704	0	0
0.72342	1.0219	25.375	0.8639	0.62481	26.575	1.1543	1.0309	27.023	0	0
-1.0342	0.36408	23.863	-1.1659	0.45924	25.541	-1.0336	0.96496	25.703	0	0
-1.1561	1.2942	26.066	-1.4209	1.5539	27.532	-1.7671	1.1124	26.986	0	0
-1.1561	1.2942	26.066	-1.6032	0.93386	26.667	-1.7671	1.1124	26.986	0	0
-1.1561	1.2942	26.066	-1.6032	0.93386	26.667	-1.0762	1.135	26.383	0	0
0.10825	2.1963	26.55	0.44235	2.2929	27.586	0.11445	2.2429	28.089	0	0
-1.4209	1.5539	26.505	-1.7671	1.1124	26.986	-1.6492	1.7615	27.739	0	0
-1.7316	2.4308	27.475	-1.1185	2.4661	28.989	-1.7713	2.7764	28.897	0	0
-1.1185	2.4661	27.962	-1.7713	2.7764	28.897	-1.6864	2.9906	29.15	0	0
-1.1185	2.4661	27.962	-0.72875	2.4381	29.56	-1.1639	2.6667	29.562	0	0
-1.1185	2.4661	27.962	-1.1639	2.6667	29.562	-1.6864	2.9906	29.15	0	0
-1.1639	2.6667	28.535	-1.6947	2.9989	29.58	-1.6864	2.9906	29.15	0	0
-0.41205	2.6872	12.111	-2.1725	9.463	17.171	0.124395	2.40388	11.7699	1	1
-2.1725	9.463	17.171	-1.8809	12.691	19.26	-0.1899935	8.26222	18.2537	1	1
-1.8809	12.691	19.26	-2.1835	17.892	20.247	-0.2447657	11.7145	20.1573	1	1
-2.1835	17.892	20.247	-1.8493	21.392	20.139	-1.43029	17.8164	22.1091	1	1
-1.8493	21.392	20.139	-0.1393	26.666	17.06	-1.50199	21.9923	20.3343	1	1
-0.1899935	8.26222	18.2537	0.124395	2.40388	11.7699	-2.1725	9.463	17.171	1	1
-0.2447657	11.7145	20.1573	-0.1899935	8.26222	18.2537	-1.8809	12.691	19.26	1	1
-1.43029	17.8164	22.1091	-0.2447657	11.7145	20.1573	-2.1835	17.892	20.247	1	1
-1.50199	21.9923	20.3343	-1.43029	17.8164	22.1091	-1.8493	21.392	20.139	1	1
-2.1725	9.463	17.171	-0.41205	2.6872	12.111	-1.635645	1.96252	12.471	1	1
-1.8809	12.691	19.26	-2.1725	9.463	17.171	-3.17357	9.53284	17.5175	1	1
-2.1835	17.892	20.247	-1.8809	12.691	19.26	-3.65786	12.25	19.8621	1	1
-1.8493	21.392	20.139	-2.1835	17.892	20.247	-3.89746	18.2889	21.1173	1	1
-0.1393	26.666	17.06	-1.8493	21.392	20.139	-3.69403	22.0067	20.4162	1	1
-1.635645	1.96252	12.471	-3.17357	9.53284	17.5175	-2.1725	9.463	17.171	1	1
-3.17357	9.53284	17.5175	-3.65786	12.25	19.8621	-1.8809	12.691	19.26	1	1
-3.65786	12.25	19.8621	-3.89746	18.2889	21.1173	-2.1835	17.892	20.247	1	1
-3.89746	18.2889	21.1173	-3.69403	22.0067	20.4162	-1.8493	21.392	20.139	1	1
0.12035	-1.5779	16.987	-0.69681	-5.8877	22.062	0.660485	-1.68815	16.3588	2	1
-0.69681	-5.8877	22.062	-1.1614	-9.309	25.507	0.49974	-5.2811	22.2681	2	1
-1.1614	-9.309	25.507	-0.96105	-12.655	27.752	0.86684	-9.58485	25.6276	2	1
-0.96105	-12.655	27.752	-1.5907	-16.967	31.091	0.20697	-12.5983	28.5908	2	1
-1.5907	-16.967	31.091	-1.751	-22.032	32.305	0.396365	-16.7771	30.6482	2	1
-1.751	-22.032	32.305	-1.1134	-25.67	33.107	0.86629	-21.8979	33.9862	2	1
-1.1134	-25.67	33.107	-0.80175	-29.166	32.641	1.29824	-26.0552	34.1951	2	1
-0.80175	-29.166	32.641	-0.39745	-31.839	27.653	0.949245	-28.8726	32.8615	2	1
0.49974	-5.2811	22.2681	0.660485	-1.68815	16.3588	-0.69681	-5.8877	22.062	2	1
0.86684	-9.58485	25.6276	0.49974	-5.2811	22.2681	-1.1614	-9.309	25.507	2	1
0.20697	-12.5983	28.5908	0.86684	-9.58485	25.6276	-0.96105	-12.655	27.752	2	1
0.396365	-16.7771	30.6482	0.20697	-12.5983	28.5908	-1.5907	-16.967	31.091	2	1
0.86629	-21.8979	33.9862	0.396365	-16.7771	30.6482	-1.751	-22.032	32.305	2	1
1.29824	-26.0552	34.1951	0.86629	-21.8979	33.9862	-1.1134	-25.67	33.107	2	1
0.949245	-28.8726	32.8615	1.29824	-26.0552	34.1951	-0.80175	-29.166	32.641	2	1
-0.69681	-5.8877	22.062	0.12035	-1.5779	16.987	-1.171645	-1.62803	16.3624	2	1
-1.1614	-9.309	25.507	-0.69681	-5.8877	22.062	-1.800471	-5.34293	22.7406	2	1
-1.5907	-16.967	31.091	-0.96105	-12.655	27.752	-2.680815	-10.927	29.7572	2	1
-1.751	-22.032	32.305	-1.5907	-16.967	31.091	-2.30458	-17.4629	30.6509	2	1
-1.1134	-25.67	33.107	-1.751	-22.032	32.305	-2.58656	-21.7791	32.2042	2	1
-0.80175	-29.166	32.641	-1.1134	-25.67	33.107	-1.22545	-26.2739	34.5227	2	1
-1.171645	-1.62803	16.3624	-1.800471	-5.34293	22.7406	-0.69681	-5.8877	22.062	2	1
-1.68799	-9.31791	26.0362	-2.680815	-10.927	29.7572	-0.96105	-12.655	27.752	2	1
-2.680815	-10.927	29.7572	-2.30458	-17.4629	30.6509	-1.5907	-16.967	31.091	2	1
-2.30458	-17.4629	30.6509	-2.58656	-21.7791	32.2042	-1.751	-22.032	32.305	2	1
-2.58656	-21.7791	32.2042	-1.22545	-26.2739	34.5227	-1.1134	-25.67	33.107	2	1
0.0037021	2.3981	21.682	0.412	5.4894	26.775	0.97093021	1.92911	21.5128	3	2
0.412	5.4894	26.775	0.67495	8.3882	31.514	1.11625	5.60262	26.9847	3	2
0.67495	8.3882	31.514	1.03	11.425	34.562	2.295985	7.49711	31.7633	3	2
1.03	11.425	34.562	1.6346	15.193	37.431	2.35606	11.2909	34.5539	3	2
1.6346	15.193	37.431	1.9317	18.618	38.956	3.50633	14.4676	38.3787	3	2
1.9317	18.618	38.956	2.6821	22.289	40.292	3.63684	18.0843	39.1774	3	2
2.6821	22.289	40.292	3.8204	27.728	40.238	4.48273	22.0316	40.2803	3	2
3.8204	27.728	40.238	4.4397	30.976	39.099	5.66657	27.8162	39.7277	3	2
4.4397	30.976	39.099	5.7444	34.129	37.528	7.01127	31.3108	39.2745	3	2
5.7444	34.129	37.528	5.4824	37.037	35.63	6.85608	34.3423	37.7485	3	2
5.4824	37.037	35.63	5.425	41.93	31.261	7.43477	37.0379	35.567	3	2
1.11625	5.60262	26.9847	0.97093021	1.92911	21.5128	0.412	5.4894	26.775	3	2
2.295985	7.49711	31.7633	1.11625	5.60262	26.9847	0.67495	8.3882	31.514	3	2
2.35606	11.2909	34.5539	2.295985	7.49711	31.7633	1.03	11.425	34.562	3	2
3.50633	14.4676	38.3787	2.35606	11.2909	34.5539	1.6346	15.193	37.431	3	2
3.63684	18.0843	39.1774	3.50633	14.4676	38.3787	1.9317	18.618	38.956	3	2
4.48273	22.0316	40.2803	3.63684	18.0843	39.1774	2.6821	22.289	40.292	3	2
5.66657	27.8162	39.7277	4.48273	22.0316	40.2803	3.8204	27.728	40.238	3	2
7.01127	31.3108	39.2745	5.66657	27.8162	39.7277	4.4397	30.976	39.099	3	2
6.85608	34.3423	37.7485	7.01127	31.3108	39.2745	5.7444	34.129	37.528	3	2
7.43477	37.0379	35.567	6.85608	34.3423	37.7485	5.4824	37.037	35.63	3	2
0.412	5.4894	26.775	0.0037021	2.3981	21.682	-1.31956979	1.9589	21.7981	3	2
0.67495	8.3882	31.514	0.412	5.4894	26.775	-1.06643	5.5083	26.6796	3	2
1.03	11.425	34.562	0.67495	8.3882	31.514	-1.736555	7.95395	31.5059	3	2
1.6346	15.193	37.431	1.03	11.425	34.562	-0.80339	11.5654	33.9329	3	2
1.9317	18.618	38.956	1.6346	15.193	37.431	-1.0249	13.9267	38.9745	3	2
2.6821	22.289	40.292	1.9317	18.618	38.956	-0.74616	19.1787	37.993	3	2
3.8204	27.728	40.238	2.6821	22.289	40.292	0.406495	22.379	40.022	3	2
4.4397	30.976	39.099	3.8204	27.728	40.238	2.65868	27.4013	39.8186	3	2
5.7444	34.129	37.528	4.4397	30.976	39.099	3.62907	31.8103	39.6498	3	2
5.4824	37.037	35.63	5.7444	34.129	37.528	4.45308	34.624	38.0437	3	2
5.425	41.93	31.261	5.4824	37.037	35.63	5.03942	38.1611	36.7595	3	2
-1.31956979	1.9589	21.7981	-1.06643	5.5083	26.6796	0.412	5.4894	26.775	3	2
-1.06643	5.5083	26.6796	-1.736555	7.95395	31.5059	0.67495	8.3882	31.514	3	2
-1.736555	7.95395	31.5059	-0.80339	11.5654	33.9329	1.03	11.425	34.562	3	2
-0.80339	11.5654	33.9329	-1.0249	13.9267	38.9745	1.6346	15.193	37.431	3	2
-1.0249	13.9267	38.9745	-0.74616	19.1787	37.993	1.9317	18.618	38.956	3	2
-0.74616	19.1787	37.993	0.406495	22.379	40.022	2.6821	22.289	40.292	3	2
0.406495	22.379	40.022	2.65868	27.4013	39.8186	3.8204	27.728	40.238	3	2
2.65868	27.4013	39.8186	3.62907	31.8103	39.6498	4.4397	30.976	39.099	3	2
3.62907	31.8103	39.6498	4.45308	34.624	38.0437	5.7444	34.129	37.528	3	2
4.45308	34.624	38.0437	5.03942	38.1611	36.7595	5.4824	37.037	35.63	3	2
0.23953	-1.8413	25.174	0.80155	-3.8441	29.16	0.924673	-2.52179	25.2865	4	2
0.80155	-3.8441	29.16	1.455	-5.9092	33.558	1.322965	-3.26972	29.538	4	2
1.455	-5.9092	33.558	2.383	-8.185	37.648	2.00589	-4.03819	33.9999	4	2
2.383	-8.185	37.648	3.3105	-10.995	40.667	3.54769	-8.1418	38.1439	4	2
3.3105	-10.995	40.667	3.6579	-14.525	44.414	3.50679	-10.8897	41.0342	4	2
3.6579	-14.525	44.414	5.0372	-17.865	46.723	5.46852	-13.7465	45.7865	4	2
5.0372	-17.865	46.723	6.5531	-20.825	48.916	5.59223	-17.5158	47.1478	4	2
6.5531	-20.825	48.916	8.4664	-24.386	50.095	8.73416	-20.4281	49.7863	4	2
8.4664	-24.386	50.095	10.652	-28.118	50.165	11.23444	-24.4652	50.2381	4	2
10.652	-28.118	50.165	12.919	-32.083	50.408	12.5411	-28.5428	49.4297	4	2
12.919	-32.083	50.408	15.578	-37.015	50.649	14.0719	-31.5448	51.5546	4	2
1.322965	-3.26972	29.538	0.924673	-2.52179	25.2865	0.80155	-3.8441	29.16	4	2
2.00589	-4.03819	33.9999	1.322965	-3.26972	29.538	1.455	-5.9092	33.558	4	2
3.54769	-8.1418	38.1439	2.00589	-4.03819	33.9999	2.383	-8.185	37.648	4	2
3.50679	-10.8897	41.0342	3.54769	-8.1418	38.1439	3.3105	-10.995	40.667	4	2
5.46852	-13.7465	45.7865	3.50679	-10.8897	41.0342	3.6579	-14.525	44.414	4	2
5.59223	-17.5158	47.1478	5.46852	-13.7465	45.7865	5.0372	-17.865	46.723	4	2
8.73416	-20.4281	49.7863	5.59223	-17.5158	47.1478	6.5531	-20.825	48.916	4	2
11.23444	-24.4652	50.2381	8.73416	-20.4281	49.7863	8.4664	-24.386	50.095	4	2
12.5411	-28.5428	49.4297	11.23444	-24.4652	50.2381	10.652	-28.118	50.165	4	2
14.0719	-31.5448	51.5546	12.5411	-28.5428	49.4297	12.919	-32.083	50.408	4	2
0.80155	-3.8441	29.16	0.23953	-1.8413	25.174	-1.507217	-2.04002	24.9562	4	2
1.455	-5.9092	33.558	0.80155	-3.8441	29.16	-1.106585	-3.37385	29.2122	4	2
2.383	-8.185	37.648	1.455	-5.9092	33.558	-1.53246	-5.49115	33.4986	4	2
3.3105	-10.995	40.667	2.383	-8.185	37.648	-0.401375	-8.87836	36.82	4	2
3.6579	-14.525	44.414	3.3105	-10.995	40.667	-0.48264	-9.66678	41.1881	4	2
5.0372	-17.865	46.723	3.6579	-14.525	44.414	1.28388	-14.381	43.9118	4	2
6.5531	-20.825	48.916	5.0372	-17.865	46.723	3.99608	-17.4465	46.7104	4	2
8.4664	-24.386	50.095	6.5531	-20.825	48.916	5.89709	-20.8106	48.3382	4	2
10.652	-28.118	50.165	8.4664	-24.386	50.095	6.85414	-24.1196	50.0221	4	2
12.919	-32.083	50.408	10.652	-28.118	50.165	9.48488	-27.9488	50.1956	4	2
15.578	-37.015	50.649	12.919	-32.083	50.408	12.1783	-31.9012	50.1533	4	2
-1.507217	-2.04002	24.9562	-1.106585	-3.37385	29.2122	0.80155	-3.8441	29.16	4	2
-1.106585	-3.37385	29.2122	-1.53246	-5.49115	33.4986	1.455	-5.9092	33.558	4	2
-1.53246	-5.49115	33.4986	-0.401375	-8.87836	36.82	2.383	-8.185	37.648	4	2
-0.401375	-8.87836	36.82	-0.48264	-9.66678	41.1881	3.3105	-10.995	40.667	4	2
-0.48264	-9.66678	41.1881	1.28388	-14.381	43.9118	3.6579	-14.525	44.414	4	2
1.28388	-14.381	43.9118	3.99608	-17.4465	46.7104	5.0372	-17.865	46.723	4	2
3.99608	-17.4465	46.7104	5.89709	-20.8106	48.3382	6.5531	-20.825	48.916	4	2
5.89709	-20.8106	48.3382	6.85414	-24.1196	50.0221	8.4664	-24.386	50.095	4	2
6.85414	-24.1196	50.0221	9.48488	-27.9488	50.1956	10.652	-28.118	50.165	4	2
9.48488	-27.9488	50.1956	12.1783	-31.9012	50.1533	12.919	-32.083	50.408	4	2
-0.096448	-0.21984	26.534	-0.6632	1.1753	29.951	0.6896552	1.022106	26.0651	5	2
-0.6632	1.1753	29.951	-1.0646	3.4266	34.042	1.97245	2.57696	29.1815	5	2
-1.0646	3.4266	34.042	-1.7239	5.9516	38.144	0.450865	3.2295	33.781	5	2
-1.7239	5.9516	38.144	-2.4089	8.1851	41.117	-0.770872	6.00389	38.5337	5	2
-2.4089	8.1851	41.117	-3.1378	10.895	44.268	0.444271	8.81276	40.9541	5	2
-3.1378	10.895	44.268	-4.9343	15.96	47.679	-0.222025	10.7636	43.9917	5	2
-4.9343	15.96	47.679	-6.4715	18.832	49.005	-3.11243	15.2535	48.2001	5	2
1.97245	2.57696	29.1815	0.6896552	1.022106	26.0651	-0.6632	1.1753	29.951	5	2
0.450865	3.2295	33.781	1.97245	2.57696	29.1815	-1.0646	3.4266	34.042	5	2
-0.770872	6.00389	38.5337	0.450865	3.2295	33.781	-1.7239	5.9516	38.144	5	2
0.444271	8.81276	40.9541	-0.770872	6.00389	38.5337	-2.4089	8.1851	41.117	5	2
-0.222025	10.7636	43.9917	0.444271	8.81276	40.9541	-3.1378	10.895	44.268	5	2
-3.11243	15.2535	48.2001	-0.222025	10.7636	43.9917	-4.9343	15.96	47.679	5	2
-0.6632	1.1753	29.951	-0.096448	-0.21984	26.534	-1.1092648	0.342255	26.5448	5	2
-1.0646	3.4266	34.042	-0.6632	1.1753	29.951	-2.46068	-0.685306	30.581	5	2
-1.7239	5.9516	38.144	-1.0646	3.4266	34.042	-3.29984	2.19585	34.8349	5	2
-2.4089	8.1851	41.117	-1.7239	5.9516	38.144	-3.99694	4.78961	38.6975	5	2
-3.1378	10.895	44.268	-2.4089	8.1851	41.117	-3.93017	6.30122	42.4067	5	2
-4.9343	15.96	47.679	-3.1378	10.895	44.268	-4.03159	9.8321	45.5703	5	2
-6.4715	18.832	49.005	-4.9343	15.96	47.679	-5.51651	15.7647	47.6205	5	2
-1.1092648	0.342255	26.5448	-2.46068	-0.685306	30.581	-0.6632	1.1753	29.951	5	2
-2.46068	-0.685306	30.581	-3.29984	2.19585	34.8349	-1.0646	3.4266	34.042	5	2
-3.29984	2.19585	34.8349	-3.99694	4.78961	38.6975	-1.7239	5.9516	38.144	5	2
-3.99694	4.78961	38.6975	-3.93017	6.30122	42.4067	-2.4089	8.1851	41.117	5	2
-3.93017	6.30122	42.4067	-4.03159	9.8321	45.5703	-3.1378	10.895	44.268	5	2
-4.03159	9.8321	45.5703	-5.51651	15.7647	47.6205	-4.9343	15.96	47.679	5	2
0.66812	-1.503	30.237	0.6249	-2.4527	34.605	1.877882	-0.96075	30.5349	6	2
0.6249	-2.4527	34.605	0.41847	-3.7092	38.806	1.89606	-3.44081	34.2576	6	2
0.41847	-3.7092	38.806	0.5074	-5.6167	42.456	2.105547	-3.91782	39.0724	6	2
0.5074	-5.6167	42.456	1.1011	-8.5859	46.125	1.90375	-3.4729	43.7592	6	2
1.1011	-8.5859	46.125	1.9987	-11.822	49.244	2.25535	-6.64289	48.2751	6	2
1.9987	-11.822	49.244	3.8756	-15.275	52.262	3.8959	-10.7276	50.4905	6	2
3.8756	-15.275	52.262	5.4623	-18.691	53.124	5.249	-14.9024	53.4446	6	2
5.4623	-18.691	53.124	10.917	-24.792	53.525	7.46876	-18.5056	55.2939	6	2
10.917	-24.792	53.525	12.225	-26.348	53.393	11.376	-25.3545	54.8084	6	2
1.89606	-3.44081	34.2576	1.877882	-0.96075	30.5349	0.6249	-2.4527	34.605	6	2
2.105547	-3.91782	39.0724	1.89606	-3.44081	34.2576	0.41847	-3.7092	38.806	6	2
1.90375	-3.4729	43.7592	2.105547	-3.91782	39.0724	0.5074	-5.6167	42.456	6	2
2.25535	-6.64289	48.2751	1.90375	-3.4729	43.7592	1.1011	-8.5859	46.125	6	2
3.8959	-10.7276	50.4905	2.25535	-6.64289	48.2751	1.9987	-11.822	49.244	6	2
5.249	-14.9024	53.4446	3.8959	-10.7276	50.4905	3.8756	-15.275	52.262	6	2
7.46876	-18.5056	55.2939	5.249	-14.9024	53.4446	5.4623	-18.691	53.124	6	2
11.376	-25.3545	54.8084	7.46876	-18.5056	55.2939	10.917	-24.792	53.525	6	2
0.6249	-2.4527	34.605	0.66812	-1.503	30.237	-2.577658	-1.16928	30.5871	6	2
0.41847	-3.7092	38.806	0.6249	-2.4527	34.605	-1.20768	-1.82324	34.8129	6	2
0.5074	-5.6167	42.456	0.41847	-3.7092	38.806	-2.545563	-3.5994	38.9518	6	2
1.1011	-8.5859	46.125	0.5074	-5.6167	42.456	-3.04418	-5.81893	41.9088	6	2
1.9987	-11.822	49.244	1.1011	-8.5859	46.125	-1.91408	-8.68967	45.4752	6	2
3.8756	-15.275	52.262	1.9987	-11.822	49.244	-0.648335	-11.0309	49.5221	6	2
5.4623	-18.691	53.124	3.8756	-15.275	52.262	2.11214	-14.8907	52.2818	6	2
10.917	-24.792	53.525	5.4623	-18.691	53.124	4.63826	-18.2617	53.0556	6	2
12.225	-26.348	53.393	10.917	-24.792	53.525	9.98883	-24.5148	54.7184	6	2
-2.577658	-1.16928	30.5871	-1.20768	-1.82324	34.8129	0.6249	-2.4527	34.605	6	2
-1.20768	-1.82324	34.8129	-2.545563	-3.5994	38.9518	0.41847	-3.7092	38.806	6	2
-2.545563	-3.5994	38.9518	-3.04418	-5.81893	41.9088	0.5074	-5.6167	42.456	6	2
-3.04418	-5.81893	41.9088	-1.91408	-8.68967	45.4752	1.1011	-8.5859	46.125	6	2
-1.91408	-8.68967	45.4752	-0.648335	-11.0309	49.5221	1.9987	-11.822	49.244	6	2
-0.648335	-11.0309	49.5221	2.11214	-14.8907	52.2818	3.8756	-15.275	52.262	6	2
2.11214	-14.8907	52.2818	4.63826	-18.2617	53.0556	5.4623	-18.691	53.124	6	2
4.63826	-18.2617	53.0556	9.98883	-24.5148	54.7184	10.917	-24.792	53.525	6	2
0.48025	-0.065238	32.487	-1.2776	-1.5731	35.774	0.77284	-0.1078098	32.7354	7	2
-1.2776	-1.5731	35.774	-3.7106	-3.0051	39.413	0.49873	-0.690956	36.2384	7	2
0.49873	-0.690956	36.2384	0.77284	-0.1078098	32.7354	-1.2776	-1.5731	35.774	7	2
-1.2776	-1.5731	35.774	0.48025	-0.065238	32.487	-2.958245	-1.1610438	31.0209	7	2
-3.7106	-3.0051	39.413	-1.2776	-1.5731	35.774	-3.20342	-1.3823	35.7335	7	2
-2.958245	-1.1610438	31.0209	-3.20342	-1.3823	35.7335	-1.2776	-1.5731	35.774	7	2
1.6541	2.9057	32.832	1.8467	5.2361	37.452	2.8709	2.75405	32.8671	8	2
1.8467	5.2361	37.452	3.0828	7.2517	41.746	3.22919	3.06368	37.8129	8	2
3.0828	7.2517	41.746	4.3171	9.1551	44.633	5.51991	6.02131	42.421	8	2
4.3171	9.1551	44.633	7.0002	12.782	48.868	6.81271	8.13	45.7976	8	2
7.0002	12.782	48.868	9.3181	15.618	50.752	9.15228	12.0908	50.0866	8	2
9.3181	15.618	50.752	12.353	19.14	51.682	12.25291	15.7386	51.463	8	2
12.353	19.14	51.682	15.149	23.638	50.766	14.5373	19.3389	51.6478	8	2
15.149	23.638	50.766	16.472	27.055	48.653	17.0129	24.3049	51.2295	8	2
16.472	27.055	48.653	17.067	29.727	46.469	17.5781	26.9389	48.806	8	2
3.22919	3.06368	37.8129	2.8709	2.75405	32.8671	1.8467	5.2361	37.452	8	2
5.51991	6.02131	42.421	3.22919	3.06368	37.8129	3.0828	7.2517	41.746	8	2
6.81271	8.13	45.7976	5.51991	6.02131	42.421	4.3171	9.1551	44.633	8	2
9.15228	12.0908	50.0866	6.81271	8.13	45.7976	7.0002	12.782	48.868	8	2
12.25291	15.7386	51.463	9.15228	12.0908	50.0866	9.3181	15.618	50.752	8	2
14.5373	19.3389	51.6478	12.25291	15.7386	51.463	12.353	19.14	51.682	8	2
17.0129	24.3049	51.2295	14.5373	19.3389	51.6478	15.149	23.638	50.766	8	2
17.5781	26.9389	48.806	17.0129	24.3049	51.2295	16.472	27.055	48.653	8	2
1.8467	5.2361	37.452	1.6541	2.9057	32.832	0.526625	0.878324	33.8634	8	2
3.0828	7.2517	41.746	1.8467	5.2361	37.452	-0.342793	5.12441	37.4349	8	2
4.3171	9.1551	44.633	3.0828	7.2517	41.746	0.77115	7.8088	41.35	8	2
7.0002	12.782	48.868	4.3171	9.1551	44.633	0.924505	9.39306	44.3369	8	2
9.3181	15.618	50.752	7.0002	12.782	48.868	3.87522	12.6875	48.6511	8	2
12.353	19.14	51.682	9.3181	15.618	50.752	6.96577	15.6171	49.834	8	2
15.149	23.638	50.766	12.353	19.14	51.682	9.88862	18.6846	52.222	8	2
16.472	27.055	48.653	15.149	23.638	50.766	14.5676	24.1078	51.6507	8	2
17.067	29.727	46.469	16.472	27.055	48.653	16.3037	27.6481	48.7853	8	2
0.526625	0.878324	33.8634	-0.342793	5.12441	37.4349	1.8467	5.2361	37.452	8	2
-0.342793	5.12441	37.4349	0.77115	7.8088	41.35	3.0828	7.2517	41.746	8	2
0.77115	7.8088	41.35	0.924505	9.39306	44.3369	4.3171	9.1551	44.633	8	2
0.924505	9.39306	44.3369	3.87522	12.6875	48.6511	7.0002	12.782	48.868	8	2
3.87522	12.6875	48.6511	6.96577	15.6171	49.834	9.3181	15.618	50.752	8	2
6.96577	15.6171	49.834	9.88862	18.6846	52.222	12.353	19.14	51.682	8	2
9.88862	18.6846	52.222	14.5676	24.1078	51.6507	15.149	23.638	50.766	8	2
14.5676	24.1078	51.6507	16.3037	27.6481	48.7853	16.472	27.055	48.653	8	2
